# nurbs mesh v.2.1
#
# 14-Jul-2024
#
2 2 32 55 0 
PATCH 1 
2 1 
4 2 
0.000000000000000   0.000000000000000   0.000000000000000   0.500000000000000   1.000000000000000   1.000000000000000   1.000000000000000   
0.000000000000000   0.000000000000000   1.000000000000000   1.000000000000000   
0.050000000000000   0.049904867452294   0.049525061277599   0.049240387650610   0.050500000000000   0.050403916126817   0.050020311890375   0.049732791527117   
0.000000000000000   0.002178893568691   0.006520098010365   0.008682408883347   0.000000000000000   0.002200682504378   0.006585298990468   0.008769232972180   
1.000000000000000   0.998097349045873   0.998097349045873   1.000000000000000   1.000000000000000   0.998097349045873   0.998097349045873   1.000000000000000   
PATCH 2 
2 1 
4 2 
0.000000000000000   0.000000000000000   0.000000000000000   0.500000000000000   1.000000000000000   1.000000000000000   1.000000000000000   
0.000000000000000   0.000000000000000   1.000000000000000   1.000000000000000   
0.048200165714140   0.048072933168045   0.047818468075856   0.047691235529762   0.050000000000000   0.049904867452294   0.049525061277599   0.049240387650610   
0.003820824489049   0.004783581970608   0.006709096933727   0.007671854415286   0.000000000000000   0.002178893568691   0.006520098010365   0.008682408883347   
1.000000000000000   1.000000000000000   1.000000000000000   1.000000000000000   1.000000000000000   0.998097349045873   0.998097349045873   1.000000000000000   
PATCH 3 
2 1 
13 2 
0.000000000000000   0.000000000000000   0.000000000000000   0.125000000000000   0.125000000000000   0.250000000000000   0.250000000000000   0.500000000000000   0.500000000000000   0.625000000000000   0.625000000000000   0.750000000000000   0.750000000000000   1.000000000000000   1.000000000000000   1.000000000000000   
0.000000000000000   0.000000000000000   1.000000000000000   1.000000000000000   
0.047691235529762   0.041204908998352   0.041151826411268   0.041098743824185   0.047478905181426   0.046810877573548   0.046142849965670   0.045522975240380   0.045500648307773   0.045478321375166   0.046053542235241   0.045737486609438   0.045421430983634   0.049240387650610   0.049122375608591   0.048070877271032   0.048281569022782   0.048123029599703   0.047863502010004   0.047598906678638   0.047441565872799   0.047332891159648   0.047327450336776   0.047269934069150   0.046991244078352   0.046718310737760   
0.007671854415286   0.006697803597320   0.006741129233721   0.006784454870122   0.007845156960891   0.007798097403699   0.007751037846507   0.007649111345663   0.007652662182936   0.007656213020210   0.007765241195603   0.007893595167626   0.008021949139650   0.008682408883347   0.009214726804819   0.009560983793874   0.010151540190579   0.010667569785131   0.011711597408432   0.012754088605145   0.013268572110359   0.013796946680909   0.014357497680044   0.014905232773294   0.015951922373506   0.017004074503744   
1.000000000000000   0.864181554273265   0.864181554273265   0.864181554273265   1.000000000000000   1.000000000000000   1.000000000000000   0.987054915667028   0.987054915667028   0.987054915667028   1.000000000000000   1.000000000000000   1.000000000000000   1.000000000000000   0.999524337261468   0.999167590207569   0.998810843153671   0.998573011784405   0.998097349045873   0.998097349045873   0.998097349045873   0.998216264730506   0.998335180415139   0.998573011784404   0.999048674522936   1.000000000000000   
PATCH 4 
2 2 
13 4 
0.000000000000000   0.000000000000000   0.000000000000000   0.250000000000000   0.250000000000000   0.375000000000000   0.375000000000000   0.500000000000000   0.500000000000000   0.750000000000000   0.750000000000000   0.875000000000000   0.875000000000000   1.000000000000000   1.000000000000000   1.000000000000000   
0.000000000000000   0.000000000000000   0.000000000000000   0.500000000000000   1.000000000000000   1.000000000000000   1.000000000000000   
0.044086969595522   0.045215063519089   0.046343157442657   0.046168768978909   0.046180995991690   0.046193223004470   0.046392065493780   0.047183804866108   0.047975544238436   0.043106674649799   0.048143260214602   0.043231925813203   0.048200165714140   0.044420584942550   0.045345669291677   0.046270753640803   0.045996157077973   0.046010909070710   0.046025661063448   0.046329761611752   0.047090573042968   0.047851384474183   0.042604691943396   0.046395401763768   0.042725171609490   0.048072933168045   0.045087815636606   0.045606880836851   0.046125946037095   0.045650933276102   0.045670735228752   0.045690537181402   0.046205153847697   0.046904109396688   0.047603064945679   0.041600726530588   0.042899684862102   0.041711663202065   0.047818468075856   0.045421430983634   0.045737486609438   0.046053542235241   0.045478321375166   0.045500648307773   0.045522975240380   0.046142849965670   0.046810877573548   0.047478905181426   0.041098743824185   0.041151826411268   0.041204908998352   0.047691235529762   
0.004736004634149   0.004277872191363   0.003819739748577   0.003799640922808   0.003796402179588   0.003793163436368   0.003806784775697   0.003701574511088   0.003596364246478   0.003213140615350   0.003653149331042   0.003338301873558   0.003820824489049   0.005557490760525   0.005181802935429   0.004806115110333   0.004763783947159   0.004760467180425   0.004757150413692   0.004792848043400   0.004725705234240   0.004658562425081   0.004105969179043   0.004425144306712   0.004178177304499   0.004783581970608   0.007200463013275   0.006989664423561   0.006778865833846   0.006692069995860   0.006688597182099   0.006685124368339   0.006764974578805   0.006773966680546   0.006782958782288   0.005891626306429   0.005969134258051   0.005857928166379   0.006709096933727   0.008021949139650   0.007893595167626   0.007765241195603   0.007656213020210   0.007652662182936   0.007649111345663   0.007751037846507   0.007798097403699   0.007845156960891   0.006784454870122   0.006741129233721   0.006697803597320   0.007671854415286   
1.000000000000000   1.000000000000000   1.000000000000000   0.995984140391982   0.995984140391982   0.995984140391982   1.000000000000000   1.000000000000000   1.000000000000000   0.896684188795511   1.000000000000000   0.896684188795511   1.000000000000000   1.000000000000000   1.000000000000000   1.000000000000000   0.993751834210744   0.993751834210744   0.993751834210744   1.000000000000000   1.000000000000000   1.000000000000000   0.888558530164950   0.966045388568316   0.888558530164950   1.000000000000000   1.000000000000000   1.000000000000000   1.000000000000000   0.989287221848266   0.989287221848266   0.989287221848266   1.000000000000000   1.000000000000000   1.000000000000000   0.872307212903827   0.898136165704949   0.872307212903827   1.000000000000000   1.000000000000000   1.000000000000000   1.000000000000000   0.987054915667028   0.987054915667028   0.987054915667028   1.000000000000000   1.000000000000000   1.000000000000000   0.864181554273265   0.864181554273265   0.864181554273265   1.000000000000000   
PATCH 5 
2 1 
13 2 
0.000000000000000   0.000000000000000   0.000000000000000   0.125000000000000   0.125000000000000   0.250000000000000   0.250000000000000   0.500000000000000   0.500000000000000   0.625000000000000   0.625000000000000   0.750000000000000   0.750000000000000   1.000000000000000   1.000000000000000   1.000000000000000   
0.000000000000000   0.000000000000000   1.000000000000000   1.000000000000000   
0.049240387650610   0.049122375608591   0.048070877271032   0.048281569022782   0.048123029599703   0.047863502010004   0.047598906678638   0.047441565872799   0.047332891159648   0.047327450336776   0.047269934069150   0.046991244078352   0.046718310737760   0.049732791527117   0.049613599364677   0.049488606583825   0.049363613802972   0.049232820403708   0.048971233605179   0.048686444333000   0.048544049696911   0.048395854442409   0.048247659187908   0.048093663314994   0.047785671569166   0.047454477349688   
0.008682408883347   0.009214726804819   0.009560983793874   0.010151540190579   0.010667569785131   0.011711597408432   0.012754088605145   0.013268572110359   0.013796946680909   0.014357497680044   0.014905232773294   0.015951922373506   0.017004074503744   0.008769232972180   0.009306874072867   0.009842960902535   0.010379047732203   0.010913580290852   0.011982645408149   0.013045493441370   0.013576917457981   0.014106787203572   0.014636656949163   0.015164972423735   0.016221603372879   0.017272017237946   
1.000000000000000   0.999524337261468   0.999167590207569   0.998810843153671   0.998573011784405   0.998097349045873   0.998097349045873   0.998097349045873   0.998216264730506   0.998335180415139   0.998573011784404   0.999048674522936   1.000000000000000   1.000000000000000   0.999524337261468   0.999167590207569   0.998810843153671   0.998573011784405   0.998097349045873   0.998097349045873   0.998097349045873   0.998216264730506   0.998335180415139   0.998573011784404   0.999048674522936   1.000000000000000   
PATCH 6 
2 1 
6 2 
0.000000000000000   0.000000000000000   0.000000000000000   0.250000000000000   0.500000000000000   0.750000000000000   1.000000000000000   1.000000000000000   1.000000000000000   
0.000000000000000   0.000000000000000   1.000000000000000   1.000000000000000   
0.046718310737760   0.046430300961346   0.045491348281184   0.044537010504318   0.043553558542266   0.043258334124856   0.047454477349688   0.047032993823604   0.046146485990198   0.045216437375554   0.044242847979673   0.043734282891114   
0.017004074503744   0.018055201255117   0.020016108205878   0.021963798234721   0.023894889103370   0.024975210851680   0.017272017237946   0.018289568482936   0.020304367573183   0.022298863263696   0.024273055554476   0.025250000000000   
1.000000000000000   0.999048674522936   0.998097349045873   0.998097349045873   0.999048674522936   1.000000000000000   1.000000000000000   0.999048674522936   0.998097349045873   0.998097349045873   0.999048674522936   1.000000000000000   
PATCH 7 
2 1 
6 2 
0.000000000000000   0.000000000000000   0.000000000000000   0.250000000000000   0.500000000000000   0.750000000000000   1.000000000000000   1.000000000000000   1.000000000000000   
0.000000000000000   0.000000000000000   1.000000000000000   1.000000000000000   
0.046718310737760   0.046430300961346   0.045491348281184   0.044537010504318   0.043553558542266   0.043258334124856   0.045421430983634   0.042509491358621   0.036685612108594   0.030861732858567   0.025037853608541   0.022125913983527   
0.017004074503744   0.018055201255117   0.020016108205878   0.021963798234721   0.023894889103370   0.024975210851680   0.008021949139650   0.009204522669906   0.011569669730417   0.013934816790928   0.016299963851440   0.017482537381695   
1.000000000000000   0.999048674522936   0.998097349045873   0.998097349045873   0.999048674522936   1.000000000000000   1.000000000000000   1.000000000000000   1.000000000000000   1.000000000000000   1.000000000000000   1.000000000000000   
PATCH 8 
2 1 
13 2 
0.000000000000000   0.000000000000000   0.000000000000000   0.250000000000000   0.250000000000000   0.375000000000000   0.375000000000000   0.500000000000000   0.500000000000000   0.750000000000000   0.750000000000000   0.875000000000000   0.875000000000000   1.000000000000000   1.000000000000000   1.000000000000000   
0.000000000000000   0.000000000000000   1.000000000000000   1.000000000000000   
0.043258334124856   0.042378254861786   0.041491331627491   0.040948058365258   0.040522193745943   0.040032115742441   0.039621198155640   0.038308645647988   0.037037647276128   0.036533030453755   0.035923887259874   0.035419688811628   0.034892219416933   0.022125913983527   0.021541281003817   0.020956648024106   0.020956590194463   0.020956534287121   0.020956478379779   0.020956424394738   0.020235929907801   0.019515435420864   0.017835227360648   0.017781002750632   0.017726778140616   0.019298536980799   
0.024975210851680   0.026267906192234   0.027551026839434   0.028124597877326   0.028776816045060   0.029383559015483   0.030048919115985   0.030991675289612   0.031934879605699   0.032510536050223   0.032990443689074   0.033562902690586   0.034113823564281   0.017482537381695   0.017719963831331   0.017957390280967   0.017957411355745   0.017957434099704   0.017957456843664   0.017957481256804   0.018251096362018   0.018544711467232   0.017017635716683   0.017006688241426   0.016995740766170   0.018500921566207   
1.000000000000000   0.998041306427049   0.997061959640573   0.996572286247335   0.996327449550717   0.996082612854098   0.996082612854098   0.996082612854098   0.997061959640573   0.997551633033811   0.998286143123668   0.999020653213524   1.000000000000000   1.000000000000000   1.000000000000000   1.000000000000000   0.999999908927028   0.999999908927028   0.999999908927028   1.000000000000000   1.000000000000000   1.000000000000000   0.916528644095840   0.916528644095840   0.916528644095840   1.000000000000000   
PATCH 9 
2 2 
6 4 
0.000000000000000   0.000000000000000   0.000000000000000   0.250000000000000   0.500000000000000   0.750000000000000   1.000000000000000   1.000000000000000   1.000000000000000   
0.000000000000000   0.000000000000000   0.000000000000000   0.500000000000000   1.000000000000000   1.000000000000000   1.000000000000000   
0.020791452595415   0.023703392220428   0.029527271470455   0.035351150720482   0.041175029970508   0.044086969595522   0.021125067942443   0.024037007567456   0.029860886817483   0.035684766067510   0.041508645317536   0.044420584942550   0.021792298636499   0.024704238261513   0.030528117511539   0.036351996761566   0.042175876011593   0.045087815636606   0.022125913983527   0.025037853608541   0.030861732858567   0.036685612108594   0.042509491358621   0.045421430983634   
0.014196592876195   0.013014019345939   0.010648872285428   0.008283725224916   0.005918578164405   0.004736004634149   0.015018079002570   0.013835505472314   0.011470358411803   0.009105211351292   0.006740064290780   0.005557490760525   0.016661051255320   0.015478477725065   0.013113330664553   0.010748183604042   0.008383036543531   0.007200463013275   0.017482537381695   0.016299963851440   0.013934816790928   0.011569669730417   0.009204522669906   0.008021949139650   
1.000000000000000   1.000000000000000   1.000000000000000   1.000000000000000   1.000000000000000   1.000000000000000   1.000000000000000   1.000000000000000   1.000000000000000   1.000000000000000   1.000000000000000   1.000000000000000   1.000000000000000   1.000000000000000   1.000000000000000   1.000000000000000   1.000000000000000   1.000000000000000   1.000000000000000   1.000000000000000   1.000000000000000   1.000000000000000   1.000000000000000   1.000000000000000   
PATCH 10 
2 2 
13 4 
0.000000000000000   0.000000000000000   0.000000000000000   0.250000000000000   0.250000000000000   0.375000000000000   0.375000000000000   0.500000000000000   0.500000000000000   0.750000000000000   0.750000000000000   0.875000000000000   0.875000000000000   1.000000000000000   1.000000000000000   1.000000000000000   
0.000000000000000   0.000000000000000   0.000000000000000   0.500000000000000   1.000000000000000   1.000000000000000   1.000000000000000   
0.020791452595415   0.020242945316458   0.019694438037502   0.019580493600417   0.019566644942036   0.019552796283656   0.019639043403981   0.017946161669213   0.016253279934445   0.013628013549990   0.016084786750579   0.013556085196751   0.016131717399147   0.021125067942443   0.020567529238298   0.020009990534153   0.019924517748928   0.019914117278308   0.019903716807687   0.019968388651670   0.018518603728860   0.017068818806050   0.014679817002654   0.016508840750592   0.014598758432717   0.016923422294560   0.021792298636499   0.021216697081977   0.020641095527455   0.020612566045951   0.020609061950850   0.020605557855748   0.020627079147049   0.019663487848154   0.018699896549259   0.016783423907984   0.017356948750619   0.016684104904649   0.018506832085386   0.022125913983527   0.021541281003817   0.020956648024106   0.020956590194463   0.020956534287121   0.020956478379779   0.020956424394738   0.020235929907801   0.019515435420864   0.017835227360648   0.017781002750632   0.017726778140616   0.019298536980799   
0.014196592876195   0.014419348246421   0.014642103616647   0.014572585181492   0.014576012529685   0.014579439877877   0.014655813009416   0.014824741005932   0.014993669002449   0.012680646471066   0.015125423492740   0.012882080109571   0.015334101984555   0.015018079002570   0.015244502142649   0.015470925282727   0.015418791725056   0.015421367922190   0.015423944119324   0.015481230071263   0.015681329844954   0.015881429618645   0.013764893782470   0.015595739679911   0.013910495273721   0.016125806879968   0.016661051255320   0.016894809935104   0.017128568614887   0.017111204812182   0.017112078707199   0.017112952602217   0.017132064194957   0.017394507522997   0.017656950851036   0.015933388405278   0.016536372054255   0.015967325602020   0.017709216670794   0.017482537381695   0.017719963831331   0.017957390280967   0.017957411355745   0.017957434099704   0.017957456843664   0.017957481256804   0.018251096362018   0.018544711467232   0.017017635716683   0.017006688241426   0.016995740766170   0.018500921566207   
1.000000000000000   1.000000000000000   1.000000000000000   0.994885540944458   0.994885540944458   0.994885540944458   1.000000000000000   1.000000000000000   1.000000000000000   0.845025152284386   1.000000000000000   0.845025152284386   1.000000000000000   1.000000000000000   1.000000000000000   1.000000000000000   0.996164132940101   0.996164132940101   0.996164132940101   1.000000000000000   1.000000000000000   1.000000000000000   0.862901025237249   0.979132161023960   0.862901025237249   1.000000000000000   1.000000000000000   1.000000000000000   1.000000000000000   0.998721316931385   0.998721316931385   0.998721316931385   1.000000000000000   1.000000000000000   1.000000000000000   0.898652771142977   0.937396483071880   0.898652771142977   1.000000000000000   1.000000000000000   1.000000000000000   1.000000000000000   0.999999908927028   0.999999908927028   0.999999908927028   1.000000000000000   1.000000000000000   1.000000000000000   0.916528644095840   0.916528644095840   0.916528644095840   1.000000000000000   
PATCH 11 
2 1 
13 2 
0.000000000000000   0.000000000000000   0.000000000000000   0.250000000000000   0.250000000000000   0.375000000000000   0.375000000000000   0.500000000000000   0.500000000000000   0.750000000000000   0.750000000000000   0.875000000000000   0.875000000000000   1.000000000000000   1.000000000000000   1.000000000000000   
0.000000000000000   0.000000000000000   1.000000000000000   1.000000000000000   
0.043258334124856   0.042378254861786   0.041491331627491   0.040948058365258   0.040522193745943   0.040032115742441   0.039621198155640   0.038308645647988   0.037037647276128   0.036533030453755   0.035923887259874   0.035419688811628   0.034892219416933   0.043734282891114   0.043142506727484   0.042531053738569   0.042225327244111   0.041914681543332   0.041604035842553   0.041288470935453   0.040657341121252   0.040006534481766   0.039681131162023   0.039350808635958   0.039020486109894   0.038685244377508   
0.024975210851680   0.026267906192234   0.027551026839434   0.028124597877326   0.028776816045060   0.029383559015483   0.030048919115985   0.030991675289612   0.031934879605699   0.032510536050223   0.032990443689074   0.033562902690586   0.034113823564281   0.025250000000000   0.026178902508932   0.027094027156471   0.027551589480241   0.028005707338662   0.028459825197083   0.028910498590156   0.029811845376303   0.030699414301056   0.031143198763433   0.031583538760461   0.032023878757490   0.032460774289170   
1.000000000000000   0.998041306427049   0.997061959640573   0.996572286247335   0.996327449550717   0.996082612854098   0.996082612854098   0.996082612854098   0.997061959640573   0.997551633033811   0.998286143123668   0.999020653213524   1.000000000000000   1.000000000000000   0.999048674522937   0.998573011784405   0.998335180415139   0.998216264730506   0.998097349045873   0.998097349045873   0.998097349045873   0.998573011784405   0.998810843153671   0.999167590207569   0.999524337261468   1.000000000000000   
PATCH 12 
2 1 
6 2 
0.000000000000000   0.000000000000000   0.000000000000000   0.250000000000000   0.500000000000000   0.750000000000000   1.000000000000000   1.000000000000000   1.000000000000000   
0.000000000000000   0.000000000000000   1.000000000000000   1.000000000000000   
0.020791452595415   0.023703392220428   0.029527271470455   0.035351150720482   0.041175029970508   0.044086969595522   0.014550000000000   0.018242121199440   0.025626363598321   0.033010605997201   0.040394848396081   0.044086969595522   
0.014196592876195   0.013014019345939   0.010648872285428   0.008283725224916   0.005918578164405   0.004736004634149   0.000000000000000   0.000000000000000   0.000000000000000   0.000000000000000   0.000000000000000   0.000000000000000   
1.000000000000000   1.000000000000000   1.000000000000000   1.000000000000000   1.000000000000000   1.000000000000000   1.000000000000000   1.000000000000000   1.000000000000000   1.000000000000000   1.000000000000000   1.000000000000000   
PATCH 13 
2 1 
13 2 
0.000000000000000   0.000000000000000   0.000000000000000   0.250000000000000   0.250000000000000   0.375000000000000   0.375000000000000   0.500000000000000   0.500000000000000   0.750000000000000   0.750000000000000   0.875000000000000   0.875000000000000   1.000000000000000   1.000000000000000   1.000000000000000   
0.000000000000000   0.000000000000000   1.000000000000000   1.000000000000000   
0.044086969595522   0.045215063519089   0.046343157442657   0.046168768978909   0.046180995991690   0.046193223004470   0.046392065493780   0.047183804866108   0.047975544238436   0.043106674649799   0.048143260214602   0.043231925813203   0.048200165714140   0.044086969595522   0.044826098396081   0.045565227196641   0.045934791596921   0.046304355997201   0.046673920397481   0.047043484797761   0.047782613598321   0.048521742398880   0.048891306799160   0.049260871199440   0.049630435599720   0.050000000000000   
0.004736004634149   0.004277872191363   0.003819739748577   0.003799640922808   0.003796402179588   0.003793163436368   0.003806784775697   0.003701574511088   0.003596364246478   0.003213140615350   0.003653149331042   0.003338301873558   0.003820824489049   0.000000000000000   0.000000000000000   0.000000000000000   0.000000000000000   0.000000000000000   0.000000000000000   0.000000000000000   0.000000000000000   0.000000000000000   0.000000000000000   0.000000000000000   0.000000000000000   0.000000000000000   
1.000000000000000   1.000000000000000   1.000000000000000   0.995984140391982   0.995984140391982   0.995984140391982   1.000000000000000   1.000000000000000   1.000000000000000   0.896684188795511   1.000000000000000   0.896684188795511   1.000000000000000   1.000000000000000   1.000000000000000   1.000000000000000   1.000000000000000   1.000000000000000   1.000000000000000   1.000000000000000   1.000000000000000   1.000000000000000   1.000000000000000   1.000000000000000   1.000000000000000   1.000000000000000   
PATCH 14 
2 1 
13 2 
0.000000000000000   0.000000000000000   0.000000000000000   0.250000000000000   0.250000000000000   0.375000000000000   0.375000000000000   0.500000000000000   0.500000000000000   0.750000000000000   0.750000000000000   0.875000000000000   0.875000000000000   1.000000000000000   1.000000000000000   1.000000000000000   
0.000000000000000   0.000000000000000   1.000000000000000   1.000000000000000   
0.014550000000000   0.014280908911668   0.013887225545673   0.013690383862676   0.013462394110264   0.013234404357851   0.012975266536023   0.012456990892367   0.011814122971049   0.011492689010390   0.011140106980316   0.010787524950242   0.010403794850752   0.020791452595415   0.020242945316458   0.019694438037502   0.019580493600417   0.019566644942036   0.019552796283656   0.019639043403981   0.017946161669213   0.016253279934445   0.013628013549990   0.016084786750579   0.013556085196751   0.016131717399147   
0.000000000000000   0.001373035925895   0.002695285359472   0.003356410076260   0.004004838169968   0.004653266263677   0.005288997734306   0.006560460675563   0.007781137124502   0.008391475348972   0.008989116950362   0.009586758551752   0.010171703530062   0.014196592876195   0.014419348246421   0.014642103616647   0.014572585181492   0.014576012529685   0.014579439877877   0.014655813009416   0.014824741005932   0.014993669002449   0.012680646471066   0.015125423492740   0.012882080109571   0.015334101984555   
1.000000000000000   0.981505767124916   0.972258650687374   0.967635092468603   0.965323313359217   0.963011534249832   0.963011534249832   0.963011534249832   0.972258650687374   0.976882208906145   0.983817546234301   0.990752883562458   1.000000000000000   1.000000000000000   1.000000000000000   1.000000000000000   0.994885540944458   0.994885540944458   0.994885540944458   1.000000000000000   1.000000000000000   1.000000000000000   0.845025152284386   1.000000000000000   0.845025152284386   1.000000000000000   
PATCH 15 
2 1 
4 2 
0.000000000000000   0.000000000000000   0.000000000000000   0.500000000000000   1.000000000000000   1.000000000000000   1.000000000000000   
0.000000000000000   0.000000000000000   1.000000000000000   1.000000000000000   
0.034892219416933   0.034696900520034   0.034307722962965   0.034113823564281   0.019298536980799   0.019099133127151   0.018700325419855   0.018500921566207   
0.034113823564281   0.034307722962965   0.034696900520034   0.034892219416933   0.018500921566207   0.018700325419855   0.019099133127151   0.019298536980799   
1.000000000000000   0.999968193517735   0.999968193517735   1.000000000000000   1.000000000000000   1.000000000000000   1.000000000000000   1.000000000000000   
PATCH 16 
2 2 
4 4 
0.000000000000000   0.000000000000000   0.000000000000000   0.500000000000000   1.000000000000000   1.000000000000000   1.000000000000000   
0.000000000000000   0.000000000000000   0.000000000000000   0.500000000000000   1.000000000000000   1.000000000000000   1.000000000000000   
0.016131717399147   0.016923422294560   0.018506832085386   0.019298536980799   0.015932313545499   0.016724018440912   0.018307428231738   0.019099133127151   0.015533505838203   0.016325210733616   0.017908620524442   0.018700325419855   0.015334101984555   0.016125806879968   0.017709216670794   0.018500921566207   
0.015334101984555   0.016125806879968   0.017709216670794   0.018500921566207   0.015533505838203   0.016325210733616   0.017908620524442   0.018700325419855   0.015932313545499   0.016724018440912   0.018307428231738   0.019099133127151   0.016131717399147   0.016923422294560   0.018506832085386   0.019298536980799   
1.000000000000000   1.000000000000000   1.000000000000000   1.000000000000000   1.000000000000000   1.000000000000000   1.000000000000000   1.000000000000000   1.000000000000000   1.000000000000000   1.000000000000000   1.000000000000000   1.000000000000000   1.000000000000000   1.000000000000000   1.000000000000000   
PATCH 17 
2 1 
4 2 
0.000000000000000   0.000000000000000   0.000000000000000   0.500000000000000   1.000000000000000   1.000000000000000   1.000000000000000   
0.000000000000000   0.000000000000000   1.000000000000000   1.000000000000000   
0.016131717399147   0.015932313545499   0.015533505838203   0.015334101984555   0.010403794850752   0.010346099258508   0.010230053598163   0.010171703530062   
0.015334101984555   0.015533505838203   0.015932313545499   0.016131717399147   0.010171703530062   0.010230053598163   0.010346099258508   0.010403794850752   
1.000000000000000   1.000000000000000   1.000000000000000   1.000000000000000   1.000000000000000   0.999968193517735   0.999968193517735   1.000000000000000   
PATCH 18 
2 1 
4 2 
0.000000000000000   0.000000000000000   0.000000000000000   0.500000000000000   1.000000000000000   1.000000000000000   1.000000000000000   
0.000000000000000   0.000000000000000   1.000000000000000   1.000000000000000   
0.034892219416933   0.034696900520034   0.034307722962965   0.034113823564281   0.038685244377508   0.037197068413715   0.034084833369545   0.032460774289170   
0.034113823564281   0.034307722962965   0.034696900520034   0.034892219416933   0.032460774289170   0.034084833369545   0.037197068413715   0.038685244377508   
1.000000000000000   0.999968193517735   0.999968193517735   1.000000000000000   1.000000000000000   0.998097349045873   0.998097349045873   1.000000000000000   
PATCH 19 
2 1 
4 2 
0.000000000000000   0.000000000000000   0.000000000000000   0.500000000000000   1.000000000000000   1.000000000000000   1.000000000000000   
0.000000000000000   0.000000000000000   1.000000000000000   1.000000000000000   
0.000000000000000   0.002178893568691   0.006520098010365   0.008682408883347   0.000000000000000   0.002200682504378   0.006585298990468   0.008769232972180   
0.050000000000000   0.049904867452294   0.049525061277599   0.049240387650610   0.050500000000000   0.050403916126817   0.050020311890375   0.049732791527117   
1.000000000000000   0.998097349045873   0.998097349045873   1.000000000000000   1.000000000000000   0.998097349045873   0.998097349045873   1.000000000000000   
PATCH 20 
2 1 
4 2 
0.000000000000000   0.000000000000000   0.000000000000000   0.500000000000000   1.000000000000000   1.000000000000000   1.000000000000000   
0.000000000000000   0.000000000000000   1.000000000000000   1.000000000000000   
0.003820824489049   0.004783581970608   0.006709096933727   0.007671854415286   0.000000000000000   0.002178893568691   0.006520098010365   0.008682408883347   
0.048200165714140   0.048072933168045   0.047818468075856   0.047691235529762   0.050000000000000   0.049904867452294   0.049525061277599   0.049240387650610   
1.000000000000000   1.000000000000000   1.000000000000000   1.000000000000000   1.000000000000000   0.998097349045873   0.998097349045873   1.000000000000000   
PATCH 21 
2 1 
13 2 
0.000000000000000   0.000000000000000   0.000000000000000   0.125000000000000   0.125000000000000   0.250000000000000   0.250000000000000   0.500000000000000   0.500000000000000   0.625000000000000   0.625000000000000   0.750000000000000   0.750000000000000   1.000000000000000   1.000000000000000   1.000000000000000   
0.000000000000000   0.000000000000000   1.000000000000000   1.000000000000000   
0.007671854415286   0.006697803597320   0.006741129233721   0.006784454870122   0.007845156960891   0.007798097403699   0.007751037846507   0.007649111345663   0.007652662182936   0.007656213020210   0.007765241195603   0.007893595167626   0.008021949139650   0.008682408883347   0.009214726804819   0.009560983793874   0.010151540190579   0.010667569785131   0.011711597408432   0.012754088605145   0.013268572110359   0.013796946680909   0.014357497680044   0.014905232773294   0.015951922373506   0.017004074503744   
0.047691235529762   0.041204908998352   0.041151826411268   0.041098743824185   0.047478905181426   0.046810877573548   0.046142849965670   0.045522975240380   0.045500648307773   0.045478321375166   0.046053542235241   0.045737486609438   0.045421430983634   0.049240387650610   0.049122375608591   0.048070877271032   0.048281569022782   0.048123029599703   0.047863502010004   0.047598906678638   0.047441565872799   0.047332891159648   0.047327450336776   0.047269934069150   0.046991244078352   0.046718310737760   
1.000000000000000   0.864181554273265   0.864181554273265   0.864181554273265   1.000000000000000   1.000000000000000   1.000000000000000   0.987054915667028   0.987054915667028   0.987054915667028   1.000000000000000   1.000000000000000   1.000000000000000   1.000000000000000   0.999524337261468   0.999167590207569   0.998810843153671   0.998573011784405   0.998097349045873   0.998097349045873   0.998097349045873   0.998216264730506   0.998335180415139   0.998573011784404   0.999048674522936   1.000000000000000   
PATCH 22 
2 2 
13 4 
0.000000000000000   0.000000000000000   0.000000000000000   0.250000000000000   0.250000000000000   0.375000000000000   0.375000000000000   0.500000000000000   0.500000000000000   0.750000000000000   0.750000000000000   0.875000000000000   0.875000000000000   1.000000000000000   1.000000000000000   1.000000000000000   
0.000000000000000   0.000000000000000   0.000000000000000   0.500000000000000   1.000000000000000   1.000000000000000   1.000000000000000   
0.004736004634149   0.004277872191363   0.003819739748577   0.003799640922808   0.003796402179588   0.003793163436368   0.003806784775697   0.003701574511088   0.003596364246478   0.003213140615350   0.003653149331042   0.003338301873558   0.003820824489049   0.005557490760525   0.005181802935429   0.004806115110333   0.004763783947159   0.004760467180425   0.004757150413692   0.004792848043400   0.004725705234240   0.004658562425081   0.004105969179043   0.004425144306712   0.004178177304499   0.004783581970608   0.007200463013275   0.006989664423561   0.006778865833846   0.006692069995860   0.006688597182099   0.006685124368339   0.006764974578805   0.006773966680546   0.006782958782288   0.005891626306429   0.005969134258051   0.005857928166379   0.006709096933727   0.008021949139650   0.007893595167626   0.007765241195603   0.007656213020210   0.007652662182936   0.007649111345663   0.007751037846507   0.007798097403699   0.007845156960891   0.006784454870122   0.006741129233721   0.006697803597320   0.007671854415286   
0.044086969595522   0.045215063519089   0.046343157442657   0.046168768978909   0.046180995991690   0.046193223004470   0.046392065493780   0.047183804866108   0.047975544238436   0.043106674649799   0.048143260214602   0.043231925813203   0.048200165714140   0.044420584942550   0.045345669291677   0.046270753640803   0.045996157077973   0.046010909070710   0.046025661063448   0.046329761611752   0.047090573042968   0.047851384474183   0.042604691943396   0.046395401763768   0.042725171609490   0.048072933168045   0.045087815636606   0.045606880836851   0.046125946037095   0.045650933276102   0.045670735228752   0.045690537181402   0.046205153847697   0.046904109396688   0.047603064945679   0.041600726530588   0.042899684862102   0.041711663202065   0.047818468075856   0.045421430983634   0.045737486609438   0.046053542235241   0.045478321375166   0.045500648307773   0.045522975240380   0.046142849965670   0.046810877573548   0.047478905181426   0.041098743824185   0.041151826411268   0.041204908998352   0.047691235529762   
1.000000000000000   1.000000000000000   1.000000000000000   0.995984140391982   0.995984140391982   0.995984140391982   1.000000000000000   1.000000000000000   1.000000000000000   0.896684188795511   1.000000000000000   0.896684188795511   1.000000000000000   1.000000000000000   1.000000000000000   1.000000000000000   0.993751834210744   0.993751834210744   0.993751834210744   1.000000000000000   1.000000000000000   1.000000000000000   0.888558530164950   0.966045388568316   0.888558530164950   1.000000000000000   1.000000000000000   1.000000000000000   1.000000000000000   0.989287221848266   0.989287221848266   0.989287221848266   1.000000000000000   1.000000000000000   1.000000000000000   0.872307212903827   0.898136165704949   0.872307212903827   1.000000000000000   1.000000000000000   1.000000000000000   1.000000000000000   0.987054915667028   0.987054915667028   0.987054915667028   1.000000000000000   1.000000000000000   1.000000000000000   0.864181554273265   0.864181554273265   0.864181554273265   1.000000000000000   
PATCH 23 
2 1 
13 2 
0.000000000000000   0.000000000000000   0.000000000000000   0.125000000000000   0.125000000000000   0.250000000000000   0.250000000000000   0.500000000000000   0.500000000000000   0.625000000000000   0.625000000000000   0.750000000000000   0.750000000000000   1.000000000000000   1.000000000000000   1.000000000000000   
0.000000000000000   0.000000000000000   1.000000000000000   1.000000000000000   
0.008682408883347   0.009214726804819   0.009560983793874   0.010151540190579   0.010667569785131   0.011711597408432   0.012754088605145   0.013268572110359   0.013796946680909   0.014357497680044   0.014905232773294   0.015951922373506   0.017004074503744   0.008769232972180   0.009306874072867   0.009842960902535   0.010379047732203   0.010913580290852   0.011982645408149   0.013045493441370   0.013576917457981   0.014106787203572   0.014636656949163   0.015164972423735   0.016221603372879   0.017272017237946   
0.049240387650610   0.049122375608591   0.048070877271032   0.048281569022782   0.048123029599703   0.047863502010004   0.047598906678638   0.047441565872799   0.047332891159648   0.047327450336776   0.047269934069150   0.046991244078352   0.046718310737760   0.049732791527117   0.049613599364677   0.049488606583825   0.049363613802972   0.049232820403708   0.048971233605179   0.048686444333000   0.048544049696911   0.048395854442409   0.048247659187908   0.048093663314994   0.047785671569166   0.047454477349688   
1.000000000000000   0.999524337261468   0.999167590207569   0.998810843153671   0.998573011784405   0.998097349045873   0.998097349045873   0.998097349045873   0.998216264730506   0.998335180415139   0.998573011784404   0.999048674522936   1.000000000000000   1.000000000000000   0.999524337261468   0.999167590207569   0.998810843153671   0.998573011784405   0.998097349045873   0.998097349045873   0.998097349045873   0.998216264730506   0.998335180415139   0.998573011784404   0.999048674522936   1.000000000000000   
PATCH 24 
2 1 
6 2 
0.000000000000000   0.000000000000000   0.000000000000000   0.250000000000000   0.500000000000000   0.750000000000000   1.000000000000000   1.000000000000000   1.000000000000000   
0.000000000000000   0.000000000000000   1.000000000000000   1.000000000000000   
0.017004074503744   0.018055201255117   0.020016108205878   0.021963798234721   0.023894889103370   0.024975210851680   0.017272017237946   0.018289568482936   0.020304367573183   0.022298863263696   0.024273055554476   0.025250000000000   
0.046718310737760   0.046430300961346   0.045491348281184   0.044537010504318   0.043553558542266   0.043258334124856   0.047454477349688   0.047032993823604   0.046146485990198   0.045216437375554   0.044242847979673   0.043734282891114   
1.000000000000000   0.999048674522936   0.998097349045873   0.998097349045873   0.999048674522936   1.000000000000000   1.000000000000000   0.999048674522936   0.998097349045873   0.998097349045873   0.999048674522936   1.000000000000000   
PATCH 25 
2 1 
6 2 
0.000000000000000   0.000000000000000   0.000000000000000   0.250000000000000   0.500000000000000   0.750000000000000   1.000000000000000   1.000000000000000   1.000000000000000   
0.000000000000000   0.000000000000000   1.000000000000000   1.000000000000000   
0.017004074503744   0.018055201255117   0.020016108205878   0.021963798234721   0.023894889103370   0.024975210851680   0.008021949139650   0.009204522669906   0.011569669730417   0.013934816790928   0.016299963851440   0.017482537381695   
0.046718310737760   0.046430300961346   0.045491348281184   0.044537010504318   0.043553558542266   0.043258334124856   0.045421430983634   0.042509491358621   0.036685612108594   0.030861732858567   0.025037853608541   0.022125913983527   
1.000000000000000   0.999048674522936   0.998097349045873   0.998097349045873   0.999048674522936   1.000000000000000   1.000000000000000   1.000000000000000   1.000000000000000   1.000000000000000   1.000000000000000   1.000000000000000   
PATCH 26 
2 1 
13 2 
0.000000000000000   0.000000000000000   0.000000000000000   0.250000000000000   0.250000000000000   0.375000000000000   0.375000000000000   0.500000000000000   0.500000000000000   0.750000000000000   0.750000000000000   0.875000000000000   0.875000000000000   1.000000000000000   1.000000000000000   1.000000000000000   
0.000000000000000   0.000000000000000   1.000000000000000   1.000000000000000   
0.024975210851680   0.026267906192234   0.027551026839434   0.028124597877326   0.028776816045060   0.029383559015483   0.030048919115985   0.030991675289612   0.031934879605699   0.032510536050223   0.032990443689074   0.033562902690586   0.034113823564281   0.017482537381695   0.017719963831331   0.017957390280967   0.017957411355745   0.017957434099704   0.017957456843664   0.017957481256804   0.018251096362018   0.018544711467232   0.017017635716683   0.017006688241426   0.016995740766170   0.018500921566207   
0.043258334124856   0.042378254861786   0.041491331627491   0.040948058365258   0.040522193745943   0.040032115742441   0.039621198155640   0.038308645647988   0.037037647276128   0.036533030453755   0.035923887259874   0.035419688811628   0.034892219416933   0.022125913983527   0.021541281003817   0.020956648024106   0.020956590194463   0.020956534287121   0.020956478379779   0.020956424394738   0.020235929907801   0.019515435420864   0.017835227360648   0.017781002750632   0.017726778140616   0.019298536980799   
1.000000000000000   0.998041306427049   0.997061959640573   0.996572286247335   0.996327449550717   0.996082612854098   0.996082612854098   0.996082612854098   0.997061959640573   0.997551633033811   0.998286143123668   0.999020653213524   1.000000000000000   1.000000000000000   1.000000000000000   1.000000000000000   0.999999908927028   0.999999908927028   0.999999908927028   1.000000000000000   1.000000000000000   1.000000000000000   0.916528644095840   0.916528644095840   0.916528644095840   1.000000000000000   
PATCH 27 
2 2 
6 4 
0.000000000000000   0.000000000000000   0.000000000000000   0.250000000000000   0.500000000000000   0.750000000000000   1.000000000000000   1.000000000000000   1.000000000000000   
0.000000000000000   0.000000000000000   0.000000000000000   0.500000000000000   1.000000000000000   1.000000000000000   1.000000000000000   
0.014196592876195   0.013014019345939   0.010648872285428   0.008283725224916   0.005918578164405   0.004736004634149   0.015018079002570   0.013835505472314   0.011470358411803   0.009105211351292   0.006740064290780   0.005557490760525   0.016661051255320   0.015478477725065   0.013113330664553   0.010748183604042   0.008383036543531   0.007200463013275   0.017482537381695   0.016299963851440   0.013934816790928   0.011569669730417   0.009204522669906   0.008021949139650   
0.020791452595415   0.023703392220428   0.029527271470455   0.035351150720482   0.041175029970508   0.044086969595522   0.021125067942443   0.024037007567456   0.029860886817483   0.035684766067510   0.041508645317536   0.044420584942550   0.021792298636499   0.024704238261513   0.030528117511539   0.036351996761566   0.042175876011593   0.045087815636606   0.022125913983527   0.025037853608541   0.030861732858567   0.036685612108594   0.042509491358621   0.045421430983634   
1.000000000000000   1.000000000000000   1.000000000000000   1.000000000000000   1.000000000000000   1.000000000000000   1.000000000000000   1.000000000000000   1.000000000000000   1.000000000000000   1.000000000000000   1.000000000000000   1.000000000000000   1.000000000000000   1.000000000000000   1.000000000000000   1.000000000000000   1.000000000000000   1.000000000000000   1.000000000000000   1.000000000000000   1.000000000000000   1.000000000000000   1.000000000000000   
PATCH 28 
2 2 
13 4 
0.000000000000000   0.000000000000000   0.000000000000000   0.250000000000000   0.250000000000000   0.375000000000000   0.375000000000000   0.500000000000000   0.500000000000000   0.750000000000000   0.750000000000000   0.875000000000000   0.875000000000000   1.000000000000000   1.000000000000000   1.000000000000000   
0.000000000000000   0.000000000000000   0.000000000000000   0.500000000000000   1.000000000000000   1.000000000000000   1.000000000000000   
0.014196592876195   0.014419348246421   0.014642103616647   0.014572585181492   0.014576012529685   0.014579439877877   0.014655813009416   0.014824741005932   0.014993669002449   0.012680646471066   0.015125423492740   0.012882080109571   0.015334101984555   0.015018079002570   0.015244502142649   0.015470925282727   0.015418791725056   0.015421367922190   0.015423944119324   0.015481230071263   0.015681329844954   0.015881429618645   0.013764893782470   0.015595739679911   0.013910495273721   0.016125806879968   0.016661051255320   0.016894809935104   0.017128568614887   0.017111204812182   0.017112078707199   0.017112952602217   0.017132064194957   0.017394507522997   0.017656950851036   0.015933388405278   0.016536372054255   0.015967325602020   0.017709216670794   0.017482537381695   0.017719963831331   0.017957390280967   0.017957411355745   0.017957434099704   0.017957456843664   0.017957481256804   0.018251096362018   0.018544711467232   0.017017635716683   0.017006688241426   0.016995740766170   0.018500921566207   
0.020791452595415   0.020242945316458   0.019694438037502   0.019580493600417   0.019566644942036   0.019552796283656   0.019639043403981   0.017946161669213   0.016253279934445   0.013628013549990   0.016084786750579   0.013556085196751   0.016131717399147   0.021125067942443   0.020567529238298   0.020009990534153   0.019924517748928   0.019914117278308   0.019903716807687   0.019968388651670   0.018518603728860   0.017068818806050   0.014679817002654   0.016508840750592   0.014598758432717   0.016923422294560   0.021792298636499   0.021216697081977   0.020641095527455   0.020612566045951   0.020609061950850   0.020605557855748   0.020627079147049   0.019663487848154   0.018699896549259   0.016783423907984   0.017356948750619   0.016684104904649   0.018506832085386   0.022125913983527   0.021541281003817   0.020956648024106   0.020956590194463   0.020956534287121   0.020956478379779   0.020956424394738   0.020235929907801   0.019515435420864   0.017835227360648   0.017781002750632   0.017726778140616   0.019298536980799   
1.000000000000000   1.000000000000000   1.000000000000000   0.994885540944458   0.994885540944458   0.994885540944458   1.000000000000000   1.000000000000000   1.000000000000000   0.845025152284386   1.000000000000000   0.845025152284386   1.000000000000000   1.000000000000000   1.000000000000000   1.000000000000000   0.996164132940101   0.996164132940101   0.996164132940101   1.000000000000000   1.000000000000000   1.000000000000000   0.862901025237249   0.979132161023960   0.862901025237249   1.000000000000000   1.000000000000000   1.000000000000000   1.000000000000000   0.998721316931385   0.998721316931385   0.998721316931385   1.000000000000000   1.000000000000000   1.000000000000000   0.898652771142977   0.937396483071880   0.898652771142977   1.000000000000000   1.000000000000000   1.000000000000000   1.000000000000000   0.999999908927028   0.999999908927028   0.999999908927028   1.000000000000000   1.000000000000000   1.000000000000000   0.916528644095840   0.916528644095840   0.916528644095840   1.000000000000000   
PATCH 29 
2 1 
13 2 
0.000000000000000   0.000000000000000   0.000000000000000   0.250000000000000   0.250000000000000   0.375000000000000   0.375000000000000   0.500000000000000   0.500000000000000   0.750000000000000   0.750000000000000   0.875000000000000   0.875000000000000   1.000000000000000   1.000000000000000   1.000000000000000   
0.000000000000000   0.000000000000000   1.000000000000000   1.000000000000000   
0.024975210851680   0.026267906192234   0.027551026839434   0.028124597877326   0.028776816045060   0.029383559015483   0.030048919115985   0.030991675289612   0.031934879605699   0.032510536050223   0.032990443689074   0.033562902690586   0.034113823564281   0.025250000000000   0.026178902508932   0.027094027156471   0.027551589480241   0.028005707338662   0.028459825197083   0.028910498590156   0.029811845376303   0.030699414301056   0.031143198763433   0.031583538760461   0.032023878757490   0.032460774289170   
0.043258334124856   0.042378254861786   0.041491331627491   0.040948058365258   0.040522193745943   0.040032115742441   0.039621198155640   0.038308645647988   0.037037647276128   0.036533030453755   0.035923887259874   0.035419688811628   0.034892219416933   0.043734282891114   0.043142506727484   0.042531053738569   0.042225327244111   0.041914681543332   0.041604035842553   0.041288470935453   0.040657341121252   0.040006534481766   0.039681131162023   0.039350808635958   0.039020486109894   0.038685244377508   
1.000000000000000   0.998041306427049   0.997061959640573   0.996572286247335   0.996327449550717   0.996082612854098   0.996082612854098   0.996082612854098   0.997061959640573   0.997551633033811   0.998286143123668   0.999020653213524   1.000000000000000   1.000000000000000   0.999048674522937   0.998573011784405   0.998335180415139   0.998216264730506   0.998097349045873   0.998097349045873   0.998097349045873   0.998573011784405   0.998810843153671   0.999167590207569   0.999524337261468   1.000000000000000   
PATCH 30 
2 1 
6 2 
0.000000000000000   0.000000000000000   0.000000000000000   0.250000000000000   0.500000000000000   0.750000000000000   1.000000000000000   1.000000000000000   1.000000000000000   
0.000000000000000   0.000000000000000   1.000000000000000   1.000000000000000   
0.014196592876195   0.013014019345939   0.010648872285428   0.008283725224916   0.005918578164405   0.004736004634149   0.000000000000000   0.000000000000000   0.000000000000000   0.000000000000000   0.000000000000000   0.000000000000000   
0.020791452595415   0.023703392220428   0.029527271470455   0.035351150720482   0.041175029970508   0.044086969595522   0.014550000000000   0.018242121199440   0.025626363598321   0.033010605997201   0.040394848396081   0.044086969595522   
1.000000000000000   1.000000000000000   1.000000000000000   1.000000000000000   1.000000000000000   1.000000000000000   1.000000000000000   1.000000000000000   1.000000000000000   1.000000000000000   1.000000000000000   1.000000000000000   
PATCH 31 
2 1 
13 2 
0.000000000000000   0.000000000000000   0.000000000000000   0.250000000000000   0.250000000000000   0.375000000000000   0.375000000000000   0.500000000000000   0.500000000000000   0.750000000000000   0.750000000000000   0.875000000000000   0.875000000000000   1.000000000000000   1.000000000000000   1.000000000000000   
0.000000000000000   0.000000000000000   1.000000000000000   1.000000000000000   
0.004736004634149   0.004277872191363   0.003819739748577   0.003799640922808   0.003796402179588   0.003793163436368   0.003806784775697   0.003701574511088   0.003596364246478   0.003213140615350   0.003653149331042   0.003338301873558   0.003820824489049   0.000000000000000   0.000000000000000   0.000000000000000   0.000000000000000   0.000000000000000   0.000000000000000   0.000000000000000   0.000000000000000   0.000000000000000   0.000000000000000   0.000000000000000   0.000000000000000   0.000000000000000   
0.044086969595522   0.045215063519089   0.046343157442657   0.046168768978909   0.046180995991690   0.046193223004470   0.046392065493780   0.047183804866108   0.047975544238436   0.043106674649799   0.048143260214602   0.043231925813203   0.048200165714140   0.044086969595522   0.044826098396081   0.045565227196641   0.045934791596921   0.046304355997201   0.046673920397481   0.047043484797761   0.047782613598321   0.048521742398880   0.048891306799160   0.049260871199440   0.049630435599720   0.050000000000000   
1.000000000000000   1.000000000000000   1.000000000000000   0.995984140391982   0.995984140391982   0.995984140391982   1.000000000000000   1.000000000000000   1.000000000000000   0.896684188795511   1.000000000000000   0.896684188795511   1.000000000000000   1.000000000000000   1.000000000000000   1.000000000000000   1.000000000000000   1.000000000000000   1.000000000000000   1.000000000000000   1.000000000000000   1.000000000000000   1.000000000000000   1.000000000000000   1.000000000000000   1.000000000000000   
PATCH 32 
2 1 
13 2 
0.000000000000000   0.000000000000000   0.000000000000000   0.250000000000000   0.250000000000000   0.375000000000000   0.375000000000000   0.500000000000000   0.500000000000000   0.750000000000000   0.750000000000000   0.875000000000000   0.875000000000000   1.000000000000000   1.000000000000000   1.000000000000000   
0.000000000000000   0.000000000000000   1.000000000000000   1.000000000000000   
0.000000000000000   0.001373035925895   0.002695285359472   0.003356410076260   0.004004838169968   0.004653266263677   0.005288997734306   0.006560460675563   0.007781137124502   0.008391475348972   0.008989116950362   0.009586758551752   0.010171703530062   0.014196592876195   0.014419348246421   0.014642103616647   0.014572585181492   0.014576012529685   0.014579439877877   0.014655813009416   0.014824741005932   0.014993669002449   0.012680646471066   0.015125423492740   0.012882080109571   0.015334101984555   
0.014550000000000   0.014280908911668   0.013887225545673   0.013690383862676   0.013462394110264   0.013234404357851   0.012975266536023   0.012456990892367   0.011814122971049   0.011492689010390   0.011140106980316   0.010787524950242   0.010403794850752   0.020791452595415   0.020242945316458   0.019694438037502   0.019580493600417   0.019566644942036   0.019552796283656   0.019639043403981   0.017946161669213   0.016253279934445   0.013628013549990   0.016084786750579   0.013556085196751   0.016131717399147   
1.000000000000000   0.981505767124916   0.972258650687374   0.967635092468603   0.965323313359217   0.963011534249832   0.963011534249832   0.963011534249832   0.972258650687374   0.976882208906145   0.983817546234301   0.990752883562458   1.000000000000000   1.000000000000000   1.000000000000000   1.000000000000000   0.994885540944458   0.994885540944458   0.994885540944458   1.000000000000000   1.000000000000000   1.000000000000000   0.845025152284386   1.000000000000000   0.845025152284386   1.000000000000000   
INTERFACE 1 
1 2 
5 1 
1 
INTERFACE 2 
1 3 
2 4 
1 
INTERFACE 3 
2 1 
13 2 
1 
INTERFACE 4 
2 2 
3 1 
1 
INTERFACE 5 
2 3 
4 2 
1 
INTERFACE 6 
3 2 
7 1 
-1 
INTERFACE 7 
3 3 
4 4 
-1 
INTERFACE 8 
3 4 
5 3 
1 
INTERFACE 9 
4 1 
9 2 
1 
INTERFACE 10 
4 3 
13 3 
1 
INTERFACE 11 
5 2 
6 1 
1 
INTERFACE 12 
6 2 
11 1 
1 
INTERFACE 13 
6 3 
7 3 
1 
INTERFACE 14 
7 2 
8 1 
1 
INTERFACE 15 
7 4 
9 4 
-1 
INTERFACE 16 
8 2 
15 1 
1 
INTERFACE 17 
8 3 
11 3 
1 
INTERFACE 18 
8 4 
10 4 
1 
INTERFACE 19 
9 1 
10 1 
1 
INTERFACE 20 
9 3 
12 3 
1 
INTERFACE 21 
10 2 
16 3 
1 
INTERFACE 22 
10 3 
14 4 
1 
INTERFACE 23 
11 2 
18 1 
1 
INTERFACE 24 
12 1 
14 1 
-1 
INTERFACE 25 
12 2 
13 1 
1 
INTERFACE 26 
14 2 
17 1 
-1 
INTERFACE 27 
15 2 
26 2 
1 
INTERFACE 28 
15 3 
18 3 
1 
INTERFACE 29 
15 4 
16 2 
1 
INTERFACE 30 
16 1 
17 3 
1 
INTERFACE 31 
16 4 
28 2 
1 
INTERFACE 32 
17 2 
32 2 
-1 
INTERFACE 33 
18 2 
29 2 
1 
INTERFACE 34 
19 2 
23 1 
1 
INTERFACE 35 
19 3 
20 4 
1 
INTERFACE 36 
20 1 
31 2 
1 
INTERFACE 37 
20 2 
21 1 
1 
INTERFACE 38 
20 3 
22 2 
1 
INTERFACE 39 
21 2 
25 1 
-1 
INTERFACE 40 
21 3 
22 4 
-1 
INTERFACE 41 
21 4 
23 3 
1 
INTERFACE 42 
22 1 
27 2 
1 
INTERFACE 43 
22 3 
31 3 
1 
INTERFACE 44 
23 2 
24 1 
1 
INTERFACE 45 
24 2 
29 1 
1 
INTERFACE 46 
24 3 
25 3 
1 
INTERFACE 47 
25 2 
26 1 
1 
INTERFACE 48 
25 4 
27 4 
-1 
INTERFACE 49 
26 3 
29 3 
1 
INTERFACE 50 
26 4 
28 4 
1 
INTERFACE 51 
27 1 
28 1 
1 
INTERFACE 52 
27 3 
30 3 
1 
INTERFACE 53 
28 3 
32 4 
1 
INTERFACE 54 
30 1 
32 1 
-1 
INTERFACE 55 
30 2 
31 1 
1 
BOUNDARY 1 
1 
1 1 
BOUNDARY 2 
1 
1 4 
BOUNDARY 3 
1 
5 4 
BOUNDARY 4 
1 
6 4 
BOUNDARY 5 
1 
11 4 
BOUNDARY 6 
1 
12 4 
BOUNDARY 7 
1 
13 4 
BOUNDARY 8 
1 
14 3 
BOUNDARY 9 
1 
17 4 
BOUNDARY 10 
1 
18 4 
BOUNDARY 11 
1 
19 1 
BOUNDARY 12 
1 
19 4 
BOUNDARY 13 
1 
23 4 
BOUNDARY 14 
1 
24 4 
BOUNDARY 15 
1 
29 4 
BOUNDARY 16 
1 
30 4 
BOUNDARY 17 
1 
31 4 
BOUNDARY 18 
1 
32 3 
