# nurbs mesh v.2.1
#
# 14-Jul-2024
#
2 2 32 55 0 
PATCH 1 
2 1 
4 2 
0.000000000000000   0.000000000000000   0.000000000000000   0.500000000000000   1.000000000000000   1.000000000000000   1.000000000000000   
0.000000000000000   0.000000000000000   1.000000000000000   1.000000000000000   
0.050000000000000   0.049904867452294   0.049525061277599   0.049240387650610   0.050500000000000   0.050403916126817   0.050020311890375   0.049732791527117   
0.000000000000000   0.002178893568691   0.006520098010365   0.008682408883347   0.000000000000000   0.002200682504378   0.006585298990468   0.008769232972180   
1.000000000000000   0.998097349045873   0.998097349045873   1.000000000000000   1.000000000000000   0.998097349045873   0.998097349045873   1.000000000000000   
PATCH 2 
2 1 
4 2 
0.000000000000000   0.000000000000000   0.000000000000000   0.500000000000000   1.000000000000000   1.000000000000000   1.000000000000000   
0.000000000000000   0.000000000000000   1.000000000000000   1.000000000000000   
0.048324088813414   0.048196800637671   0.047942224286184   0.047814936110441   0.050000000000000   0.049904867452294   0.049525061277599   0.049240387650610   
0.003277245411177   0.004423225023749   0.006715184248893   0.007861163861466   0.000000000000000   0.002178893568691   0.006520098010365   0.008682408883347   
1.000000000000000   1.000000000000000   1.000000000000000   1.000000000000000   1.000000000000000   0.998097349045873   0.998097349045873   1.000000000000000   
PATCH 3 
2 1 
13 2 
0.000000000000000   0.000000000000000   0.000000000000000   0.125000000000000   0.125000000000000   0.250000000000000   0.250000000000000   0.500000000000000   0.500000000000000   0.625000000000000   0.625000000000000   0.750000000000000   0.750000000000000   1.000000000000000   1.000000000000000   1.000000000000000   
0.000000000000000   0.000000000000000   1.000000000000000   1.000000000000000   
0.047814936110441   0.043463503220028   0.047729290978104   0.043326155285813   0.047565186322362   0.045548815396350   0.043532444470337   0.042783213777833   0.042757628204851   0.042732042631869   0.043430102178410   0.043194157236129   0.042958212293849   0.049240387650610   0.049122375608591   0.048466477880176   0.048471997511225   0.048240694059731   0.048010466049542   0.047806905380817   0.047670747136972   0.047587702012645   0.047512591016439   0.047416776743101   0.047154271754661   0.046880505578796   
0.007861163861466   0.007230033222693   0.008004012322995   0.007324247428741   0.008032480438807   0.007501036355511   0.006969592272215   0.006847079854223   0.006847106177997   0.006847132501771   0.006969697567313   0.007032403825311   0.007095110083310   0.008682408883347   0.009214726804819   0.009639666173468   0.010191579122474   0.010693652802951   0.011747557661909   0.012809821689421   0.013332670081708   0.013871220862486   0.014413662904662   0.014951535444948   0.016007264701384   0.017063108598033   
1.000000000000000   0.909186546953481   1.000000000000000   0.909186546953481   1.000000000000000   1.000000000000000   1.000000000000000   0.983357470260076   0.983357470260076   0.983357470260076   1.000000000000000   1.000000000000000   1.000000000000000   1.000000000000000   0.999524337261468   0.999167590207569   0.998810843153671   0.998573011784405   0.998097349045873   0.998097349045873   0.998097349045873   0.998216264730506   0.998335180415139   0.998573011784404   0.999048674522936   1.000000000000000   
PATCH 4 
2 2 
13 4 
0.000000000000000   0.000000000000000   0.000000000000000   0.250000000000000   0.250000000000000   0.375000000000000   0.375000000000000   0.500000000000000   0.500000000000000   0.750000000000000   0.750000000000000   0.875000000000000   0.875000000000000   1.000000000000000   1.000000000000000   1.000000000000000   
0.000000000000000   0.000000000000000   0.000000000000000   0.500000000000000   1.000000000000000   1.000000000000000   1.000000000000000   
0.042190275365263   0.044041542295074   0.045892809224885   0.045801940922506   0.045811132113509   0.045820323304512   0.045929573988895   0.047020139967857   0.048110705946819   0.043641047839485   0.048269361231719   0.043758895223675   0.048324088813414   0.042382259597409   0.043829696030338   0.045277132463266   0.045034466349847   0.045047756136344   0.045061045922842   0.045330291609256   0.046652308824980   0.047974326040705   0.043562324701067   0.048134343668315   0.043685047222763   0.048196800637671   0.042766228061702   0.043406003500865   0.044045778940028   0.043499517204528   0.043521004182015   0.043542491159502   0.044131726849977   0.045916646539226   0.047701566228476   0.043404878424231   0.047864308541508   0.043537351220940   0.047942224286184   0.042958212293849   0.043194157236129   0.043430102178410   0.042732042631869   0.042757628204851   0.042783213777833   0.043532444470337   0.045548815396350   0.047565186322362   0.043326155285813   0.047729290978104   0.043463503220028   0.047814936110441   
0.004205592512460   0.003713587807448   0.003221583102436   0.003212178200127   0.003210634259707   0.003209090319287   0.003215407340757   0.003135553898024   0.003055700455291   0.002760231605017   0.003116423517440   0.002882586759150   0.003277245411177   0.004927971905172   0.004543291811914   0.004158611718655   0.004120916775538   0.004119752239279   0.004118587703021   0.004153953573621   0.004226924512396   0.004299895451170   0.003901235560948   0.004338320718828   0.003969448375035   0.004423225023749   0.006372730690598   0.006202699820846   0.006032668951093   0.005938393926360   0.005937988198425   0.005937582470489   0.006031046039350   0.006409665741139   0.006788285442928   0.006183243472810   0.006782115121606   0.006143171606807   0.006715184248893   0.007095110083310   0.007032403825311   0.006969697567313   0.006847132501771   0.006847106177997   0.006847079854223   0.006969592272215   0.007501036355511   0.008032480438807   0.007324247428741   0.008004012322995   0.007230033222693   0.007861163861466   
1.000000000000000   1.000000000000000   1.000000000000000   0.997823720204596   0.997823720204596   0.997823720204596   1.000000000000000   1.000000000000000   1.000000000000000   0.905335608685540   1.000000000000000   0.905335608685540   1.000000000000000   1.000000000000000   1.000000000000000   1.000000000000000   0.994207157718466   0.994207157718466   0.994207157718466   1.000000000000000   1.000000000000000   1.000000000000000   0.906298343252525   1.000000000000000   0.906298343252525   1.000000000000000   1.000000000000000   1.000000000000000   1.000000000000000   0.986974032746206   0.986974032746206   0.986974032746206   1.000000000000000   1.000000000000000   1.000000000000000   0.908223812386496   1.000000000000000   0.908223812386496   1.000000000000000   1.000000000000000   1.000000000000000   1.000000000000000   0.983357470260076   0.983357470260076   0.983357470260076   1.000000000000000   1.000000000000000   1.000000000000000   0.909186546953481   1.000000000000000   0.909186546953481   1.000000000000000   
PATCH 5 
2 1 
13 2 
0.000000000000000   0.000000000000000   0.000000000000000   0.125000000000000   0.125000000000000   0.250000000000000   0.250000000000000   0.500000000000000   0.500000000000000   0.625000000000000   0.625000000000000   0.750000000000000   0.750000000000000   1.000000000000000   1.000000000000000   1.000000000000000   
0.000000000000000   0.000000000000000   1.000000000000000   1.000000000000000   
0.049240387650610   0.049122375608591   0.048466477880176   0.048471997511225   0.048240694059731   0.048010466049542   0.047806905380817   0.047670747136972   0.047587702012645   0.047512591016439   0.047416776743101   0.047154271754661   0.046880505578796   0.049732791527117   0.049613599364677   0.049488606583825   0.049363613802972   0.049232820403708   0.048971233605179   0.048686444333000   0.048544049696911   0.048395854442409   0.048247659187908   0.048093663314994   0.047785671569166   0.047454477349688   
0.008682408883347   0.009214726804819   0.009639666173468   0.010191579122474   0.010693652802951   0.011747557661909   0.012809821689421   0.013332670081708   0.013871220862486   0.014413662904662   0.014951535444948   0.016007264701384   0.017063108598033   0.008769232972180   0.009306874072867   0.009842960902535   0.010379047732203   0.010913580290852   0.011982645408149   0.013045493441370   0.013576917457981   0.014106787203572   0.014636656949163   0.015164972423735   0.016221603372879   0.017272017237946   
1.000000000000000   0.999524337261468   0.999167590207569   0.998810843153671   0.998573011784405   0.998097349045873   0.998097349045873   0.998097349045873   0.998216264730506   0.998335180415139   0.998573011784404   0.999048674522936   1.000000000000000   1.000000000000000   0.999524337261468   0.999167590207569   0.998810843153671   0.998573011784405   0.998097349045873   0.998097349045873   0.998097349045873   0.998216264730506   0.998335180415139   0.998573011784404   0.999048674522936   1.000000000000000   
PATCH 6 
2 1 
6 2 
0.000000000000000   0.000000000000000   0.000000000000000   0.250000000000000   0.500000000000000   0.750000000000000   1.000000000000000   1.000000000000000   1.000000000000000   
0.000000000000000   0.000000000000000   1.000000000000000   1.000000000000000   
0.046880505578796   0.046547357136946   0.045678187203495   0.044614688547215   0.043708650418107   0.043293804494556   0.047454477349688   0.047032993823604   0.046146485990198   0.045216437375554   0.044242847979673   0.043734282891114   
0.017063108598033   0.018100720512259   0.020098316982433   0.022002105809525   0.023979977516305   0.024995689679175   0.017272017237946   0.018289568482936   0.020304367573183   0.022298863263696   0.024273055554476   0.025250000000000   
1.000000000000000   0.999048674522936   0.998097349045873   0.998097349045873   0.999048674522936   1.000000000000000   1.000000000000000   0.999048674522936   0.998097349045873   0.998097349045873   0.999048674522936   1.000000000000000   
PATCH 7 
2 1 
6 2 
0.000000000000000   0.000000000000000   0.000000000000000   0.250000000000000   0.500000000000000   0.750000000000000   1.000000000000000   1.000000000000000   1.000000000000000   
0.000000000000000   0.000000000000000   1.000000000000000   1.000000000000000   
0.046880505578796   0.046547357136946   0.045678187203495   0.044614688547215   0.043708650418107   0.043293804494556   0.042958212293849   0.039844170335550   0.033616086418953   0.027388002502355   0.021159918585758   0.018045876627459   
0.017063108598033   0.018100720512259   0.020098316982433   0.022002105809525   0.023979977516305   0.024995689679175   0.007095110083310   0.007922718069179   0.009577934040918   0.011233150012656   0.012888365984394   0.013715973970263   
1.000000000000000   0.999048674522936   0.998097349045873   0.998097349045873   0.999048674522936   1.000000000000000   1.000000000000000   1.000000000000000   1.000000000000000   1.000000000000000   1.000000000000000   1.000000000000000   
PATCH 8 
2 1 
13 2 
0.000000000000000   0.000000000000000   0.000000000000000   0.250000000000000   0.250000000000000   0.375000000000000   0.375000000000000   0.500000000000000   0.500000000000000   0.750000000000000   0.750000000000000   0.875000000000000   0.875000000000000   1.000000000000000   1.000000000000000   1.000000000000000   
0.000000000000000   0.000000000000000   1.000000000000000   1.000000000000000   
0.043293804494556   0.042422626007903   0.041516586181572   0.041021575045325   0.040492331410114   0.040059044874841   0.039652445683221   0.038359675904680   0.036863973303879   0.036278413672698   0.035702825343627   0.035218037493706   0.034712977367496   0.018045876627459   0.017582957939333   0.017120039251206   0.016921682567038   0.016903508846873   0.016885335126709   0.017047344370547   0.016468644125996   0.015889943881445   0.013827618405345   0.013761246829314   0.013694875253283   0.015624457577322   
0.024995689679175   0.026302812397279   0.027582881158172   0.028194142402346   0.028778691548758   0.029430596935005   0.030104217607305   0.031073125689581   0.031833972656615   0.032337467990548   0.032845776412618   0.033435289680089   0.034007328896101   0.013715973970263   0.013839002242917   0.013962030515571   0.013821505608813   0.013830610913951   0.013839716219089   0.013998451736122   0.014456135584381   0.014913819432641   0.013068367761439   0.013064505846079   0.013060643930720   0.014898371771204   
1.000000000000000   0.998025479100137   0.997038218650206   0.996544588425240   0.996297773312757   0.996050958200275   0.996050958200275   0.996050958200274   0.997038218650206   0.997531848875171   0.998272294212620   0.999012739550069   1.000000000000000   1.000000000000000   1.000000000000000   1.000000000000000   0.989561265668633   0.989561265668633   0.989561265668633   1.000000000000000   1.000000000000000   1.000000000000000   0.873493624609033   0.873493624609033   0.873493624609033   1.000000000000000   
PATCH 9 
2 2 
6 4 
0.000000000000000   0.000000000000000   0.000000000000000   0.250000000000000   0.500000000000000   0.750000000000000   1.000000000000000   1.000000000000000   1.000000000000000   
0.000000000000000   0.000000000000000   0.000000000000000   0.500000000000000   1.000000000000000   1.000000000000000   1.000000000000000   
0.017277939698873   0.020391981657171   0.026620065573769   0.032848149490366   0.039076233406964   0.042190275365263   0.017469923931019   0.020583965889318   0.026812049805916   0.033040133722513   0.039268217639110   0.042382259597409   0.017853892395313   0.020967934353611   0.027196018270209   0.033424102186806   0.039652186103404   0.042766228061702   0.018045876627459   0.021159918585758   0.027388002502355   0.033616086418953   0.039844170335550   0.042958212293849   
0.010826456399412   0.009998848413543   0.008343632441805   0.006688416470067   0.005033200498329   0.004205592512460   0.011548835792125   0.010721227806256   0.009066011834518   0.007410795862779   0.005755579891041   0.004927971905172   0.012993594577550   0.012165986591681   0.010510770619943   0.008855554648205   0.007200338676467   0.006372730690598   0.013715973970263   0.012888365984394   0.011233150012656   0.009577934040918   0.007922718069179   0.007095110083310   
1.000000000000000   1.000000000000000   1.000000000000000   1.000000000000000   1.000000000000000   1.000000000000000   1.000000000000000   1.000000000000000   1.000000000000000   1.000000000000000   1.000000000000000   1.000000000000000   1.000000000000000   1.000000000000000   1.000000000000000   1.000000000000000   1.000000000000000   1.000000000000000   1.000000000000000   1.000000000000000   1.000000000000000   1.000000000000000   1.000000000000000   1.000000000000000   
PATCH 10 
2 2 
13 4 
0.000000000000000   0.000000000000000   0.000000000000000   0.250000000000000   0.250000000000000   0.375000000000000   0.375000000000000   0.500000000000000   0.500000000000000   0.750000000000000   0.750000000000000   0.875000000000000   0.875000000000000   1.000000000000000   1.000000000000000   1.000000000000000   
0.000000000000000   0.000000000000000   0.000000000000000   0.500000000000000   1.000000000000000   1.000000000000000   1.000000000000000   
0.017277939698873   0.016663315383141   0.016048691067409   0.016032502699169   0.016027497911192   0.016022493123215   0.016028671915501   0.014673978420802   0.013319284926104   0.011613587864342   0.013195076337732   0.011573735079378   0.013249252789002   0.017469923931019   0.016893226022189   0.016316528113358   0.016254797666137   0.016246500645113   0.016238203624089   0.016283340029262   0.015122644847101   0.013961949664939   0.012167095499593   0.013336618960628   0.012104020122855   0.013843053986082   0.017853892395313   0.017353047300285   0.016852202205257   0.016699387600071   0.016684506112953   0.016669624625835   0.016792676256786   0.016019977699698   0.015247279142610   0.013274110770094   0.013619704206419   0.013164590209807   0.015030656380242   0.018045876627459   0.017582957939333   0.017120039251206   0.016921682567038   0.016903508846873   0.016885335126709   0.017047344370547   0.016468644125996   0.015889943881445   0.013827618405345   0.013761246829314   0.013694875253283   0.015624457577322   
0.010826456399412   0.010989802943492   0.011153149487572   0.011146782499163   0.011148398809544   0.011150015119926   0.011159614729099   0.011677267679524   0.012194920629948   0.010748977108629   0.012340014370991   0.010935770370407   0.012523166982884   0.011548835792125   0.011702102768348   0.011855369744572   0.011815463276575   0.011818951835646   0.011822440394717   0.011869323980855   0.012371984655738   0.012874645330621   0.011328824771831   0.012521137239763   0.011466988760485   0.013116968179964   0.012993594577550   0.013126702418061   0.013259810258571   0.013152824831401   0.013160057887849   0.013167290944298   0.013288742484366   0.013761418608167   0.014234094731968   0.012488520098236   0.012883382977307   0.012529425540642   0.014304570574124   0.013715973970263   0.013839002242917   0.013962030515571   0.013821505608813   0.013830610913951   0.013839716219089   0.013998451736122   0.014456135584381   0.014913819432641   0.013068367761439   0.013064505846079   0.013060643930720   0.014898371771204   
1.000000000000000   1.000000000000000   1.000000000000000   0.999308012104132   0.999308012104132   0.999308012104132   1.000000000000000   1.000000000000000   1.000000000000000   0.878635422419440   1.000000000000000   0.878635422419440   1.000000000000000   1.000000000000000   1.000000000000000   1.000000000000000   0.996871325495257   0.996871325495257   0.996871325495257   1.000000000000000   1.000000000000000   1.000000000000000   0.877349972966838   0.968373406152258   0.877349972966838   1.000000000000000   1.000000000000000   1.000000000000000   1.000000000000000   0.991997952277508   0.991997952277508   0.991997952277508   1.000000000000000   1.000000000000000   1.000000000000000   0.874779074061635   0.905120218456775   0.874779074061635   1.000000000000000   1.000000000000000   1.000000000000000   1.000000000000000   0.989561265668633   0.989561265668633   0.989561265668633   1.000000000000000   1.000000000000000   1.000000000000000   0.873493624609033   0.873493624609033   0.873493624609033   1.000000000000000   
PATCH 11 
2 1 
13 2 
0.000000000000000   0.000000000000000   0.000000000000000   0.250000000000000   0.250000000000000   0.375000000000000   0.375000000000000   0.500000000000000   0.500000000000000   0.750000000000000   0.750000000000000   0.875000000000000   0.875000000000000   1.000000000000000   1.000000000000000   1.000000000000000   
0.000000000000000   0.000000000000000   1.000000000000000   1.000000000000000   
0.043293804494556   0.042422626007903   0.041516586181572   0.041021575045325   0.040492331410114   0.040059044874841   0.039652445683221   0.038359675904680   0.036863973303879   0.036278413672698   0.035702825343627   0.035218037493706   0.034712977367496   0.043734282891114   0.043142506727484   0.042531053738569   0.042225327244111   0.041914681543332   0.041604035842553   0.041288470935453   0.040657341121252   0.040006534481766   0.039681131162023   0.039350808635958   0.039020486109894   0.038685244377508   
0.024995689679175   0.026302812397279   0.027582881158172   0.028194142402346   0.028778691548758   0.029430596935005   0.030104217607305   0.031073125689581   0.031833972656615   0.032337467990548   0.032845776412618   0.033435289680089   0.034007328896101   0.025250000000000   0.026178902508932   0.027094027156471   0.027551589480241   0.028005707338662   0.028459825197083   0.028910498590156   0.029811845376303   0.030699414301056   0.031143198763433   0.031583538760461   0.032023878757490   0.032460774289170   
1.000000000000000   0.998025479100137   0.997038218650206   0.996544588425240   0.996297773312757   0.996050958200275   0.996050958200275   0.996050958200274   0.997038218650206   0.997531848875171   0.998272294212620   0.999012739550069   1.000000000000000   1.000000000000000   0.999048674522937   0.998573011784405   0.998335180415139   0.998216264730506   0.998097349045873   0.998097349045873   0.998097349045873   0.998573011784405   0.998810843153671   0.999167590207569   0.999524337261468   1.000000000000000   
PATCH 12 
2 1 
6 2 
0.000000000000000   0.000000000000000   0.000000000000000   0.250000000000000   0.500000000000000   0.750000000000000   1.000000000000000   1.000000000000000   1.000000000000000   
0.000000000000000   0.000000000000000   1.000000000000000   1.000000000000000   
0.017277939698873   0.020391981657171   0.026620065573769   0.032848149490366   0.039076233406964   0.042190275365263   0.014550000000000   0.018005034420658   0.024915103261973   0.031825172103289   0.038735240944605   0.042190275365263   
0.010826456399412   0.009998848413543   0.008343632441805   0.006688416470067   0.005033200498329   0.004205592512460   0.000000000000000   0.000000000000000   0.000000000000000   0.000000000000000   0.000000000000000   0.000000000000000   
1.000000000000000   1.000000000000000   1.000000000000000   1.000000000000000   1.000000000000000   1.000000000000000   1.000000000000000   1.000000000000000   1.000000000000000   1.000000000000000   1.000000000000000   1.000000000000000   
PATCH 13 
2 1 
13 2 
0.000000000000000   0.000000000000000   0.000000000000000   0.250000000000000   0.250000000000000   0.375000000000000   0.375000000000000   0.500000000000000   0.500000000000000   0.750000000000000   0.750000000000000   0.875000000000000   0.875000000000000   1.000000000000000   1.000000000000000   1.000000000000000   
0.000000000000000   0.000000000000000   1.000000000000000   1.000000000000000   
0.042190275365263   0.044041542295074   0.045892809224885   0.045801940922506   0.045811132113509   0.045820323304512   0.045929573988895   0.047020139967857   0.048110705946819   0.043641047839485   0.048269361231719   0.043758895223675   0.048324088813414   0.042190275365263   0.043166490944605   0.044142706523947   0.044630814313618   0.045118922103289   0.045607029892960   0.046095137682631   0.047071353261973   0.048047568841316   0.048535676630987   0.049023784420658   0.049511892210329   0.050000000000000   
0.004205592512460   0.003713587807448   0.003221583102436   0.003212178200127   0.003210634259707   0.003209090319287   0.003215407340757   0.003135553898024   0.003055700455291   0.002760231605017   0.003116423517440   0.002882586759150   0.003277245411177   0.000000000000000   0.000000000000000   0.000000000000000   0.000000000000000   0.000000000000000   0.000000000000000   0.000000000000000   0.000000000000000   0.000000000000000   0.000000000000000   0.000000000000000   0.000000000000000   0.000000000000000   
1.000000000000000   1.000000000000000   1.000000000000000   0.997823720204596   0.997823720204596   0.997823720204596   1.000000000000000   1.000000000000000   1.000000000000000   0.905335608685540   1.000000000000000   0.905335608685540   1.000000000000000   1.000000000000000   1.000000000000000   1.000000000000000   1.000000000000000   1.000000000000000   1.000000000000000   1.000000000000000   1.000000000000000   1.000000000000000   1.000000000000000   1.000000000000000   1.000000000000000   1.000000000000000   
PATCH 14 
2 1 
13 2 
0.000000000000000   0.000000000000000   0.000000000000000   0.250000000000000   0.250000000000000   0.375000000000000   0.375000000000000   0.500000000000000   0.500000000000000   0.750000000000000   0.750000000000000   0.875000000000000   0.875000000000000   1.000000000000000   1.000000000000000   1.000000000000000   
0.000000000000000   0.000000000000000   1.000000000000000   1.000000000000000   
0.014550000000000   0.014280214092784   0.013885539965395   0.013688202901700   0.013459643782962   0.013231084664223   0.012971303490442   0.012451741142878   0.011807290575141   0.011485065291272   0.011131617952360   0.010778170613448   0.010393501219492   0.017277939698873   0.016663315383141   0.016048691067409   0.016032502699169   0.016027497911192   0.016022493123215   0.016028671915501   0.014673978420802   0.013319284926104   0.011613587864342   0.013195076337732   0.011573735079378   0.013249252789002   
0.000000000000000   0.001374739262283   0.002698497730193   0.003360376964149   0.004009510999511   0.004658645034873   0.005295033871642   0.006567811545180   0.007789608424345   0.008400506863928   0.008998660104917   0.009596813345907   0.010182221388303   0.010826456399412   0.010989802943492   0.011153149487572   0.011146782499163   0.011148398809544   0.011150015119926   0.011159614729099   0.011677267679524   0.012194920629948   0.010748977108629   0.012340014370991   0.010935770370407   0.012523166982884   
1.000000000000000   0.981458013249777   0.972187019874666   0.967551523187111   0.965233774843333   0.962916026499555   0.962916026499555   0.962916026499555   0.972187019874666   0.976822516562222   0.983775761593555   0.990729006624889   1.000000000000000   1.000000000000000   1.000000000000000   1.000000000000000   0.999308012104132   0.999308012104132   0.999308012104132   1.000000000000000   1.000000000000000   1.000000000000000   0.878635422419440   1.000000000000000   0.878635422419440   1.000000000000000   
PATCH 15 
2 1 
4 2 
0.000000000000000   0.000000000000000   0.000000000000000   0.500000000000000   1.000000000000000   1.000000000000000   1.000000000000000   
0.000000000000000   0.000000000000000   1.000000000000000   1.000000000000000   
0.034712977367496   0.034549894355963   0.034196943210557   0.034007328896101   0.015624457577322   0.015442936125792   0.015079893222733   0.014898371771204   
0.034007328896101   0.034196943210557   0.034549894355963   0.034712977367496   0.014898371771204   0.015079893222733   0.015442936125792   0.015624457577322   
1.000000000000000   0.999973642054478   0.999973642054478   1.000000000000000   1.000000000000000   1.000000000000000   1.000000000000000   1.000000000000000   
PATCH 16 
2 2 
4 4 
0.000000000000000   0.000000000000000   0.000000000000000   0.500000000000000   1.000000000000000   1.000000000000000   1.000000000000000   
0.000000000000000   0.000000000000000   0.000000000000000   0.500000000000000   1.000000000000000   1.000000000000000   1.000000000000000   
0.013249252789002   0.013843053986082   0.015030656380242   0.015624457577322   0.013067731337472   0.013661532534552   0.014849134928712   0.015442936125792   0.012704688434413   0.013298489631493   0.014486092025653   0.015079893222733   0.012523166982884   0.013116968179964   0.014304570574124   0.014898371771204   
0.012523166982884   0.013116968179964   0.014304570574124   0.014898371771204   0.012704688434413   0.013298489631493   0.014486092025653   0.015079893222733   0.013067731337472   0.013661532534552   0.014849134928712   0.015442936125792   0.013249252789002   0.013843053986082   0.015030656380242   0.015624457577322   
1.000000000000000   1.000000000000000   1.000000000000000   1.000000000000000   1.000000000000000   1.000000000000000   1.000000000000000   1.000000000000000   1.000000000000000   1.000000000000000   1.000000000000000   1.000000000000000   1.000000000000000   1.000000000000000   1.000000000000000   1.000000000000000   
PATCH 17 
2 1 
4 2 
0.000000000000000   0.000000000000000   0.000000000000000   0.500000000000000   1.000000000000000   1.000000000000000   1.000000000000000   
0.000000000000000   0.000000000000000   1.000000000000000   1.000000000000000   
0.013249252789002   0.013067731337472   0.012704688434413   0.012523166982884   0.010393501219492   0.010340952442878   0.010235312527284   0.010182221388303   
0.012523166982884   0.012704688434413   0.013067731337472   0.013249252789002   0.010182221388303   0.010235312527284   0.010340952442878   0.010393501219492   
1.000000000000000   1.000000000000000   1.000000000000000   1.000000000000000   1.000000000000000   0.999973642054478   0.999973642054478   1.000000000000000   
PATCH 18 
2 1 
4 2 
0.000000000000000   0.000000000000000   0.000000000000000   0.500000000000000   1.000000000000000   1.000000000000000   1.000000000000000   
0.000000000000000   0.000000000000000   1.000000000000000   1.000000000000000   
0.034712977367496   0.034549894355963   0.034196943210557   0.034007328896101   0.038685244377508   0.037197068413715   0.034084833369545   0.032460774289170   
0.034007328896101   0.034196943210557   0.034549894355963   0.034712977367496   0.032460774289170   0.034084833369545   0.037197068413715   0.038685244377508   
1.000000000000000   0.999973642054478   0.999973642054478   1.000000000000000   1.000000000000000   0.998097349045873   0.998097349045873   1.000000000000000   
PATCH 19 
2 1 
4 2 
0.000000000000000   0.000000000000000   0.000000000000000   0.500000000000000   1.000000000000000   1.000000000000000   1.000000000000000   
0.000000000000000   0.000000000000000   1.000000000000000   1.000000000000000   
0.000000000000000   0.002178893568691   0.006520098010365   0.008682408883347   0.000000000000000   0.002200682504378   0.006585298990468   0.008769232972180   
0.050000000000000   0.049904867452294   0.049525061277599   0.049240387650610   0.050500000000000   0.050403916126817   0.050020311890375   0.049732791527117   
1.000000000000000   0.998097349045873   0.998097349045873   1.000000000000000   1.000000000000000   0.998097349045873   0.998097349045873   1.000000000000000   
PATCH 20 
2 1 
4 2 
0.000000000000000   0.000000000000000   0.000000000000000   0.500000000000000   1.000000000000000   1.000000000000000   1.000000000000000   
0.000000000000000   0.000000000000000   1.000000000000000   1.000000000000000   
0.003277245411177   0.004423225023749   0.006715184248893   0.007861163861466   0.000000000000000   0.002178893568691   0.006520098010365   0.008682408883347   
0.048324088813414   0.048196800637671   0.047942224286184   0.047814936110441   0.050000000000000   0.049904867452294   0.049525061277599   0.049240387650610   
1.000000000000000   1.000000000000000   1.000000000000000   1.000000000000000   1.000000000000000   0.998097349045873   0.998097349045873   1.000000000000000   
PATCH 21 
2 1 
13 2 
0.000000000000000   0.000000000000000   0.000000000000000   0.125000000000000   0.125000000000000   0.250000000000000   0.250000000000000   0.500000000000000   0.500000000000000   0.625000000000000   0.625000000000000   0.750000000000000   0.750000000000000   1.000000000000000   1.000000000000000   1.000000000000000   
0.000000000000000   0.000000000000000   1.000000000000000   1.000000000000000   
0.007861163861466   0.007230033222693   0.008004012322995   0.007324247428741   0.008032480438807   0.007501036355511   0.006969592272215   0.006847079854223   0.006847106177997   0.006847132501771   0.006969697567313   0.007032403825311   0.007095110083310   0.008682408883347   0.009214726804819   0.009639666173468   0.010191579122474   0.010693652802951   0.011747557661909   0.012809821689421   0.013332670081708   0.013871220862486   0.014413662904662   0.014951535444948   0.016007264701385   0.017063108598033   
0.047814936110441   0.043463503220028   0.047729290978104   0.043326155285813   0.047565186322362   0.045548815396350   0.043532444470337   0.042783213777833   0.042757628204851   0.042732042631869   0.043430102178410   0.043194157236129   0.042958212293849   0.049240387650610   0.049122375608591   0.048466477880176   0.048471997511225   0.048240694059731   0.048010466049542   0.047806905380817   0.047670747136972   0.047587702012645   0.047512591016439   0.047416776743101   0.047154271754661   0.046880505578796   
1.000000000000000   0.909186546953481   1.000000000000000   0.909186546953481   1.000000000000000   1.000000000000000   1.000000000000000   0.983357470260076   0.983357470260076   0.983357470260076   1.000000000000000   1.000000000000000   1.000000000000000   1.000000000000000   0.999524337261468   0.999167590207569   0.998810843153671   0.998573011784405   0.998097349045873   0.998097349045873   0.998097349045873   0.998216264730506   0.998335180415139   0.998573011784404   0.999048674522936   1.000000000000000   
PATCH 22 
2 2 
13 4 
0.000000000000000   0.000000000000000   0.000000000000000   0.250000000000000   0.250000000000000   0.375000000000000   0.375000000000000   0.500000000000000   0.500000000000000   0.750000000000000   0.750000000000000   0.875000000000000   0.875000000000000   1.000000000000000   1.000000000000000   1.000000000000000   
0.000000000000000   0.000000000000000   0.000000000000000   0.500000000000000   1.000000000000000   1.000000000000000   1.000000000000000   
0.004205592512460   0.003713587807448   0.003221583102436   0.003212178200127   0.003210634259707   0.003209090319287   0.003215407340757   0.003135553898024   0.003055700455291   0.002760231605017   0.003116423517440   0.002882586759150   0.003277245411177   0.004927971905172   0.004543291811914   0.004158611718655   0.004120916775538   0.004119752239279   0.004118587703021   0.004153953573621   0.004226924512396   0.004299895451170   0.003901235560948   0.004338320718828   0.003969448375035   0.004423225023749   0.006372730690598   0.006202699820846   0.006032668951093   0.005938393926360   0.005937988198425   0.005937582470489   0.006031046039350   0.006409665741139   0.006788285442928   0.006183243472810   0.006782115121606   0.006143171606807   0.006715184248893   0.007095110083310   0.007032403825311   0.006969697567313   0.006847132501771   0.006847106177997   0.006847079854223   0.006969592272215   0.007501036355511   0.008032480438807   0.007324247428741   0.008004012322995   0.007230033222693   0.007861163861466   
0.042190275365263   0.044041542295074   0.045892809224885   0.045801940922506   0.045811132113509   0.045820323304512   0.045929573988895   0.047020139967857   0.048110705946819   0.043641047839485   0.048269361231719   0.043758895223675   0.048324088813414   0.042382259597409   0.043829696030338   0.045277132463266   0.045034466349847   0.045047756136344   0.045061045922842   0.045330291609256   0.046652308824980   0.047974326040705   0.043562324701067   0.048134343668315   0.043685047222763   0.048196800637671   0.042766228061702   0.043406003500865   0.044045778940028   0.043499517204528   0.043521004182015   0.043542491159502   0.044131726849977   0.045916646539226   0.047701566228476   0.043404878424231   0.047864308541508   0.043537351220940   0.047942224286184   0.042958212293849   0.043194157236129   0.043430102178410   0.042732042631869   0.042757628204851   0.042783213777833   0.043532444470337   0.045548815396350   0.047565186322362   0.043326155285813   0.047729290978104   0.043463503220028   0.047814936110441   
1.000000000000000   1.000000000000000   1.000000000000000   0.997823720204596   0.997823720204596   0.997823720204596   1.000000000000000   1.000000000000000   1.000000000000000   0.905335608685540   1.000000000000000   0.905335608685540   1.000000000000000   1.000000000000000   1.000000000000000   1.000000000000000   0.994207157718466   0.994207157718466   0.994207157718466   1.000000000000000   1.000000000000000   1.000000000000000   0.906298343252525   1.000000000000000   0.906298343252525   1.000000000000000   1.000000000000000   1.000000000000000   1.000000000000000   0.986974032746206   0.986974032746206   0.986974032746206   1.000000000000000   1.000000000000000   1.000000000000000   0.908223812386496   1.000000000000000   0.908223812386496   1.000000000000000   1.000000000000000   1.000000000000000   1.000000000000000   0.983357470260076   0.983357470260076   0.983357470260076   1.000000000000000   1.000000000000000   1.000000000000000   0.909186546953481   1.000000000000000   0.909186546953481   1.000000000000000   
PATCH 23 
2 1 
13 2 
0.000000000000000   0.000000000000000   0.000000000000000   0.125000000000000   0.125000000000000   0.250000000000000   0.250000000000000   0.500000000000000   0.500000000000000   0.625000000000000   0.625000000000000   0.750000000000000   0.750000000000000   1.000000000000000   1.000000000000000   1.000000000000000   
0.000000000000000   0.000000000000000   1.000000000000000   1.000000000000000   
0.008682408883347   0.009214726804819   0.009639666173468   0.010191579122474   0.010693652802951   0.011747557661909   0.012809821689421   0.013332670081708   0.013871220862486   0.014413662904662   0.014951535444948   0.016007264701385   0.017063108598033   0.008769232972180   0.009306874072867   0.009842960902535   0.010379047732203   0.010913580290852   0.011982645408149   0.013045493441370   0.013576917457981   0.014106787203572   0.014636656949163   0.015164972423735   0.016221603372879   0.017272017237946   
0.049240387650610   0.049122375608591   0.048466477880176   0.048471997511225   0.048240694059731   0.048010466049542   0.047806905380817   0.047670747136972   0.047587702012645   0.047512591016439   0.047416776743101   0.047154271754661   0.046880505578796   0.049732791527117   0.049613599364677   0.049488606583825   0.049363613802972   0.049232820403708   0.048971233605179   0.048686444333000   0.048544049696911   0.048395854442409   0.048247659187908   0.048093663314994   0.047785671569166   0.047454477349688   
1.000000000000000   0.999524337261468   0.999167590207569   0.998810843153671   0.998573011784405   0.998097349045873   0.998097349045873   0.998097349045873   0.998216264730506   0.998335180415139   0.998573011784404   0.999048674522936   1.000000000000000   1.000000000000000   0.999524337261468   0.999167590207569   0.998810843153671   0.998573011784405   0.998097349045873   0.998097349045873   0.998097349045873   0.998216264730506   0.998335180415139   0.998573011784404   0.999048674522936   1.000000000000000   
PATCH 24 
2 1 
6 2 
0.000000000000000   0.000000000000000   0.000000000000000   0.250000000000000   0.500000000000000   0.750000000000000   1.000000000000000   1.000000000000000   1.000000000000000   
0.000000000000000   0.000000000000000   1.000000000000000   1.000000000000000   
0.017063108598033   0.018100720512259   0.020098316982433   0.022002105809525   0.023979977516305   0.024995689679175   0.017272017237946   0.018289568482936   0.020304367573183   0.022298863263696   0.024273055554476   0.025250000000000   
0.046880505578796   0.046547357136946   0.045678187203495   0.044614688547215   0.043708650418107   0.043293804494556   0.047454477349688   0.047032993823604   0.046146485990198   0.045216437375554   0.044242847979673   0.043734282891114   
1.000000000000000   0.999048674522936   0.998097349045873   0.998097349045873   0.999048674522936   1.000000000000000   1.000000000000000   0.999048674522936   0.998097349045873   0.998097349045873   0.999048674522936   1.000000000000000   
PATCH 25 
2 1 
6 2 
0.000000000000000   0.000000000000000   0.000000000000000   0.250000000000000   0.500000000000000   0.750000000000000   1.000000000000000   1.000000000000000   1.000000000000000   
0.000000000000000   0.000000000000000   1.000000000000000   1.000000000000000   
0.017063108598033   0.018100720512259   0.020098316982433   0.022002105809525   0.023979977516305   0.024995689679175   0.007095110083310   0.007922718069179   0.009577934040918   0.011233150012656   0.012888365984394   0.013715973970263   
0.046880505578796   0.046547357136946   0.045678187203495   0.044614688547215   0.043708650418107   0.043293804494556   0.042958212293849   0.039844170335550   0.033616086418953   0.027388002502355   0.021159918585758   0.018045876627459   
1.000000000000000   0.999048674522936   0.998097349045873   0.998097349045873   0.999048674522936   1.000000000000000   1.000000000000000   1.000000000000000   1.000000000000000   1.000000000000000   1.000000000000000   1.000000000000000   
PATCH 26 
2 1 
13 2 
0.000000000000000   0.000000000000000   0.000000000000000   0.250000000000000   0.250000000000000   0.375000000000000   0.375000000000000   0.500000000000000   0.500000000000000   0.750000000000000   0.750000000000000   0.875000000000000   0.875000000000000   1.000000000000000   1.000000000000000   1.000000000000000   
0.000000000000000   0.000000000000000   1.000000000000000   1.000000000000000   
0.024995689679175   0.026302812397279   0.027582881158172   0.028194142402346   0.028778691548758   0.029430596935005   0.030104217607305   0.031073125689581   0.031833972656615   0.032337467990548   0.032845776412618   0.033435289680089   0.034007328896101   0.013715973970263   0.013839002242917   0.013962030515571   0.013821505608813   0.013830610913951   0.013839716219089   0.013998451736122   0.014456135584381   0.014913819432641   0.013068367761439   0.013064505846079   0.013060643930720   0.014898371771204   
0.043293804494556   0.042422626007903   0.041516586181572   0.041021575045325   0.040492331410114   0.040059044874841   0.039652445683221   0.038359675904680   0.036863973303879   0.036278413672698   0.035702825343627   0.035218037493706   0.034712977367496   0.018045876627459   0.017582957939333   0.017120039251206   0.016921682567038   0.016903508846873   0.016885335126709   0.017047344370547   0.016468644125996   0.015889943881445   0.013827618405345   0.013761246829314   0.013694875253283   0.015624457577322   
1.000000000000000   0.998025479100137   0.997038218650206   0.996544588425240   0.996297773312757   0.996050958200275   0.996050958200275   0.996050958200274   0.997038218650206   0.997531848875171   0.998272294212620   0.999012739550069   1.000000000000000   1.000000000000000   1.000000000000000   1.000000000000000   0.989561265668633   0.989561265668633   0.989561265668633   1.000000000000000   1.000000000000000   1.000000000000000   0.873493624609033   0.873493624609033   0.873493624609033   1.000000000000000   
PATCH 27 
2 2 
6 4 
0.000000000000000   0.000000000000000   0.000000000000000   0.250000000000000   0.500000000000000   0.750000000000000   1.000000000000000   1.000000000000000   1.000000000000000   
0.000000000000000   0.000000000000000   0.000000000000000   0.500000000000000   1.000000000000000   1.000000000000000   1.000000000000000   
0.010826456399412   0.009998848413543   0.008343632441805   0.006688416470067   0.005033200498329   0.004205592512460   0.011548835792125   0.010721227806256   0.009066011834518   0.007410795862779   0.005755579891041   0.004927971905172   0.012993594577550   0.012165986591681   0.010510770619943   0.008855554648205   0.007200338676467   0.006372730690598   0.013715973970263   0.012888365984394   0.011233150012656   0.009577934040918   0.007922718069179   0.007095110083310   
0.017277939698873   0.020391981657171   0.026620065573769   0.032848149490366   0.039076233406964   0.042190275365263   0.017469923931019   0.020583965889318   0.026812049805916   0.033040133722513   0.039268217639110   0.042382259597409   0.017853892395313   0.020967934353611   0.027196018270209   0.033424102186806   0.039652186103404   0.042766228061702   0.018045876627459   0.021159918585758   0.027388002502355   0.033616086418953   0.039844170335550   0.042958212293849   
1.000000000000000   1.000000000000000   1.000000000000000   1.000000000000000   1.000000000000000   1.000000000000000   1.000000000000000   1.000000000000000   1.000000000000000   1.000000000000000   1.000000000000000   1.000000000000000   1.000000000000000   1.000000000000000   1.000000000000000   1.000000000000000   1.000000000000000   1.000000000000000   1.000000000000000   1.000000000000000   1.000000000000000   1.000000000000000   1.000000000000000   1.000000000000000   
PATCH 28 
2 2 
13 4 
0.000000000000000   0.000000000000000   0.000000000000000   0.250000000000000   0.250000000000000   0.375000000000000   0.375000000000000   0.500000000000000   0.500000000000000   0.750000000000000   0.750000000000000   0.875000000000000   0.875000000000000   1.000000000000000   1.000000000000000   1.000000000000000   
0.000000000000000   0.000000000000000   0.000000000000000   0.500000000000000   1.000000000000000   1.000000000000000   1.000000000000000   
0.010826456399412   0.010989802943492   0.011153149487572   0.011146782499163   0.011148398809544   0.011150015119926   0.011159614729099   0.011677267679524   0.012194920629948   0.010748977108629   0.012340014370991   0.010935770370407   0.012523166982884   0.011548835792125   0.011702102768348   0.011855369744572   0.011815463276575   0.011818951835646   0.011822440394717   0.011869323980855   0.012371984655738   0.012874645330621   0.011328824771831   0.012521137239763   0.011466988760485   0.013116968179964   0.012993594577550   0.013126702418061   0.013259810258571   0.013152824831401   0.013160057887849   0.013167290944298   0.013288742484366   0.013761418608167   0.014234094731968   0.012488520098236   0.012883382977307   0.012529425540642   0.014304570574124   0.013715973970263   0.013839002242917   0.013962030515571   0.013821505608813   0.013830610913951   0.013839716219089   0.013998451736122   0.014456135584381   0.014913819432641   0.013068367761439   0.013064505846079   0.013060643930720   0.014898371771204   
0.017277939698873   0.016663315383141   0.016048691067409   0.016032502699169   0.016027497911192   0.016022493123215   0.016028671915501   0.014673978420802   0.013319284926104   0.011613587864342   0.013195076337732   0.011573735079378   0.013249252789002   0.017469923931019   0.016893226022189   0.016316528113358   0.016254797666137   0.016246500645113   0.016238203624089   0.016283340029262   0.015122644847101   0.013961949664939   0.012167095499593   0.013336618960628   0.012104020122855   0.013843053986082   0.017853892395313   0.017353047300285   0.016852202205257   0.016699387600071   0.016684506112953   0.016669624625835   0.016792676256786   0.016019977699698   0.015247279142610   0.013274110770094   0.013619704206419   0.013164590209807   0.015030656380242   0.018045876627459   0.017582957939333   0.017120039251206   0.016921682567038   0.016903508846873   0.016885335126709   0.017047344370547   0.016468644125996   0.015889943881445   0.013827618405345   0.013761246829314   0.013694875253283   0.015624457577322   
1.000000000000000   1.000000000000000   1.000000000000000   0.999308012104132   0.999308012104132   0.999308012104132   1.000000000000000   1.000000000000000   1.000000000000000   0.878635422419440   1.000000000000000   0.878635422419440   1.000000000000000   1.000000000000000   1.000000000000000   1.000000000000000   0.996871325495257   0.996871325495257   0.996871325495257   1.000000000000000   1.000000000000000   1.000000000000000   0.877349972966838   0.968373406152258   0.877349972966838   1.000000000000000   1.000000000000000   1.000000000000000   1.000000000000000   0.991997952277508   0.991997952277508   0.991997952277508   1.000000000000000   1.000000000000000   1.000000000000000   0.874779074061635   0.905120218456775   0.874779074061635   1.000000000000000   1.000000000000000   1.000000000000000   1.000000000000000   0.989561265668633   0.989561265668633   0.989561265668633   1.000000000000000   1.000000000000000   1.000000000000000   0.873493624609033   0.873493624609033   0.873493624609033   1.000000000000000   
PATCH 29 
2 1 
13 2 
0.000000000000000   0.000000000000000   0.000000000000000   0.250000000000000   0.250000000000000   0.375000000000000   0.375000000000000   0.500000000000000   0.500000000000000   0.750000000000000   0.750000000000000   0.875000000000000   0.875000000000000   1.000000000000000   1.000000000000000   1.000000000000000   
0.000000000000000   0.000000000000000   1.000000000000000   1.000000000000000   
0.024995689679175   0.026302812397279   0.027582881158172   0.028194142402346   0.028778691548758   0.029430596935005   0.030104217607305   0.031073125689581   0.031833972656615   0.032337467990548   0.032845776412618   0.033435289680089   0.034007328896101   0.025250000000000   0.026178902508932   0.027094027156471   0.027551589480241   0.028005707338662   0.028459825197083   0.028910498590156   0.029811845376303   0.030699414301056   0.031143198763433   0.031583538760461   0.032023878757490   0.032460774289170   
0.043293804494556   0.042422626007903   0.041516586181572   0.041021575045325   0.040492331410114   0.040059044874841   0.039652445683221   0.038359675904680   0.036863973303879   0.036278413672698   0.035702825343627   0.035218037493706   0.034712977367496   0.043734282891114   0.043142506727484   0.042531053738569   0.042225327244111   0.041914681543332   0.041604035842553   0.041288470935453   0.040657341121252   0.040006534481766   0.039681131162023   0.039350808635958   0.039020486109894   0.038685244377508   
1.000000000000000   0.998025479100137   0.997038218650206   0.996544588425240   0.996297773312757   0.996050958200275   0.996050958200275   0.996050958200274   0.997038218650206   0.997531848875171   0.998272294212620   0.999012739550069   1.000000000000000   1.000000000000000   0.999048674522937   0.998573011784405   0.998335180415139   0.998216264730506   0.998097349045873   0.998097349045873   0.998097349045873   0.998573011784405   0.998810843153671   0.999167590207569   0.999524337261468   1.000000000000000   
PATCH 30 
2 1 
6 2 
0.000000000000000   0.000000000000000   0.000000000000000   0.250000000000000   0.500000000000000   0.750000000000000   1.000000000000000   1.000000000000000   1.000000000000000   
0.000000000000000   0.000000000000000   1.000000000000000   1.000000000000000   
0.010826456399412   0.009998848413543   0.008343632441805   0.006688416470067   0.005033200498329   0.004205592512460   0.000000000000000   0.000000000000000   0.000000000000000   0.000000000000000   0.000000000000000   0.000000000000000   
0.017277939698873   0.020391981657171   0.026620065573769   0.032848149490366   0.039076233406964   0.042190275365263   0.014550000000000   0.018005034420658   0.024915103261973   0.031825172103289   0.038735240944605   0.042190275365263   
1.000000000000000   1.000000000000000   1.000000000000000   1.000000000000000   1.000000000000000   1.000000000000000   1.000000000000000   1.000000000000000   1.000000000000000   1.000000000000000   1.000000000000000   1.000000000000000   
PATCH 31 
2 1 
13 2 
0.000000000000000   0.000000000000000   0.000000000000000   0.250000000000000   0.250000000000000   0.375000000000000   0.375000000000000   0.500000000000000   0.500000000000000   0.750000000000000   0.750000000000000   0.875000000000000   0.875000000000000   1.000000000000000   1.000000000000000   1.000000000000000   
0.000000000000000   0.000000000000000   1.000000000000000   1.000000000000000   
0.004205592512460   0.003713587807448   0.003221583102436   0.003212178200127   0.003210634259707   0.003209090319287   0.003215407340757   0.003135553898024   0.003055700455291   0.002760231605017   0.003116423517440   0.002882586759150   0.003277245411177   0.000000000000000   0.000000000000000   0.000000000000000   0.000000000000000   0.000000000000000   0.000000000000000   0.000000000000000   0.000000000000000   0.000000000000000   0.000000000000000   0.000000000000000   0.000000000000000   0.000000000000000   
0.042190275365263   0.044041542295074   0.045892809224885   0.045801940922506   0.045811132113509   0.045820323304512   0.045929573988895   0.047020139967857   0.048110705946819   0.043641047839485   0.048269361231719   0.043758895223675   0.048324088813414   0.042190275365263   0.043166490944605   0.044142706523947   0.044630814313618   0.045118922103289   0.045607029892960   0.046095137682631   0.047071353261973   0.048047568841316   0.048535676630987   0.049023784420658   0.049511892210329   0.050000000000000   
1.000000000000000   1.000000000000000   1.000000000000000   0.997823720204596   0.997823720204596   0.997823720204596   1.000000000000000   1.000000000000000   1.000000000000000   0.905335608685540   1.000000000000000   0.905335608685540   1.000000000000000   1.000000000000000   1.000000000000000   1.000000000000000   1.000000000000000   1.000000000000000   1.000000000000000   1.000000000000000   1.000000000000000   1.000000000000000   1.000000000000000   1.000000000000000   1.000000000000000   1.000000000000000   
PATCH 32 
2 1 
13 2 
0.000000000000000   0.000000000000000   0.000000000000000   0.250000000000000   0.250000000000000   0.375000000000000   0.375000000000000   0.500000000000000   0.500000000000000   0.750000000000000   0.750000000000000   0.875000000000000   0.875000000000000   1.000000000000000   1.000000000000000   1.000000000000000   
0.000000000000000   0.000000000000000   1.000000000000000   1.000000000000000   
0.000000000000000   0.001374739262283   0.002698497730193   0.003360376964149   0.004009510999511   0.004658645034873   0.005295033871642   0.006567811545180   0.007789608424345   0.008400506863928   0.008998660104917   0.009596813345907   0.010182221388303   0.010826456399412   0.010989802943492   0.011153149487572   0.011146782499163   0.011148398809544   0.011150015119926   0.011159614729099   0.011677267679524   0.012194920629948   0.010748977108629   0.012340014370991   0.010935770370407   0.012523166982884   
0.014550000000000   0.014280214092784   0.013885539965395   0.013688202901700   0.013459643782962   0.013231084664223   0.012971303490442   0.012451741142878   0.011807290575141   0.011485065291272   0.011131617952360   0.010778170613448   0.010393501219492   0.017277939698873   0.016663315383141   0.016048691067409   0.016032502699169   0.016027497911192   0.016022493123215   0.016028671915501   0.014673978420802   0.013319284926104   0.011613587864342   0.013195076337732   0.011573735079378   0.013249252789002   
1.000000000000000   0.981458013249777   0.972187019874666   0.967551523187111   0.965233774843333   0.962916026499555   0.962916026499555   0.962916026499555   0.972187019874666   0.976822516562222   0.983775761593555   0.990729006624889   1.000000000000000   1.000000000000000   1.000000000000000   1.000000000000000   0.999308012104132   0.999308012104132   0.999308012104132   1.000000000000000   1.000000000000000   1.000000000000000   0.878635422419440   1.000000000000000   0.878635422419440   1.000000000000000   
INTERFACE 1 
1 2 
5 1 
1 
INTERFACE 2 
1 3 
2 4 
1 
INTERFACE 3 
2 1 
13 2 
1 
INTERFACE 4 
2 2 
3 1 
1 
INTERFACE 5 
2 3 
4 2 
1 
INTERFACE 6 
3 2 
7 1 
-1 
INTERFACE 7 
3 3 
4 4 
-1 
INTERFACE 8 
3 4 
5 3 
1 
INTERFACE 9 
4 1 
9 2 
1 
INTERFACE 10 
4 3 
13 3 
1 
INTERFACE 11 
5 2 
6 1 
1 
INTERFACE 12 
6 2 
11 1 
1 
INTERFACE 13 
6 3 
7 3 
1 
INTERFACE 14 
7 2 
8 1 
1 
INTERFACE 15 
7 4 
9 4 
-1 
INTERFACE 16 
8 2 
15 1 
1 
INTERFACE 17 
8 3 
11 3 
1 
INTERFACE 18 
8 4 
10 4 
1 
INTERFACE 19 
9 1 
10 1 
1 
INTERFACE 20 
9 3 
12 3 
1 
INTERFACE 21 
10 2 
16 3 
1 
INTERFACE 22 
10 3 
14 4 
1 
INTERFACE 23 
11 2 
18 1 
1 
INTERFACE 24 
12 1 
14 1 
-1 
INTERFACE 25 
12 2 
13 1 
1 
INTERFACE 26 
14 2 
17 1 
-1 
INTERFACE 27 
15 2 
26 2 
1 
INTERFACE 28 
15 3 
18 3 
1 
INTERFACE 29 
15 4 
16 2 
1 
INTERFACE 30 
16 1 
17 3 
1 
INTERFACE 31 
16 4 
28 2 
1 
INTERFACE 32 
17 2 
32 2 
-1 
INTERFACE 33 
18 2 
29 2 
1 
INTERFACE 34 
19 2 
23 1 
1 
INTERFACE 35 
19 3 
20 4 
1 
INTERFACE 36 
20 1 
31 2 
1 
INTERFACE 37 
20 2 
21 1 
1 
INTERFACE 38 
20 3 
22 2 
1 
INTERFACE 39 
21 2 
25 1 
-1 
INTERFACE 40 
21 3 
22 4 
-1 
INTERFACE 41 
21 4 
23 3 
1 
INTERFACE 42 
22 1 
27 2 
1 
INTERFACE 43 
22 3 
31 3 
1 
INTERFACE 44 
23 2 
24 1 
1 
INTERFACE 45 
24 2 
29 1 
1 
INTERFACE 46 
24 3 
25 3 
1 
INTERFACE 47 
25 2 
26 1 
1 
INTERFACE 48 
25 4 
27 4 
-1 
INTERFACE 49 
26 3 
29 3 
1 
INTERFACE 50 
26 4 
28 4 
1 
INTERFACE 51 
27 1 
28 1 
1 
INTERFACE 52 
27 3 
30 3 
1 
INTERFACE 53 
28 3 
32 4 
1 
INTERFACE 54 
30 1 
32 1 
-1 
INTERFACE 55 
30 2 
31 1 
1 
BOUNDARY 1 
1 
1 1 
BOUNDARY 2 
1 
1 4 
BOUNDARY 3 
1 
5 4 
BOUNDARY 4 
1 
6 4 
BOUNDARY 5 
1 
11 4 
BOUNDARY 6 
1 
12 4 
BOUNDARY 7 
1 
13 4 
BOUNDARY 8 
1 
14 3 
BOUNDARY 9 
1 
17 4 
BOUNDARY 10 
1 
18 4 
BOUNDARY 11 
1 
19 1 
BOUNDARY 12 
1 
19 4 
BOUNDARY 13 
1 
23 4 
BOUNDARY 14 
1 
24 4 
BOUNDARY 15 
1 
29 4 
BOUNDARY 16 
1 
30 4 
BOUNDARY 17 
1 
31 4 
BOUNDARY 18 
1 
32 3 
