# nurbs mesh v.2.1
#
# 14-Jul-2024
#
2 2 32 55 0 
PATCH 1 
2 1 
4 2 
0.000000000000000   0.000000000000000   0.000000000000000   0.500000000000000   1.000000000000000   1.000000000000000   1.000000000000000   
0.000000000000000   0.000000000000000   1.000000000000000   1.000000000000000   
0.050000000000000   0.049904867452294   0.049525061277599   0.049240387650610   0.050500000000000   0.050403916126817   0.050020311890375   0.049732791527117   
0.000000000000000   0.002178893568691   0.006520098010365   0.008682408883347   0.000000000000000   0.002200682504378   0.006585298990468   0.008769232972180   
1.000000000000000   0.998097349045873   0.998097349045873   1.000000000000000   1.000000000000000   0.998097349045873   0.998097349045873   1.000000000000000   
PATCH 2 
2 1 
4 2 
0.000000000000000   0.000000000000000   0.000000000000000   0.500000000000000   1.000000000000000   1.000000000000000   1.000000000000000   
0.000000000000000   0.000000000000000   1.000000000000000   1.000000000000000   
0.048327473518379   0.048206501869384   0.047964558571394   0.047843586922399   0.050000000000000   0.049904867452294   0.049525061277599   0.049240387650610   
0.003467470117956   0.004560734603210   0.006747263573717   0.007840528058970   0.000000000000000   0.002178893568691   0.006520098010365   0.008682408883347   
1.000000000000000   1.000000000000000   1.000000000000000   1.000000000000000   1.000000000000000   0.998097349045873   0.998097349045873   1.000000000000000   
PATCH 3 
2 1 
13 2 
0.000000000000000   0.000000000000000   0.000000000000000   0.125000000000000   0.125000000000000   0.250000000000000   0.250000000000000   0.500000000000000   0.500000000000000   0.625000000000000   0.625000000000000   0.750000000000000   0.750000000000000   1.000000000000000   1.000000000000000   1.000000000000000   
0.000000000000000   0.000000000000000   1.000000000000000   1.000000000000000   
0.047843586922399   0.043313209467809   0.047755095032698   0.043171617593250   0.047587162999965   0.045539709688814   0.043492256377664   0.042730087593955   0.042704279024068   0.042678470454181   0.043389022098116   0.043167175678129   0.042945329258143   0.049240387650610   0.049122375608591   0.048472496568151   0.048537337395873   0.048307486368745   0.048074179828072   0.047861300315409   0.047717107608673   0.047614395700636   0.047539492632403   0.047448806813858   0.047203247652941   0.046871238963563   
0.007840528058970   0.007183979745057   0.007985370330948   0.007277584442339   0.008010046851698   0.007393857594529   0.006777668337360   0.006655306714741   0.006654502213210   0.006653697711678   0.006774450331235   0.006826396121648   0.006878341912061   0.008682408883347   0.009214726804819   0.009640863251230   0.010205317293757   0.010708458845369   0.011763147622781   0.012824396768217   0.013345636290780   0.013879001739185   0.014421823916633   0.014961635219144   0.016023890346073   0.017059735825915   
1.000000000000000   0.905503664078591   1.000000000000000   0.905503664078591   1.000000000000000   1.000000000000000   1.000000000000000   0.983044265509551   0.983044265509551   0.983044265509551   1.000000000000000   1.000000000000000   1.000000000000000   1.000000000000000   0.999524337261468   0.999167590207569   0.998810843153671   0.998573011784405   0.998097349045873   0.998097349045873   0.998097349045873   0.998216264730506   0.998335180415139   0.998573011784404   0.999048674522936   1.000000000000000   
PATCH 4 
2 2 
13 4 
0.000000000000000   0.000000000000000   0.000000000000000   0.250000000000000   0.250000000000000   0.375000000000000   0.375000000000000   0.500000000000000   0.500000000000000   0.750000000000000   0.750000000000000   0.875000000000000   0.875000000000000   1.000000000000000   1.000000000000000   1.000000000000000   
0.000000000000000   0.000000000000000   0.000000000000000   0.500000000000000   1.000000000000000   1.000000000000000   1.000000000000000   
0.042330164023298   0.044252686326579   0.046175208629860   0.046092870753811   0.046101651048918   0.046110431344024   0.046210329810284   0.047164270327558   0.048118210844831   0.043754212820696   0.048274135570083   0.043869500957172   0.048327473518379   0.042483955332010   0.043981308664467   0.045478661996924   0.045239270678904   0.045252308042705   0.045265345406507   0.045530811452129   0.046758130167872   0.047985448883615   0.043608564013835   0.048144375435737   0.043730428084832   0.048206501869384   0.042791537949432   0.043438553340242   0.044085568731052   0.043532070529089   0.043553622030280   0.043575173531472   0.044171774735819   0.045945849848500   0.047719924961181   0.043317266400112   0.047884855167045   0.043452282340150   0.047964558571394   0.042945329258143   0.043167175678129   0.043389022098116   0.042678470454181   0.042704279024068   0.042730087593955   0.043492256377664   0.045539709688814   0.047587162999965   0.043171617593250   0.047755095032698   0.043313209467809   0.047843586922399   
0.004251137590698   0.003800975083513   0.003350812576328   0.003342189011026   0.003340940874809   0.003339692738592   0.003345820031460   0.003295784297532   0.003245748563603   0.002941324840556   0.003308198207999   0.003063476891778   0.003467470117956   0.004907938671039   0.004557330343047   0.004206722015055   0.004170066186189   0.004169331209409   0.004168596232629   0.004203782107935   0.004320302621781   0.004436823135627   0.004025389741002   0.004477491238736   0.004093602605097   0.004560734603210   0.006221540831721   0.006070040862114   0.005918540892508   0.005825820536515   0.005826111878609   0.005826403220704   0.005919706260885   0.006369339270280   0.006818972279674   0.006193519541893   0.006816077300211   0.006153854031737   0.006747263573717   0.006878341912061   0.006826396121648   0.006774450331235   0.006653697711678   0.006654502213210   0.006655306714741   0.006777668337360   0.007393857594529   0.008010046851698   0.007277584442339   0.007985370330948   0.007183979745057   0.007840528058970   
1.000000000000000   1.000000000000000   1.000000000000000   0.998029832786979   0.998029832786979   0.998029832786979   1.000000000000000   1.000000000000000   1.000000000000000   0.907563778647667   1.000000000000000   0.907563778647667   1.000000000000000   1.000000000000000   1.000000000000000   1.000000000000000   0.994283440967622   0.994283440967622   0.994283440967622   1.000000000000000   1.000000000000000   1.000000000000000   0.907048750005398   1.000000000000000   0.907048750005398   1.000000000000000   1.000000000000000   1.000000000000000   1.000000000000000   0.986790657328908   0.986790657328908   0.986790657328908   1.000000000000000   1.000000000000000   1.000000000000000   0.906018692720860   1.000000000000000   0.906018692720860   1.000000000000000   1.000000000000000   1.000000000000000   1.000000000000000   0.983044265509551   0.983044265509551   0.983044265509551   1.000000000000000   1.000000000000000   1.000000000000000   0.905503664078591   1.000000000000000   0.905503664078591   1.000000000000000   
PATCH 5 
2 1 
13 2 
0.000000000000000   0.000000000000000   0.000000000000000   0.125000000000000   0.125000000000000   0.250000000000000   0.250000000000000   0.500000000000000   0.500000000000000   0.625000000000000   0.625000000000000   0.750000000000000   0.750000000000000   1.000000000000000   1.000000000000000   1.000000000000000   
0.000000000000000   0.000000000000000   1.000000000000000   1.000000000000000   
0.049240387650610   0.049122375608591   0.048472496568151   0.048537337395873   0.048307486368745   0.048074179828072   0.047861300315409   0.047717107608673   0.047614395700636   0.047539492632403   0.047448806813858   0.047203247652941   0.046871238963563   0.049732791527117   0.049613599364677   0.049488606583825   0.049363613802972   0.049232820403708   0.048971233605179   0.048686444333000   0.048544049696911   0.048395854442409   0.048247659187908   0.048093663314994   0.047785671569166   0.047454477349688   
0.008682408883347   0.009214726804819   0.009640863251230   0.010205317293757   0.010708458845369   0.011763147622781   0.012824396768217   0.013345636290780   0.013879001739185   0.014421823916633   0.014961635219144   0.016023890346073   0.017059735825915   0.008769232972180   0.009306874072867   0.009842960902535   0.010379047732203   0.010913580290852   0.011982645408149   0.013045493441370   0.013576917457981   0.014106787203572   0.014636656949163   0.015164972423735   0.016221603372879   0.017272017237946   
1.000000000000000   0.999524337261468   0.999167590207569   0.998810843153671   0.998573011784405   0.998097349045873   0.998097349045873   0.998097349045873   0.998216264730506   0.998335180415139   0.998573011784404   0.999048674522936   1.000000000000000   1.000000000000000   0.999524337261468   0.999167590207569   0.998810843153671   0.998573011784405   0.998097349045873   0.998097349045873   0.998097349045873   0.998216264730506   0.998335180415139   0.998573011784404   0.999048674522936   1.000000000000000   
PATCH 6 
2 1 
6 2 
0.000000000000000   0.000000000000000   0.000000000000000   0.250000000000000   0.500000000000000   0.750000000000000   1.000000000000000   1.000000000000000   1.000000000000000   
0.000000000000000   0.000000000000000   1.000000000000000   1.000000000000000   
0.046871238963563   0.046563645350457   0.045687999690613   0.044607374536241   0.043702017079938   0.043299617038966   0.047454477349688   0.047032993823604   0.046146485990198   0.045216437375554   0.044242847979673   0.043734282891114   
0.017059735825915   0.018107054457268   0.020102634458422   0.021998498844004   0.023976338252713   0.024999045553255   0.017272017237946   0.018289568482936   0.020304367573183   0.022298863263696   0.024273055554476   0.025250000000000   
1.000000000000000   0.999048674522936   0.998097349045873   0.998097349045873   0.999048674522936   1.000000000000000   1.000000000000000   0.999048674522936   0.998097349045873   0.998097349045873   0.999048674522936   1.000000000000000   
PATCH 7 
2 1 
6 2 
0.000000000000000   0.000000000000000   0.000000000000000   0.250000000000000   0.500000000000000   0.750000000000000   1.000000000000000   1.000000000000000   1.000000000000000   
0.000000000000000   0.000000000000000   1.000000000000000   1.000000000000000   
0.046871238963563   0.046563645350457   0.045687999690613   0.044607374536241   0.043702017079938   0.043299617038966   0.042945329258143   0.039724089163553   0.033281608974373   0.026839128785194   0.020396648596014   0.017175408501424   
0.017059735825915   0.018107054457268   0.020102634458422   0.021998498844004   0.023976338252713   0.024999045553255   0.006878341912061   0.007632601831310   0.009141121669807   0.010649641508304   0.012158161346801   0.012912421266049   
1.000000000000000   0.999048674522936   0.998097349045873   0.998097349045873   0.999048674522936   1.000000000000000   1.000000000000000   1.000000000000000   1.000000000000000   1.000000000000000   1.000000000000000   1.000000000000000   
PATCH 8 
2 1 
13 2 
0.000000000000000   0.000000000000000   0.000000000000000   0.250000000000000   0.250000000000000   0.375000000000000   0.375000000000000   0.500000000000000   0.500000000000000   0.750000000000000   0.750000000000000   0.875000000000000   0.875000000000000   1.000000000000000   1.000000000000000   1.000000000000000   
0.000000000000000   0.000000000000000   1.000000000000000   1.000000000000000   
0.043299617038966   0.042428993429844   0.041520187557513   0.041057563746150   0.040538101161587   0.040107038918535   0.039659969977996   0.038428545267106   0.036801144633710   0.036198765113578   0.035642741236599   0.035155756640171   0.034653747919473   0.017175408501424   0.016903941641649   0.016632474781875   0.016404959025243   0.016385071717859   0.016365184410476   0.016552925552341   0.015856203572982   0.015159481593624   0.013172198583927   0.013105556661098   0.013038914738270   0.014892913902309   
0.024999045553255   0.026308277392891   0.027588365273613   0.028222784914773   0.028815956935937   0.029471453528963   0.030116408526298   0.031137162088431   0.031789713400679   0.032277420709445   0.032802444659218   0.033389154896603   0.033963380447659   0.012912421266049   0.012975985783353   0.013039550300657   0.012883108811001   0.012892790118167   0.012902471425332   0.013078275529320   0.013637172404117   0.014196069278915   0.012425596472655   0.012421949892838   0.012418303313021   0.014181482959646   
1.000000000000000   0.998022228552947   0.997033342829421   0.996538899967658   0.996291678536776   0.996044457105894   0.996044457105894   0.996044457105894   0.997033342829421   0.997527785691184   0.998269449983829   0.999011114276473   1.000000000000000   1.000000000000000   1.000000000000000   1.000000000000000   0.987615814360955   0.987615814360955   0.987615814360955   1.000000000000000   1.000000000000000   1.000000000000000   0.872342469285205   0.872342469285205   0.872342469285205   1.000000000000000   
PATCH 9 
2 2 
6 4 
0.000000000000000   0.000000000000000   0.000000000000000   0.250000000000000   0.500000000000000   0.750000000000000   1.000000000000000   1.000000000000000   1.000000000000000   
0.000000000000000   0.000000000000000   0.000000000000000   0.500000000000000   1.000000000000000   1.000000000000000   1.000000000000000   
0.016560243266579   0.019781483361169   0.026223963550349   0.032666443739528   0.039108923928708   0.042330164023298   0.016714034575290   0.019935274669880   0.026377754859060   0.032820235048240   0.039262715237420   0.042483955332010   0.017021617192713   0.020242857287303   0.026685337476482   0.033127817665662   0.039570297854842   0.042791537949432   0.017175408501424   0.020396648596014   0.026839128785194   0.033281608974373   0.039724089163553   0.042945329258143   
0.010285216944686   0.009530957025438   0.008022437186941   0.006513917348444   0.005005397509947   0.004251137590698   0.010942018025027   0.010187758105779   0.008679238267282   0.007170718428785   0.005662198590288   0.004907938671039   0.012255620185709   0.011501360266460   0.009992840427963   0.008484320589466   0.006975800750969   0.006221540831721   0.012912421266049   0.012158161346801   0.010649641508304   0.009141121669807   0.007632601831310   0.006878341912061   
1.000000000000000   1.000000000000000   1.000000000000000   1.000000000000000   1.000000000000000   1.000000000000000   1.000000000000000   1.000000000000000   1.000000000000000   1.000000000000000   1.000000000000000   1.000000000000000   1.000000000000000   1.000000000000000   1.000000000000000   1.000000000000000   1.000000000000000   1.000000000000000   1.000000000000000   1.000000000000000   1.000000000000000   1.000000000000000   1.000000000000000   1.000000000000000   
PATCH 10 
2 2 
13 4 
0.000000000000000   0.000000000000000   0.000000000000000   0.250000000000000   0.250000000000000   0.375000000000000   0.375000000000000   0.500000000000000   0.500000000000000   0.750000000000000   0.750000000000000   0.875000000000000   0.875000000000000   1.000000000000000   1.000000000000000   1.000000000000000   
0.000000000000000   0.000000000000000   0.000000000000000   0.500000000000000   1.000000000000000   1.000000000000000   1.000000000000000   
0.016560243266579   0.015725318235939   0.014890393205300   0.014743815803882   0.014726891449094   0.014709967094307   0.014822695786150   0.013912784444062   0.013002873101974   0.011702722504050   0.012917005904212   0.011687189549147   0.012974746270430   0.016714034575290   0.016019974087367   0.015325913599444   0.015159101609222   0.015141436516285   0.015123771423349   0.015255253227698   0.014398639226292   0.013542025224886   0.012070091524019   0.012964143593434   0.012025120846427   0.013454288178400   0.017021617192713   0.016609285790222   0.016196954387731   0.015989673219902   0.015970526650668   0.015951380081433   0.016120368110793   0.015370348790752   0.014620329470711   0.012804829563958   0.013058418971877   0.012700983440989   0.014413371994339   0.017175408501424   0.016903941641649   0.016632474781875   0.016404959025243   0.016385071717859   0.016365184410476   0.016552925552341   0.015856203572982   0.015159481593624   0.013172198583927   0.013105556661098   0.013038914738270   0.014892913902309   
0.010285216944686   0.010480716338614   0.010676215732542   0.010588257393055   0.010595736591173   0.010603215789291   0.010706132525015   0.011331605192424   0.011957077859834   0.010873946857461   0.012103601669626   0.011043065543003   0.012263315327767   0.010942018025027   0.011104533699799   0.011267049374571   0.011161970247541   0.011169999972921   0.011178029698301   0.011299168276091   0.011907996995348   0.012516825714604   0.011261859261259   0.012183188725429   0.011386874985507   0.012742857235737   0.012255620185709   0.012352168422168   0.012448716658628   0.012309395956514   0.012318526736418   0.012327657516322   0.012485239778244   0.013060780601194   0.013636321424144   0.012037684068857   0.012342362837035   0.012074493870517   0.013701941051676   0.012912421266049   0.012975985783353   0.013039550300657   0.012883108811001   0.012892790118167   0.012902471425332   0.013078275529320   0.013637172404117   0.014196069278915   0.012425596472655   0.012421949892838   0.012418303313021   0.014181482959646   
1.000000000000000   1.000000000000000   1.000000000000000   0.991366151930995   0.991366151930995   0.991366151930995   1.000000000000000   1.000000000000000   1.000000000000000   0.905392171632016   1.000000000000000   0.905392171632016   1.000000000000000   1.000000000000000   1.000000000000000   1.000000000000000   0.990428567538485   0.990428567538485   0.990428567538485   1.000000000000000   1.000000000000000   1.000000000000000   0.897129746045313   0.968085617321301   0.897129746045313   1.000000000000000   1.000000000000000   1.000000000000000   1.000000000000000   0.988553398753465   0.988553398753465   0.988553398753465   1.000000000000000   1.000000000000000   1.000000000000000   0.880604894871908   0.904256851963904   0.880604894871908   1.000000000000000   1.000000000000000   1.000000000000000   1.000000000000000   0.987615814360955   0.987615814360955   0.987615814360955   1.000000000000000   1.000000000000000   1.000000000000000   0.872342469285205   0.872342469285205   0.872342469285205   1.000000000000000   
PATCH 11 
2 1 
13 2 
0.000000000000000   0.000000000000000   0.000000000000000   0.250000000000000   0.250000000000000   0.375000000000000   0.375000000000000   0.500000000000000   0.500000000000000   0.750000000000000   0.750000000000000   0.875000000000000   0.875000000000000   1.000000000000000   1.000000000000000   1.000000000000000   
0.000000000000000   0.000000000000000   1.000000000000000   1.000000000000000   
0.043299617038966   0.042428993429844   0.041520187557513   0.041057563746150   0.040538101161587   0.040107038918535   0.039659969977996   0.038428545267106   0.036801144633710   0.036198765113578   0.035642741236599   0.035155756640171   0.034653747919473   0.043734282891114   0.043142506727484   0.042531053738569   0.042225327244111   0.041914681543332   0.041604035842553   0.041288470935453   0.040657341121252   0.040006534481766   0.039681131162023   0.039350808635958   0.039020486109894   0.038685244377508   
0.024999045553255   0.026308277392891   0.027588365273613   0.028222784914773   0.028815956935937   0.029471453528963   0.030116408526298   0.031137162088431   0.031789713400679   0.032277420709445   0.032802444659218   0.033389154896603   0.033963380447659   0.025250000000000   0.026178902508932   0.027094027156471   0.027551589480241   0.028005707338662   0.028459825197083   0.028910498590156   0.029811845376303   0.030699414301056   0.031143198763433   0.031583538760461   0.032023878757490   0.032460774289170   
1.000000000000000   0.998022228552947   0.997033342829421   0.996538899967658   0.996291678536776   0.996044457105894   0.996044457105894   0.996044457105894   0.997033342829421   0.997527785691184   0.998269449983829   0.999011114276473   1.000000000000000   1.000000000000000   0.999048674522937   0.998573011784405   0.998335180415139   0.998216264730506   0.998097349045873   0.998097349045873   0.998097349045873   0.998573011784405   0.998810843153671   0.999167590207569   0.999524337261468   1.000000000000000   
PATCH 12 
2 1 
6 2 
0.000000000000000   0.000000000000000   0.000000000000000   0.250000000000000   0.500000000000000   0.750000000000000   1.000000000000000   1.000000000000000   1.000000000000000   
0.000000000000000   0.000000000000000   1.000000000000000   1.000000000000000   
0.016560243266579   0.019781483361169   0.026223963550349   0.032666443739528   0.039108923928708   0.042330164023298   0.014550000000000   0.018022520502912   0.024967561508737   0.031912602514561   0.038857643520386   0.042330164023298   
0.010285216944686   0.009530957025438   0.008022437186941   0.006513917348444   0.005005397509947   0.004251137590698   0.000000000000000   0.000000000000000   0.000000000000000   0.000000000000000   0.000000000000000   0.000000000000000   
1.000000000000000   1.000000000000000   1.000000000000000   1.000000000000000   1.000000000000000   1.000000000000000   1.000000000000000   1.000000000000000   1.000000000000000   1.000000000000000   1.000000000000000   1.000000000000000   
PATCH 13 
2 1 
13 2 
0.000000000000000   0.000000000000000   0.000000000000000   0.250000000000000   0.250000000000000   0.375000000000000   0.375000000000000   0.500000000000000   0.500000000000000   0.750000000000000   0.750000000000000   0.875000000000000   0.875000000000000   1.000000000000000   1.000000000000000   1.000000000000000   
0.000000000000000   0.000000000000000   1.000000000000000   1.000000000000000   
0.042330164023298   0.044252686326579   0.046175208629860   0.046092870753811   0.046101651048918   0.046110431344024   0.046210329810284   0.047164270327558   0.048118210844831   0.043754212820696   0.048274135570083   0.043869500957172   0.048327473518379   0.042330164023298   0.043288893520386   0.044247623017474   0.044726987766018   0.045206352514561   0.045685717263105   0.046165082011649   0.047123811508737   0.048082541005825   0.048561905754368   0.049041270502912   0.049520635251456   0.050000000000000   
0.004251137590698   0.003800975083513   0.003350812576328   0.003342189011026   0.003340940874809   0.003339692738592   0.003345820031460   0.003295784297532   0.003245748563603   0.002941324840556   0.003308198207999   0.003063476891778   0.003467470117956   0.000000000000000   0.000000000000000   0.000000000000000   0.000000000000000   0.000000000000000   0.000000000000000   0.000000000000000   0.000000000000000   0.000000000000000   0.000000000000000   0.000000000000000   0.000000000000000   0.000000000000000   
1.000000000000000   1.000000000000000   1.000000000000000   0.998029832786979   0.998029832786979   0.998029832786979   1.000000000000000   1.000000000000000   1.000000000000000   0.907563778647667   1.000000000000000   0.907563778647667   1.000000000000000   1.000000000000000   1.000000000000000   1.000000000000000   1.000000000000000   1.000000000000000   1.000000000000000   1.000000000000000   1.000000000000000   1.000000000000000   1.000000000000000   1.000000000000000   1.000000000000000   1.000000000000000   
PATCH 14 
2 1 
13 2 
0.000000000000000   0.000000000000000   0.000000000000000   0.250000000000000   0.250000000000000   0.375000000000000   0.375000000000000   0.500000000000000   0.500000000000000   0.750000000000000   0.750000000000000   0.875000000000000   0.875000000000000   1.000000000000000   1.000000000000000   1.000000000000000   
0.000000000000000   0.000000000000000   1.000000000000000   1.000000000000000   
0.014550000000000   0.014280071631336   0.013885194380636   0.013687755755286   0.013459079909427   0.013230404063568   0.012970490997201   0.012450664864466   0.011805889849695   0.011483502342310   0.011129877614416   0.010776252886522   0.010391390938119   0.016560243266579   0.015725318235939   0.014890393205300   0.014743815803882   0.014726891449094   0.014709967094307   0.014822695786150   0.013912784444062   0.013002873101974   0.011702722504050   0.012917005904212   0.011687189549147   0.012974746270430   
0.000000000000000   0.001375088200016   0.002699155738232   0.003361189507340   0.004010468110997   0.004659746714655   0.005296270152862   0.006569317029277   0.007791343243891   0.008402356351198   0.009000614293055   0.009598872234912   0.010184375011319   0.010285216944686   0.010480716338614   0.010676215732542   0.010588257393055   0.010595736591173   0.010603215789291   0.010706132525015   0.011331605192424   0.011957077859834   0.010873946857461   0.012103601669626   0.011043065543003   0.012263315327767   
1.000000000000000   0.981448222084919   0.972172333127378   0.967534388648607   0.965215416409222   0.962896444169837   0.962896444169837   0.962896444169837   0.972172333127378   0.976810277606148   0.983767194324304   0.990724111042459   1.000000000000000   1.000000000000000   1.000000000000000   1.000000000000000   0.991366151930995   0.991366151930995   0.991366151930995   1.000000000000000   1.000000000000000   1.000000000000000   0.905392171632016   1.000000000000000   0.905392171632016   1.000000000000000   
PATCH 15 
2 1 
4 2 
0.000000000000000   0.000000000000000   0.000000000000000   0.500000000000000   1.000000000000000   1.000000000000000   1.000000000000000   
0.000000000000000   0.000000000000000   1.000000000000000   1.000000000000000   
0.034653747919473   0.034488951736847   0.034143698653390   0.033963380447659   0.014892913902309   0.014715056166643   0.014359340695312   0.014181482959646   
0.033963380447659   0.034143698653390   0.034488951736847   0.034653747919473   0.014181482959646   0.014359340695312   0.014715056166643   0.014892913902309   
1.000000000000000   0.999974695221816   0.999974695221816   1.000000000000000   1.000000000000000   1.000000000000000   1.000000000000000   1.000000000000000   
PATCH 16 
2 2 
4 4 
0.000000000000000   0.000000000000000   0.000000000000000   0.500000000000000   1.000000000000000   1.000000000000000   1.000000000000000   
0.000000000000000   0.000000000000000   0.000000000000000   0.500000000000000   1.000000000000000   1.000000000000000   1.000000000000000   
0.012974746270430   0.013454288178400   0.014413371994339   0.014892913902309   0.012796888534764   0.013276430442734   0.014235514258673   0.014715056166643   0.012441173063433   0.012920714971402   0.013879798787342   0.014359340695312   0.012263315327767   0.012742857235737   0.013701941051676   0.014181482959646   
0.012263315327767   0.012742857235737   0.013701941051676   0.014181482959646   0.012441173063433   0.012920714971402   0.013879798787342   0.014359340695312   0.012796888534764   0.013276430442734   0.014235514258673   0.014715056166643   0.012974746270430   0.013454288178400   0.014413371994339   0.014892913902309   
1.000000000000000   1.000000000000000   1.000000000000000   1.000000000000000   1.000000000000000   1.000000000000000   1.000000000000000   1.000000000000000   1.000000000000000   1.000000000000000   1.000000000000000   1.000000000000000   1.000000000000000   1.000000000000000   1.000000000000000   1.000000000000000   
PATCH 17 
2 1 
4 2 
0.000000000000000   0.000000000000000   0.000000000000000   0.500000000000000   1.000000000000000   1.000000000000000   1.000000000000000   
0.000000000000000   0.000000000000000   1.000000000000000   1.000000000000000   
0.012974746270430   0.012796888534764   0.012441173063433   0.012263315327767   0.010391390938119   0.010339897302192   0.010236389338792   0.010184375011319   
0.012263315327767   0.012441173063433   0.012796888534764   0.012974746270430   0.010184375011319   0.010236389338792   0.010339897302192   0.010391390938119   
1.000000000000000   1.000000000000000   1.000000000000000   1.000000000000000   1.000000000000000   0.999974695221816   0.999974695221816   1.000000000000000   
PATCH 18 
2 1 
4 2 
0.000000000000000   0.000000000000000   0.000000000000000   0.500000000000000   1.000000000000000   1.000000000000000   1.000000000000000   
0.000000000000000   0.000000000000000   1.000000000000000   1.000000000000000   
0.034653747919473   0.034488951736847   0.034143698653390   0.033963380447659   0.038685244377508   0.037197068413715   0.034084833369545   0.032460774289170   
0.033963380447659   0.034143698653390   0.034488951736847   0.034653747919473   0.032460774289170   0.034084833369545   0.037197068413715   0.038685244377508   
1.000000000000000   0.999974695221816   0.999974695221816   1.000000000000000   1.000000000000000   0.998097349045873   0.998097349045873   1.000000000000000   
PATCH 19 
2 1 
4 2 
0.000000000000000   0.000000000000000   0.000000000000000   0.500000000000000   1.000000000000000   1.000000000000000   1.000000000000000   
0.000000000000000   0.000000000000000   1.000000000000000   1.000000000000000   
0.000000000000000   0.002178893568691   0.006520098010365   0.008682408883347   0.000000000000000   0.002200682504378   0.006585298990468   0.008769232972180   
0.050000000000000   0.049904867452294   0.049525061277599   0.049240387650610   0.050500000000000   0.050403916126817   0.050020311890375   0.049732791527117   
1.000000000000000   0.998097349045873   0.998097349045873   1.000000000000000   1.000000000000000   0.998097349045873   0.998097349045873   1.000000000000000   
PATCH 20 
2 1 
4 2 
0.000000000000000   0.000000000000000   0.000000000000000   0.500000000000000   1.000000000000000   1.000000000000000   1.000000000000000   
0.000000000000000   0.000000000000000   1.000000000000000   1.000000000000000   
0.003467470117956   0.004560734603210   0.006747263573717   0.007840528058970   0.000000000000000   0.002178893568691   0.006520098010365   0.008682408883347   
0.048327473518379   0.048206501869384   0.047964558571394   0.047843586922399   0.050000000000000   0.049904867452294   0.049525061277599   0.049240387650610   
1.000000000000000   1.000000000000000   1.000000000000000   1.000000000000000   1.000000000000000   0.998097349045873   0.998097349045873   1.000000000000000   
PATCH 21 
2 1 
13 2 
0.000000000000000   0.000000000000000   0.000000000000000   0.125000000000000   0.125000000000000   0.250000000000000   0.250000000000000   0.500000000000000   0.500000000000000   0.625000000000000   0.625000000000000   0.750000000000000   0.750000000000000   1.000000000000000   1.000000000000000   1.000000000000000   
0.000000000000000   0.000000000000000   1.000000000000000   1.000000000000000   
0.007840528058970   0.007183979745057   0.007985370330948   0.007277584442339   0.008010046851698   0.007393857594529   0.006777668337360   0.006655306714741   0.006654502213210   0.006653697711678   0.006774450331235   0.006826396121648   0.006878341912061   0.008682408883347   0.009214726804819   0.009640863251230   0.010205317293757   0.010708458845369   0.011763147622781   0.012824396768217   0.013345636290780   0.013879001739185   0.014421823916633   0.014961635219144   0.016023890346073   0.017059735825915   
0.047843586922399   0.043313209467809   0.047755095032698   0.043171617593250   0.047587162999965   0.045539709688814   0.043492256377664   0.042730087593955   0.042704279024068   0.042678470454181   0.043389022098116   0.043167175678129   0.042945329258143   0.049240387650610   0.049122375608591   0.048472496568151   0.048537337395873   0.048307486368745   0.048074179828072   0.047861300315409   0.047717107608673   0.047614395700636   0.047539492632403   0.047448806813858   0.047203247652941   0.046871238963563   
1.000000000000000   0.905503664078591   1.000000000000000   0.905503664078591   1.000000000000000   1.000000000000000   1.000000000000000   0.983044265509551   0.983044265509551   0.983044265509551   1.000000000000000   1.000000000000000   1.000000000000000   1.000000000000000   0.999524337261468   0.999167590207569   0.998810843153671   0.998573011784405   0.998097349045873   0.998097349045873   0.998097349045873   0.998216264730506   0.998335180415139   0.998573011784404   0.999048674522936   1.000000000000000   
PATCH 22 
2 2 
13 4 
0.000000000000000   0.000000000000000   0.000000000000000   0.250000000000000   0.250000000000000   0.375000000000000   0.375000000000000   0.500000000000000   0.500000000000000   0.750000000000000   0.750000000000000   0.875000000000000   0.875000000000000   1.000000000000000   1.000000000000000   1.000000000000000   
0.000000000000000   0.000000000000000   0.000000000000000   0.500000000000000   1.000000000000000   1.000000000000000   1.000000000000000   
0.004251137590698   0.003800975083513   0.003350812576328   0.003342189011026   0.003340940874809   0.003339692738592   0.003345820031460   0.003295784297532   0.003245748563603   0.002941324840556   0.003308198207999   0.003063476891778   0.003467470117956   0.004907938671039   0.004557330343047   0.004206722015055   0.004170066186189   0.004169331209409   0.004168596232629   0.004203782107935   0.004320302621781   0.004436823135627   0.004025389741002   0.004477491238736   0.004093602605097   0.004560734603210   0.006221540831721   0.006070040862114   0.005918540892508   0.005825820536515   0.005826111878609   0.005826403220704   0.005919706260885   0.006369339270280   0.006818972279674   0.006193519541893   0.006816077300211   0.006153854031737   0.006747263573717   0.006878341912061   0.006826396121648   0.006774450331235   0.006653697711678   0.006654502213210   0.006655306714741   0.006777668337360   0.007393857594529   0.008010046851698   0.007277584442339   0.007985370330948   0.007183979745057   0.007840528058970   
0.042330164023298   0.044252686326579   0.046175208629860   0.046092870753811   0.046101651048918   0.046110431344024   0.046210329810284   0.047164270327558   0.048118210844831   0.043754212820696   0.048274135570083   0.043869500957172   0.048327473518379   0.042483955332010   0.043981308664467   0.045478661996924   0.045239270678904   0.045252308042705   0.045265345406507   0.045530811452129   0.046758130167872   0.047985448883615   0.043608564013835   0.048144375435737   0.043730428084832   0.048206501869384   0.042791537949432   0.043438553340242   0.044085568731052   0.043532070529089   0.043553622030280   0.043575173531472   0.044171774735819   0.045945849848500   0.047719924961181   0.043317266400112   0.047884855167045   0.043452282340150   0.047964558571394   0.042945329258143   0.043167175678129   0.043389022098116   0.042678470454181   0.042704279024068   0.042730087593955   0.043492256377664   0.045539709688814   0.047587162999965   0.043171617593250   0.047755095032698   0.043313209467809   0.047843586922399   
1.000000000000000   1.000000000000000   1.000000000000000   0.998029832786979   0.998029832786979   0.998029832786979   1.000000000000000   1.000000000000000   1.000000000000000   0.907563778647667   1.000000000000000   0.907563778647667   1.000000000000000   1.000000000000000   1.000000000000000   1.000000000000000   0.994283440967622   0.994283440967622   0.994283440967622   1.000000000000000   1.000000000000000   1.000000000000000   0.907048750005398   1.000000000000000   0.907048750005398   1.000000000000000   1.000000000000000   1.000000000000000   1.000000000000000   0.986790657328908   0.986790657328908   0.986790657328908   1.000000000000000   1.000000000000000   1.000000000000000   0.906018692720860   1.000000000000000   0.906018692720860   1.000000000000000   1.000000000000000   1.000000000000000   1.000000000000000   0.983044265509551   0.983044265509551   0.983044265509551   1.000000000000000   1.000000000000000   1.000000000000000   0.905503664078591   1.000000000000000   0.905503664078591   1.000000000000000   
PATCH 23 
2 1 
13 2 
0.000000000000000   0.000000000000000   0.000000000000000   0.125000000000000   0.125000000000000   0.250000000000000   0.250000000000000   0.500000000000000   0.500000000000000   0.625000000000000   0.625000000000000   0.750000000000000   0.750000000000000   1.000000000000000   1.000000000000000   1.000000000000000   
0.000000000000000   0.000000000000000   1.000000000000000   1.000000000000000   
0.008682408883347   0.009214726804819   0.009640863251230   0.010205317293757   0.010708458845369   0.011763147622781   0.012824396768217   0.013345636290780   0.013879001739185   0.014421823916633   0.014961635219144   0.016023890346073   0.017059735825915   0.008769232972180   0.009306874072867   0.009842960902535   0.010379047732203   0.010913580290852   0.011982645408149   0.013045493441370   0.013576917457981   0.014106787203572   0.014636656949163   0.015164972423735   0.016221603372879   0.017272017237946   
0.049240387650610   0.049122375608591   0.048472496568151   0.048537337395873   0.048307486368745   0.048074179828072   0.047861300315409   0.047717107608673   0.047614395700636   0.047539492632403   0.047448806813858   0.047203247652941   0.046871238963563   0.049732791527117   0.049613599364677   0.049488606583825   0.049363613802972   0.049232820403708   0.048971233605179   0.048686444333000   0.048544049696911   0.048395854442409   0.048247659187908   0.048093663314994   0.047785671569166   0.047454477349688   
1.000000000000000   0.999524337261468   0.999167590207569   0.998810843153671   0.998573011784405   0.998097349045873   0.998097349045873   0.998097349045873   0.998216264730506   0.998335180415139   0.998573011784404   0.999048674522936   1.000000000000000   1.000000000000000   0.999524337261468   0.999167590207569   0.998810843153671   0.998573011784405   0.998097349045873   0.998097349045873   0.998097349045873   0.998216264730506   0.998335180415139   0.998573011784404   0.999048674522936   1.000000000000000   
PATCH 24 
2 1 
6 2 
0.000000000000000   0.000000000000000   0.000000000000000   0.250000000000000   0.500000000000000   0.750000000000000   1.000000000000000   1.000000000000000   1.000000000000000   
0.000000000000000   0.000000000000000   1.000000000000000   1.000000000000000   
0.017059735825915   0.018107054457268   0.020102634458422   0.021998498844004   0.023976338252713   0.024999045553255   0.017272017237946   0.018289568482936   0.020304367573183   0.022298863263696   0.024273055554476   0.025250000000000   
0.046871238963563   0.046563645350457   0.045687999690613   0.044607374536241   0.043702017079938   0.043299617038966   0.047454477349688   0.047032993823604   0.046146485990198   0.045216437375554   0.044242847979673   0.043734282891114   
1.000000000000000   0.999048674522936   0.998097349045873   0.998097349045873   0.999048674522936   1.000000000000000   1.000000000000000   0.999048674522936   0.998097349045873   0.998097349045873   0.999048674522936   1.000000000000000   
PATCH 25 
2 1 
6 2 
0.000000000000000   0.000000000000000   0.000000000000000   0.250000000000000   0.500000000000000   0.750000000000000   1.000000000000000   1.000000000000000   1.000000000000000   
0.000000000000000   0.000000000000000   1.000000000000000   1.000000000000000   
0.017059735825915   0.018107054457268   0.020102634458422   0.021998498844004   0.023976338252713   0.024999045553255   0.006878341912061   0.007632601831310   0.009141121669807   0.010649641508304   0.012158161346801   0.012912421266049   
0.046871238963563   0.046563645350457   0.045687999690613   0.044607374536241   0.043702017079938   0.043299617038966   0.042945329258143   0.039724089163553   0.033281608974373   0.026839128785194   0.020396648596014   0.017175408501424   
1.000000000000000   0.999048674522936   0.998097349045873   0.998097349045873   0.999048674522936   1.000000000000000   1.000000000000000   1.000000000000000   1.000000000000000   1.000000000000000   1.000000000000000   1.000000000000000   
PATCH 26 
2 1 
13 2 
0.000000000000000   0.000000000000000   0.000000000000000   0.250000000000000   0.250000000000000   0.375000000000000   0.375000000000000   0.500000000000000   0.500000000000000   0.750000000000000   0.750000000000000   0.875000000000000   0.875000000000000   1.000000000000000   1.000000000000000   1.000000000000000   
0.000000000000000   0.000000000000000   1.000000000000000   1.000000000000000   
0.024999045553255   0.026308277392891   0.027588365273613   0.028222784914773   0.028815956935937   0.029471453528963   0.030116408526298   0.031137162088431   0.031789713400679   0.032277420709445   0.032802444659218   0.033389154896603   0.033963380447659   0.012912421266049   0.012975985783353   0.013039550300657   0.012883108811001   0.012892790118167   0.012902471425332   0.013078275529320   0.013637172404117   0.014196069278915   0.012425596472655   0.012421949892838   0.012418303313021   0.014181482959646   
0.043299617038966   0.042428993429844   0.041520187557513   0.041057563746150   0.040538101161587   0.040107038918535   0.039659969977996   0.038428545267106   0.036801144633710   0.036198765113578   0.035642741236599   0.035155756640171   0.034653747919473   0.017175408501424   0.016903941641649   0.016632474781875   0.016404959025243   0.016385071717859   0.016365184410476   0.016552925552341   0.015856203572982   0.015159481593624   0.013172198583927   0.013105556661098   0.013038914738270   0.014892913902309   
1.000000000000000   0.998022228552947   0.997033342829421   0.996538899967658   0.996291678536776   0.996044457105894   0.996044457105894   0.996044457105894   0.997033342829421   0.997527785691184   0.998269449983829   0.999011114276473   1.000000000000000   1.000000000000000   1.000000000000000   1.000000000000000   0.987615814360955   0.987615814360955   0.987615814360955   1.000000000000000   1.000000000000000   1.000000000000000   0.872342469285205   0.872342469285205   0.872342469285205   1.000000000000000   
PATCH 27 
2 2 
6 4 
0.000000000000000   0.000000000000000   0.000000000000000   0.250000000000000   0.500000000000000   0.750000000000000   1.000000000000000   1.000000000000000   1.000000000000000   
0.000000000000000   0.000000000000000   0.000000000000000   0.500000000000000   1.000000000000000   1.000000000000000   1.000000000000000   
0.010285216944686   0.009530957025438   0.008022437186941   0.006513917348444   0.005005397509947   0.004251137590698   0.010942018025027   0.010187758105779   0.008679238267282   0.007170718428785   0.005662198590288   0.004907938671039   0.012255620185709   0.011501360266460   0.009992840427963   0.008484320589466   0.006975800750969   0.006221540831721   0.012912421266049   0.012158161346801   0.010649641508304   0.009141121669807   0.007632601831310   0.006878341912061   
0.016560243266579   0.019781483361169   0.026223963550349   0.032666443739528   0.039108923928708   0.042330164023298   0.016714034575290   0.019935274669880   0.026377754859060   0.032820235048240   0.039262715237420   0.042483955332010   0.017021617192713   0.020242857287303   0.026685337476482   0.033127817665662   0.039570297854842   0.042791537949432   0.017175408501424   0.020396648596014   0.026839128785194   0.033281608974373   0.039724089163553   0.042945329258143   
1.000000000000000   1.000000000000000   1.000000000000000   1.000000000000000   1.000000000000000   1.000000000000000   1.000000000000000   1.000000000000000   1.000000000000000   1.000000000000000   1.000000000000000   1.000000000000000   1.000000000000000   1.000000000000000   1.000000000000000   1.000000000000000   1.000000000000000   1.000000000000000   1.000000000000000   1.000000000000000   1.000000000000000   1.000000000000000   1.000000000000000   1.000000000000000   
PATCH 28 
2 2 
13 4 
0.000000000000000   0.000000000000000   0.000000000000000   0.250000000000000   0.250000000000000   0.375000000000000   0.375000000000000   0.500000000000000   0.500000000000000   0.750000000000000   0.750000000000000   0.875000000000000   0.875000000000000   1.000000000000000   1.000000000000000   1.000000000000000   
0.000000000000000   0.000000000000000   0.000000000000000   0.500000000000000   1.000000000000000   1.000000000000000   1.000000000000000   
0.010285216944686   0.010480716338614   0.010676215732542   0.010588257393055   0.010595736591173   0.010603215789291   0.010706132525015   0.011331605192424   0.011957077859834   0.010873946857461   0.012103601669626   0.011043065543003   0.012263315327767   0.010942018025027   0.011104533699799   0.011267049374571   0.011161970247541   0.011169999972921   0.011178029698301   0.011299168276091   0.011907996995348   0.012516825714604   0.011261859261259   0.012183188725429   0.011386874985507   0.012742857235737   0.012255620185709   0.012352168422168   0.012448716658628   0.012309395956514   0.012318526736418   0.012327657516322   0.012485239778244   0.013060780601194   0.013636321424144   0.012037684068857   0.012342362837035   0.012074493870517   0.013701941051676   0.012912421266049   0.012975985783353   0.013039550300657   0.012883108811001   0.012892790118167   0.012902471425332   0.013078275529320   0.013637172404117   0.014196069278915   0.012425596472655   0.012421949892838   0.012418303313021   0.014181482959646   
0.016560243266579   0.015725318235939   0.014890393205300   0.014743815803882   0.014726891449094   0.014709967094307   0.014822695786150   0.013912784444062   0.013002873101974   0.011702722504050   0.012917005904212   0.011687189549147   0.012974746270430   0.016714034575290   0.016019974087367   0.015325913599444   0.015159101609222   0.015141436516285   0.015123771423349   0.015255253227698   0.014398639226292   0.013542025224886   0.012070091524019   0.012964143593434   0.012025120846427   0.013454288178400   0.017021617192713   0.016609285790222   0.016196954387731   0.015989673219902   0.015970526650668   0.015951380081433   0.016120368110793   0.015370348790752   0.014620329470711   0.012804829563958   0.013058418971877   0.012700983440989   0.014413371994339   0.017175408501424   0.016903941641649   0.016632474781875   0.016404959025243   0.016385071717859   0.016365184410476   0.016552925552341   0.015856203572982   0.015159481593624   0.013172198583927   0.013105556661098   0.013038914738270   0.014892913902309   
1.000000000000000   1.000000000000000   1.000000000000000   0.991366151930995   0.991366151930995   0.991366151930995   1.000000000000000   1.000000000000000   1.000000000000000   0.905392171632016   1.000000000000000   0.905392171632016   1.000000000000000   1.000000000000000   1.000000000000000   1.000000000000000   0.990428567538485   0.990428567538485   0.990428567538485   1.000000000000000   1.000000000000000   1.000000000000000   0.897129746045313   0.968085617321301   0.897129746045313   1.000000000000000   1.000000000000000   1.000000000000000   1.000000000000000   0.988553398753465   0.988553398753465   0.988553398753465   1.000000000000000   1.000000000000000   1.000000000000000   0.880604894871908   0.904256851963904   0.880604894871908   1.000000000000000   1.000000000000000   1.000000000000000   1.000000000000000   0.987615814360955   0.987615814360955   0.987615814360955   1.000000000000000   1.000000000000000   1.000000000000000   0.872342469285205   0.872342469285205   0.872342469285205   1.000000000000000   
PATCH 29 
2 1 
13 2 
0.000000000000000   0.000000000000000   0.000000000000000   0.250000000000000   0.250000000000000   0.375000000000000   0.375000000000000   0.500000000000000   0.500000000000000   0.750000000000000   0.750000000000000   0.875000000000000   0.875000000000000   1.000000000000000   1.000000000000000   1.000000000000000   
0.000000000000000   0.000000000000000   1.000000000000000   1.000000000000000   
0.024999045553255   0.026308277392891   0.027588365273613   0.028222784914773   0.028815956935937   0.029471453528963   0.030116408526298   0.031137162088431   0.031789713400679   0.032277420709445   0.032802444659218   0.033389154896603   0.033963380447659   0.025250000000000   0.026178902508932   0.027094027156471   0.027551589480241   0.028005707338662   0.028459825197083   0.028910498590156   0.029811845376303   0.030699414301056   0.031143198763433   0.031583538760461   0.032023878757490   0.032460774289170   
0.043299617038966   0.042428993429844   0.041520187557513   0.041057563746150   0.040538101161587   0.040107038918535   0.039659969977996   0.038428545267106   0.036801144633710   0.036198765113578   0.035642741236599   0.035155756640171   0.034653747919473   0.043734282891114   0.043142506727484   0.042531053738569   0.042225327244111   0.041914681543332   0.041604035842553   0.041288470935453   0.040657341121252   0.040006534481766   0.039681131162023   0.039350808635958   0.039020486109894   0.038685244377508   
1.000000000000000   0.998022228552947   0.997033342829421   0.996538899967658   0.996291678536776   0.996044457105894   0.996044457105894   0.996044457105894   0.997033342829421   0.997527785691184   0.998269449983829   0.999011114276473   1.000000000000000   1.000000000000000   0.999048674522937   0.998573011784405   0.998335180415139   0.998216264730506   0.998097349045873   0.998097349045873   0.998097349045873   0.998573011784405   0.998810843153671   0.999167590207569   0.999524337261468   1.000000000000000   
PATCH 30 
2 1 
6 2 
0.000000000000000   0.000000000000000   0.000000000000000   0.250000000000000   0.500000000000000   0.750000000000000   1.000000000000000   1.000000000000000   1.000000000000000   
0.000000000000000   0.000000000000000   1.000000000000000   1.000000000000000   
0.010285216944686   0.009530957025438   0.008022437186941   0.006513917348444   0.005005397509947   0.004251137590698   0.000000000000000   0.000000000000000   0.000000000000000   0.000000000000000   0.000000000000000   0.000000000000000   
0.016560243266579   0.019781483361169   0.026223963550349   0.032666443739528   0.039108923928708   0.042330164023298   0.014550000000000   0.018022520502912   0.024967561508737   0.031912602514561   0.038857643520386   0.042330164023298   
1.000000000000000   1.000000000000000   1.000000000000000   1.000000000000000   1.000000000000000   1.000000000000000   1.000000000000000   1.000000000000000   1.000000000000000   1.000000000000000   1.000000000000000   1.000000000000000   
PATCH 31 
2 1 
13 2 
0.000000000000000   0.000000000000000   0.000000000000000   0.250000000000000   0.250000000000000   0.375000000000000   0.375000000000000   0.500000000000000   0.500000000000000   0.750000000000000   0.750000000000000   0.875000000000000   0.875000000000000   1.000000000000000   1.000000000000000   1.000000000000000   
0.000000000000000   0.000000000000000   1.000000000000000   1.000000000000000   
0.004251137590698   0.003800975083513   0.003350812576328   0.003342189011026   0.003340940874809   0.003339692738592   0.003345820031460   0.003295784297532   0.003245748563603   0.002941324840556   0.003308198207999   0.003063476891778   0.003467470117956   0.000000000000000   0.000000000000000   0.000000000000000   0.000000000000000   0.000000000000000   0.000000000000000   0.000000000000000   0.000000000000000   0.000000000000000   0.000000000000000   0.000000000000000   0.000000000000000   0.000000000000000   
0.042330164023298   0.044252686326579   0.046175208629860   0.046092870753811   0.046101651048918   0.046110431344024   0.046210329810284   0.047164270327558   0.048118210844831   0.043754212820696   0.048274135570083   0.043869500957172   0.048327473518379   0.042330164023298   0.043288893520386   0.044247623017474   0.044726987766018   0.045206352514561   0.045685717263105   0.046165082011649   0.047123811508737   0.048082541005825   0.048561905754368   0.049041270502912   0.049520635251456   0.050000000000000   
1.000000000000000   1.000000000000000   1.000000000000000   0.998029832786979   0.998029832786979   0.998029832786979   1.000000000000000   1.000000000000000   1.000000000000000   0.907563778647667   1.000000000000000   0.907563778647667   1.000000000000000   1.000000000000000   1.000000000000000   1.000000000000000   1.000000000000000   1.000000000000000   1.000000000000000   1.000000000000000   1.000000000000000   1.000000000000000   1.000000000000000   1.000000000000000   1.000000000000000   1.000000000000000   
PATCH 32 
2 1 
13 2 
0.000000000000000   0.000000000000000   0.000000000000000   0.250000000000000   0.250000000000000   0.375000000000000   0.375000000000000   0.500000000000000   0.500000000000000   0.750000000000000   0.750000000000000   0.875000000000000   0.875000000000000   1.000000000000000   1.000000000000000   1.000000000000000   
0.000000000000000   0.000000000000000   1.000000000000000   1.000000000000000   
0.000000000000000   0.001375088200016   0.002699155738232   0.003361189507340   0.004010468110997   0.004659746714655   0.005296270152862   0.006569317029277   0.007791343243891   0.008402356351198   0.009000614293055   0.009598872234912   0.010184375011319   0.010285216944686   0.010480716338614   0.010676215732542   0.010588257393055   0.010595736591173   0.010603215789291   0.010706132525015   0.011331605192424   0.011957077859834   0.010873946857461   0.012103601669626   0.011043065543003   0.012263315327767   
0.014550000000000   0.014280071631336   0.013885194380636   0.013687755755286   0.013459079909427   0.013230404063568   0.012970490997201   0.012450664864466   0.011805889849695   0.011483502342310   0.011129877614416   0.010776252886522   0.010391390938119   0.016560243266579   0.015725318235939   0.014890393205300   0.014743815803882   0.014726891449094   0.014709967094307   0.014822695786150   0.013912784444062   0.013002873101974   0.011702722504050   0.012917005904212   0.011687189549147   0.012974746270430   
1.000000000000000   0.981448222084919   0.972172333127378   0.967534388648607   0.965215416409222   0.962896444169837   0.962896444169837   0.962896444169837   0.972172333127378   0.976810277606148   0.983767194324304   0.990724111042459   1.000000000000000   1.000000000000000   1.000000000000000   1.000000000000000   0.991366151930995   0.991366151930995   0.991366151930995   1.000000000000000   1.000000000000000   1.000000000000000   0.905392171632016   1.000000000000000   0.905392171632016   1.000000000000000   
INTERFACE 1 
1 2 
5 1 
1 
INTERFACE 2 
1 3 
2 4 
1 
INTERFACE 3 
2 1 
13 2 
1 
INTERFACE 4 
2 2 
3 1 
1 
INTERFACE 5 
2 3 
4 2 
1 
INTERFACE 6 
3 2 
7 1 
-1 
INTERFACE 7 
3 3 
4 4 
-1 
INTERFACE 8 
3 4 
5 3 
1 
INTERFACE 9 
4 1 
9 2 
1 
INTERFACE 10 
4 3 
13 3 
1 
INTERFACE 11 
5 2 
6 1 
1 
INTERFACE 12 
6 2 
11 1 
1 
INTERFACE 13 
6 3 
7 3 
1 
INTERFACE 14 
7 2 
8 1 
1 
INTERFACE 15 
7 4 
9 4 
-1 
INTERFACE 16 
8 2 
15 1 
1 
INTERFACE 17 
8 3 
11 3 
1 
INTERFACE 18 
8 4 
10 4 
1 
INTERFACE 19 
9 1 
10 1 
1 
INTERFACE 20 
9 3 
12 3 
1 
INTERFACE 21 
10 2 
16 3 
1 
INTERFACE 22 
10 3 
14 4 
1 
INTERFACE 23 
11 2 
18 1 
1 
INTERFACE 24 
12 1 
14 1 
-1 
INTERFACE 25 
12 2 
13 1 
1 
INTERFACE 26 
14 2 
17 1 
-1 
INTERFACE 27 
15 2 
26 2 
1 
INTERFACE 28 
15 3 
18 3 
1 
INTERFACE 29 
15 4 
16 2 
1 
INTERFACE 30 
16 1 
17 3 
1 
INTERFACE 31 
16 4 
28 2 
1 
INTERFACE 32 
17 2 
32 2 
-1 
INTERFACE 33 
18 2 
29 2 
1 
INTERFACE 34 
19 2 
23 1 
1 
INTERFACE 35 
19 3 
20 4 
1 
INTERFACE 36 
20 1 
31 2 
1 
INTERFACE 37 
20 2 
21 1 
1 
INTERFACE 38 
20 3 
22 2 
1 
INTERFACE 39 
21 2 
25 1 
-1 
INTERFACE 40 
21 3 
22 4 
-1 
INTERFACE 41 
21 4 
23 3 
1 
INTERFACE 42 
22 1 
27 2 
1 
INTERFACE 43 
22 3 
31 3 
1 
INTERFACE 44 
23 2 
24 1 
1 
INTERFACE 45 
24 2 
29 1 
1 
INTERFACE 46 
24 3 
25 3 
1 
INTERFACE 47 
25 2 
26 1 
1 
INTERFACE 48 
25 4 
27 4 
-1 
INTERFACE 49 
26 3 
29 3 
1 
INTERFACE 50 
26 4 
28 4 
1 
INTERFACE 51 
27 1 
28 1 
1 
INTERFACE 52 
27 3 
30 3 
1 
INTERFACE 53 
28 3 
32 4 
1 
INTERFACE 54 
30 1 
32 1 
-1 
INTERFACE 55 
30 2 
31 1 
1 
BOUNDARY 1 
1 
1 1 
BOUNDARY 2 
1 
1 4 
BOUNDARY 3 
1 
5 4 
BOUNDARY 4 
1 
6 4 
BOUNDARY 5 
1 
11 4 
BOUNDARY 6 
1 
12 4 
BOUNDARY 7 
1 
13 4 
BOUNDARY 8 
1 
14 3 
BOUNDARY 9 
1 
17 4 
BOUNDARY 10 
1 
18 4 
BOUNDARY 11 
1 
19 1 
BOUNDARY 12 
1 
19 4 
BOUNDARY 13 
1 
23 4 
BOUNDARY 14 
1 
24 4 
BOUNDARY 15 
1 
29 4 
BOUNDARY 16 
1 
30 4 
BOUNDARY 17 
1 
31 4 
BOUNDARY 18 
1 
32 3 
