# nurbs mesh v.2.1
#
# 14-Jul-2024
#
2 2 32 55 0 
PATCH 1 
2 1 
4 2 
0.000000000000000   0.000000000000000   0.000000000000000   0.500000000000000   1.000000000000000   1.000000000000000   1.000000000000000   
0.000000000000000   0.000000000000000   1.000000000000000   1.000000000000000   
0.050000000000000   0.049904867452294   0.049525061277599   0.049240387650610   0.050500000000000   0.050403916126817   0.050020311890375   0.049732791527117   
0.000000000000000   0.002178893568691   0.006520098010365   0.008682408883347   0.000000000000000   0.002200682504378   0.006585298990468   0.008769232972180   
1.000000000000000   0.998097349045873   0.998097349045873   1.000000000000000   1.000000000000000   0.998097349045873   0.998097349045873   1.000000000000000   
PATCH 2 
2 1 
4 2 
0.000000000000000   0.000000000000000   0.000000000000000   0.500000000000000   1.000000000000000   1.000000000000000   1.000000000000000   
0.000000000000000   0.000000000000000   1.000000000000000   1.000000000000000   
0.048327605162262   0.048195443787510   0.047931121038005   0.047798959663253   0.050000000000000   0.049904867452294   0.049525061277599   0.049240387650610   
0.003522812093915   0.004623272430269   0.006824193102976   0.007924653439329   0.000000000000000   0.002178893568691   0.006520098010365   0.008682408883347   
1.000000000000000   1.000000000000000   1.000000000000000   1.000000000000000   1.000000000000000   0.998097349045873   0.998097349045873   1.000000000000000   
PATCH 3 
2 1 
13 2 
0.000000000000000   0.000000000000000   0.000000000000000   0.125000000000000   0.125000000000000   0.250000000000000   0.250000000000000   0.500000000000000   0.500000000000000   0.625000000000000   0.625000000000000   0.750000000000000   0.750000000000000   1.000000000000000   1.000000000000000   1.000000000000000   
0.000000000000000   0.000000000000000   1.000000000000000   1.000000000000000   
0.047798959663253   0.043704643508723   0.047716339822162   0.043572816655495   0.047557836539097   0.046035547465547   0.044513258391997   0.043768719336104   0.043743512477724   0.043718305619344   0.044412430958477   0.044178543886760   0.043944656815044   0.049240387650610   0.049122375608591   0.048415832093392   0.048388261509782   0.048129014961950   0.047860372114715   0.047598861298943   0.047511428367498   0.047448426359355   0.047389123299884   0.047297800129366   0.047061560583358   0.046768017319148   
0.007924653439329   0.007327770301272   0.008063762078813   0.007421572926443   0.008096226843998   0.007764771544215   0.007433316244433   0.007307734037120   0.007308759107189   0.007309784177259   0.007437416524710   0.007508659772941   0.007579903021171   0.008682408883347   0.009214726804819   0.009629593056975   0.010173973037973   0.010668896577521   0.011710831562390   0.012754076445693   0.013288111422178   0.013830623748823   0.014376207105936   0.014914019544890   0.015975792425287   0.017022166219816   
1.000000000000000   0.914544792093230   1.000000000000000   0.914544792093230   1.000000000000000   1.000000000000000   1.000000000000000   0.983827539572904   0.983827539572904   0.983827539572904   1.000000000000000   1.000000000000000   1.000000000000000   1.000000000000000   0.999524337261468   0.999167590207569   0.998810843153671   0.998573011784405   0.998097349045873   0.998097349045873   0.998097349045873   0.998216264730506   0.998335180415139   0.998573011784404   0.999048674522936   1.000000000000000   
PATCH 4 
2 2 
13 4 
0.000000000000000   0.000000000000000   0.000000000000000   0.250000000000000   0.250000000000000   0.375000000000000   0.375000000000000   0.500000000000000   0.500000000000000   0.750000000000000   0.750000000000000   0.875000000000000   0.875000000000000   1.000000000000000   1.000000000000000   1.000000000000000   
0.000000000000000   0.000000000000000   0.000000000000000   0.500000000000000   1.000000000000000   1.000000000000000   1.000000000000000   
0.043023190663128   0.044850166329884   0.046677141996640   0.046570404118587   0.046580183228770   0.046589962338952   0.046716258437370   0.047413064764252   0.048109871091133   0.043477932691090   0.048272110347402   0.043598636609404   0.048327605162262   0.043253557201107   0.044682260719103   0.046110964237100   0.045857379493776   0.045871015541008   0.045884651588240   0.046165508426027   0.047068685439576   0.047971862453124   0.043501653682191   0.048133167716092   0.043625138334234   0.048195443787510   0.043714290277065   0.044346449497541   0.044978608718018   0.044431330244155   0.044452680165485   0.044474030086816   0.045064008403340   0.046379926790223   0.047695845177106   0.043549095664394   0.047855282453472   0.043678141783893   0.047931121038005   0.043944656815044   0.044178543886760   0.044412430958477   0.043718305619344   0.043743512477724   0.043768719336104   0.044513258391997   0.046035547465547   0.047557836539097   0.043572816655495   0.047716339822162   0.043704643508723   0.047798959663253   
0.004554788005909   0.003998281483414   0.003441774960920   0.003430296320725   0.003428356575926   0.003426416831127   0.003434015981724   0.003366950062405   0.003299884143086   0.002968004455423   0.003359219388765   0.003091587673371   0.003522812093915   0.005311066759724   0.004875876055796   0.004440685351867   0.004400168284858   0.004398457208742   0.004396746132625   0.004433841047401   0.004466405432857   0.004498969818314   0.004081396573178   0.004535355061277   0.004150633330346   0.004623272430269   0.006823624267355   0.006631065200559   0.006438506133763   0.006339912213125   0.006338658474373   0.006337404735621   0.006433491178755   0.006665316173763   0.006897141168770   0.006308180808688   0.006887626406301   0.006268724644297   0.006824193102976   0.007579903021171   0.007508659772941   0.007437416524710   0.007309784177259   0.007308759107189   0.007307734037120   0.007433316244433   0.007764771544215   0.008096226843998   0.007421572926443   0.008063762078813   0.007327770301272   0.007924653439329   
1.000000000000000   1.000000000000000   1.000000000000000   0.997508954546373   0.997508954546373   0.997508954546373   1.000000000000000   1.000000000000000   1.000000000000000   0.901934560907180   1.000000000000000   0.901934560907180   1.000000000000000   1.000000000000000   1.000000000000000   1.000000000000000   0.994088600803006   0.994088600803006   0.994088600803006   1.000000000000000   1.000000000000000   1.000000000000000   0.905087118703693   1.000000000000000   0.905087118703693   1.000000000000000   1.000000000000000   1.000000000000000   1.000000000000000   0.987247893316272   0.987247893316272   0.987247893316272   1.000000000000000   1.000000000000000   1.000000000000000   0.911392234296718   1.000000000000000   0.911392234296718   1.000000000000000   1.000000000000000   1.000000000000000   1.000000000000000   0.983827539572904   0.983827539572904   0.983827539572904   1.000000000000000   1.000000000000000   1.000000000000000   0.914544792093230   1.000000000000000   0.914544792093230   1.000000000000000   
PATCH 5 
2 1 
13 2 
0.000000000000000   0.000000000000000   0.000000000000000   0.125000000000000   0.125000000000000   0.250000000000000   0.250000000000000   0.500000000000000   0.500000000000000   0.625000000000000   0.625000000000000   0.750000000000000   0.750000000000000   1.000000000000000   1.000000000000000   1.000000000000000   
0.000000000000000   0.000000000000000   1.000000000000000   1.000000000000000   
0.049240387650610   0.049122375608591   0.048415832093392   0.048388261509782   0.048129014961950   0.047860372114715   0.047598861298943   0.047511428367498   0.047448426359355   0.047389123299884   0.047297800129366   0.047061560583358   0.046768017319148   0.049732791527117   0.049613599364677   0.049488606583825   0.049363613802972   0.049232820403708   0.048971233605179   0.048686444333000   0.048544049696911   0.048395854442409   0.048247659187908   0.048093663314994   0.047785671569166   0.047454477349688   
0.008682408883347   0.009214726804819   0.009629593056975   0.010173973037973   0.010668896577521   0.011710831562390   0.012754076445693   0.013288111422178   0.013830623748823   0.014376207105936   0.014914019544890   0.015975792425287   0.017022166219816   0.008769232972180   0.009306874072867   0.009842960902535   0.010379047732203   0.010913580290852   0.011982645408149   0.013045493441370   0.013576917457981   0.014106787203572   0.014636656949163   0.015164972423735   0.016221603372879   0.017272017237946   
1.000000000000000   0.999524337261468   0.999167590207569   0.998810843153671   0.998573011784405   0.998097349045873   0.998097349045873   0.998097349045873   0.998216264730506   0.998335180415139   0.998573011784404   0.999048674522936   1.000000000000000   1.000000000000000   0.999524337261468   0.999167590207569   0.998810843153671   0.998573011784405   0.998097349045873   0.998097349045873   0.998097349045873   0.998216264730506   0.998335180415139   0.998573011784404   0.999048674522936   1.000000000000000   
PATCH 6 
2 1 
6 2 
0.000000000000000   0.000000000000000   0.000000000000000   0.250000000000000   0.500000000000000   0.750000000000000   1.000000000000000   1.000000000000000   1.000000000000000   
0.000000000000000   0.000000000000000   1.000000000000000   1.000000000000000   
0.046768017319148   0.046458907264873   0.045629695712284   0.044501720168214   0.043707878960735   0.043296069576460   0.047454477349688   0.047032993823604   0.046146485990198   0.045216437375554   0.044242847979673   0.043734282891114   
0.017022166219816   0.018066325296027   0.020076980816946   0.021946394511098   0.023979554269872   0.024996997424822   0.017272017237946   0.018289568482936   0.020304367573183   0.022298863263696   0.024273055554476   0.025250000000000   
1.000000000000000   0.999048674522936   0.998097349045873   0.998097349045873   0.999048674522936   1.000000000000000   1.000000000000000   0.999048674522936   0.998097349045873   0.998097349045873   0.999048674522936   1.000000000000000   
PATCH 7 
2 1 
6 2 
0.000000000000000   0.000000000000000   0.000000000000000   0.250000000000000   0.500000000000000   0.750000000000000   1.000000000000000   1.000000000000000   1.000000000000000   
0.000000000000000   0.000000000000000   1.000000000000000   1.000000000000000   
0.046768017319148   0.046458907264873   0.045629695712284   0.044501720168214   0.043707878960735   0.043296069576460   0.043944656815044   0.040875188645558   0.034736252306586   0.028597315967615   0.022458379628643   0.019388911459158   
0.017022166219816   0.018066325296027   0.020076980816946   0.021946394511098   0.023979554269872   0.024996997424822   0.007579903021171   0.008514879380183   0.010384832098208   0.012254784816233   0.014124737534258   0.015059713893271   
1.000000000000000   0.999048674522936   0.998097349045873   0.998097349045873   0.999048674522936   1.000000000000000   1.000000000000000   1.000000000000000   1.000000000000000   1.000000000000000   1.000000000000000   1.000000000000000   
PATCH 8 
2 1 
13 2 
0.000000000000000   0.000000000000000   0.000000000000000   0.250000000000000   0.250000000000000   0.375000000000000   0.375000000000000   0.500000000000000   0.500000000000000   0.750000000000000   0.750000000000000   0.875000000000000   0.875000000000000   1.000000000000000   1.000000000000000   1.000000000000000   
0.000000000000000   0.000000000000000   1.000000000000000   1.000000000000000   
0.043296069576460   0.042425324957249   0.041517811504277   0.041038553720835   0.040529022784959   0.040028459525556   0.039628922169013   0.038299234306003   0.036766889157423   0.036244174967440   0.035700088885946   0.035222674583999   0.034721902345564   0.019388911459158   0.018886701496904   0.018384491534650   0.018224039169804   0.018208362437566   0.018192685705327   0.018321784605696   0.017766986399308   0.017212188192919   0.015037827706635   0.014972226282684   0.014906624858733   0.016949782497116   
0.024996997424822   0.026304396309434   0.027583512885099   0.028205581539729   0.028804489806917   0.029407797509766   0.030085976829861   0.031023683319629   0.031749555630538   0.032306312779081   0.032842565745258   0.033438937586255   0.034015255070058   0.015059713893271   0.015212689723623   0.015365665553976   0.015250768286618   0.015258784300559   0.015266800314500   0.015397729609740   0.015819198668305   0.016240667726870   0.014278214263102   0.014273755354100   0.014269296445097   0.016222832090859   
1.000000000000000   0.998025670790645   0.997038506185968   0.996544923883629   0.996298132732460   0.996051341581290   0.996051341581290   0.996051341581290   0.997038506185968   0.997532088488306   0.998272461941814   0.999012835395322   1.000000000000000   1.000000000000000   1.000000000000000   1.000000000000000   0.992188571251263   0.992188571251263   0.992188571251263   1.000000000000000   1.000000000000000   1.000000000000000   0.876715121349137   0.876715121349137   0.876715121349137   1.000000000000000   
PATCH 9 
2 2 
6 4 
0.000000000000000   0.000000000000000   0.000000000000000   0.250000000000000   0.500000000000000   0.750000000000000   1.000000000000000   1.000000000000000   1.000000000000000   
0.000000000000000   0.000000000000000   0.000000000000000   0.500000000000000   1.000000000000000   1.000000000000000   1.000000000000000   
0.018467445307242   0.021536913476728   0.027675849815699   0.033814786154671   0.039953722493642   0.043023190663128   0.018697811845221   0.021767280014707   0.027906216353678   0.034045152692649   0.040184089031621   0.043253557201107   0.019158544921179   0.022228013090664   0.028366949429636   0.034505885768607   0.040644822107579   0.043714290277065   0.019388911459158   0.022458379628643   0.028597315967615   0.034736252306586   0.040875188645558   0.043944656815044   
0.012034598878009   0.011099622518996   0.009229669800971   0.007359717082946   0.005489764364921   0.004554788005909   0.012790877631824   0.011855901272812   0.009985948554787   0.008115995836762   0.006246043118737   0.005311066759724   0.014303435139455   0.013368458780443   0.011498506062418   0.009628553344393   0.007758600626368   0.006823624267355   0.015059713893271   0.014124737534258   0.012254784816233   0.010384832098208   0.008514879380183   0.007579903021171   
1.000000000000000   1.000000000000000   1.000000000000000   1.000000000000000   1.000000000000000   1.000000000000000   1.000000000000000   1.000000000000000   1.000000000000000   1.000000000000000   1.000000000000000   1.000000000000000   1.000000000000000   1.000000000000000   1.000000000000000   1.000000000000000   1.000000000000000   1.000000000000000   1.000000000000000   1.000000000000000   1.000000000000000   1.000000000000000   1.000000000000000   1.000000000000000   
PATCH 10 
2 2 
13 4 
0.000000000000000   0.000000000000000   0.000000000000000   0.250000000000000   0.250000000000000   0.375000000000000   0.375000000000000   0.500000000000000   0.500000000000000   0.750000000000000   0.750000000000000   0.875000000000000   0.875000000000000   1.000000000000000   1.000000000000000   1.000000000000000   
0.000000000000000   0.000000000000000   0.000000000000000   0.500000000000000   1.000000000000000   1.000000000000000   1.000000000000000   
0.018467445307242   0.017906755987627   0.017346066668013   0.017282138880024   0.017271254188660   0.017260369497296   0.017302527902557   0.015568788447126   0.013835048991696   0.011535460242081   0.013662315339827   0.011460194756186   0.013708366280614   0.018697811845221   0.018151742364947   0.017605672884672   0.017517613952469   0.017505531250886   0.017493448549304   0.017557342078342   0.016118337935172   0.014679333792001   0.012411052108219   0.013989793075541   0.012321802281823   0.014518720334739   0.019158544921179   0.018641715119585   0.018124885317991   0.017988564097359   0.017974085375339   0.017959606653319   0.018066970429911   0.017217436911262   0.016367903392613   0.014162235840496   0.014644748546970   0.014045017333096   0.016139428442990   0.019388911459158   0.018886701496904   0.018384491534650   0.018224039169804   0.018208362437566   0.018192685705327   0.018321784605696   0.017766986399308   0.017212188192919   0.015037827706635   0.014972226282684   0.014906624858733   0.016949782497116   
0.012034598878009   0.012205387832200   0.012376176786391   0.012341349387710   0.012343383173589   0.012345416959468   0.012384311929908   0.012512425128250   0.012640538326592   0.010645889162268   0.012770322875047   0.010848413358696   0.012981415874358   0.012790877631824   0.012957213305056   0.013123548978287   0.013068704112437   0.013072233455332   0.013075762798226   0.013137666349866   0.013339118513264   0.013540570676661   0.011553970437477   0.013146180994810   0.011703634130296   0.013791769928483   0.014303435139455   0.014460864250767   0.014618293362080   0.014523413561891   0.014529934018816   0.014536454475742   0.014644375189782   0.014992505283291   0.015340635376800   0.013370132987894   0.013897897234337   0.013414075673497   0.015412478036734   0.015059713893271   0.015212689723623   0.015365665553976   0.015250768286618   0.015258784300559   0.015266800314500   0.015397729609740   0.015819198668305   0.016240667726870   0.014278214263102   0.014273755354100   0.014269296445097   0.016222832090859   
1.000000000000000   1.000000000000000   1.000000000000000   0.996925225987467   0.996925225987467   0.996925225987467   1.000000000000000   1.000000000000000   1.000000000000000   0.841572399197678   1.000000000000000   0.841572399197678   1.000000000000000   1.000000000000000   1.000000000000000   1.000000000000000   0.995741062303416   0.995741062303416   0.995741062303416   1.000000000000000   1.000000000000000   1.000000000000000   0.850358079735543   0.969178780337284   0.850358079735543   1.000000000000000   1.000000000000000   1.000000000000000   1.000000000000000   0.993372734935314   0.993372734935314   0.993372734935314   1.000000000000000   1.000000000000000   1.000000000000000   0.867929440811273   0.907536341011853   0.867929440811273   1.000000000000000   1.000000000000000   1.000000000000000   1.000000000000000   0.992188571251263   0.992188571251263   0.992188571251263   1.000000000000000   1.000000000000000   1.000000000000000   0.876715121349137   0.876715121349137   0.876715121349137   1.000000000000000   
PATCH 11 
2 1 
13 2 
0.000000000000000   0.000000000000000   0.000000000000000   0.250000000000000   0.250000000000000   0.375000000000000   0.375000000000000   0.500000000000000   0.500000000000000   0.750000000000000   0.750000000000000   0.875000000000000   0.875000000000000   1.000000000000000   1.000000000000000   1.000000000000000   
0.000000000000000   0.000000000000000   1.000000000000000   1.000000000000000   
0.043296069576460   0.042425324957249   0.041517811504277   0.041038553720835   0.040529022784959   0.040028459525556   0.039628922169013   0.038299234306003   0.036766889157423   0.036244174967440   0.035700088885946   0.035222674583999   0.034721902345564   0.043734282891114   0.043142506727484   0.042531053738569   0.042225327244111   0.041914681543332   0.041604035842553   0.041288470935453   0.040657341121252   0.040006534481766   0.039681131162023   0.039350808635958   0.039020486109894   0.038685244377508   
0.024996997424822   0.026304396309434   0.027583512885099   0.028205581539729   0.028804489806917   0.029407797509766   0.030085976829861   0.031023683319629   0.031749555630538   0.032306312779081   0.032842565745258   0.033438937586255   0.034015255070058   0.025250000000000   0.026178902508932   0.027094027156471   0.027551589480241   0.028005707338662   0.028459825197083   0.028910498590156   0.029811845376303   0.030699414301056   0.031143198763433   0.031583538760461   0.032023878757490   0.032460774289170   
1.000000000000000   0.998025670790645   0.997038506185968   0.996544923883629   0.996298132732460   0.996051341581290   0.996051341581290   0.996051341581290   0.997038506185968   0.997532088488306   0.998272461941814   0.999012835395322   1.000000000000000   1.000000000000000   0.999048674522937   0.998573011784405   0.998335180415139   0.998216264730506   0.998097349045873   0.998097349045873   0.998097349045873   0.998573011784405   0.998810843153671   0.999167590207569   0.999524337261468   1.000000000000000   
PATCH 12 
2 1 
6 2 
0.000000000000000   0.000000000000000   0.000000000000000   0.250000000000000   0.500000000000000   0.750000000000000   1.000000000000000   1.000000000000000   1.000000000000000   
0.000000000000000   0.000000000000000   1.000000000000000   1.000000000000000   
0.018467445307242   0.021536913476728   0.027675849815699   0.033814786154671   0.039953722493642   0.043023190663128   0.014550000000000   0.018109148832891   0.025227446498673   0.032345744164455   0.039464041830237   0.043023190663128   
0.012034598878009   0.011099622518996   0.009229669800971   0.007359717082946   0.005489764364921   0.004554788005909   -0.000000000000000   0.000000000000000   0.000000000000000   0.000000000000000   0.000000000000000   0.000000000000000   
1.000000000000000   1.000000000000000   1.000000000000000   1.000000000000000   1.000000000000000   1.000000000000000   1.000000000000000   1.000000000000000   1.000000000000000   1.000000000000000   1.000000000000000   1.000000000000000   
PATCH 13 
2 1 
13 2 
0.000000000000000   0.000000000000000   0.000000000000000   0.250000000000000   0.250000000000000   0.375000000000000   0.375000000000000   0.500000000000000   0.500000000000000   0.750000000000000   0.750000000000000   0.875000000000000   0.875000000000000   1.000000000000000   1.000000000000000   1.000000000000000   
0.000000000000000   0.000000000000000   1.000000000000000   1.000000000000000   
0.043023190663128   0.044850166329884   0.046677141996640   0.046570404118587   0.046580183228770   0.046589962338952   0.046716258437370   0.047413064764252   0.048109871091133   0.043477932691090   0.048272110347402   0.043598636609404   0.048327605162262   0.043023190663128   0.043895291830237   0.044767392997346   0.045203443580900   0.045639494164455   0.046075544748009   0.046511595331564   0.047383696498673   0.048255797665782   0.048691848249336   0.049127898832891   0.049563949416445   0.050000000000000   
0.004554788005909   0.003998281483414   0.003441774960920   0.003430296320725   0.003428356575926   0.003426416831127   0.003434015981724   0.003366950062405   0.003299884143086   0.002968004455423   0.003359219388765   0.003091587673371   0.003522812093915   0.000000000000000   0.000000000000000   0.000000000000000   0.000000000000000   0.000000000000000   0.000000000000000   0.000000000000000   0.000000000000000   0.000000000000000   0.000000000000000   0.000000000000000   0.000000000000000   0.000000000000000   
1.000000000000000   1.000000000000000   1.000000000000000   0.997508954546373   0.997508954546373   0.997508954546373   1.000000000000000   1.000000000000000   1.000000000000000   0.901934560907180   1.000000000000000   0.901934560907180   1.000000000000000   1.000000000000000   1.000000000000000   1.000000000000000   1.000000000000000   1.000000000000000   1.000000000000000   1.000000000000000   1.000000000000000   1.000000000000000   1.000000000000000   1.000000000000000   1.000000000000000   1.000000000000000   
PATCH 14 
2 1 
13 2 
0.000000000000000   0.000000000000000   0.000000000000000   0.250000000000000   0.250000000000000   0.375000000000000   0.375000000000000   0.500000000000000   0.500000000000000   0.750000000000000   0.750000000000000   0.875000000000000   0.875000000000000   1.000000000000000   1.000000000000000   1.000000000000000   
0.000000000000000   0.000000000000000   1.000000000000000   1.000000000000000   
0.014550000000000   0.014280222496504   0.013885560351416   0.013688229278873   0.013459677045931   0.013231124812990   0.012971351419650   0.012451804632972   0.011807373204702   0.011485157490567   0.011131720616035   0.010778283741502   0.010393625706572   0.018467445307242   0.017906755987627   0.017346066668013   0.017282138880024   0.017271254188660   0.017260369497296   0.017302527902557   0.015568788447126   0.013835048991696   0.011535460242081   0.013662315339827   0.011460194756186   0.013708366280614   
-0.000000000000000   0.001374718675418   0.002698458907913   0.003360329024161   0.004009454529678   0.004658580035194   0.005294960929981   0.006567722719553   0.007789506066202   0.008400397739527   0.008998544802121   0.009596691864715   0.010182094316578   0.012034598878009   0.012205387832200   0.012376176786391   0.012341349387710   0.012343383173589   0.012345416959468   0.012384311929908   0.012512425128250   0.012640538326592   0.010645889162268   0.012770322875047   0.010848413358696   0.012981415874358   
1.000000000000000   0.981458590824994   0.972187886237491   0.967552533943740   0.965234857796864   0.962917181649988   0.962917181649988   0.962917181649988   0.972187886237491   0.976823238531243   0.983776266971870   0.990729295412497   1.000000000000000   1.000000000000000   1.000000000000000   1.000000000000000   0.996925225987467   0.996925225987467   0.996925225987467   1.000000000000000   1.000000000000000   1.000000000000000   0.841572399197678   1.000000000000000   0.841572399197678   1.000000000000000   
PATCH 15 
2 1 
4 2 
0.000000000000000   0.000000000000000   0.000000000000000   0.500000000000000   1.000000000000000   1.000000000000000   1.000000000000000   
0.000000000000000   0.000000000000000   1.000000000000000   1.000000000000000   
0.034721902345564   0.034557543345008   0.034204103079022   0.034015255070058   0.016949782497116   0.016768044895552   0.016404569692423   0.016222832090859   
0.034015255070058   0.034204103079022   0.034557543345008   0.034721902345564   0.016222832090859   0.016404569692423   0.016768044895552   0.016949782497116   
1.000000000000000   0.999973579249658   0.999973579249658   1.000000000000000   1.000000000000000   1.000000000000000   1.000000000000000   1.000000000000000   
PATCH 16 
2 2 
4 4 
0.000000000000000   0.000000000000000   0.000000000000000   0.500000000000000   1.000000000000000   1.000000000000000   1.000000000000000   
0.000000000000000   0.000000000000000   0.000000000000000   0.500000000000000   1.000000000000000   1.000000000000000   1.000000000000000   
0.013708366280614   0.014518720334739   0.016139428442990   0.016949782497116   0.013526628679050   0.014336982733175   0.015957690841426   0.016768044895552   0.013163153475922   0.013973507530047   0.015594215638298   0.016404569692423   0.012981415874358   0.013791769928483   0.015412478036734   0.016222832090859   
0.012981415874358   0.013791769928483   0.015412478036734   0.016222832090859   0.013163153475922   0.013973507530047   0.015594215638298   0.016404569692423   0.013526628679050   0.014336982733175   0.015957690841426   0.016768044895552   0.013708366280614   0.014518720334739   0.016139428442990   0.016949782497116   
1.000000000000000   1.000000000000000   1.000000000000000   1.000000000000000   1.000000000000000   1.000000000000000   1.000000000000000   1.000000000000000   1.000000000000000   1.000000000000000   1.000000000000000   1.000000000000000   1.000000000000000   1.000000000000000   1.000000000000000   1.000000000000000   
PATCH 17 
2 1 
4 2 
0.000000000000000   0.000000000000000   0.000000000000000   0.500000000000000   1.000000000000000   1.000000000000000   1.000000000000000   
0.000000000000000   0.000000000000000   1.000000000000000   1.000000000000000   
0.013708366280614   0.013526628679050   0.013163153475922   0.012981415874358   0.010393625706572   0.010341014686418   0.010235248991421   0.010182094316578   
0.012981415874358   0.013163153475922   0.013526628679050   0.013708366280614   0.010182094316578   0.010235248991421   0.010341014686418   0.010393625706572   
1.000000000000000   1.000000000000000   1.000000000000000   1.000000000000000   1.000000000000000   0.999973579249658   0.999973579249658   1.000000000000000   
PATCH 18 
2 1 
4 2 
0.000000000000000   0.000000000000000   0.000000000000000   0.500000000000000   1.000000000000000   1.000000000000000   1.000000000000000   
0.000000000000000   0.000000000000000   1.000000000000000   1.000000000000000   
0.034721902345564   0.034557543345008   0.034204103079022   0.034015255070058   0.038685244377508   0.037197068413715   0.034084833369545   0.032460774289170   
0.034015255070058   0.034204103079022   0.034557543345008   0.034721902345564   0.032460774289170   0.034084833369545   0.037197068413715   0.038685244377508   
1.000000000000000   0.999973579249658   0.999973579249658   1.000000000000000   1.000000000000000   0.998097349045873   0.998097349045873   1.000000000000000   
PATCH 19 
2 1 
4 2 
0.000000000000000   0.000000000000000   0.000000000000000   0.500000000000000   1.000000000000000   1.000000000000000   1.000000000000000   
0.000000000000000   0.000000000000000   1.000000000000000   1.000000000000000   
0.000000000000000   0.002178893568691   0.006520098010365   0.008682408883347   0.000000000000000   0.002200682504378   0.006585298990468   0.008769232972180   
0.050000000000000   0.049904867452294   0.049525061277599   0.049240387650610   0.050500000000000   0.050403916126817   0.050020311890375   0.049732791527117   
1.000000000000000   0.998097349045873   0.998097349045873   1.000000000000000   1.000000000000000   0.998097349045873   0.998097349045873   1.000000000000000   
PATCH 20 
2 1 
4 2 
0.000000000000000   0.000000000000000   0.000000000000000   0.500000000000000   1.000000000000000   1.000000000000000   1.000000000000000   
0.000000000000000   0.000000000000000   1.000000000000000   1.000000000000000   
0.003522812093915   0.004623272430269   0.006824193102976   0.007924653439329   0.000000000000000   0.002178893568691   0.006520098010365   0.008682408883347   
0.048327605162262   0.048195443787510   0.047931121038005   0.047798959663253   0.050000000000000   0.049904867452294   0.049525061277599   0.049240387650610   
1.000000000000000   1.000000000000000   1.000000000000000   1.000000000000000   1.000000000000000   0.998097349045873   0.998097349045873   1.000000000000000   
PATCH 21 
2 1 
13 2 
0.000000000000000   0.000000000000000   0.000000000000000   0.125000000000000   0.125000000000000   0.250000000000000   0.250000000000000   0.500000000000000   0.500000000000000   0.625000000000000   0.625000000000000   0.750000000000000   0.750000000000000   1.000000000000000   1.000000000000000   1.000000000000000   
0.000000000000000   0.000000000000000   1.000000000000000   1.000000000000000   
0.007924653439329   0.007327770301272   0.008063762078813   0.007421572926443   0.008096226843998   0.007764771544215   0.007433316244433   0.007307734037120   0.007308759107189   0.007309784177259   0.007437416524710   0.007508659772941   0.007579903021171   0.008682408883347   0.009214726804819   0.009629593056975   0.010173973037973   0.010668896577521   0.011710831562390   0.012754076445693   0.013288111422178   0.013830623748823   0.014376207105936   0.014914019544890   0.015975792425287   0.017022166219816   
0.047798959663253   0.043704643508723   0.047716339822162   0.043572816655495   0.047557836539097   0.046035547465547   0.044513258391997   0.043768719336104   0.043743512477724   0.043718305619344   0.044412430958477   0.044178543886760   0.043944656815044   0.049240387650610   0.049122375608591   0.048415832093392   0.048388261509782   0.048129014961950   0.047860372114715   0.047598861298943   0.047511428367498   0.047448426359355   0.047389123299884   0.047297800129366   0.047061560583358   0.046768017319148   
1.000000000000000   0.914544792093230   1.000000000000000   0.914544792093230   1.000000000000000   1.000000000000000   1.000000000000000   0.983827539572904   0.983827539572904   0.983827539572904   1.000000000000000   1.000000000000000   1.000000000000000   1.000000000000000   0.999524337261468   0.999167590207569   0.998810843153671   0.998573011784405   0.998097349045873   0.998097349045873   0.998097349045873   0.998216264730506   0.998335180415139   0.998573011784404   0.999048674522936   1.000000000000000   
PATCH 22 
2 2 
13 4 
0.000000000000000   0.000000000000000   0.000000000000000   0.250000000000000   0.250000000000000   0.375000000000000   0.375000000000000   0.500000000000000   0.500000000000000   0.750000000000000   0.750000000000000   0.875000000000000   0.875000000000000   1.000000000000000   1.000000000000000   1.000000000000000   
0.000000000000000   0.000000000000000   0.000000000000000   0.500000000000000   1.000000000000000   1.000000000000000   1.000000000000000   
0.004554788005909   0.003998281483414   0.003441774960920   0.003430296320725   0.003428356575926   0.003426416831127   0.003434015981724   0.003366950062405   0.003299884143086   0.002968004455423   0.003359219388765   0.003091587673371   0.003522812093915   0.005311066759724   0.004875876055796   0.004440685351867   0.004400168284858   0.004398457208742   0.004396746132625   0.004433841047401   0.004466405432857   0.004498969818314   0.004081396573178   0.004535355061277   0.004150633330346   0.004623272430269   0.006823624267355   0.006631065200559   0.006438506133763   0.006339912213125   0.006338658474373   0.006337404735621   0.006433491178755   0.006665316173763   0.006897141168770   0.006308180808688   0.006887626406301   0.006268724644297   0.006824193102976   0.007579903021171   0.007508659772941   0.007437416524710   0.007309784177259   0.007308759107189   0.007307734037120   0.007433316244433   0.007764771544215   0.008096226843998   0.007421572926443   0.008063762078813   0.007327770301272   0.007924653439329   
0.043023190663128   0.044850166329884   0.046677141996640   0.046570404118587   0.046580183228770   0.046589962338952   0.046716258437370   0.047413064764252   0.048109871091133   0.043477932691090   0.048272110347402   0.043598636609404   0.048327605162262   0.043253557201107   0.044682260719103   0.046110964237100   0.045857379493776   0.045871015541008   0.045884651588240   0.046165508426027   0.047068685439576   0.047971862453124   0.043501653682191   0.048133167716092   0.043625138334234   0.048195443787510   0.043714290277065   0.044346449497541   0.044978608718018   0.044431330244155   0.044452680165485   0.044474030086816   0.045064008403340   0.046379926790223   0.047695845177106   0.043549095664394   0.047855282453472   0.043678141783893   0.047931121038005   0.043944656815044   0.044178543886760   0.044412430958477   0.043718305619344   0.043743512477724   0.043768719336104   0.044513258391997   0.046035547465547   0.047557836539097   0.043572816655495   0.047716339822162   0.043704643508723   0.047798959663253   
1.000000000000000   1.000000000000000   1.000000000000000   0.997508954546373   0.997508954546373   0.997508954546373   1.000000000000000   1.000000000000000   1.000000000000000   0.901934560907180   1.000000000000000   0.901934560907180   1.000000000000000   1.000000000000000   1.000000000000000   1.000000000000000   0.994088600803006   0.994088600803006   0.994088600803006   1.000000000000000   1.000000000000000   1.000000000000000   0.905087118703693   1.000000000000000   0.905087118703693   1.000000000000000   1.000000000000000   1.000000000000000   1.000000000000000   0.987247893316272   0.987247893316272   0.987247893316272   1.000000000000000   1.000000000000000   1.000000000000000   0.911392234296718   1.000000000000000   0.911392234296718   1.000000000000000   1.000000000000000   1.000000000000000   1.000000000000000   0.983827539572904   0.983827539572904   0.983827539572904   1.000000000000000   1.000000000000000   1.000000000000000   0.914544792093230   1.000000000000000   0.914544792093230   1.000000000000000   
PATCH 23 
2 1 
13 2 
0.000000000000000   0.000000000000000   0.000000000000000   0.125000000000000   0.125000000000000   0.250000000000000   0.250000000000000   0.500000000000000   0.500000000000000   0.625000000000000   0.625000000000000   0.750000000000000   0.750000000000000   1.000000000000000   1.000000000000000   1.000000000000000   
0.000000000000000   0.000000000000000   1.000000000000000   1.000000000000000   
0.008682408883347   0.009214726804819   0.009629593056975   0.010173973037973   0.010668896577521   0.011710831562390   0.012754076445693   0.013288111422178   0.013830623748823   0.014376207105936   0.014914019544890   0.015975792425287   0.017022166219816   0.008769232972180   0.009306874072867   0.009842960902535   0.010379047732203   0.010913580290852   0.011982645408149   0.013045493441370   0.013576917457981   0.014106787203572   0.014636656949163   0.015164972423735   0.016221603372879   0.017272017237946   
0.049240387650610   0.049122375608591   0.048415832093392   0.048388261509782   0.048129014961950   0.047860372114715   0.047598861298943   0.047511428367498   0.047448426359355   0.047389123299884   0.047297800129366   0.047061560583358   0.046768017319148   0.049732791527117   0.049613599364677   0.049488606583825   0.049363613802972   0.049232820403708   0.048971233605179   0.048686444333000   0.048544049696911   0.048395854442409   0.048247659187908   0.048093663314994   0.047785671569166   0.047454477349688   
1.000000000000000   0.999524337261468   0.999167590207569   0.998810843153671   0.998573011784405   0.998097349045873   0.998097349045873   0.998097349045873   0.998216264730506   0.998335180415139   0.998573011784404   0.999048674522936   1.000000000000000   1.000000000000000   0.999524337261468   0.999167590207569   0.998810843153671   0.998573011784405   0.998097349045873   0.998097349045873   0.998097349045873   0.998216264730506   0.998335180415139   0.998573011784404   0.999048674522936   1.000000000000000   
PATCH 24 
2 1 
6 2 
0.000000000000000   0.000000000000000   0.000000000000000   0.250000000000000   0.500000000000000   0.750000000000000   1.000000000000000   1.000000000000000   1.000000000000000   
0.000000000000000   0.000000000000000   1.000000000000000   1.000000000000000   
0.017022166219816   0.018066325296027   0.020076980816946   0.021946394511098   0.023979554269872   0.024996997424822   0.017272017237946   0.018289568482936   0.020304367573183   0.022298863263696   0.024273055554476   0.025250000000000   
0.046768017319148   0.046458907264873   0.045629695712284   0.044501720168214   0.043707878960735   0.043296069576460   0.047454477349688   0.047032993823604   0.046146485990198   0.045216437375554   0.044242847979673   0.043734282891114   
1.000000000000000   0.999048674522936   0.998097349045873   0.998097349045873   0.999048674522936   1.000000000000000   1.000000000000000   0.999048674522936   0.998097349045873   0.998097349045873   0.999048674522936   1.000000000000000   
PATCH 25 
2 1 
6 2 
0.000000000000000   0.000000000000000   0.000000000000000   0.250000000000000   0.500000000000000   0.750000000000000   1.000000000000000   1.000000000000000   1.000000000000000   
0.000000000000000   0.000000000000000   1.000000000000000   1.000000000000000   
0.017022166219816   0.018066325296027   0.020076980816946   0.021946394511098   0.023979554269872   0.024996997424822   0.007579903021171   0.008514879380183   0.010384832098208   0.012254784816233   0.014124737534258   0.015059713893271   
0.046768017319148   0.046458907264873   0.045629695712284   0.044501720168214   0.043707878960735   0.043296069576460   0.043944656815044   0.040875188645558   0.034736252306586   0.028597315967615   0.022458379628643   0.019388911459158   
1.000000000000000   0.999048674522936   0.998097349045873   0.998097349045873   0.999048674522936   1.000000000000000   1.000000000000000   1.000000000000000   1.000000000000000   1.000000000000000   1.000000000000000   1.000000000000000   
PATCH 26 
2 1 
13 2 
0.000000000000000   0.000000000000000   0.000000000000000   0.250000000000000   0.250000000000000   0.375000000000000   0.375000000000000   0.500000000000000   0.500000000000000   0.750000000000000   0.750000000000000   0.875000000000000   0.875000000000000   1.000000000000000   1.000000000000000   1.000000000000000   
0.000000000000000   0.000000000000000   1.000000000000000   1.000000000000000   
0.024996997424822   0.026304396309434   0.027583512885099   0.028205581539729   0.028804489806917   0.029407797509766   0.030085976829861   0.031023683319629   0.031749555630538   0.032306312779081   0.032842565745258   0.033438937586255   0.034015255070058   0.015059713893271   0.015212689723623   0.015365665553976   0.015250768286618   0.015258784300559   0.015266800314500   0.015397729609740   0.015819198668305   0.016240667726870   0.014278214263102   0.014273755354100   0.014269296445097   0.016222832090859   
0.043296069576460   0.042425324957249   0.041517811504277   0.041038553720835   0.040529022784959   0.040028459525556   0.039628922169013   0.038299234306003   0.036766889157423   0.036244174967440   0.035700088885946   0.035222674583999   0.034721902345564   0.019388911459158   0.018886701496904   0.018384491534650   0.018224039169804   0.018208362437566   0.018192685705327   0.018321784605696   0.017766986399308   0.017212188192919   0.015037827706635   0.014972226282684   0.014906624858733   0.016949782497116   
1.000000000000000   0.998025670790645   0.997038506185968   0.996544923883629   0.996298132732460   0.996051341581290   0.996051341581290   0.996051341581290   0.997038506185968   0.997532088488306   0.998272461941814   0.999012835395322   1.000000000000000   1.000000000000000   1.000000000000000   1.000000000000000   0.992188571251263   0.992188571251263   0.992188571251263   1.000000000000000   1.000000000000000   1.000000000000000   0.876715121349137   0.876715121349137   0.876715121349137   1.000000000000000   
PATCH 27 
2 2 
6 4 
0.000000000000000   0.000000000000000   0.000000000000000   0.250000000000000   0.500000000000000   0.750000000000000   1.000000000000000   1.000000000000000   1.000000000000000   
0.000000000000000   0.000000000000000   0.000000000000000   0.500000000000000   1.000000000000000   1.000000000000000   1.000000000000000   
0.012034598878009   0.011099622518996   0.009229669800971   0.007359717082946   0.005489764364921   0.004554788005909   0.012790877631824   0.011855901272812   0.009985948554787   0.008115995836762   0.006246043118737   0.005311066759724   0.014303435139455   0.013368458780443   0.011498506062418   0.009628553344393   0.007758600626368   0.006823624267355   0.015059713893271   0.014124737534258   0.012254784816233   0.010384832098208   0.008514879380183   0.007579903021171   
0.018467445307242   0.021536913476728   0.027675849815699   0.033814786154671   0.039953722493642   0.043023190663128   0.018697811845221   0.021767280014707   0.027906216353678   0.034045152692649   0.040184089031621   0.043253557201107   0.019158544921179   0.022228013090664   0.028366949429636   0.034505885768607   0.040644822107579   0.043714290277065   0.019388911459158   0.022458379628643   0.028597315967615   0.034736252306586   0.040875188645558   0.043944656815044   
1.000000000000000   1.000000000000000   1.000000000000000   1.000000000000000   1.000000000000000   1.000000000000000   1.000000000000000   1.000000000000000   1.000000000000000   1.000000000000000   1.000000000000000   1.000000000000000   1.000000000000000   1.000000000000000   1.000000000000000   1.000000000000000   1.000000000000000   1.000000000000000   1.000000000000000   1.000000000000000   1.000000000000000   1.000000000000000   1.000000000000000   1.000000000000000   
PATCH 28 
2 2 
13 4 
0.000000000000000   0.000000000000000   0.000000000000000   0.250000000000000   0.250000000000000   0.375000000000000   0.375000000000000   0.500000000000000   0.500000000000000   0.750000000000000   0.750000000000000   0.875000000000000   0.875000000000000   1.000000000000000   1.000000000000000   1.000000000000000   
0.000000000000000   0.000000000000000   0.000000000000000   0.500000000000000   1.000000000000000   1.000000000000000   1.000000000000000   
0.012034598878009   0.012205387832200   0.012376176786391   0.012341349387710   0.012343383173589   0.012345416959468   0.012384311929908   0.012512425128250   0.012640538326592   0.010645889162268   0.012770322875047   0.010848413358696   0.012981415874358   0.012790877631824   0.012957213305056   0.013123548978287   0.013068704112437   0.013072233455332   0.013075762798226   0.013137666349866   0.013339118513264   0.013540570676661   0.011553970437477   0.013146180994810   0.011703634130296   0.013791769928483   0.014303435139455   0.014460864250767   0.014618293362080   0.014523413561891   0.014529934018816   0.014536454475742   0.014644375189782   0.014992505283291   0.015340635376800   0.013370132987894   0.013897897234337   0.013414075673497   0.015412478036734   0.015059713893271   0.015212689723623   0.015365665553976   0.015250768286618   0.015258784300559   0.015266800314500   0.015397729609740   0.015819198668305   0.016240667726870   0.014278214263102   0.014273755354100   0.014269296445097   0.016222832090859   
0.018467445307242   0.017906755987627   0.017346066668013   0.017282138880024   0.017271254188660   0.017260369497296   0.017302527902557   0.015568788447126   0.013835048991696   0.011535460242081   0.013662315339827   0.011460194756186   0.013708366280614   0.018697811845221   0.018151742364947   0.017605672884672   0.017517613952469   0.017505531250886   0.017493448549304   0.017557342078342   0.016118337935172   0.014679333792001   0.012411052108219   0.013989793075541   0.012321802281823   0.014518720334739   0.019158544921179   0.018641715119585   0.018124885317991   0.017988564097359   0.017974085375339   0.017959606653319   0.018066970429911   0.017217436911262   0.016367903392613   0.014162235840496   0.014644748546970   0.014045017333096   0.016139428442990   0.019388911459158   0.018886701496904   0.018384491534650   0.018224039169804   0.018208362437566   0.018192685705327   0.018321784605696   0.017766986399308   0.017212188192919   0.015037827706635   0.014972226282684   0.014906624858733   0.016949782497116   
1.000000000000000   1.000000000000000   1.000000000000000   0.996925225987467   0.996925225987467   0.996925225987467   1.000000000000000   1.000000000000000   1.000000000000000   0.841572399197678   1.000000000000000   0.841572399197678   1.000000000000000   1.000000000000000   1.000000000000000   1.000000000000000   0.995741062303416   0.995741062303416   0.995741062303416   1.000000000000000   1.000000000000000   1.000000000000000   0.850358079735543   0.969178780337284   0.850358079735543   1.000000000000000   1.000000000000000   1.000000000000000   1.000000000000000   0.993372734935314   0.993372734935314   0.993372734935314   1.000000000000000   1.000000000000000   1.000000000000000   0.867929440811273   0.907536341011853   0.867929440811273   1.000000000000000   1.000000000000000   1.000000000000000   1.000000000000000   0.992188571251263   0.992188571251263   0.992188571251263   1.000000000000000   1.000000000000000   1.000000000000000   0.876715121349137   0.876715121349137   0.876715121349137   1.000000000000000   
PATCH 29 
2 1 
13 2 
0.000000000000000   0.000000000000000   0.000000000000000   0.250000000000000   0.250000000000000   0.375000000000000   0.375000000000000   0.500000000000000   0.500000000000000   0.750000000000000   0.750000000000000   0.875000000000000   0.875000000000000   1.000000000000000   1.000000000000000   1.000000000000000   
0.000000000000000   0.000000000000000   1.000000000000000   1.000000000000000   
0.024996997424822   0.026304396309434   0.027583512885099   0.028205581539729   0.028804489806917   0.029407797509766   0.030085976829861   0.031023683319629   0.031749555630538   0.032306312779081   0.032842565745258   0.033438937586255   0.034015255070058   0.025250000000000   0.026178902508932   0.027094027156471   0.027551589480241   0.028005707338662   0.028459825197083   0.028910498590156   0.029811845376303   0.030699414301056   0.031143198763433   0.031583538760461   0.032023878757490   0.032460774289170   
0.043296069576460   0.042425324957249   0.041517811504277   0.041038553720835   0.040529022784959   0.040028459525556   0.039628922169013   0.038299234306003   0.036766889157423   0.036244174967440   0.035700088885946   0.035222674583999   0.034721902345564   0.043734282891114   0.043142506727484   0.042531053738569   0.042225327244111   0.041914681543332   0.041604035842553   0.041288470935453   0.040657341121252   0.040006534481766   0.039681131162023   0.039350808635958   0.039020486109894   0.038685244377508   
1.000000000000000   0.998025670790645   0.997038506185968   0.996544923883629   0.996298132732460   0.996051341581290   0.996051341581290   0.996051341581290   0.997038506185968   0.997532088488306   0.998272461941814   0.999012835395322   1.000000000000000   1.000000000000000   0.999048674522937   0.998573011784405   0.998335180415139   0.998216264730506   0.998097349045873   0.998097349045873   0.998097349045873   0.998573011784405   0.998810843153671   0.999167590207569   0.999524337261468   1.000000000000000   
PATCH 30 
2 1 
6 2 
0.000000000000000   0.000000000000000   0.000000000000000   0.250000000000000   0.500000000000000   0.750000000000000   1.000000000000000   1.000000000000000   1.000000000000000   
0.000000000000000   0.000000000000000   1.000000000000000   1.000000000000000   
0.012034598878009   0.011099622518996   0.009229669800971   0.007359717082946   0.005489764364921   0.004554788005909   0.000000000000000   0.000000000000000   0.000000000000000   0.000000000000000   0.000000000000000   0.000000000000000   
0.018467445307242   0.021536913476728   0.027675849815699   0.033814786154671   0.039953722493642   0.043023190663128   0.014550000000000   0.018109148832891   0.025227446498673   0.032345744164455   0.039464041830237   0.043023190663128   
1.000000000000000   1.000000000000000   1.000000000000000   1.000000000000000   1.000000000000000   1.000000000000000   1.000000000000000   1.000000000000000   1.000000000000000   1.000000000000000   1.000000000000000   1.000000000000000   
PATCH 31 
2 1 
13 2 
0.000000000000000   0.000000000000000   0.000000000000000   0.250000000000000   0.250000000000000   0.375000000000000   0.375000000000000   0.500000000000000   0.500000000000000   0.750000000000000   0.750000000000000   0.875000000000000   0.875000000000000   1.000000000000000   1.000000000000000   1.000000000000000   
0.000000000000000   0.000000000000000   1.000000000000000   1.000000000000000   
0.004554788005909   0.003998281483414   0.003441774960920   0.003430296320725   0.003428356575926   0.003426416831127   0.003434015981724   0.003366950062405   0.003299884143086   0.002968004455423   0.003359219388765   0.003091587673371   0.003522812093915   0.000000000000000   0.000000000000000   0.000000000000000   0.000000000000000   0.000000000000000   0.000000000000000   0.000000000000000   0.000000000000000   0.000000000000000   0.000000000000000   0.000000000000000   0.000000000000000   0.000000000000000   
0.043023190663128   0.044850166329884   0.046677141996640   0.046570404118587   0.046580183228770   0.046589962338952   0.046716258437370   0.047413064764252   0.048109871091133   0.043477932691090   0.048272110347402   0.043598636609404   0.048327605162262   0.043023190663128   0.043895291830237   0.044767392997346   0.045203443580900   0.045639494164455   0.046075544748009   0.046511595331564   0.047383696498673   0.048255797665782   0.048691848249336   0.049127898832891   0.049563949416445   0.050000000000000   
1.000000000000000   1.000000000000000   1.000000000000000   0.997508954546373   0.997508954546373   0.997508954546373   1.000000000000000   1.000000000000000   1.000000000000000   0.901934560907180   1.000000000000000   0.901934560907180   1.000000000000000   1.000000000000000   1.000000000000000   1.000000000000000   1.000000000000000   1.000000000000000   1.000000000000000   1.000000000000000   1.000000000000000   1.000000000000000   1.000000000000000   1.000000000000000   1.000000000000000   1.000000000000000   
PATCH 32 
2 1 
13 2 
0.000000000000000   0.000000000000000   0.000000000000000   0.250000000000000   0.250000000000000   0.375000000000000   0.375000000000000   0.500000000000000   0.500000000000000   0.750000000000000   0.750000000000000   0.875000000000000   0.875000000000000   1.000000000000000   1.000000000000000   1.000000000000000   
0.000000000000000   0.000000000000000   1.000000000000000   1.000000000000000   
0.000000000000000   0.001374718675418   0.002698458907913   0.003360329024161   0.004009454529678   0.004658580035194   0.005294960929981   0.006567722719553   0.007789506066202   0.008400397739527   0.008998544802121   0.009596691864715   0.010182094316578   0.012034598878009   0.012205387832200   0.012376176786391   0.012341349387710   0.012343383173589   0.012345416959468   0.012384311929908   0.012512425128250   0.012640538326592   0.010645889162268   0.012770322875047   0.010848413358696   0.012981415874358   
0.014550000000000   0.014280222496504   0.013885560351416   0.013688229278873   0.013459677045931   0.013231124812990   0.012971351419650   0.012451804632972   0.011807373204702   0.011485157490567   0.011131720616035   0.010778283741502   0.010393625706572   0.018467445307242   0.017906755987627   0.017346066668013   0.017282138880024   0.017271254188660   0.017260369497296   0.017302527902557   0.015568788447126   0.013835048991696   0.011535460242081   0.013662315339827   0.011460194756186   0.013708366280614   
1.000000000000000   0.981458590824994   0.972187886237491   0.967552533943740   0.965234857796864   0.962917181649988   0.962917181649988   0.962917181649988   0.972187886237491   0.976823238531243   0.983776266971870   0.990729295412497   1.000000000000000   1.000000000000000   1.000000000000000   1.000000000000000   0.996925225987467   0.996925225987467   0.996925225987467   1.000000000000000   1.000000000000000   1.000000000000000   0.841572399197678   1.000000000000000   0.841572399197678   1.000000000000000   
INTERFACE 1 
1 2 
5 1 
1 
INTERFACE 2 
1 3 
2 4 
1 
INTERFACE 3 
2 1 
13 2 
1 
INTERFACE 4 
2 2 
3 1 
1 
INTERFACE 5 
2 3 
4 2 
1 
INTERFACE 6 
3 2 
7 1 
-1 
INTERFACE 7 
3 3 
4 4 
-1 
INTERFACE 8 
3 4 
5 3 
1 
INTERFACE 9 
4 1 
9 2 
1 
INTERFACE 10 
4 3 
13 3 
1 
INTERFACE 11 
5 2 
6 1 
1 
INTERFACE 12 
6 2 
11 1 
1 
INTERFACE 13 
6 3 
7 3 
1 
INTERFACE 14 
7 2 
8 1 
1 
INTERFACE 15 
7 4 
9 4 
-1 
INTERFACE 16 
8 2 
15 1 
1 
INTERFACE 17 
8 3 
11 3 
1 
INTERFACE 18 
8 4 
10 4 
1 
INTERFACE 19 
9 1 
10 1 
1 
INTERFACE 20 
9 3 
12 3 
1 
INTERFACE 21 
10 2 
16 3 
1 
INTERFACE 22 
10 3 
14 4 
1 
INTERFACE 23 
11 2 
18 1 
1 
INTERFACE 24 
12 1 
14 1 
-1 
INTERFACE 25 
12 2 
13 1 
1 
INTERFACE 26 
14 2 
17 1 
-1 
INTERFACE 27 
15 2 
26 2 
1 
INTERFACE 28 
15 3 
18 3 
1 
INTERFACE 29 
15 4 
16 2 
1 
INTERFACE 30 
16 1 
17 3 
1 
INTERFACE 31 
16 4 
28 2 
1 
INTERFACE 32 
17 2 
32 2 
-1 
INTERFACE 33 
18 2 
29 2 
1 
INTERFACE 34 
19 2 
23 1 
1 
INTERFACE 35 
19 3 
20 4 
1 
INTERFACE 36 
20 1 
31 2 
1 
INTERFACE 37 
20 2 
21 1 
1 
INTERFACE 38 
20 3 
22 2 
1 
INTERFACE 39 
21 2 
25 1 
-1 
INTERFACE 40 
21 3 
22 4 
-1 
INTERFACE 41 
21 4 
23 3 
1 
INTERFACE 42 
22 1 
27 2 
1 
INTERFACE 43 
22 3 
31 3 
1 
INTERFACE 44 
23 2 
24 1 
1 
INTERFACE 45 
24 2 
29 1 
1 
INTERFACE 46 
24 3 
25 3 
1 
INTERFACE 47 
25 2 
26 1 
1 
INTERFACE 48 
25 4 
27 4 
-1 
INTERFACE 49 
26 3 
29 3 
1 
INTERFACE 50 
26 4 
28 4 
1 
INTERFACE 51 
27 1 
28 1 
1 
INTERFACE 52 
27 3 
30 3 
1 
INTERFACE 53 
28 3 
32 4 
1 
INTERFACE 54 
30 1 
32 1 
-1 
INTERFACE 55 
30 2 
31 1 
1 
BOUNDARY 1 
1 
1 1 
BOUNDARY 2 
1 
1 4 
BOUNDARY 3 
1 
5 4 
BOUNDARY 4 
1 
6 4 
BOUNDARY 5 
1 
11 4 
BOUNDARY 6 
1 
12 4 
BOUNDARY 7 
1 
13 4 
BOUNDARY 8 
1 
14 3 
BOUNDARY 9 
1 
17 4 
BOUNDARY 10 
1 
18 4 
BOUNDARY 11 
1 
19 1 
BOUNDARY 12 
1 
19 4 
BOUNDARY 13 
1 
23 4 
BOUNDARY 14 
1 
24 4 
BOUNDARY 15 
1 
29 4 
BOUNDARY 16 
1 
30 4 
BOUNDARY 17 
1 
31 4 
BOUNDARY 18 
1 
32 3 
