# nurbs mesh v.2.1
#
# 14-Jul-2024
#
2 2 32 55 0 
PATCH 1 
2 1 
4 2 
0.000000000000000   0.000000000000000   0.000000000000000   0.500000000000000   1.000000000000000   1.000000000000000   1.000000000000000   
0.000000000000000   0.000000000000000   1.000000000000000   1.000000000000000   
0.050000000000000   0.049904867452294   0.049525061277599   0.049240387650610   0.050500000000000   0.050403916126817   0.050020311890375   0.049732791527117   
0.000000000000000   0.002178893568691   0.006520098010365   0.008682408883347   0.000000000000000   0.002200682504378   0.006585298990468   0.008769232972180   
1.000000000000000   0.998097349045873   0.998097349045873   1.000000000000000   1.000000000000000   0.998097349045873   0.998097349045873   1.000000000000000   
PATCH 2 
2 1 
4 2 
0.000000000000000   0.000000000000000   0.000000000000000   0.500000000000000   1.000000000000000   1.000000000000000   1.000000000000000   
0.000000000000000   0.000000000000000   1.000000000000000   1.000000000000000   
0.048328437035550   0.048199933695848   0.047942927016442   0.047814423676739   0.050000000000000   0.049904867452294   0.049525061277599   0.049240387650610   
0.003283795499928   0.004427991981020   0.006716384943204   0.007860581424296   0.000000000000000   0.002178893568691   0.006520098010365   0.008682408883347   
1.000000000000000   1.000000000000000   1.000000000000000   1.000000000000000   1.000000000000000   0.998097349045873   0.998097349045873   1.000000000000000   
PATCH 3 
2 1 
13 2 
0.000000000000000   0.000000000000000   0.000000000000000   0.125000000000000   0.125000000000000   0.250000000000000   0.250000000000000   0.500000000000000   0.500000000000000   0.625000000000000   0.625000000000000   0.750000000000000   0.750000000000000   1.000000000000000   1.000000000000000   1.000000000000000   
0.000000000000000   0.000000000000000   1.000000000000000   1.000000000000000   
0.047814423676739   0.043524543994958   0.047729626147749   0.043388594965850   0.047566867644730   0.045609003361508   0.043651139078285   0.042900271693924   0.042874694976430   0.042849118258936   0.043548832208309   0.043313778448940   0.043078724689571   0.049240387650610   0.049122375608591   0.048468747848739   0.048469156213712   0.048235112667745   0.048004401543126   0.047797948652178   0.047664431828165   0.047580583928113   0.047508652518665   0.047413081121188   0.047147496131481   0.046882752415060   
0.007860581424296   0.007239049313760   0.008002621562093   0.007333303667257   0.008032213644874   0.007539546222591   0.007046878800309   0.006923424130579   0.006923734741545   0.006924045352511   0.007048121244171   0.007113377886436   0.007178634528701   0.008682408883347   0.009214726804819   0.009640117655402   0.010190981719645   0.010692415559806   0.011746073753406   0.012807421741215   0.013330903800837   0.013869146029735   0.014412468101809   0.014950370135414   0.016004964608737   0.017063926379554   
1.000000000000000   0.910473703395084   1.000000000000000   0.910473703395084   1.000000000000000   1.000000000000000   1.000000000000000   0.983366709731228   0.983366709731228   0.983366709731228   1.000000000000000   1.000000000000000   1.000000000000000   1.000000000000000   0.999524337261468   0.999167590207569   0.998810843153671   0.998573011784405   0.998097349045873   0.998097349045873   0.998097349045873   0.998216264730506   0.998335180415139   0.998573011784404   0.999048674522936   1.000000000000000   
PATCH 4 
2 2 
13 4 
0.000000000000000   0.000000000000000   0.000000000000000   0.250000000000000   0.250000000000000   0.375000000000000   0.375000000000000   0.500000000000000   0.500000000000000   0.750000000000000   0.750000000000000   0.875000000000000   0.875000000000000   1.000000000000000   1.000000000000000   1.000000000000000   
0.000000000000000   0.000000000000000   0.000000000000000   0.500000000000000   1.000000000000000   1.000000000000000   1.000000000000000   
0.042271169858857   0.044115292356483   0.045959414854108   0.045867704836556   0.045876910983796   0.045886117131036   0.045996239443067   0.047054624633538   0.048113009824009   0.043584102076958   0.048273098950646   0.043703241217947   0.048328437035550   0.042473058566536   0.043914913879597   0.045356769192658   0.045113058192151   0.045126356981955   0.045139655771758   0.045409964351872   0.046693219315531   0.047976474279189   0.043535225299181   0.048137230749921   0.043658566912200   0.048199933695848   0.042876835981892   0.043514156925825   0.044151477869759   0.043603764903341   0.043625248978272   0.043646733053202   0.044237414169481   0.045970408679515   0.047703403189550   0.043437471743627   0.047865494348473   0.043569218300705   0.047942927016442   0.043078724689571   0.043313778448940   0.043548832208309   0.042849118258936   0.042874694976430   0.042900271693924   0.043651139078285   0.045609003361508   0.047566867644730   0.043388594965850   0.047729626147749   0.043524543994958   0.047814423676739   
0.004269830271124   0.003757856999803   0.003245883728482   0.003236268403878   0.003234620329353   0.003232972254827   0.003239291430379   0.003150730998661   0.003062170566944   0.002761379712017   0.003122072189330   0.002883946420042   0.003283795499928   0.004997031335519   0.004596737221461   0.004196443107404   0.004158212641036   0.004156898932401   0.004155585223765   0.004191188272861   0.004247934804644   0.004304681336426   0.003904360700827   0.004342209532521   0.003972722143472   0.004427991981020   0.006451433464307   0.006274497664778   0.006097561865249   0.006002101115353   0.006001456138497   0.006000811161641   0.006094981957826   0.006442342416609   0.006789702875391   0.006190322678447   0.006782484218903   0.006150273590331   0.006716384943204   0.007178634528701   0.007113377886436   0.007048121244171   0.006924045352511   0.006923734741545   0.006923424130579   0.007046878800309   0.007539546222591   0.008032213644874   0.007333303667257   0.008002621562093   0.007239049313760   0.007860581424296   
1.000000000000000   1.000000000000000   1.000000000000000   0.997808464757151   0.997808464757151   0.997808464757151   1.000000000000000   1.000000000000000   1.000000000000000   0.904099231169595   1.000000000000000   0.904099231169595   1.000000000000000   1.000000000000000   1.000000000000000   1.000000000000000   0.994198026000670   0.994198026000670   0.994198026000670   1.000000000000000   1.000000000000000   1.000000000000000   0.905692849225967   1.000000000000000   0.905692849225967   1.000000000000000   1.000000000000000   1.000000000000000   1.000000000000000   0.986977148487709   0.986977148487709   0.986977148487709   1.000000000000000   1.000000000000000   1.000000000000000   0.908880085338712   1.000000000000000   0.908880085338712   1.000000000000000   1.000000000000000   1.000000000000000   1.000000000000000   0.983366709731228   0.983366709731228   0.983366709731228   1.000000000000000   1.000000000000000   1.000000000000000   0.910473703395084   1.000000000000000   0.910473703395084   1.000000000000000   
PATCH 5 
2 1 
13 2 
0.000000000000000   0.000000000000000   0.000000000000000   0.125000000000000   0.125000000000000   0.250000000000000   0.250000000000000   0.500000000000000   0.500000000000000   0.625000000000000   0.625000000000000   0.750000000000000   0.750000000000000   1.000000000000000   1.000000000000000   1.000000000000000   
0.000000000000000   0.000000000000000   1.000000000000000   1.000000000000000   
0.049240387650610   0.049122375608591   0.048468747848739   0.048469156213712   0.048235112667745   0.048004401543126   0.047797948652178   0.047664431828165   0.047580583928113   0.047508652518665   0.047413081121188   0.047147496131481   0.046882752415060   0.049732791527117   0.049613599364677   0.049488606583825   0.049363613802972   0.049232820403708   0.048971233605179   0.048686444333000   0.048544049696911   0.048395854442409   0.048247659187908   0.048093663314994   0.047785671569166   0.047454477349688   
0.008682408883347   0.009214726804819   0.009640117655402   0.010190981719645   0.010692415559806   0.011746073753406   0.012807421741215   0.013330903800837   0.013869146029735   0.014412468101809   0.014950370135414   0.016004964608737   0.017063926379554   0.008769232972180   0.009306874072867   0.009842960902535   0.010379047732203   0.010913580290852   0.011982645408149   0.013045493441370   0.013576917457981   0.014106787203572   0.014636656949163   0.015164972423735   0.016221603372879   0.017272017237946   
1.000000000000000   0.999524337261468   0.999167590207569   0.998810843153671   0.998573011784405   0.998097349045873   0.998097349045873   0.998097349045873   0.998216264730506   0.998335180415139   0.998573011784404   0.999048674522936   1.000000000000000   1.000000000000000   0.999524337261468   0.999167590207569   0.998810843153671   0.998573011784405   0.998097349045873   0.998097349045873   0.998097349045873   0.998216264730506   0.998335180415139   0.998573011784404   0.999048674522936   1.000000000000000   
PATCH 6 
2 1 
6 2 
0.000000000000000   0.000000000000000   0.000000000000000   0.250000000000000   0.500000000000000   0.750000000000000   1.000000000000000   1.000000000000000   1.000000000000000   
0.000000000000000   0.000000000000000   1.000000000000000   1.000000000000000   
0.046882752415060   0.046545040186940   0.045676556393496   0.044608046453396   0.043709285575503   0.043294651556749   0.047454477349688   0.047032993823604   0.046146485990198   0.045216437375554   0.044242847979673   0.043734282891114   
0.017063926379554   0.018099819527389   0.020097599429082   0.021998830205554   0.023980325984170   0.024996178730760   0.017272017237946   0.018289568482936   0.020304367573183   0.022298863263696   0.024273055554476   0.025250000000000   
1.000000000000000   0.999048674522936   0.998097349045873   0.998097349045873   0.999048674522936   1.000000000000000   1.000000000000000   0.999048674522936   0.998097349045873   0.998097349045873   0.999048674522936   1.000000000000000   
PATCH 7 
2 1 
6 2 
0.000000000000000   0.000000000000000   0.000000000000000   0.250000000000000   0.500000000000000   0.750000000000000   1.000000000000000   1.000000000000000   1.000000000000000   
0.000000000000000   0.000000000000000   1.000000000000000   1.000000000000000   
0.046882752415060   0.046545040186940   0.045676556393496   0.044608046453396   0.043709285575503   0.043294651556749   0.043078724689571   0.039989981130309   0.033812494011787   0.027635006893264   0.021457519774741   0.018368776215480   
0.017063926379554   0.018099819527389   0.020097599429082   0.021998830205554   0.023980325984170   0.024996178730760   0.007178634528701   0.008036144887337   0.009751165604609   0.011466186321881   0.013181207039153   0.014038717397789   
1.000000000000000   0.999048674522936   0.998097349045873   0.998097349045873   0.999048674522936   1.000000000000000   1.000000000000000   1.000000000000000   1.000000000000000   1.000000000000000   1.000000000000000   1.000000000000000   
PATCH 8 
2 1 
13 2 
0.000000000000000   0.000000000000000   0.000000000000000   0.250000000000000   0.250000000000000   0.375000000000000   0.375000000000000   0.500000000000000   0.500000000000000   0.750000000000000   0.750000000000000   0.875000000000000   0.875000000000000   1.000000000000000   1.000000000000000   1.000000000000000   
0.000000000000000   0.000000000000000   1.000000000000000   1.000000000000000   
0.043294651556749   0.042423374059498   0.041516805099441   0.041018693972653   0.040482428003115   0.040055262190518   0.039650651712592   0.038356032671774   0.036853286596373   0.036273314638260   0.035701197960362   0.035217474157473   0.034712622343496   0.018368776215480   0.017934701954557   0.017500627693635   0.017327928460626   0.017311148308453   0.017294368156281   0.017433507084944   0.016821209208201   0.016208911331458   0.014164271928252   0.014098761107212   0.014033250286171   0.015946868047296   
0.024996178730760   0.026303270064977   0.027583014095310   0.028192146431816   0.028771633826155   0.029427795223450   0.030102829409399   0.031070140957211   0.031824702854976   0.032332877530882   0.032844229719951   0.033434700974505   0.034006922705011   0.014038717397789   0.014159226973290   0.014279736548791   0.014158545690577   0.014166840577057   0.014175135463537   0.014312916094711   0.014775874672420   0.015238833250129   0.013405411826633   0.013400884250723   0.013396356674812   0.015220722946488   
1.000000000000000   0.998025492246661   0.997038238369992   0.996544611431657   0.996297797962490   0.996050984493323   0.996050984493323   0.996050984493323   0.997038238369992   0.997531865308326   0.998272305715828   0.999012746123331   1.000000000000000   1.000000000000000   1.000000000000000   1.000000000000000   0.991162431160741   0.991162431160741   0.991162431160741   1.000000000000000   1.000000000000000   1.000000000000000   0.877088629600751   0.877088629600751   0.877088629600751   1.000000000000000   
PATCH 9 
2 2 
6 4 
0.000000000000000   0.000000000000000   0.000000000000000   0.250000000000000   0.500000000000000   0.750000000000000   1.000000000000000   1.000000000000000   1.000000000000000   
0.000000000000000   0.000000000000000   0.000000000000000   0.500000000000000   1.000000000000000   1.000000000000000   1.000000000000000   
0.017561221384767   0.020649964944028   0.026827452062551   0.033004939181073   0.039182426299596   0.042271169858857   0.017763110092445   0.020851853651706   0.027029340770229   0.033206827888752   0.039384315007274   0.042473058566536   0.018166887507802   0.021255631067063   0.027433118185586   0.033610605304108   0.039788092422631   0.042876835981892   0.018368776215480   0.021457519774741   0.027635006893264   0.033812494011787   0.039989981130309   0.043078724689571   
0.011129913140212   0.010272402781576   0.008557382064304   0.006842361347032   0.005127340629760   0.004269830271124   0.011857114204606   0.010999603845970   0.009284583128698   0.007569562411426   0.005854541694155   0.004997031335519   0.013311516333395   0.012454005974759   0.010738985257487   0.009023964540215   0.007308943822943   0.006451433464307   0.014038717397789   0.013181207039153   0.011466186321881   0.009751165604609   0.008036144887337   0.007178634528701   
1.000000000000000   1.000000000000000   1.000000000000000   1.000000000000000   1.000000000000000   1.000000000000000   1.000000000000000   1.000000000000000   1.000000000000000   1.000000000000000   1.000000000000000   1.000000000000000   1.000000000000000   1.000000000000000   1.000000000000000   1.000000000000000   1.000000000000000   1.000000000000000   1.000000000000000   1.000000000000000   1.000000000000000   1.000000000000000   1.000000000000000   1.000000000000000   
PATCH 10 
2 2 
13 4 
0.000000000000000   0.000000000000000   0.000000000000000   0.250000000000000   0.250000000000000   0.375000000000000   0.375000000000000   0.500000000000000   0.500000000000000   0.750000000000000   0.750000000000000   0.875000000000000   0.875000000000000   1.000000000000000   1.000000000000000   1.000000000000000   
0.000000000000000   0.000000000000000   0.000000000000000   0.500000000000000   1.000000000000000   1.000000000000000   1.000000000000000   
0.017561221384767   0.017026765100457   0.016492308816148   0.016492159555567   0.016492019004002   0.016491878452437   0.016491746609887   0.014955438140711   0.013419129671535   0.011535328225519   0.013278726924357   0.011484287776110   0.013330647428271   0.017763110092445   0.017253749313982   0.016744388535520   0.016701101781832   0.016696801330115   0.016692500878398   0.016727186728651   0.015421880907584   0.014116575086516   0.012192564151202   0.013483735470070   0.012121528403625   0.013984702583027   0.018166887507802   0.017707717741032   0.017248547974263   0.017118986234361   0.017106365982340   0.017093745730320   0.017198066966180   0.016354766441329   0.015511465916477   0.013507036002569   0.013893752561498   0.013396009658656   0.015292812892540   0.018368776215480   0.017934701954557   0.017500627693635   0.017327928460626   0.017311148308453   0.017294368156281   0.017433507084944   0.016821209208201   0.016208911331458   0.014164271928252   0.014098761107212   0.014033250286171   0.015946868047296   
0.011129913140212   0.011278291207617   0.011426669275022   0.011426702206481   0.011426741006372   0.011426779806263   0.011426824474587   0.011848519520225   0.012270214565863   0.010662043846370   0.012411905536561   0.010854875729409   0.012604502327463   0.011857114204606   0.011998525149035   0.012139936093464   0.012109663077505   0.012111765899043   0.012113868720582   0.012148347379618   0.012580358308274   0.013012369236929   0.011347885841436   0.012659150215101   0.011490245965760   0.013258557482219   0.013311516333395   0.013438993031872   0.013566469730349   0.013475584819553   0.013481815684386   0.013488046549218   0.013591393189680   0.014044035884371   0.014496678579063   0.012719569831567   0.013153639572182   0.012760986438461   0.014566667791732   0.014038717397789   0.014159226973290   0.014279736548791   0.014158545690577   0.014166840577057   0.014175135463537   0.014312916094711   0.014775874672420   0.015238833250129   0.013405411826633   0.013400884250723   0.013396356674812   0.015220722946488   
1.000000000000000   1.000000000000000   1.000000000000000   0.999999468495366   0.999999468495366   0.999999468495366   1.000000000000000   1.000000000000000   1.000000000000000   0.866785503337844   1.000000000000000   0.866785503337844   1.000000000000000   1.000000000000000   1.000000000000000   1.000000000000000   0.997790209161710   0.997790209161710   0.997790209161710   1.000000000000000   1.000000000000000   1.000000000000000   0.869361284903570   0.969272157400188   0.869361284903570   1.000000000000000   1.000000000000000   1.000000000000000   1.000000000000000   0.993371690494397   0.993371690494397   0.993371690494397   1.000000000000000   1.000000000000000   1.000000000000000   0.874512848035024   0.907816472200563   0.874512848035024   1.000000000000000   1.000000000000000   1.000000000000000   1.000000000000000   0.991162431160741   0.991162431160741   0.991162431160741   1.000000000000000   1.000000000000000   1.000000000000000   0.877088629600751   0.877088629600751   0.877088629600751   1.000000000000000   
PATCH 11 
2 1 
13 2 
0.000000000000000   0.000000000000000   0.000000000000000   0.250000000000000   0.250000000000000   0.375000000000000   0.375000000000000   0.500000000000000   0.500000000000000   0.750000000000000   0.750000000000000   0.875000000000000   0.875000000000000   1.000000000000000   1.000000000000000   1.000000000000000   
0.000000000000000   0.000000000000000   1.000000000000000   1.000000000000000   
0.043294651556749   0.042423374059498   0.041516805099441   0.041018693972653   0.040482428003115   0.040055262190518   0.039650651712592   0.038356032671774   0.036853286596373   0.036273314638260   0.035701197960362   0.035217474157473   0.034712622343496   0.043734282891114   0.043142506727484   0.042531053738569   0.042225327244111   0.041914681543332   0.041604035842553   0.041288470935453   0.040657341121252   0.040006534481766   0.039681131162023   0.039350808635958   0.039020486109894   0.038685244377508   
0.024996178730760   0.026303270064977   0.027583014095310   0.028192146431816   0.028771633826155   0.029427795223450   0.030102829409399   0.031070140957211   0.031824702854976   0.032332877530882   0.032844229719951   0.033434700974505   0.034006922705011   0.025250000000000   0.026178902508932   0.027094027156471   0.027551589480241   0.028005707338662   0.028459825197083   0.028910498590156   0.029811845376303   0.030699414301056   0.031143198763433   0.031583538760461   0.032023878757490   0.032460774289170   
1.000000000000000   0.998025492246661   0.997038238369992   0.996544611431657   0.996297797962490   0.996050984493323   0.996050984493323   0.996050984493323   0.997038238369992   0.997531865308326   0.998272305715828   0.999012746123331   1.000000000000000   1.000000000000000   0.999048674522937   0.998573011784405   0.998335180415139   0.998216264730506   0.998097349045873   0.998097349045873   0.998097349045873   0.998573011784405   0.998810843153671   0.999167590207569   0.999524337261468   1.000000000000000   
PATCH 12 
2 1 
6 2 
0.000000000000000   0.000000000000000   0.000000000000000   0.250000000000000   0.500000000000000   0.750000000000000   1.000000000000000   1.000000000000000   1.000000000000000   
0.000000000000000   0.000000000000000   1.000000000000000   1.000000000000000   
0.017561221384767   0.020649964944028   0.026827452062551   0.033004939181073   0.039182426299596   0.042271169858857   0.014550000000000   0.018015146232357   0.024945438697071   0.031875731161786   0.038806023626500   0.042271169858857   
0.011129913140212   0.010272402781576   0.008557382064304   0.006842361347032   0.005127340629760   0.004269830271124   0.000000000000000   0.000000000000000   0.000000000000000   0.000000000000000   0.000000000000000   0.000000000000000   
1.000000000000000   1.000000000000000   1.000000000000000   1.000000000000000   1.000000000000000   1.000000000000000   1.000000000000000   1.000000000000000   1.000000000000000   1.000000000000000   1.000000000000000   1.000000000000000   
PATCH 13 
2 1 
13 2 
0.000000000000000   0.000000000000000   0.000000000000000   0.250000000000000   0.250000000000000   0.375000000000000   0.375000000000000   0.500000000000000   0.500000000000000   0.750000000000000   0.750000000000000   0.875000000000000   0.875000000000000   1.000000000000000   1.000000000000000   1.000000000000000   
0.000000000000000   0.000000000000000   1.000000000000000   1.000000000000000   
0.042271169858857   0.044115292356483   0.045959414854108   0.045867704836556   0.045876910983796   0.045886117131036   0.045996239443067   0.047054624633538   0.048113009824009   0.043584102076958   0.048273098950646   0.043703241217947   0.048328437035550   0.042271169858857   0.043237273626500   0.044203377394143   0.044686429277964   0.045169481161786   0.045652533045607   0.046135584929429   0.047101688697071   0.048067792464714   0.048550844348536   0.049033896232357   0.049516948116179   0.050000000000000   
0.004269830271124   0.003757856999803   0.003245883728482   0.003236268403878   0.003234620329353   0.003232972254827   0.003239291430379   0.003150730998661   0.003062170566944   0.002761379712017   0.003122072189330   0.002883946420042   0.003283795499928   0.000000000000000   0.000000000000000   0.000000000000000   0.000000000000000   0.000000000000000   0.000000000000000   0.000000000000000   0.000000000000000   0.000000000000000   0.000000000000000   0.000000000000000   0.000000000000000   0.000000000000000   
1.000000000000000   1.000000000000000   1.000000000000000   0.997808464757151   0.997808464757151   0.997808464757151   1.000000000000000   1.000000000000000   1.000000000000000   0.904099231169595   1.000000000000000   0.904099231169595   1.000000000000000   1.000000000000000   1.000000000000000   1.000000000000000   1.000000000000000   1.000000000000000   1.000000000000000   1.000000000000000   1.000000000000000   1.000000000000000   1.000000000000000   1.000000000000000   1.000000000000000   1.000000000000000   
PATCH 14 
2 1 
13 2 
0.000000000000000   0.000000000000000   0.000000000000000   0.250000000000000   0.250000000000000   0.375000000000000   0.375000000000000   0.500000000000000   0.500000000000000   0.750000000000000   0.750000000000000   0.875000000000000   0.875000000000000   1.000000000000000   1.000000000000000   1.000000000000000   
0.000000000000000   0.000000000000000   1.000000000000000   1.000000000000000   
0.014550000000000   0.014280214669119   0.013885541363487   0.013688204710671   0.013459646064167   0.013231087417662   0.012971306777470   0.012451745497086   0.011807296241950   0.011485071614382   0.011131624993126   0.010778178371870   0.010393509756926   0.017561221384767   0.017026765100457   0.016492308816148   0.016492159555567   0.016492019004002   0.016491878452437   0.016491746609887   0.014955438140711   0.013419129671535   0.011535328225519   0.013278726924357   0.011484287776110   0.013330647428271   
0.000000000000000   0.001374737850427   0.002698495067748   0.003360373676408   0.004009507126792   0.004658640577176   0.005295028869283   0.006567805453497   0.007789601404604   0.008400499380157   0.008998652197434   0.009596805014711   0.010182212673711   0.011129913140212   0.011278291207617   0.011426669275022   0.011426702206481   0.011426741006372   0.011426779806263   0.011426824474587   0.011848519520225   0.012270214565863   0.010662043846370   0.012411905536561   0.010854875729409   0.012604502327463   
1.000000000000000   0.981458052860442   0.972187079290663   0.967551592505774   0.965233849113329   0.962916105720884   0.962916105720884   0.962916105720884   0.972187079290663   0.976822566075553   0.983775796252887   0.990729026430221   1.000000000000000   1.000000000000000   1.000000000000000   1.000000000000000   0.999999468495366   0.999999468495366   0.999999468495366   1.000000000000000   1.000000000000000   1.000000000000000   0.866785503337844   1.000000000000000   0.866785503337844   1.000000000000000   
PATCH 15 
2 1 
4 2 
0.000000000000000   0.000000000000000   0.000000000000000   0.500000000000000   1.000000000000000   1.000000000000000   1.000000000000000   
0.000000000000000   0.000000000000000   1.000000000000000   1.000000000000000   
0.034712622343496   0.034549756862802   0.034196777781621   0.034006922705011   0.015946868047296   0.015765331772094   0.015402259221690   0.015220722946488   
0.034006922705011   0.034196777781621   0.034549756862802   0.034712622343496   0.015220722946488   0.015402259221690   0.015765331772094   0.015946868047296   
1.000000000000000   0.999973637749680   0.999973637749680   1.000000000000000   1.000000000000000   1.000000000000000   1.000000000000000   1.000000000000000   
PATCH 16 
2 2 
4 4 
0.000000000000000   0.000000000000000   0.000000000000000   0.500000000000000   1.000000000000000   1.000000000000000   1.000000000000000   
0.000000000000000   0.000000000000000   0.000000000000000   0.500000000000000   1.000000000000000   1.000000000000000   1.000000000000000   
0.013330647428271   0.013984702583027   0.015292812892540   0.015946868047296   0.013149111153069   0.013803166307825   0.015111276617338   0.015765331772094   0.012786038602665   0.013440093757421   0.014748204066934   0.015402259221690   0.012604502327463   0.013258557482219   0.014566667791732   0.015220722946488   
0.012604502327463   0.013258557482219   0.014566667791732   0.015220722946488   0.012786038602665   0.013440093757421   0.014748204066934   0.015402259221690   0.013149111153069   0.013803166307825   0.015111276617338   0.015765331772094   0.013330647428271   0.013984702583027   0.015292812892540   0.015946868047296   
1.000000000000000   1.000000000000000   1.000000000000000   1.000000000000000   1.000000000000000   1.000000000000000   1.000000000000000   1.000000000000000   1.000000000000000   1.000000000000000   1.000000000000000   1.000000000000000   1.000000000000000   1.000000000000000   1.000000000000000   1.000000000000000   
PATCH 17 
2 1 
4 2 
0.000000000000000   0.000000000000000   0.000000000000000   0.500000000000000   1.000000000000000   1.000000000000000   1.000000000000000   
0.000000000000000   0.000000000000000   1.000000000000000   1.000000000000000   
0.013330647428271   0.013149111153069   0.012786038602665   0.012604502327463   0.010393509756926   0.010340956711595   0.010235308169988   0.010182212673711   
0.012604502327463   0.012786038602665   0.013149111153069   0.013330647428271   0.010182212673711   0.010235308169988   0.010340956711595   0.010393509756926   
1.000000000000000   1.000000000000000   1.000000000000000   1.000000000000000   1.000000000000000   0.999973637749680   0.999973637749680   1.000000000000000   
PATCH 18 
2 1 
4 2 
0.000000000000000   0.000000000000000   0.000000000000000   0.500000000000000   1.000000000000000   1.000000000000000   1.000000000000000   
0.000000000000000   0.000000000000000   1.000000000000000   1.000000000000000   
0.034712622343496   0.034549756862802   0.034196777781621   0.034006922705011   0.038685244377508   0.037197068413715   0.034084833369545   0.032460774289170   
0.034006922705011   0.034196777781621   0.034549756862802   0.034712622343496   0.032460774289170   0.034084833369545   0.037197068413715   0.038685244377508   
1.000000000000000   0.999973637749680   0.999973637749680   1.000000000000000   1.000000000000000   0.998097349045873   0.998097349045873   1.000000000000000   
PATCH 19 
2 1 
4 2 
0.000000000000000   0.000000000000000   0.000000000000000   0.500000000000000   1.000000000000000   1.000000000000000   1.000000000000000   
0.000000000000000   0.000000000000000   1.000000000000000   1.000000000000000   
0.000000000000000   0.002178893568691   0.006520098010365   0.008682408883347   0.000000000000000   0.002200682504378   0.006585298990468   0.008769232972180   
0.050000000000000   0.049904867452294   0.049525061277599   0.049240387650610   0.050500000000000   0.050403916126817   0.050020311890375   0.049732791527117   
1.000000000000000   0.998097349045873   0.998097349045873   1.000000000000000   1.000000000000000   0.998097349045873   0.998097349045873   1.000000000000000   
PATCH 20 
2 1 
4 2 
0.000000000000000   0.000000000000000   0.000000000000000   0.500000000000000   1.000000000000000   1.000000000000000   1.000000000000000   
0.000000000000000   0.000000000000000   1.000000000000000   1.000000000000000   
0.003283795499928   0.004427991981020   0.006716384943204   0.007860581424296   0.000000000000000   0.002178893568691   0.006520098010365   0.008682408883347   
0.048328437035550   0.048199933695848   0.047942927016442   0.047814423676739   0.050000000000000   0.049904867452294   0.049525061277599   0.049240387650610   
1.000000000000000   1.000000000000000   1.000000000000000   1.000000000000000   1.000000000000000   0.998097349045873   0.998097349045873   1.000000000000000   
PATCH 21 
2 1 
13 2 
0.000000000000000   0.000000000000000   0.000000000000000   0.125000000000000   0.125000000000000   0.250000000000000   0.250000000000000   0.500000000000000   0.500000000000000   0.625000000000000   0.625000000000000   0.750000000000000   0.750000000000000   1.000000000000000   1.000000000000000   1.000000000000000   
0.000000000000000   0.000000000000000   1.000000000000000   1.000000000000000   
0.007860581424296   0.007239049313760   0.008002621562093   0.007333303667257   0.008032213644874   0.007539546222591   0.007046878800309   0.006923424130579   0.006923734741545   0.006924045352511   0.007048121244171   0.007113377886436   0.007178634528701   0.008682408883347   0.009214726804819   0.009640117655402   0.010190981719645   0.010692415559806   0.011746073753406   0.012807421741215   0.013330903800837   0.013869146029735   0.014412468101809   0.014950370135414   0.016004964608737   0.017063926379554   
0.047814423676739   0.043524543994958   0.047729626147749   0.043388594965850   0.047566867644730   0.045609003361508   0.043651139078285   0.042900271693924   0.042874694976430   0.042849118258936   0.043548832208309   0.043313778448940   0.043078724689571   0.049240387650610   0.049122375608591   0.048468747848739   0.048469156213712   0.048235112667745   0.048004401543126   0.047797948652178   0.047664431828165   0.047580583928113   0.047508652518665   0.047413081121188   0.047147496131481   0.046882752415060   
1.000000000000000   0.910473703395084   1.000000000000000   0.910473703395084   1.000000000000000   1.000000000000000   1.000000000000000   0.983366709731228   0.983366709731228   0.983366709731228   1.000000000000000   1.000000000000000   1.000000000000000   1.000000000000000   0.999524337261468   0.999167590207569   0.998810843153671   0.998573011784405   0.998097349045873   0.998097349045873   0.998097349045873   0.998216264730506   0.998335180415139   0.998573011784404   0.999048674522936   1.000000000000000   
PATCH 22 
2 2 
13 4 
0.000000000000000   0.000000000000000   0.000000000000000   0.250000000000000   0.250000000000000   0.375000000000000   0.375000000000000   0.500000000000000   0.500000000000000   0.750000000000000   0.750000000000000   0.875000000000000   0.875000000000000   1.000000000000000   1.000000000000000   1.000000000000000   
0.000000000000000   0.000000000000000   0.000000000000000   0.500000000000000   1.000000000000000   1.000000000000000   1.000000000000000   
0.004269830271124   0.003757856999803   0.003245883728482   0.003236268403878   0.003234620329353   0.003232972254827   0.003239291430379   0.003150730998661   0.003062170566944   0.002761379712017   0.003122072189330   0.002883946420042   0.003283795499928   0.004997031335519   0.004596737221461   0.004196443107404   0.004158212641036   0.004156898932401   0.004155585223765   0.004191188272861   0.004247934804644   0.004304681336426   0.003904360700827   0.004342209532521   0.003972722143472   0.004427991981020   0.006451433464307   0.006274497664778   0.006097561865249   0.006002101115353   0.006001456138497   0.006000811161641   0.006094981957826   0.006442342416609   0.006789702875391   0.006190322678447   0.006782484218903   0.006150273590331   0.006716384943204   0.007178634528701   0.007113377886436   0.007048121244171   0.006924045352511   0.006923734741545   0.006923424130579   0.007046878800309   0.007539546222591   0.008032213644874   0.007333303667257   0.008002621562093   0.007239049313760   0.007860581424296   
0.042271169858857   0.044115292356483   0.045959414854108   0.045867704836556   0.045876910983796   0.045886117131036   0.045996239443067   0.047054624633538   0.048113009824009   0.043584102076958   0.048273098950646   0.043703241217947   0.048328437035550   0.042473058566536   0.043914913879597   0.045356769192658   0.045113058192151   0.045126356981955   0.045139655771758   0.045409964351872   0.046693219315531   0.047976474279189   0.043535225299181   0.048137230749921   0.043658566912200   0.048199933695848   0.042876835981892   0.043514156925825   0.044151477869759   0.043603764903341   0.043625248978272   0.043646733053202   0.044237414169481   0.045970408679515   0.047703403189550   0.043437471743627   0.047865494348473   0.043569218300705   0.047942927016442   0.043078724689571   0.043313778448940   0.043548832208309   0.042849118258936   0.042874694976430   0.042900271693924   0.043651139078285   0.045609003361508   0.047566867644730   0.043388594965850   0.047729626147749   0.043524543994958   0.047814423676739   
1.000000000000000   1.000000000000000   1.000000000000000   0.997808464757151   0.997808464757151   0.997808464757151   1.000000000000000   1.000000000000000   1.000000000000000   0.904099231169595   1.000000000000000   0.904099231169595   1.000000000000000   1.000000000000000   1.000000000000000   1.000000000000000   0.994198026000670   0.994198026000670   0.994198026000670   1.000000000000000   1.000000000000000   1.000000000000000   0.905692849225967   1.000000000000000   0.905692849225967   1.000000000000000   1.000000000000000   1.000000000000000   1.000000000000000   0.986977148487709   0.986977148487709   0.986977148487709   1.000000000000000   1.000000000000000   1.000000000000000   0.908880085338712   1.000000000000000   0.908880085338712   1.000000000000000   1.000000000000000   1.000000000000000   1.000000000000000   0.983366709731228   0.983366709731228   0.983366709731228   1.000000000000000   1.000000000000000   1.000000000000000   0.910473703395084   1.000000000000000   0.910473703395084   1.000000000000000   
PATCH 23 
2 1 
13 2 
0.000000000000000   0.000000000000000   0.000000000000000   0.125000000000000   0.125000000000000   0.250000000000000   0.250000000000000   0.500000000000000   0.500000000000000   0.625000000000000   0.625000000000000   0.750000000000000   0.750000000000000   1.000000000000000   1.000000000000000   1.000000000000000   
0.000000000000000   0.000000000000000   1.000000000000000   1.000000000000000   
0.008682408883347   0.009214726804819   0.009640117655402   0.010190981719645   0.010692415559806   0.011746073753406   0.012807421741215   0.013330903800837   0.013869146029735   0.014412468101809   0.014950370135414   0.016004964608737   0.017063926379554   0.008769232972180   0.009306874072867   0.009842960902535   0.010379047732203   0.010913580290852   0.011982645408149   0.013045493441370   0.013576917457981   0.014106787203572   0.014636656949163   0.015164972423735   0.016221603372879   0.017272017237946   
0.049240387650610   0.049122375608591   0.048468747848739   0.048469156213712   0.048235112667745   0.048004401543126   0.047797948652178   0.047664431828165   0.047580583928113   0.047508652518665   0.047413081121188   0.047147496131481   0.046882752415060   0.049732791527117   0.049613599364677   0.049488606583825   0.049363613802972   0.049232820403708   0.048971233605179   0.048686444333000   0.048544049696911   0.048395854442409   0.048247659187908   0.048093663314994   0.047785671569166   0.047454477349688   
1.000000000000000   0.999524337261468   0.999167590207569   0.998810843153671   0.998573011784405   0.998097349045873   0.998097349045873   0.998097349045873   0.998216264730506   0.998335180415139   0.998573011784404   0.999048674522936   1.000000000000000   1.000000000000000   0.999524337261468   0.999167590207569   0.998810843153671   0.998573011784405   0.998097349045873   0.998097349045873   0.998097349045873   0.998216264730506   0.998335180415139   0.998573011784404   0.999048674522936   1.000000000000000   
PATCH 24 
2 1 
6 2 
0.000000000000000   0.000000000000000   0.000000000000000   0.250000000000000   0.500000000000000   0.750000000000000   1.000000000000000   1.000000000000000   1.000000000000000   
0.000000000000000   0.000000000000000   1.000000000000000   1.000000000000000   
0.017063926379554   0.018099819527389   0.020097599429082   0.021998830205554   0.023980325984170   0.024996178730760   0.017272017237946   0.018289568482936   0.020304367573183   0.022298863263696   0.024273055554476   0.025250000000000   
0.046882752415060   0.046545040186940   0.045676556393496   0.044608046453396   0.043709285575503   0.043294651556749   0.047454477349688   0.047032993823604   0.046146485990198   0.045216437375554   0.044242847979673   0.043734282891114   
1.000000000000000   0.999048674522936   0.998097349045873   0.998097349045873   0.999048674522936   1.000000000000000   1.000000000000000   0.999048674522936   0.998097349045873   0.998097349045873   0.999048674522936   1.000000000000000   
PATCH 25 
2 1 
6 2 
0.000000000000000   0.000000000000000   0.000000000000000   0.250000000000000   0.500000000000000   0.750000000000000   1.000000000000000   1.000000000000000   1.000000000000000   
0.000000000000000   0.000000000000000   1.000000000000000   1.000000000000000   
0.017063926379554   0.018099819527389   0.020097599429082   0.021998830205554   0.023980325984170   0.024996178730760   0.007178634528701   0.008036144887337   0.009751165604609   0.011466186321881   0.013181207039153   0.014038717397789   
0.046882752415060   0.046545040186940   0.045676556393496   0.044608046453396   0.043709285575503   0.043294651556749   0.043078724689571   0.039989981130309   0.033812494011787   0.027635006893264   0.021457519774741   0.018368776215480   
1.000000000000000   0.999048674522936   0.998097349045873   0.998097349045873   0.999048674522936   1.000000000000000   1.000000000000000   1.000000000000000   1.000000000000000   1.000000000000000   1.000000000000000   1.000000000000000   
PATCH 26 
2 1 
13 2 
0.000000000000000   0.000000000000000   0.000000000000000   0.250000000000000   0.250000000000000   0.375000000000000   0.375000000000000   0.500000000000000   0.500000000000000   0.750000000000000   0.750000000000000   0.875000000000000   0.875000000000000   1.000000000000000   1.000000000000000   1.000000000000000   
0.000000000000000   0.000000000000000   1.000000000000000   1.000000000000000   
0.024996178730760   0.026303270064977   0.027583014095310   0.028192146431816   0.028771633826155   0.029427795223450   0.030102829409399   0.031070140957211   0.031824702854976   0.032332877530882   0.032844229719951   0.033434700974505   0.034006922705011   0.014038717397789   0.014159226973290   0.014279736548791   0.014158545690577   0.014166840577057   0.014175135463537   0.014312916094711   0.014775874672420   0.015238833250129   0.013405411826633   0.013400884250723   0.013396356674812   0.015220722946488   
0.043294651556749   0.042423374059498   0.041516805099441   0.041018693972653   0.040482428003115   0.040055262190518   0.039650651712592   0.038356032671774   0.036853286596373   0.036273314638260   0.035701197960362   0.035217474157473   0.034712622343496   0.018368776215480   0.017934701954557   0.017500627693635   0.017327928460626   0.017311148308453   0.017294368156281   0.017433507084944   0.016821209208201   0.016208911331458   0.014164271928252   0.014098761107212   0.014033250286171   0.015946868047296   
1.000000000000000   0.998025492246661   0.997038238369992   0.996544611431657   0.996297797962490   0.996050984493323   0.996050984493323   0.996050984493323   0.997038238369992   0.997531865308326   0.998272305715828   0.999012746123331   1.000000000000000   1.000000000000000   1.000000000000000   1.000000000000000   0.991162431160741   0.991162431160741   0.991162431160741   1.000000000000000   1.000000000000000   1.000000000000000   0.877088629600751   0.877088629600751   0.877088629600751   1.000000000000000   
PATCH 27 
2 2 
6 4 
0.000000000000000   0.000000000000000   0.000000000000000   0.250000000000000   0.500000000000000   0.750000000000000   1.000000000000000   1.000000000000000   1.000000000000000   
0.000000000000000   0.000000000000000   0.000000000000000   0.500000000000000   1.000000000000000   1.000000000000000   1.000000000000000   
0.011129913140212   0.010272402781576   0.008557382064304   0.006842361347032   0.005127340629760   0.004269830271124   0.011857114204606   0.010999603845970   0.009284583128698   0.007569562411426   0.005854541694155   0.004997031335519   0.013311516333395   0.012454005974759   0.010738985257487   0.009023964540215   0.007308943822943   0.006451433464307   0.014038717397789   0.013181207039153   0.011466186321881   0.009751165604609   0.008036144887337   0.007178634528701   
0.017561221384767   0.020649964944028   0.026827452062551   0.033004939181073   0.039182426299596   0.042271169858857   0.017763110092445   0.020851853651706   0.027029340770229   0.033206827888752   0.039384315007274   0.042473058566536   0.018166887507802   0.021255631067063   0.027433118185586   0.033610605304108   0.039788092422631   0.042876835981892   0.018368776215480   0.021457519774741   0.027635006893264   0.033812494011787   0.039989981130309   0.043078724689571   
1.000000000000000   1.000000000000000   1.000000000000000   1.000000000000000   1.000000000000000   1.000000000000000   1.000000000000000   1.000000000000000   1.000000000000000   1.000000000000000   1.000000000000000   1.000000000000000   1.000000000000000   1.000000000000000   1.000000000000000   1.000000000000000   1.000000000000000   1.000000000000000   1.000000000000000   1.000000000000000   1.000000000000000   1.000000000000000   1.000000000000000   1.000000000000000   
PATCH 28 
2 2 
13 4 
0.000000000000000   0.000000000000000   0.000000000000000   0.250000000000000   0.250000000000000   0.375000000000000   0.375000000000000   0.500000000000000   0.500000000000000   0.750000000000000   0.750000000000000   0.875000000000000   0.875000000000000   1.000000000000000   1.000000000000000   1.000000000000000   
0.000000000000000   0.000000000000000   0.000000000000000   0.500000000000000   1.000000000000000   1.000000000000000   1.000000000000000   
0.011129913140212   0.011278291207617   0.011426669275022   0.011426702206481   0.011426741006372   0.011426779806263   0.011426824474587   0.011848519520225   0.012270214565863   0.010662043846370   0.012411905536561   0.010854875729409   0.012604502327463   0.011857114204606   0.011998525149035   0.012139936093464   0.012109663077505   0.012111765899043   0.012113868720582   0.012148347379618   0.012580358308274   0.013012369236929   0.011347885841436   0.012659150215101   0.011490245965760   0.013258557482219   0.013311516333395   0.013438993031872   0.013566469730349   0.013475584819553   0.013481815684386   0.013488046549218   0.013591393189680   0.014044035884371   0.014496678579063   0.012719569831567   0.013153639572182   0.012760986438461   0.014566667791732   0.014038717397789   0.014159226973290   0.014279736548791   0.014158545690577   0.014166840577057   0.014175135463537   0.014312916094711   0.014775874672420   0.015238833250129   0.013405411826633   0.013400884250723   0.013396356674812   0.015220722946488   
0.017561221384767   0.017026765100457   0.016492308816148   0.016492159555567   0.016492019004002   0.016491878452437   0.016491746609887   0.014955438140711   0.013419129671535   0.011535328225519   0.013278726924357   0.011484287776110   0.013330647428271   0.017763110092445   0.017253749313982   0.016744388535520   0.016701101781832   0.016696801330115   0.016692500878398   0.016727186728651   0.015421880907584   0.014116575086516   0.012192564151202   0.013483735470070   0.012121528403625   0.013984702583027   0.018166887507802   0.017707717741032   0.017248547974263   0.017118986234361   0.017106365982340   0.017093745730320   0.017198066966180   0.016354766441329   0.015511465916477   0.013507036002569   0.013893752561498   0.013396009658656   0.015292812892540   0.018368776215480   0.017934701954557   0.017500627693635   0.017327928460626   0.017311148308453   0.017294368156281   0.017433507084944   0.016821209208201   0.016208911331458   0.014164271928252   0.014098761107212   0.014033250286171   0.015946868047296   
1.000000000000000   1.000000000000000   1.000000000000000   0.999999468495366   0.999999468495366   0.999999468495366   1.000000000000000   1.000000000000000   1.000000000000000   0.866785503337844   1.000000000000000   0.866785503337844   1.000000000000000   1.000000000000000   1.000000000000000   1.000000000000000   0.997790209161710   0.997790209161710   0.997790209161710   1.000000000000000   1.000000000000000   1.000000000000000   0.869361284903570   0.969272157400188   0.869361284903570   1.000000000000000   1.000000000000000   1.000000000000000   1.000000000000000   0.993371690494397   0.993371690494397   0.993371690494397   1.000000000000000   1.000000000000000   1.000000000000000   0.874512848035024   0.907816472200563   0.874512848035024   1.000000000000000   1.000000000000000   1.000000000000000   1.000000000000000   0.991162431160741   0.991162431160741   0.991162431160741   1.000000000000000   1.000000000000000   1.000000000000000   0.877088629600751   0.877088629600751   0.877088629600751   1.000000000000000   
PATCH 29 
2 1 
13 2 
0.000000000000000   0.000000000000000   0.000000000000000   0.250000000000000   0.250000000000000   0.375000000000000   0.375000000000000   0.500000000000000   0.500000000000000   0.750000000000000   0.750000000000000   0.875000000000000   0.875000000000000   1.000000000000000   1.000000000000000   1.000000000000000   
0.000000000000000   0.000000000000000   1.000000000000000   1.000000000000000   
0.024996178730760   0.026303270064977   0.027583014095310   0.028192146431816   0.028771633826155   0.029427795223450   0.030102829409399   0.031070140957211   0.031824702854976   0.032332877530882   0.032844229719951   0.033434700974505   0.034006922705011   0.025250000000000   0.026178902508932   0.027094027156471   0.027551589480241   0.028005707338662   0.028459825197083   0.028910498590156   0.029811845376303   0.030699414301056   0.031143198763433   0.031583538760461   0.032023878757490   0.032460774289170   
0.043294651556749   0.042423374059498   0.041516805099441   0.041018693972653   0.040482428003115   0.040055262190518   0.039650651712592   0.038356032671774   0.036853286596373   0.036273314638260   0.035701197960362   0.035217474157473   0.034712622343496   0.043734282891114   0.043142506727484   0.042531053738569   0.042225327244111   0.041914681543332   0.041604035842553   0.041288470935453   0.040657341121252   0.040006534481766   0.039681131162023   0.039350808635958   0.039020486109894   0.038685244377508   
1.000000000000000   0.998025492246661   0.997038238369992   0.996544611431657   0.996297797962490   0.996050984493323   0.996050984493323   0.996050984493323   0.997038238369992   0.997531865308326   0.998272305715828   0.999012746123331   1.000000000000000   1.000000000000000   0.999048674522937   0.998573011784405   0.998335180415139   0.998216264730506   0.998097349045873   0.998097349045873   0.998097349045873   0.998573011784405   0.998810843153671   0.999167590207569   0.999524337261468   1.000000000000000   
PATCH 30 
2 1 
6 2 
0.000000000000000   0.000000000000000   0.000000000000000   0.250000000000000   0.500000000000000   0.750000000000000   1.000000000000000   1.000000000000000   1.000000000000000   
0.000000000000000   0.000000000000000   1.000000000000000   1.000000000000000   
0.011129913140212   0.010272402781576   0.008557382064304   0.006842361347032   0.005127340629760   0.004269830271124   0.000000000000000   0.000000000000000   0.000000000000000   0.000000000000000   0.000000000000000   0.000000000000000   
0.017561221384767   0.020649964944028   0.026827452062551   0.033004939181073   0.039182426299596   0.042271169858857   0.014550000000000   0.018015146232357   0.024945438697071   0.031875731161786   0.038806023626500   0.042271169858857   
1.000000000000000   1.000000000000000   1.000000000000000   1.000000000000000   1.000000000000000   1.000000000000000   1.000000000000000   1.000000000000000   1.000000000000000   1.000000000000000   1.000000000000000   1.000000000000000   
PATCH 31 
2 1 
13 2 
0.000000000000000   0.000000000000000   0.000000000000000   0.250000000000000   0.250000000000000   0.375000000000000   0.375000000000000   0.500000000000000   0.500000000000000   0.750000000000000   0.750000000000000   0.875000000000000   0.875000000000000   1.000000000000000   1.000000000000000   1.000000000000000   
0.000000000000000   0.000000000000000   1.000000000000000   1.000000000000000   
0.004269830271124   0.003757856999803   0.003245883728482   0.003236268403878   0.003234620329353   0.003232972254827   0.003239291430379   0.003150730998661   0.003062170566944   0.002761379712017   0.003122072189330   0.002883946420042   0.003283795499928   0.000000000000000   0.000000000000000   0.000000000000000   0.000000000000000   0.000000000000000   0.000000000000000   0.000000000000000   0.000000000000000   0.000000000000000   0.000000000000000   0.000000000000000   0.000000000000000   0.000000000000000   
0.042271169858857   0.044115292356483   0.045959414854108   0.045867704836556   0.045876910983796   0.045886117131036   0.045996239443067   0.047054624633538   0.048113009824009   0.043584102076958   0.048273098950646   0.043703241217947   0.048328437035550   0.042271169858857   0.043237273626500   0.044203377394143   0.044686429277964   0.045169481161786   0.045652533045607   0.046135584929429   0.047101688697071   0.048067792464714   0.048550844348536   0.049033896232357   0.049516948116179   0.050000000000000   
1.000000000000000   1.000000000000000   1.000000000000000   0.997808464757151   0.997808464757151   0.997808464757151   1.000000000000000   1.000000000000000   1.000000000000000   0.904099231169595   1.000000000000000   0.904099231169595   1.000000000000000   1.000000000000000   1.000000000000000   1.000000000000000   1.000000000000000   1.000000000000000   1.000000000000000   1.000000000000000   1.000000000000000   1.000000000000000   1.000000000000000   1.000000000000000   1.000000000000000   1.000000000000000   
PATCH 32 
2 1 
13 2 
0.000000000000000   0.000000000000000   0.000000000000000   0.250000000000000   0.250000000000000   0.375000000000000   0.375000000000000   0.500000000000000   0.500000000000000   0.750000000000000   0.750000000000000   0.875000000000000   0.875000000000000   1.000000000000000   1.000000000000000   1.000000000000000   
0.000000000000000   0.000000000000000   1.000000000000000   1.000000000000000   
0.000000000000000   0.001374737850427   0.002698495067748   0.003360373676408   0.004009507126792   0.004658640577176   0.005295028869283   0.006567805453497   0.007789601404604   0.008400499380157   0.008998652197434   0.009596805014711   0.010182212673711   0.011129913140212   0.011278291207617   0.011426669275022   0.011426702206481   0.011426741006372   0.011426779806263   0.011426824474587   0.011848519520225   0.012270214565863   0.010662043846370   0.012411905536561   0.010854875729409   0.012604502327463   
0.014550000000000   0.014280214669119   0.013885541363487   0.013688204710671   0.013459646064167   0.013231087417662   0.012971306777470   0.012451745497086   0.011807296241950   0.011485071614382   0.011131624993126   0.010778178371870   0.010393509756926   0.017561221384767   0.017026765100457   0.016492308816148   0.016492159555567   0.016492019004002   0.016491878452437   0.016491746609887   0.014955438140711   0.013419129671535   0.011535328225519   0.013278726924357   0.011484287776110   0.013330647428271   
1.000000000000000   0.981458052860442   0.972187079290663   0.967551592505774   0.965233849113329   0.962916105720884   0.962916105720884   0.962916105720884   0.972187079290663   0.976822566075553   0.983775796252887   0.990729026430221   1.000000000000000   1.000000000000000   1.000000000000000   1.000000000000000   0.999999468495366   0.999999468495366   0.999999468495366   1.000000000000000   1.000000000000000   1.000000000000000   0.866785503337844   1.000000000000000   0.866785503337844   1.000000000000000   
INTERFACE 1 
1 2 
5 1 
1 
INTERFACE 2 
1 3 
2 4 
1 
INTERFACE 3 
2 1 
13 2 
1 
INTERFACE 4 
2 2 
3 1 
1 
INTERFACE 5 
2 3 
4 2 
1 
INTERFACE 6 
3 2 
7 1 
-1 
INTERFACE 7 
3 3 
4 4 
-1 
INTERFACE 8 
3 4 
5 3 
1 
INTERFACE 9 
4 1 
9 2 
1 
INTERFACE 10 
4 3 
13 3 
1 
INTERFACE 11 
5 2 
6 1 
1 
INTERFACE 12 
6 2 
11 1 
1 
INTERFACE 13 
6 3 
7 3 
1 
INTERFACE 14 
7 2 
8 1 
1 
INTERFACE 15 
7 4 
9 4 
-1 
INTERFACE 16 
8 2 
15 1 
1 
INTERFACE 17 
8 3 
11 3 
1 
INTERFACE 18 
8 4 
10 4 
1 
INTERFACE 19 
9 1 
10 1 
1 
INTERFACE 20 
9 3 
12 3 
1 
INTERFACE 21 
10 2 
16 3 
1 
INTERFACE 22 
10 3 
14 4 
1 
INTERFACE 23 
11 2 
18 1 
1 
INTERFACE 24 
12 1 
14 1 
-1 
INTERFACE 25 
12 2 
13 1 
1 
INTERFACE 26 
14 2 
17 1 
-1 
INTERFACE 27 
15 2 
26 2 
1 
INTERFACE 28 
15 3 
18 3 
1 
INTERFACE 29 
15 4 
16 2 
1 
INTERFACE 30 
16 1 
17 3 
1 
INTERFACE 31 
16 4 
28 2 
1 
INTERFACE 32 
17 2 
32 2 
-1 
INTERFACE 33 
18 2 
29 2 
1 
INTERFACE 34 
19 2 
23 1 
1 
INTERFACE 35 
19 3 
20 4 
1 
INTERFACE 36 
20 1 
31 2 
1 
INTERFACE 37 
20 2 
21 1 
1 
INTERFACE 38 
20 3 
22 2 
1 
INTERFACE 39 
21 2 
25 1 
-1 
INTERFACE 40 
21 3 
22 4 
-1 
INTERFACE 41 
21 4 
23 3 
1 
INTERFACE 42 
22 1 
27 2 
1 
INTERFACE 43 
22 3 
31 3 
1 
INTERFACE 44 
23 2 
24 1 
1 
INTERFACE 45 
24 2 
29 1 
1 
INTERFACE 46 
24 3 
25 3 
1 
INTERFACE 47 
25 2 
26 1 
1 
INTERFACE 48 
25 4 
27 4 
-1 
INTERFACE 49 
26 3 
29 3 
1 
INTERFACE 50 
26 4 
28 4 
1 
INTERFACE 51 
27 1 
28 1 
1 
INTERFACE 52 
27 3 
30 3 
1 
INTERFACE 53 
28 3 
32 4 
1 
INTERFACE 54 
30 1 
32 1 
-1 
INTERFACE 55 
30 2 
31 1 
1 
BOUNDARY 1 
1 
1 1 
BOUNDARY 2 
1 
1 4 
BOUNDARY 3 
1 
5 4 
BOUNDARY 4 
1 
6 4 
BOUNDARY 5 
1 
11 4 
BOUNDARY 6 
1 
12 4 
BOUNDARY 7 
1 
13 4 
BOUNDARY 8 
1 
14 3 
BOUNDARY 9 
1 
17 4 
BOUNDARY 10 
1 
18 4 
BOUNDARY 11 
1 
19 1 
BOUNDARY 12 
1 
19 4 
BOUNDARY 13 
1 
23 4 
BOUNDARY 14 
1 
24 4 
BOUNDARY 15 
1 
29 4 
BOUNDARY 16 
1 
30 4 
BOUNDARY 17 
1 
31 4 
BOUNDARY 18 
1 
32 3 
