# nurbs mesh v.2.1
#
# 14-Jul-2024
#
2 2 32 55 0 
PATCH 1 
2 1 
4 2 
0.000000000000000   0.000000000000000   0.000000000000000   0.500000000000000   1.000000000000000   1.000000000000000   1.000000000000000   
0.000000000000000   0.000000000000000   1.000000000000000   1.000000000000000   
0.050000000000000   0.049904867452294   0.049525061277599   0.049240387650610   0.050500000000000   0.050403916126817   0.050020311890375   0.049732791527117   
0.000000000000000   0.002178893568691   0.006520098010365   0.008682408883347   0.000000000000000   0.002200682504378   0.006585298990468   0.008769232972180   
1.000000000000000   0.998097349045873   0.998097349045873   1.000000000000000   1.000000000000000   0.998097349045873   0.998097349045873   1.000000000000000   
PATCH 2 
2 1 
4 2 
0.000000000000000   0.000000000000000   0.000000000000000   0.500000000000000   1.000000000000000   1.000000000000000   1.000000000000000   
0.000000000000000   0.000000000000000   1.000000000000000   1.000000000000000   
0.048335185890032   0.048212469196378   0.047967035809068   0.047844319115414   0.050000000000000   0.049904867452294   0.049525061277599   0.049240387650610   
0.003429875415048   0.004532080098352   0.006736489464960   0.007838694148263   0.000000000000000   0.002178893568691   0.006520098010365   0.008682408883347   
1.000000000000000   1.000000000000000   1.000000000000000   1.000000000000000   1.000000000000000   0.998097349045873   0.998097349045873   1.000000000000000   
PATCH 3 
2 1 
13 2 
0.000000000000000   0.000000000000000   0.000000000000000   0.125000000000000   0.125000000000000   0.250000000000000   0.250000000000000   0.500000000000000   0.500000000000000   0.625000000000000   0.625000000000000   0.750000000000000   0.750000000000000   1.000000000000000   1.000000000000000   1.000000000000000   
0.000000000000000   0.000000000000000   1.000000000000000   1.000000000000000   
0.047844319115414   0.043408980102180   0.047757295354557   0.043269626609881   0.047591395107402   0.045579220289227   0.043567045471052   0.042803499506466   0.042777680958223   0.042751862409980   0.043463771278080   0.043243030102295   0.043022288926510   0.049240387650610   0.049122375608591   0.048467922655174   0.048523040232718   0.048293856425281   0.048058738432159   0.047846709647963   0.047707797516523   0.047617271312464   0.047529324813672   0.047440469592336   0.047194469527980   0.046874457605331   
0.007838694148263   0.007197040847603   0.007982431943593   0.007290925313540   0.008009092715412   0.007443133707173   0.006877174698934   0.006753579301098   0.006753243193822   0.006752907086546   0.006875830269830   0.006931759685541   0.006987689101251   0.008682408883347   0.009214726804819   0.009639953529787   0.010202311214433   0.010705437456768   0.011759369307263   0.012820487210658   0.013343032421646   0.013879839944122   0.014418739355078   0.014959006312845   0.016020910472467   0.017060907315714   
1.000000000000000   0.907490741137525   1.000000000000000   0.907490741137525   1.000000000000000   1.000000000000000   1.000000000000000   0.983044759792578   0.983044759792578   0.983044759792578   1.000000000000000   1.000000000000000   1.000000000000000   1.000000000000000   0.999524337261468   0.999167590207569   0.998810843153671   0.998573011784405   0.998097349045873   0.998097349045873   0.998097349045873   0.998216264730506   0.998335180415139   0.998573011784404   0.999048674522936   1.000000000000000   
PATCH 4 
2 2 
13 4 
0.000000000000000   0.000000000000000   0.000000000000000   0.250000000000000   0.250000000000000   0.375000000000000   0.375000000000000   0.500000000000000   0.500000000000000   0.750000000000000   0.750000000000000   0.875000000000000   0.875000000000000   1.000000000000000   1.000000000000000   1.000000000000000   
0.000000000000000   0.000000000000000   0.000000000000000   0.500000000000000   1.000000000000000   1.000000000000000   1.000000000000000   
0.042346139565775   0.044260226735048   0.046174313904321   0.046091981378468   0.046100735456548   0.046109489534628   0.046209330216640   0.047165819313643   0.048122308410646   0.043662924518416   0.048280655754744   0.043780461872861   0.048335185890032   0.042515176905959   0.044005927576860   0.045496678247761   0.045256951636346   0.045269971831967   0.045282992027587   0.045548759030243   0.046769169557539   0.047989580084835   0.043564600041282   0.048149815654697   0.043687591430191   0.048212469196378   0.042853251586327   0.043497329260483   0.044141406934640   0.043586892152102   0.043608444582804   0.043629997013506   0.044227616657449   0.045975870045331   0.047724123433213   0.043367951087015   0.047888135454604   0.043501850544850   0.047967035809068   0.043022288926510   0.043243030102295   0.043463771278080   0.042751862409980   0.042777680958223   0.042803499506466   0.043567045471052   0.045579220289227   0.047591395107402   0.043269626609881   0.047757295354557   0.043408980102180   0.047844319115414   
0.004319075403097   0.003834101194657   0.003349126986217   0.003340354134499   0.003338947082903   0.003337540031307   0.003343498779834   0.003275870744121   0.003208242708409   0.002899316823396   0.003269201019423   0.003021688255414   0.003429875415048   0.004986228827636   0.004608515817378   0.004230802807120   0.004193492372511   0.004192521110633   0.004191549848755   0.004226917759609   0.004317686484884   0.004408455210160   0.003997218945932   0.004447508750465   0.004065526403462   0.004532080098352   0.006320535676713   0.006157345062820   0.005994154448927   0.005899768848534   0.005899669166092   0.005899569483650   0.005993755719159   0.006401317966410   0.006808880213661   0.006193023191004   0.006804124212551   0.006153202699556   0.006736489464960   0.006987689101251   0.006931759685541   0.006875830269830   0.006752907086546   0.006753243193822   0.006753579301098   0.006877174698934   0.007443133707173   0.008009092715412   0.007290925313540   0.007982431943593   0.007197040847603   0.007838694148263   
1.000000000000000   1.000000000000000   1.000000000000000   0.998030780243047   0.998030780243047   0.998030780243047   1.000000000000000   1.000000000000000   1.000000000000000   0.905573723309318   1.000000000000000   0.905573723309318   1.000000000000000   1.000000000000000   1.000000000000000   1.000000000000000   0.994284275130430   0.994284275130430   0.994284275130430   1.000000000000000   1.000000000000000   1.000000000000000   0.906052977766370   1.000000000000000   0.906052977766370   1.000000000000000   1.000000000000000   1.000000000000000   1.000000000000000   0.986791264905196   0.986791264905196   0.986791264905196   1.000000000000000   1.000000000000000   1.000000000000000   0.907011486680473   1.000000000000000   0.907011486680473   1.000000000000000   1.000000000000000   1.000000000000000   1.000000000000000   0.983044759792578   0.983044759792578   0.983044759792578   1.000000000000000   1.000000000000000   1.000000000000000   0.907490741137525   1.000000000000000   0.907490741137525   1.000000000000000   
PATCH 5 
2 1 
13 2 
0.000000000000000   0.000000000000000   0.000000000000000   0.125000000000000   0.125000000000000   0.250000000000000   0.250000000000000   0.500000000000000   0.500000000000000   0.625000000000000   0.625000000000000   0.750000000000000   0.750000000000000   1.000000000000000   1.000000000000000   1.000000000000000   
0.000000000000000   0.000000000000000   1.000000000000000   1.000000000000000   
0.049240387650610   0.049122375608591   0.048467922655174   0.048523040232718   0.048293856425281   0.048058738432159   0.047846709647963   0.047707797516523   0.047617271312464   0.047529324813672   0.047440469592336   0.047194469527980   0.046874457605331   0.049732791527117   0.049613599364677   0.049488606583825   0.049363613802972   0.049232820403708   0.048971233605179   0.048686444333000   0.048544049696911   0.048395854442409   0.048247659187908   0.048093663314994   0.047785671569166   0.047454477349688   
0.008682408883347   0.009214726804819   0.009639953529787   0.010202311214433   0.010705437456768   0.011759369307263   0.012820487210658   0.013343032421646   0.013879839944122   0.014418739355078   0.014959006312845   0.016020910472467   0.017060907315714   0.008769232972180   0.009306874072867   0.009842960902535   0.010379047732203   0.010913580290852   0.011982645408149   0.013045493441370   0.013576917457981   0.014106787203572   0.014636656949163   0.015164972423735   0.016221603372879   0.017272017237946   
1.000000000000000   0.999524337261468   0.999167590207569   0.998810843153671   0.998573011784405   0.998097349045873   0.998097349045873   0.998097349045873   0.998216264730506   0.998335180415139   0.998573011784404   0.999048674522936   1.000000000000000   1.000000000000000   0.999524337261468   0.999167590207569   0.998810843153671   0.998573011784405   0.998097349045873   0.998097349045873   0.998097349045873   0.998216264730506   0.998335180415139   0.998573011784404   0.999048674522936   1.000000000000000   
PATCH 6 
2 1 
6 2 
0.000000000000000   0.000000000000000   0.000000000000000   0.250000000000000   0.500000000000000   0.750000000000000   1.000000000000000   1.000000000000000   1.000000000000000   
0.000000000000000   0.000000000000000   1.000000000000000   1.000000000000000   
0.046874457605331   0.046563110612459   0.045687866923832   0.044610827624337   0.043711031460557   0.043299601323463   0.047454477349688   0.047032993823604   0.046146485990198   0.045216437375554   0.044242847979673   0.043734282891114   
0.017060907315714   0.018106846515429   0.020102576041287   0.022000201763202   0.023981283833107   0.024999036479905   0.017272017237946   0.018289568482936   0.020304367573183   0.022298863263696   0.024273055554476   0.025250000000000   
1.000000000000000   0.999048674522936   0.998097349045873   0.998097349045873   0.999048674522936   1.000000000000000   1.000000000000000   0.999048674522936   0.998097349045873   0.998097349045873   0.999048674522936   1.000000000000000   
PATCH 7 
2 1 
6 2 
0.000000000000000   0.000000000000000   0.000000000000000   0.250000000000000   0.500000000000000   0.750000000000000   1.000000000000000   1.000000000000000   1.000000000000000   
0.000000000000000   0.000000000000000   1.000000000000000   1.000000000000000   
0.046874457605331   0.046563110612459   0.045687866923832   0.044610827624337   0.043711031460557   0.043299601323463   0.043022288926510   0.039853627095233   0.033516303432680   0.027178979770126   0.020841656107573   0.017672994276296   
0.017060907315714   0.018106846515429   0.020102576041287   0.022000201763202   0.023981283833107   0.024999036479905   0.006987689101251   0.007790536164910   0.009396230292228   0.011001924419546   0.012607618546864   0.013410465610523   
1.000000000000000   0.999048674522936   0.998097349045873   0.998097349045873   0.999048674522936   1.000000000000000   1.000000000000000   1.000000000000000   1.000000000000000   1.000000000000000   1.000000000000000   1.000000000000000   
PATCH 8 
2 1 
13 2 
0.000000000000000   0.000000000000000   0.000000000000000   0.250000000000000   0.250000000000000   0.375000000000000   0.375000000000000   0.500000000000000   0.500000000000000   0.750000000000000   0.750000000000000   0.875000000000000   0.875000000000000   1.000000000000000   1.000000000000000   1.000000000000000   
0.000000000000000   0.000000000000000   1.000000000000000   1.000000000000000   
0.043299601323463   0.042429208831395   0.041520228837151   0.041057602725415   0.040526462321395   0.040090138584118   0.039659772458780   0.038414211375042   0.036792898994297   0.036200298947781   0.035643793587459   0.035156084901202   0.034653678503197   0.017672994276296   0.017397702774610   0.017122411272924   0.016911792907899   0.016892999794204   0.016874206680510   0.017047238818145   0.016350649125722   0.015654059433300   0.013617782234693   0.013551353284856   0.013484924335019   0.015388343633951   
0.024999036479905   0.026308424951834   0.027588421227592   0.028222847764926   0.028807727316822   0.029459086446824   0.030116318318189   0.031125624012144   0.031782682960640   0.032278889568996   0.032803523540329   0.033389586748013   0.033963442516090   0.013410465610523   0.013480216497663   0.013549967384804   0.013404526441779   0.013413823068657   0.013423119695535   0.013587153892315   0.014139733843856   0.014692313795398   0.012871418128185   0.012867601657058   0.012863785185932   0.014677047910892   
1.000000000000000   0.998022198547869   0.997033297821803   0.996538847458770   0.996291622277254   0.996044397095737   0.996044397095737   0.996044397095737   0.997033297821803   0.997527748184836   0.998269423729385   0.999011099273934   1.000000000000000   1.000000000000000   1.000000000000000   1.000000000000000   0.988886275281720   0.988886275281720   0.988886275281720   1.000000000000000   1.000000000000000   1.000000000000000   0.873250223431629   0.873250223431629   0.873250223431629   1.000000000000000   
PATCH 9 
2 2 
6 4 
0.000000000000000   0.000000000000000   0.000000000000000   0.250000000000000   0.500000000000000   0.750000000000000   1.000000000000000   1.000000000000000   1.000000000000000   
0.000000000000000   0.000000000000000   0.000000000000000   0.500000000000000   1.000000000000000   1.000000000000000   1.000000000000000   
0.016996844915561   0.020165506746838   0.026502830409391   0.032840154071945   0.039177477734499   0.042346139565775   0.017165882255745   0.020334544087022   0.026671867749575   0.033009191412129   0.039346515074682   0.042515176905959   0.017503956936112   0.020672618767389   0.027009942429943   0.033347266092496   0.039684589755050   0.042853251586327   0.017672994276296   0.020841656107573   0.027178979770126   0.033516303432680   0.039853627095233   0.043022288926510   
0.010741851912370   0.009939004848710   0.008333310721392   0.006727616594074   0.005121922466756   0.004319075403097   0.011409005336908   0.010606158273249   0.009000464145931   0.007394770018613   0.005789075891295   0.004986228827636   0.012743312185985   0.011940465122326   0.010334770995008   0.008729076867690   0.007123382740372   0.006320535676713   0.013410465610523   0.012607618546864   0.011001924419546   0.009396230292228   0.007790536164910   0.006987689101251   
1.000000000000000   1.000000000000000   1.000000000000000   1.000000000000000   1.000000000000000   1.000000000000000   1.000000000000000   1.000000000000000   1.000000000000000   1.000000000000000   1.000000000000000   1.000000000000000   1.000000000000000   1.000000000000000   1.000000000000000   1.000000000000000   1.000000000000000   1.000000000000000   1.000000000000000   1.000000000000000   1.000000000000000   1.000000000000000   1.000000000000000   1.000000000000000   
PATCH 10 
2 2 
13 4 
0.000000000000000   0.000000000000000   0.000000000000000   0.250000000000000   0.250000000000000   0.375000000000000   0.375000000000000   0.500000000000000   0.500000000000000   0.750000000000000   0.750000000000000   0.875000000000000   0.875000000000000   1.000000000000000   1.000000000000000   1.000000000000000   
0.000000000000000   0.000000000000000   0.000000000000000   0.500000000000000   1.000000000000000   1.000000000000000   1.000000000000000   
0.016996844915561   0.016401634480725   0.015806424045889   0.015792928823989   0.015788390946342   0.015783853068696   0.015788272535304   0.014453127767791   0.013117983000278   0.011400554934730   0.012990128234997   0.011358233253674   0.013043835142959   0.017165882255745   0.016650651554196   0.016135420852648   0.016072644844966   0.016064543158308   0.016056441471649   0.016103014106014   0.014927508107274   0.013752002108534   0.011954861759721   0.013130434497462   0.011889906024010   0.013629962265707   0.017503956936112   0.017148685701139   0.016793414466165   0.016632076886921   0.016616847582239   0.016601618277556   0.016732497247435   0.015876268786239   0.015020040325044   0.013063475409702   0.013411047022391   0.012953251564683   0.014802216511203   0.017672994276296   0.017397702774610   0.017122411272924   0.016911792907899   0.016892999794204   0.016874206680510   0.017047238818145   0.016350649125722   0.015654059433300   0.013617782234693   0.013551353284856   0.013484924335019   0.015388343633951   
0.010741851912370   0.010892660984247   0.011043470056124   0.011038419142208   0.011039801039035   0.011041182935862   0.011048997643432   0.011525884773074   0.012002771902717   0.010546913135653   0.012147243691753   0.010735135913619   0.012332539419901   0.011409005336908   0.011539549862601   0.011670094388294   0.011629945967101   0.011633306546440   0.011636667125780   0.011683536705653   0.012179347040770   0.012675157375887   0.011128039383786   0.012327333183080   0.011267298231697   0.012918666542649   0.012743312185985   0.012833327619309   0.012923343052634   0.012812999616886   0.012820317561251   0.012827635505616   0.012952614830094   0.013486271576161   0.014019928322228   0.012290291880052   0.012687512165732   0.012331622867854   0.014090920788144   0.013410465610523   0.013480216497663   0.013549967384804   0.013404526441779   0.013413823068657   0.013423119695535   0.013587153892315   0.014139733843856   0.014692313795398   0.012871418128185   0.012867601657058   0.012863785185932   0.014677047910892   
1.000000000000000   1.000000000000000   1.000000000000000   0.999437133872378   0.999437133872378   0.999437133872378   1.000000000000000   1.000000000000000   1.000000000000000   0.876003214775378   1.000000000000000   0.876003214775378   1.000000000000000   1.000000000000000   1.000000000000000   1.000000000000000   0.996799419224713   0.996799419224713   0.996799419224713   1.000000000000000   1.000000000000000   1.000000000000000   0.875314966939441   0.968312555857907   0.875314966939441   1.000000000000000   1.000000000000000   1.000000000000000   1.000000000000000   0.991523989929384   0.991523989929384   0.991523989929384   1.000000000000000   1.000000000000000   1.000000000000000   0.873938471267566   0.904937667573722   0.873938471267566   1.000000000000000   1.000000000000000   1.000000000000000   1.000000000000000   0.988886275281720   0.988886275281720   0.988886275281720   1.000000000000000   1.000000000000000   1.000000000000000   0.873250223431629   0.873250223431629   0.873250223431629   1.000000000000000   
PATCH 11 
2 1 
13 2 
0.000000000000000   0.000000000000000   0.000000000000000   0.250000000000000   0.250000000000000   0.375000000000000   0.375000000000000   0.500000000000000   0.500000000000000   0.750000000000000   0.750000000000000   0.875000000000000   0.875000000000000   1.000000000000000   1.000000000000000   1.000000000000000   
0.000000000000000   0.000000000000000   1.000000000000000   1.000000000000000   
0.043299601323463   0.042429208831395   0.041520228837151   0.041057602725415   0.040526462321395   0.040090138584118   0.039659772458780   0.038414211375042   0.036792898994297   0.036200298947781   0.035643793587459   0.035156084901202   0.034653678503197   0.043734282891114   0.043142506727484   0.042531053738569   0.042225327244111   0.041914681543332   0.041604035842553   0.041288470935453   0.040657341121252   0.040006534481766   0.039681131162023   0.039350808635958   0.039020486109894   0.038685244377508   
0.024999036479905   0.026308424951834   0.027588421227592   0.028222847764926   0.028807727316822   0.029459086446824   0.030116318318189   0.031125624012144   0.031782682960640   0.032278889568996   0.032803523540329   0.033389586748013   0.033963442516090   0.025250000000000   0.026178902508932   0.027094027156471   0.027551589480241   0.028005707338662   0.028459825197083   0.028910498590156   0.029811845376303   0.030699414301056   0.031143198763433   0.031583538760461   0.032023878757490   0.032460774289170   
1.000000000000000   0.998022198547869   0.997033297821803   0.996538847458770   0.996291622277254   0.996044397095737   0.996044397095737   0.996044397095737   0.997033297821803   0.997527748184836   0.998269423729385   0.999011099273934   1.000000000000000   1.000000000000000   0.999048674522937   0.998573011784405   0.998335180415139   0.998216264730506   0.998097349045873   0.998097349045873   0.998097349045873   0.998573011784405   0.998810843153671   0.999167590207569   0.999524337261468   1.000000000000000   
PATCH 12 
2 1 
6 2 
0.000000000000000   0.000000000000000   0.000000000000000   0.250000000000000   0.500000000000000   0.750000000000000   1.000000000000000   1.000000000000000   1.000000000000000   
0.000000000000000   0.000000000000000   1.000000000000000   1.000000000000000   
0.016996844915561   0.020165506746838   0.026502830409391   0.032840154071945   0.039177477734499   0.042346139565775   0.014550000000000   0.018024517445722   0.024973552337166   0.031922587228610   0.038871622120053   0.042346139565775   
0.010741851912370   0.009939004848710   0.008333310721392   0.006727616594074   0.005121922466756   0.004319075403097   0.000000000000000   0.000000000000000   0.000000000000000   0.000000000000000   0.000000000000000   0.000000000000000   
1.000000000000000   1.000000000000000   1.000000000000000   1.000000000000000   1.000000000000000   1.000000000000000   1.000000000000000   1.000000000000000   1.000000000000000   1.000000000000000   1.000000000000000   1.000000000000000   
PATCH 13 
2 1 
13 2 
0.000000000000000   0.000000000000000   0.000000000000000   0.250000000000000   0.250000000000000   0.375000000000000   0.375000000000000   0.500000000000000   0.500000000000000   0.750000000000000   0.750000000000000   0.875000000000000   0.875000000000000   1.000000000000000   1.000000000000000   1.000000000000000   
0.000000000000000   0.000000000000000   1.000000000000000   1.000000000000000   
0.042346139565775   0.044260226735048   0.046174313904321   0.046091981378468   0.046100735456548   0.046109489534628   0.046209330216640   0.047165819313643   0.048122308410646   0.043662924518416   0.048280655754744   0.043780461872861   0.048335185890032   0.042346139565775   0.043302872120053   0.044259604674332   0.044737970951471   0.045216337228610   0.045694703505749   0.046173069782888   0.047129802337166   0.048086534891444   0.048564901168583   0.049043267445722   0.049521633722861   0.050000000000000   
0.004319075403097   0.003834101194657   0.003349126986217   0.003340354134499   0.003338947082903   0.003337540031307   0.003343498779834   0.003275870744121   0.003208242708409   0.002899316823396   0.003269201019423   0.003021688255414   0.003429875415048   0.000000000000000   0.000000000000000   0.000000000000000   0.000000000000000   0.000000000000000   0.000000000000000   0.000000000000000   0.000000000000000   0.000000000000000   0.000000000000000   0.000000000000000   0.000000000000000   0.000000000000000   
1.000000000000000   1.000000000000000   1.000000000000000   0.998030780243047   0.998030780243047   0.998030780243047   1.000000000000000   1.000000000000000   1.000000000000000   0.905573723309318   1.000000000000000   0.905573723309318   1.000000000000000   1.000000000000000   1.000000000000000   1.000000000000000   1.000000000000000   1.000000000000000   1.000000000000000   1.000000000000000   1.000000000000000   1.000000000000000   1.000000000000000   1.000000000000000   1.000000000000000   1.000000000000000   
PATCH 14 
2 1 
13 2 
0.000000000000000   0.000000000000000   0.000000000000000   0.250000000000000   0.250000000000000   0.375000000000000   0.375000000000000   0.500000000000000   0.500000000000000   0.750000000000000   0.750000000000000   0.875000000000000   0.875000000000000   1.000000000000000   1.000000000000000   1.000000000000000   
0.000000000000000   0.000000000000000   1.000000000000000   1.000000000000000   
0.014550000000000   0.014280070316681   0.013885191191555   0.013687751628993   0.013459074705979   0.013230397782965   0.012970483499499   0.012450654932568   0.011805876923831   0.011483487919463   0.011129861554643   0.010776235189823   0.010391371464552   0.016996844915561   0.016401634480725   0.015806424045889   0.015792928823989   0.015788390946342   0.015783853068696   0.015788272535304   0.014453127767791   0.013117983000278   0.011400554934730   0.012990128234997   0.011358233253674   0.013043835142959   
0.000000000000000   0.001375091419583   0.002699161809418   0.003361197004335   0.004010476941815   0.004659756879295   0.005296281559337   0.006569330919423   0.007791359249759   0.008402373414928   0.009000632322659   0.009598891230390   0.010184394880684   0.010741851912370   0.010892660984247   0.011043470056124   0.011038419142208   0.011039801039035   0.011041182935862   0.011048997643432   0.011525884773074   0.012002771902717   0.010546913135653   0.012147243691753   0.010735135913619   0.012332539419901   
1.000000000000000   0.981448131730628   0.972172197595942   0.967534230528599   0.965215246994927   0.962896263461255   0.962896263461256   0.962896263461255   0.972172197595942   0.976810164663285   0.983767115264299   0.990724065865314   1.000000000000000   1.000000000000000   1.000000000000000   1.000000000000000   0.999437133872378   0.999437133872378   0.999437133872378   1.000000000000000   1.000000000000000   1.000000000000000   0.876003214775378   1.000000000000000   0.876003214775378   1.000000000000000   
PATCH 15 
2 1 
4 2 
0.000000000000000   0.000000000000000   0.000000000000000   0.500000000000000   1.000000000000000   1.000000000000000   1.000000000000000   
0.000000000000000   0.000000000000000   1.000000000000000   1.000000000000000   
0.034653678503197   0.034489097242112   0.034143908088110   0.033963442516090   0.015388343633951   0.015210519703186   0.014854871841657   0.014677047910892   
0.033963442516090   0.034143908088110   0.034489097242112   0.034653678503197   0.014677047910892   0.014854871841657   0.015210519703186   0.015388343633951   
1.000000000000000   0.999974704839383   0.999974704839383   1.000000000000000   1.000000000000000   1.000000000000000   1.000000000000000   1.000000000000000   
PATCH 16 
2 2 
4 4 
0.000000000000000   0.000000000000000   0.000000000000000   0.500000000000000   1.000000000000000   1.000000000000000   1.000000000000000   
0.000000000000000   0.000000000000000   0.000000000000000   0.500000000000000   1.000000000000000   1.000000000000000   1.000000000000000   
0.013043835142959   0.013629962265707   0.014802216511203   0.015388343633951   0.012866011212195   0.013452138334943   0.014624392580438   0.015210519703186   0.012510363350665   0.013096490473413   0.014268744718909   0.014854871841657   0.012332539419901   0.012918666542649   0.014090920788144   0.014677047910892   
0.012332539419901   0.012918666542649   0.014090920788144   0.014677047910892   0.012510363350665   0.013096490473413   0.014268744718909   0.014854871841657   0.012866011212195   0.013452138334943   0.014624392580438   0.015210519703186   0.013043835142959   0.013629962265707   0.014802216511203   0.015388343633951   
1.000000000000000   1.000000000000000   1.000000000000000   1.000000000000000   1.000000000000000   1.000000000000000   1.000000000000000   1.000000000000000   1.000000000000000   1.000000000000000   1.000000000000000   1.000000000000000   1.000000000000000   1.000000000000000   1.000000000000000   1.000000000000000   
PATCH 17 
2 1 
4 2 
0.000000000000000   0.000000000000000   0.000000000000000   0.500000000000000   1.000000000000000   1.000000000000000   1.000000000000000   
0.000000000000000   0.000000000000000   1.000000000000000   1.000000000000000   
0.013043835142959   0.012866011212195   0.012510363350665   0.012332539419901   0.010391371464552   0.010339887565408   0.010236399273474   0.010184394880684   
0.012332539419901   0.012510363350665   0.012866011212195   0.013043835142959   0.010184394880684   0.010236399273474   0.010339887565408   0.010391371464552   
1.000000000000000   1.000000000000000   1.000000000000000   1.000000000000000   1.000000000000000   0.999974704839383   0.999974704839383   1.000000000000000   
PATCH 18 
2 1 
4 2 
0.000000000000000   0.000000000000000   0.000000000000000   0.500000000000000   1.000000000000000   1.000000000000000   1.000000000000000   
0.000000000000000   0.000000000000000   1.000000000000000   1.000000000000000   
0.034653678503197   0.034489097242112   0.034143908088110   0.033963442516090   0.038685244377508   0.037197068413715   0.034084833369545   0.032460774289170   
0.033963442516090   0.034143908088110   0.034489097242112   0.034653678503197   0.032460774289170   0.034084833369545   0.037197068413715   0.038685244377508   
1.000000000000000   0.999974704839383   0.999974704839383   1.000000000000000   1.000000000000000   0.998097349045873   0.998097349045873   1.000000000000000   
PATCH 19 
2 1 
4 2 
0.000000000000000   0.000000000000000   0.000000000000000   0.500000000000000   1.000000000000000   1.000000000000000   1.000000000000000   
0.000000000000000   0.000000000000000   1.000000000000000   1.000000000000000   
0.000000000000000   0.002178893568691   0.006520098010365   0.008682408883347   0.000000000000000   0.002200682504378   0.006585298990468   0.008769232972180   
0.050000000000000   0.049904867452294   0.049525061277599   0.049240387650610   0.050500000000000   0.050403916126817   0.050020311890375   0.049732791527117   
1.000000000000000   0.998097349045873   0.998097349045873   1.000000000000000   1.000000000000000   0.998097349045873   0.998097349045873   1.000000000000000   
PATCH 20 
2 1 
4 2 
0.000000000000000   0.000000000000000   0.000000000000000   0.500000000000000   1.000000000000000   1.000000000000000   1.000000000000000   
0.000000000000000   0.000000000000000   1.000000000000000   1.000000000000000   
0.003429875415048   0.004532080098352   0.006736489464960   0.007838694148263   0.000000000000000   0.002178893568691   0.006520098010365   0.008682408883347   
0.048335185890032   0.048212469196378   0.047967035809068   0.047844319115414   0.050000000000000   0.049904867452294   0.049525061277599   0.049240387650610   
1.000000000000000   1.000000000000000   1.000000000000000   1.000000000000000   1.000000000000000   0.998097349045873   0.998097349045873   1.000000000000000   
PATCH 21 
2 1 
13 2 
0.000000000000000   0.000000000000000   0.000000000000000   0.125000000000000   0.125000000000000   0.250000000000000   0.250000000000000   0.500000000000000   0.500000000000000   0.625000000000000   0.625000000000000   0.750000000000000   0.750000000000000   1.000000000000000   1.000000000000000   1.000000000000000   
0.000000000000000   0.000000000000000   1.000000000000000   1.000000000000000   
0.007838694148263   0.007197040847603   0.007982431943593   0.007290925313540   0.008009092715412   0.007443133707173   0.006877174698934   0.006753579301098   0.006753243193822   0.006752907086546   0.006875830269830   0.006931759685541   0.006987689101251   0.008682408883347   0.009214726804819   0.009639953529787   0.010202311214433   0.010705437456768   0.011759369307263   0.012820487210658   0.013343032421646   0.013879839944122   0.014418739355078   0.014959006312845   0.016020910472467   0.017060907315714   
0.047844319115414   0.043408980102180   0.047757295354557   0.043269626609881   0.047591395107402   0.045579220289227   0.043567045471052   0.042803499506466   0.042777680958223   0.042751862409980   0.043463771278080   0.043243030102295   0.043022288926510   0.049240387650610   0.049122375608591   0.048467922655174   0.048523040232718   0.048293856425281   0.048058738432159   0.047846709647963   0.047707797516523   0.047617271312464   0.047529324813672   0.047440469592336   0.047194469527980   0.046874457605331   
1.000000000000000   0.907490741137525   1.000000000000000   0.907490741137525   1.000000000000000   1.000000000000000   1.000000000000000   0.983044759792578   0.983044759792578   0.983044759792578   1.000000000000000   1.000000000000000   1.000000000000000   1.000000000000000   0.999524337261468   0.999167590207569   0.998810843153671   0.998573011784405   0.998097349045873   0.998097349045873   0.998097349045873   0.998216264730506   0.998335180415139   0.998573011784404   0.999048674522936   1.000000000000000   
PATCH 22 
2 2 
13 4 
0.000000000000000   0.000000000000000   0.000000000000000   0.250000000000000   0.250000000000000   0.375000000000000   0.375000000000000   0.500000000000000   0.500000000000000   0.750000000000000   0.750000000000000   0.875000000000000   0.875000000000000   1.000000000000000   1.000000000000000   1.000000000000000   
0.000000000000000   0.000000000000000   0.000000000000000   0.500000000000000   1.000000000000000   1.000000000000000   1.000000000000000   
0.004319075403097   0.003834101194657   0.003349126986217   0.003340354134499   0.003338947082903   0.003337540031307   0.003343498779834   0.003275870744121   0.003208242708409   0.002899316823396   0.003269201019423   0.003021688255414   0.003429875415048   0.004986228827636   0.004608515817378   0.004230802807120   0.004193492372511   0.004192521110633   0.004191549848755   0.004226917759609   0.004317686484884   0.004408455210160   0.003997218945932   0.004447508750465   0.004065526403462   0.004532080098352   0.006320535676713   0.006157345062820   0.005994154448927   0.005899768848534   0.005899669166092   0.005899569483650   0.005993755719159   0.006401317966410   0.006808880213661   0.006193023191004   0.006804124212551   0.006153202699556   0.006736489464960   0.006987689101251   0.006931759685541   0.006875830269830   0.006752907086546   0.006753243193822   0.006753579301098   0.006877174698934   0.007443133707173   0.008009092715412   0.007290925313540   0.007982431943593   0.007197040847603   0.007838694148263   
0.042346139565775   0.044260226735048   0.046174313904321   0.046091981378468   0.046100735456548   0.046109489534628   0.046209330216640   0.047165819313643   0.048122308410646   0.043662924518416   0.048280655754744   0.043780461872861   0.048335185890032   0.042515176905959   0.044005927576860   0.045496678247761   0.045256951636346   0.045269971831967   0.045282992027587   0.045548759030243   0.046769169557539   0.047989580084835   0.043564600041282   0.048149815654697   0.043687591430191   0.048212469196378   0.042853251586327   0.043497329260483   0.044141406934640   0.043586892152102   0.043608444582804   0.043629997013506   0.044227616657449   0.045975870045331   0.047724123433213   0.043367951087015   0.047888135454604   0.043501850544850   0.047967035809068   0.043022288926510   0.043243030102295   0.043463771278080   0.042751862409980   0.042777680958223   0.042803499506466   0.043567045471052   0.045579220289227   0.047591395107402   0.043269626609881   0.047757295354557   0.043408980102180   0.047844319115414   
1.000000000000000   1.000000000000000   1.000000000000000   0.998030780243047   0.998030780243047   0.998030780243047   1.000000000000000   1.000000000000000   1.000000000000000   0.905573723309318   1.000000000000000   0.905573723309318   1.000000000000000   1.000000000000000   1.000000000000000   1.000000000000000   0.994284275130430   0.994284275130430   0.994284275130430   1.000000000000000   1.000000000000000   1.000000000000000   0.906052977766370   1.000000000000000   0.906052977766370   1.000000000000000   1.000000000000000   1.000000000000000   1.000000000000000   0.986791264905196   0.986791264905196   0.986791264905196   1.000000000000000   1.000000000000000   1.000000000000000   0.907011486680473   1.000000000000000   0.907011486680473   1.000000000000000   1.000000000000000   1.000000000000000   1.000000000000000   0.983044759792578   0.983044759792578   0.983044759792578   1.000000000000000   1.000000000000000   1.000000000000000   0.907490741137525   1.000000000000000   0.907490741137525   1.000000000000000   
PATCH 23 
2 1 
13 2 
0.000000000000000   0.000000000000000   0.000000000000000   0.125000000000000   0.125000000000000   0.250000000000000   0.250000000000000   0.500000000000000   0.500000000000000   0.625000000000000   0.625000000000000   0.750000000000000   0.750000000000000   1.000000000000000   1.000000000000000   1.000000000000000   
0.000000000000000   0.000000000000000   1.000000000000000   1.000000000000000   
0.008682408883347   0.009214726804819   0.009639953529787   0.010202311214433   0.010705437456768   0.011759369307263   0.012820487210658   0.013343032421646   0.013879839944122   0.014418739355078   0.014959006312845   0.016020910472467   0.017060907315714   0.008769232972180   0.009306874072867   0.009842960902535   0.010379047732203   0.010913580290852   0.011982645408149   0.013045493441370   0.013576917457981   0.014106787203572   0.014636656949163   0.015164972423735   0.016221603372879   0.017272017237946   
0.049240387650610   0.049122375608591   0.048467922655174   0.048523040232718   0.048293856425281   0.048058738432159   0.047846709647963   0.047707797516523   0.047617271312464   0.047529324813672   0.047440469592336   0.047194469527980   0.046874457605331   0.049732791527117   0.049613599364677   0.049488606583825   0.049363613802972   0.049232820403708   0.048971233605179   0.048686444333000   0.048544049696911   0.048395854442409   0.048247659187908   0.048093663314994   0.047785671569166   0.047454477349688   
1.000000000000000   0.999524337261468   0.999167590207569   0.998810843153671   0.998573011784405   0.998097349045873   0.998097349045873   0.998097349045873   0.998216264730506   0.998335180415139   0.998573011784404   0.999048674522936   1.000000000000000   1.000000000000000   0.999524337261468   0.999167590207569   0.998810843153671   0.998573011784405   0.998097349045873   0.998097349045873   0.998097349045873   0.998216264730506   0.998335180415139   0.998573011784404   0.999048674522936   1.000000000000000   
PATCH 24 
2 1 
6 2 
0.000000000000000   0.000000000000000   0.000000000000000   0.250000000000000   0.500000000000000   0.750000000000000   1.000000000000000   1.000000000000000   1.000000000000000   
0.000000000000000   0.000000000000000   1.000000000000000   1.000000000000000   
0.017060907315714   0.018106846515429   0.020102576041287   0.022000201763202   0.023981283833107   0.024999036479905   0.017272017237946   0.018289568482936   0.020304367573183   0.022298863263696   0.024273055554476   0.025250000000000   
0.046874457605331   0.046563110612459   0.045687866923832   0.044610827624337   0.043711031460557   0.043299601323463   0.047454477349688   0.047032993823604   0.046146485990198   0.045216437375554   0.044242847979673   0.043734282891114   
1.000000000000000   0.999048674522936   0.998097349045873   0.998097349045873   0.999048674522936   1.000000000000000   1.000000000000000   0.999048674522936   0.998097349045873   0.998097349045873   0.999048674522936   1.000000000000000   
PATCH 25 
2 1 
6 2 
0.000000000000000   0.000000000000000   0.000000000000000   0.250000000000000   0.500000000000000   0.750000000000000   1.000000000000000   1.000000000000000   1.000000000000000   
0.000000000000000   0.000000000000000   1.000000000000000   1.000000000000000   
0.017060907315714   0.018106846515429   0.020102576041287   0.022000201763202   0.023981283833107   0.024999036479905   0.006987689101251   0.007790536164910   0.009396230292228   0.011001924419546   0.012607618546864   0.013410465610523   
0.046874457605331   0.046563110612459   0.045687866923832   0.044610827624337   0.043711031460557   0.043299601323463   0.043022288926510   0.039853627095233   0.033516303432680   0.027178979770126   0.020841656107573   0.017672994276296   
1.000000000000000   0.999048674522936   0.998097349045873   0.998097349045873   0.999048674522936   1.000000000000000   1.000000000000000   1.000000000000000   1.000000000000000   1.000000000000000   1.000000000000000   1.000000000000000   
PATCH 26 
2 1 
13 2 
0.000000000000000   0.000000000000000   0.000000000000000   0.250000000000000   0.250000000000000   0.375000000000000   0.375000000000000   0.500000000000000   0.500000000000000   0.750000000000000   0.750000000000000   0.875000000000000   0.875000000000000   1.000000000000000   1.000000000000000   1.000000000000000   
0.000000000000000   0.000000000000000   1.000000000000000   1.000000000000000   
0.024999036479905   0.026308424951834   0.027588421227592   0.028222847764926   0.028807727316822   0.029459086446824   0.030116318318189   0.031125624012144   0.031782682960640   0.032278889568996   0.032803523540329   0.033389586748013   0.033963442516090   0.013410465610523   0.013480216497663   0.013549967384804   0.013404526441779   0.013413823068657   0.013423119695535   0.013587153892315   0.014139733843856   0.014692313795398   0.012871418128185   0.012867601657058   0.012863785185932   0.014677047910892   
0.043299601323463   0.042429208831395   0.041520228837151   0.041057602725415   0.040526462321395   0.040090138584118   0.039659772458780   0.038414211375042   0.036792898994297   0.036200298947781   0.035643793587459   0.035156084901202   0.034653678503197   0.017672994276296   0.017397702774610   0.017122411272924   0.016911792907899   0.016892999794204   0.016874206680510   0.017047238818145   0.016350649125722   0.015654059433300   0.013617782234693   0.013551353284856   0.013484924335019   0.015388343633951   
1.000000000000000   0.998022198547869   0.997033297821803   0.996538847458770   0.996291622277254   0.996044397095737   0.996044397095737   0.996044397095737   0.997033297821803   0.997527748184836   0.998269423729385   0.999011099273934   1.000000000000000   1.000000000000000   1.000000000000000   1.000000000000000   0.988886275281720   0.988886275281720   0.988886275281720   1.000000000000000   1.000000000000000   1.000000000000000   0.873250223431629   0.873250223431629   0.873250223431629   1.000000000000000   
PATCH 27 
2 2 
6 4 
0.000000000000000   0.000000000000000   0.000000000000000   0.250000000000000   0.500000000000000   0.750000000000000   1.000000000000000   1.000000000000000   1.000000000000000   
0.000000000000000   0.000000000000000   0.000000000000000   0.500000000000000   1.000000000000000   1.000000000000000   1.000000000000000   
0.010741851912370   0.009939004848710   0.008333310721392   0.006727616594074   0.005121922466756   0.004319075403097   0.011409005336908   0.010606158273249   0.009000464145931   0.007394770018613   0.005789075891295   0.004986228827636   0.012743312185985   0.011940465122326   0.010334770995008   0.008729076867690   0.007123382740372   0.006320535676713   0.013410465610523   0.012607618546864   0.011001924419546   0.009396230292228   0.007790536164910   0.006987689101251   
0.016996844915561   0.020165506746838   0.026502830409391   0.032840154071945   0.039177477734499   0.042346139565775   0.017165882255745   0.020334544087022   0.026671867749575   0.033009191412129   0.039346515074682   0.042515176905959   0.017503956936112   0.020672618767389   0.027009942429943   0.033347266092496   0.039684589755050   0.042853251586327   0.017672994276296   0.020841656107573   0.027178979770126   0.033516303432680   0.039853627095233   0.043022288926510   
1.000000000000000   1.000000000000000   1.000000000000000   1.000000000000000   1.000000000000000   1.000000000000000   1.000000000000000   1.000000000000000   1.000000000000000   1.000000000000000   1.000000000000000   1.000000000000000   1.000000000000000   1.000000000000000   1.000000000000000   1.000000000000000   1.000000000000000   1.000000000000000   1.000000000000000   1.000000000000000   1.000000000000000   1.000000000000000   1.000000000000000   1.000000000000000   
PATCH 28 
2 2 
13 4 
0.000000000000000   0.000000000000000   0.000000000000000   0.250000000000000   0.250000000000000   0.375000000000000   0.375000000000000   0.500000000000000   0.500000000000000   0.750000000000000   0.750000000000000   0.875000000000000   0.875000000000000   1.000000000000000   1.000000000000000   1.000000000000000   
0.000000000000000   0.000000000000000   0.000000000000000   0.500000000000000   1.000000000000000   1.000000000000000   1.000000000000000   
0.010741851912370   0.010892660984247   0.011043470056124   0.011038419142208   0.011039801039035   0.011041182935862   0.011048997643432   0.011525884773074   0.012002771902717   0.010546913135653   0.012147243691753   0.010735135913619   0.012332539419901   0.011409005336908   0.011539549862601   0.011670094388294   0.011629945967101   0.011633306546440   0.011636667125780   0.011683536705653   0.012179347040770   0.012675157375887   0.011128039383786   0.012327333183080   0.011267298231697   0.012918666542649   0.012743312185985   0.012833327619309   0.012923343052634   0.012812999616886   0.012820317561251   0.012827635505616   0.012952614830094   0.013486271576161   0.014019928322228   0.012290291880052   0.012687512165732   0.012331622867854   0.014090920788144   0.013410465610523   0.013480216497663   0.013549967384804   0.013404526441779   0.013413823068657   0.013423119695535   0.013587153892315   0.014139733843856   0.014692313795398   0.012871418128185   0.012867601657058   0.012863785185932   0.014677047910892   
0.016996844915561   0.016401634480725   0.015806424045889   0.015792928823989   0.015788390946342   0.015783853068696   0.015788272535304   0.014453127767791   0.013117983000278   0.011400554934730   0.012990128234997   0.011358233253674   0.013043835142959   0.017165882255745   0.016650651554196   0.016135420852648   0.016072644844966   0.016064543158308   0.016056441471649   0.016103014106014   0.014927508107274   0.013752002108534   0.011954861759721   0.013130434497462   0.011889906024010   0.013629962265707   0.017503956936112   0.017148685701139   0.016793414466165   0.016632076886921   0.016616847582239   0.016601618277556   0.016732497247435   0.015876268786239   0.015020040325044   0.013063475409702   0.013411047022391   0.012953251564683   0.014802216511203   0.017672994276296   0.017397702774610   0.017122411272924   0.016911792907899   0.016892999794204   0.016874206680510   0.017047238818145   0.016350649125722   0.015654059433300   0.013617782234693   0.013551353284856   0.013484924335019   0.015388343633951   
1.000000000000000   1.000000000000000   1.000000000000000   0.999437133872378   0.999437133872378   0.999437133872378   1.000000000000000   1.000000000000000   1.000000000000000   0.876003214775378   1.000000000000000   0.876003214775378   1.000000000000000   1.000000000000000   1.000000000000000   1.000000000000000   0.996799419224713   0.996799419224713   0.996799419224713   1.000000000000000   1.000000000000000   1.000000000000000   0.875314966939441   0.968312555857907   0.875314966939441   1.000000000000000   1.000000000000000   1.000000000000000   1.000000000000000   0.991523989929384   0.991523989929384   0.991523989929384   1.000000000000000   1.000000000000000   1.000000000000000   0.873938471267566   0.904937667573722   0.873938471267566   1.000000000000000   1.000000000000000   1.000000000000000   1.000000000000000   0.988886275281720   0.988886275281720   0.988886275281720   1.000000000000000   1.000000000000000   1.000000000000000   0.873250223431629   0.873250223431629   0.873250223431629   1.000000000000000   
PATCH 29 
2 1 
13 2 
0.000000000000000   0.000000000000000   0.000000000000000   0.250000000000000   0.250000000000000   0.375000000000000   0.375000000000000   0.500000000000000   0.500000000000000   0.750000000000000   0.750000000000000   0.875000000000000   0.875000000000000   1.000000000000000   1.000000000000000   1.000000000000000   
0.000000000000000   0.000000000000000   1.000000000000000   1.000000000000000   
0.024999036479905   0.026308424951834   0.027588421227592   0.028222847764926   0.028807727316822   0.029459086446824   0.030116318318189   0.031125624012144   0.031782682960640   0.032278889568996   0.032803523540329   0.033389586748013   0.033963442516090   0.025250000000000   0.026178902508932   0.027094027156471   0.027551589480241   0.028005707338662   0.028459825197083   0.028910498590156   0.029811845376303   0.030699414301056   0.031143198763433   0.031583538760461   0.032023878757490   0.032460774289170   
0.043299601323463   0.042429208831395   0.041520228837151   0.041057602725415   0.040526462321395   0.040090138584118   0.039659772458780   0.038414211375042   0.036792898994297   0.036200298947781   0.035643793587459   0.035156084901202   0.034653678503197   0.043734282891114   0.043142506727484   0.042531053738569   0.042225327244111   0.041914681543332   0.041604035842553   0.041288470935453   0.040657341121252   0.040006534481766   0.039681131162023   0.039350808635958   0.039020486109894   0.038685244377508   
1.000000000000000   0.998022198547869   0.997033297821803   0.996538847458770   0.996291622277254   0.996044397095737   0.996044397095737   0.996044397095737   0.997033297821803   0.997527748184836   0.998269423729385   0.999011099273934   1.000000000000000   1.000000000000000   0.999048674522937   0.998573011784405   0.998335180415139   0.998216264730506   0.998097349045873   0.998097349045873   0.998097349045873   0.998573011784405   0.998810843153671   0.999167590207569   0.999524337261468   1.000000000000000   
PATCH 30 
2 1 
6 2 
0.000000000000000   0.000000000000000   0.000000000000000   0.250000000000000   0.500000000000000   0.750000000000000   1.000000000000000   1.000000000000000   1.000000000000000   
0.000000000000000   0.000000000000000   1.000000000000000   1.000000000000000   
0.010741851912370   0.009939004848710   0.008333310721392   0.006727616594074   0.005121922466756   0.004319075403097   0.000000000000000   0.000000000000000   0.000000000000000   0.000000000000000   0.000000000000000   0.000000000000000   
0.016996844915561   0.020165506746838   0.026502830409391   0.032840154071945   0.039177477734499   0.042346139565775   0.014550000000000   0.018024517445722   0.024973552337166   0.031922587228610   0.038871622120053   0.042346139565775   
1.000000000000000   1.000000000000000   1.000000000000000   1.000000000000000   1.000000000000000   1.000000000000000   1.000000000000000   1.000000000000000   1.000000000000000   1.000000000000000   1.000000000000000   1.000000000000000   
PATCH 31 
2 1 
13 2 
0.000000000000000   0.000000000000000   0.000000000000000   0.250000000000000   0.250000000000000   0.375000000000000   0.375000000000000   0.500000000000000   0.500000000000000   0.750000000000000   0.750000000000000   0.875000000000000   0.875000000000000   1.000000000000000   1.000000000000000   1.000000000000000   
0.000000000000000   0.000000000000000   1.000000000000000   1.000000000000000   
0.004319075403097   0.003834101194657   0.003349126986217   0.003340354134499   0.003338947082903   0.003337540031307   0.003343498779834   0.003275870744121   0.003208242708409   0.002899316823396   0.003269201019423   0.003021688255414   0.003429875415048   0.000000000000000   0.000000000000000   0.000000000000000   0.000000000000000   0.000000000000000   0.000000000000000   0.000000000000000   0.000000000000000   0.000000000000000   0.000000000000000   0.000000000000000   0.000000000000000   0.000000000000000   
0.042346139565775   0.044260226735048   0.046174313904321   0.046091981378468   0.046100735456548   0.046109489534628   0.046209330216640   0.047165819313643   0.048122308410646   0.043662924518416   0.048280655754744   0.043780461872861   0.048335185890032   0.042346139565775   0.043302872120053   0.044259604674332   0.044737970951471   0.045216337228610   0.045694703505749   0.046173069782888   0.047129802337166   0.048086534891444   0.048564901168583   0.049043267445722   0.049521633722861   0.050000000000000   
1.000000000000000   1.000000000000000   1.000000000000000   0.998030780243047   0.998030780243047   0.998030780243047   1.000000000000000   1.000000000000000   1.000000000000000   0.905573723309318   1.000000000000000   0.905573723309318   1.000000000000000   1.000000000000000   1.000000000000000   1.000000000000000   1.000000000000000   1.000000000000000   1.000000000000000   1.000000000000000   1.000000000000000   1.000000000000000   1.000000000000000   1.000000000000000   1.000000000000000   1.000000000000000   
PATCH 32 
2 1 
13 2 
0.000000000000000   0.000000000000000   0.000000000000000   0.250000000000000   0.250000000000000   0.375000000000000   0.375000000000000   0.500000000000000   0.500000000000000   0.750000000000000   0.750000000000000   0.875000000000000   0.875000000000000   1.000000000000000   1.000000000000000   1.000000000000000   
0.000000000000000   0.000000000000000   1.000000000000000   1.000000000000000   
0.000000000000000   0.001375091419583   0.002699161809418   0.003361197004335   0.004010476941815   0.004659756879295   0.005296281559337   0.006569330919423   0.007791359249759   0.008402373414928   0.009000632322659   0.009598891230390   0.010184394880684   0.010741851912370   0.010892660984247   0.011043470056124   0.011038419142208   0.011039801039035   0.011041182935862   0.011048997643432   0.011525884773074   0.012002771902717   0.010546913135653   0.012147243691753   0.010735135913619   0.012332539419901   
0.014550000000000   0.014280070316681   0.013885191191555   0.013687751628993   0.013459074705979   0.013230397782965   0.012970483499499   0.012450654932568   0.011805876923831   0.011483487919463   0.011129861554643   0.010776235189823   0.010391371464552   0.016996844915561   0.016401634480725   0.015806424045889   0.015792928823989   0.015788390946342   0.015783853068696   0.015788272535304   0.014453127767791   0.013117983000278   0.011400554934730   0.012990128234997   0.011358233253674   0.013043835142959   
1.000000000000000   0.981448131730628   0.972172197595942   0.967534230528599   0.965215246994927   0.962896263461255   0.962896263461256   0.962896263461255   0.972172197595942   0.976810164663285   0.983767115264299   0.990724065865314   1.000000000000000   1.000000000000000   1.000000000000000   1.000000000000000   0.999437133872378   0.999437133872378   0.999437133872378   1.000000000000000   1.000000000000000   1.000000000000000   0.876003214775378   1.000000000000000   0.876003214775378   1.000000000000000   
INTERFACE 1 
1 2 
5 1 
1 
INTERFACE 2 
1 3 
2 4 
1 
INTERFACE 3 
2 1 
13 2 
1 
INTERFACE 4 
2 2 
3 1 
1 
INTERFACE 5 
2 3 
4 2 
1 
INTERFACE 6 
3 2 
7 1 
-1 
INTERFACE 7 
3 3 
4 4 
-1 
INTERFACE 8 
3 4 
5 3 
1 
INTERFACE 9 
4 1 
9 2 
1 
INTERFACE 10 
4 3 
13 3 
1 
INTERFACE 11 
5 2 
6 1 
1 
INTERFACE 12 
6 2 
11 1 
1 
INTERFACE 13 
6 3 
7 3 
1 
INTERFACE 14 
7 2 
8 1 
1 
INTERFACE 15 
7 4 
9 4 
-1 
INTERFACE 16 
8 2 
15 1 
1 
INTERFACE 17 
8 3 
11 3 
1 
INTERFACE 18 
8 4 
10 4 
1 
INTERFACE 19 
9 1 
10 1 
1 
INTERFACE 20 
9 3 
12 3 
1 
INTERFACE 21 
10 2 
16 3 
1 
INTERFACE 22 
10 3 
14 4 
1 
INTERFACE 23 
11 2 
18 1 
1 
INTERFACE 24 
12 1 
14 1 
-1 
INTERFACE 25 
12 2 
13 1 
1 
INTERFACE 26 
14 2 
17 1 
-1 
INTERFACE 27 
15 2 
26 2 
1 
INTERFACE 28 
15 3 
18 3 
1 
INTERFACE 29 
15 4 
16 2 
1 
INTERFACE 30 
16 1 
17 3 
1 
INTERFACE 31 
16 4 
28 2 
1 
INTERFACE 32 
17 2 
32 2 
-1 
INTERFACE 33 
18 2 
29 2 
1 
INTERFACE 34 
19 2 
23 1 
1 
INTERFACE 35 
19 3 
20 4 
1 
INTERFACE 36 
20 1 
31 2 
1 
INTERFACE 37 
20 2 
21 1 
1 
INTERFACE 38 
20 3 
22 2 
1 
INTERFACE 39 
21 2 
25 1 
-1 
INTERFACE 40 
21 3 
22 4 
-1 
INTERFACE 41 
21 4 
23 3 
1 
INTERFACE 42 
22 1 
27 2 
1 
INTERFACE 43 
22 3 
31 3 
1 
INTERFACE 44 
23 2 
24 1 
1 
INTERFACE 45 
24 2 
29 1 
1 
INTERFACE 46 
24 3 
25 3 
1 
INTERFACE 47 
25 2 
26 1 
1 
INTERFACE 48 
25 4 
27 4 
-1 
INTERFACE 49 
26 3 
29 3 
1 
INTERFACE 50 
26 4 
28 4 
1 
INTERFACE 51 
27 1 
28 1 
1 
INTERFACE 52 
27 3 
30 3 
1 
INTERFACE 53 
28 3 
32 4 
1 
INTERFACE 54 
30 1 
32 1 
-1 
INTERFACE 55 
30 2 
31 1 
1 
BOUNDARY 1 
1 
1 1 
BOUNDARY 2 
1 
1 4 
BOUNDARY 3 
1 
5 4 
BOUNDARY 4 
1 
6 4 
BOUNDARY 5 
1 
11 4 
BOUNDARY 6 
1 
12 4 
BOUNDARY 7 
1 
13 4 
BOUNDARY 8 
1 
14 3 
BOUNDARY 9 
1 
17 4 
BOUNDARY 10 
1 
18 4 
BOUNDARY 11 
1 
19 1 
BOUNDARY 12 
1 
19 4 
BOUNDARY 13 
1 
23 4 
BOUNDARY 14 
1 
24 4 
BOUNDARY 15 
1 
29 4 
BOUNDARY 16 
1 
30 4 
BOUNDARY 17 
1 
31 4 
BOUNDARY 18 
1 
32 3 
