# nurbs mesh v.2.1
#
# 14-Jul-2024
#
2 2 32 55 0 
PATCH 1 
2 1 
4 2 
0.000000000000000   0.000000000000000   0.000000000000000   0.500000000000000   1.000000000000000   1.000000000000000   1.000000000000000   
0.000000000000000   0.000000000000000   1.000000000000000   1.000000000000000   
0.050000000000000   0.049904867452294   0.049525061277599   0.049240387650610   0.050500000000000   0.050403916126817   0.050020311890375   0.049732791527117   
0.000000000000000   0.002178893568691   0.006520098010365   0.008682408883347   0.000000000000000   0.002200682504378   0.006585298990468   0.008769232972180   
1.000000000000000   0.998097349045873   0.998097349045873   1.000000000000000   1.000000000000000   0.998097349045873   0.998097349045873   1.000000000000000   
PATCH 2 
2 1 
4 2 
0.000000000000000   0.000000000000000   0.000000000000000   0.500000000000000   1.000000000000000   1.000000000000000   1.000000000000000   
0.000000000000000   0.000000000000000   1.000000000000000   1.000000000000000   
0.048331641275438   0.048210118892105   0.047967074125438   0.047845551742104   0.050000000000000   0.049904867452294   0.049525061277599   0.049240387650610   
0.003510940784984   0.004591041415430   0.006751242676322   0.007831343306767   0.000000000000000   0.002178893568691   0.006520098010365   0.008682408883347   
1.000000000000000   1.000000000000000   1.000000000000000   1.000000000000000   1.000000000000000   0.998097349045873   0.998097349045873   1.000000000000000   
PATCH 3 
2 1 
13 2 
0.000000000000000   0.000000000000000   0.000000000000000   0.125000000000000   0.125000000000000   0.250000000000000   0.250000000000000   0.500000000000000   0.500000000000000   0.625000000000000   0.625000000000000   0.750000000000000   0.750000000000000   1.000000000000000   1.000000000000000   1.000000000000000   
0.000000000000000   0.000000000000000   1.000000000000000   1.000000000000000   
0.047845551742104   0.043349729177958   0.047757368159711   0.043208807106919   0.047590135485526   0.045616594530701   0.043643053575877   0.042878554597816   0.042852746779292   0.042826938960769   0.043539822301783   0.043318286933834   0.043096751565885   0.049240387650610   0.049122375608591   0.048471847620712   0.048554341319284   0.048308081294368   0.048067340860929   0.047857820035980   0.047719736956660   0.047612793578660   0.047550143931112   0.047446600916614   0.047206055509808   0.046873629142201   
0.007831343306767   0.007181041903346   0.007975643506116   0.007274529130440   0.008000785590763   0.007417682854835   0.006834580118908   0.006711420276153   0.006710744919843   0.006710069563534   0.006831878693669   0.006884910428858   0.006937942164046   0.008682408883347   0.009214726804819   0.009640734179819   0.010208892488503   0.010708590724235   0.011761474213471   0.012823464230155   0.013346371673197   0.013878534740636   0.014425055149151   0.014960939652025   0.016024843517577   0.017060605779794   
1.000000000000000   0.906232269703445   1.000000000000000   0.906232269703445   1.000000000000000   1.000000000000000   1.000000000000000   0.983050214701025   0.983050214701025   0.983050214701025   1.000000000000000   1.000000000000000   1.000000000000000   1.000000000000000   0.999524337261468   0.999167590207569   0.998810843153671   0.998573011784405   0.998097349045873   0.998097349045873   0.998097349045873   0.998216264730506   0.998335180415139   0.998573011784404   0.999048674522936   1.000000000000000   
PATCH 4 
2 2 
13 4 
0.000000000000000   0.000000000000000   0.000000000000000   0.250000000000000   0.250000000000000   0.375000000000000   0.375000000000000   0.500000000000000   0.500000000000000   0.750000000000000   0.750000000000000   0.875000000000000   0.875000000000000   1.000000000000000   1.000000000000000   1.000000000000000   
0.000000000000000   0.000000000000000   0.000000000000000   0.500000000000000   1.000000000000000   1.000000000000000   1.000000000000000   
0.042468960837240   0.044389281847429   0.046309602857618   0.046226948645433   0.046235724764858   0.046244500884284   0.046344707335319   0.047233072998388   0.048121438661457   0.043723282805737   0.048278132802870   0.043839179383557   0.048331641275438   0.042625908519401   0.044121533119030   0.045617157718660   0.045376946224267   0.045389980268467   0.045403014312667   0.045669293895459   0.046828953381466   0.047988612867474   0.043594663881032   0.048147941642080   0.043716816832157   0.048210118892105   0.042939803883724   0.043586035662233   0.044232267440742   0.043676941381935   0.043698491275684   0.043720041169433   0.044318467015738   0.046020714147623   0.047722961279508   0.043337426031623   0.047887559320501   0.043472091729358   0.047967074125438   0.043096751565885   0.043318286933834   0.043539822301783   0.042826938960769   0.042852746779292   0.042878554597816   0.043643053575877   0.045616594530701   0.047590135485526   0.043208807106919   0.047757368159711   0.043349729177958   0.047845551742104   
0.004315402102501   0.003855710468464   0.003396018834426   0.003387259780904   0.003385968050022   0.003384676319140   0.003390851910898   0.003339880066828   0.003288908222758   0.002977732170678   0.003351080548058   0.003100151267374   0.003510940784984   0.004971037117887   0.004613010458562   0.004254983799237   0.004217962226562   0.004217162267478   0.004216362308394   0.004251783962901   0.004359330763830   0.004466877564759   0.004051931410618   0.004507221287573   0.004120373926367   0.004591041415430   0.006282307148660   0.006127610438759   0.005972913728858   0.005879367117876   0.005879550702388   0.005879734286900   0.005973648066905   0.006398232157833   0.006822816248762   0.006200329890500   0.006819502766602   0.006160819244353   0.006751242676322   0.006937942164046   0.006884910428858   0.006831878693669   0.006710069563534   0.006710744919843   0.006711420276153   0.006834580118908   0.007417682854835   0.008000785590763   0.007274529130440   0.007975643506116   0.007181041903346   0.007831343306767   
1.000000000000000   1.000000000000000   1.000000000000000   0.998028893719101   0.998028893719101   0.998028893719101   1.000000000000000   1.000000000000000   1.000000000000000   0.906854274447915   1.000000000000000   0.906854274447915   1.000000000000000   1.000000000000000   1.000000000000000   1.000000000000000   0.994284223964582   0.994284223964582   0.994284223964582   1.000000000000000   1.000000000000000   1.000000000000000   0.906698773261798   1.000000000000000   0.906698773261798   1.000000000000000   1.000000000000000   1.000000000000000   1.000000000000000   0.986794884455544   0.986794884455544   0.986794884455544   1.000000000000000   1.000000000000000   1.000000000000000   0.906387770889563   1.000000000000000   0.906387770889563   1.000000000000000   1.000000000000000   1.000000000000000   1.000000000000000   0.983050214701025   0.983050214701025   0.983050214701025   1.000000000000000   1.000000000000000   1.000000000000000   0.906232269703445   1.000000000000000   0.906232269703445   1.000000000000000   
PATCH 5 
2 1 
13 2 
0.000000000000000   0.000000000000000   0.000000000000000   0.125000000000000   0.125000000000000   0.250000000000000   0.250000000000000   0.500000000000000   0.500000000000000   0.625000000000000   0.625000000000000   0.750000000000000   0.750000000000000   1.000000000000000   1.000000000000000   1.000000000000000   
0.000000000000000   0.000000000000000   1.000000000000000   1.000000000000000   
0.049240387650610   0.049122375608591   0.048471847620712   0.048554341319284   0.048308081294368   0.048067340860929   0.047857820035980   0.047719736956660   0.047612793578660   0.047550143931112   0.047446600916614   0.047206055509808   0.046873629142201   0.049732791527117   0.049613599364677   0.049488606583825   0.049363613802972   0.049232820403708   0.048971233605179   0.048686444333000   0.048544049696911   0.048395854442409   0.048247659187908   0.048093663314994   0.047785671569166   0.047454477349688   
0.008682408883347   0.009214726804819   0.009640734179819   0.010208892488503   0.010708590724235   0.011761474213471   0.012823464230155   0.013346371673197   0.013878534740636   0.014425055149151   0.014960939652025   0.016024843517577   0.017060605779794   0.008769232972180   0.009306874072867   0.009842960902535   0.010379047732203   0.010913580290852   0.011982645408149   0.013045493441370   0.013576917457981   0.014106787203572   0.014636656949163   0.015164972423735   0.016221603372879   0.017272017237946   
1.000000000000000   0.999524337261468   0.999167590207569   0.998810843153671   0.998573011784405   0.998097349045873   0.998097349045873   0.998097349045873   0.998216264730506   0.998335180415139   0.998573011784404   0.999048674522936   1.000000000000000   1.000000000000000   0.999524337261468   0.999167590207569   0.998810843153671   0.998573011784405   0.998097349045873   0.998097349045873   0.998097349045873   0.998216264730506   0.998335180415139   0.998573011784404   0.999048674522936   1.000000000000000   
PATCH 6 
2 1 
6 2 
0.000000000000000   0.000000000000000   0.000000000000000   0.250000000000000   0.500000000000000   0.750000000000000   1.000000000000000   1.000000000000000   1.000000000000000   
0.000000000000000   0.000000000000000   1.000000000000000   1.000000000000000   
0.046873629142201   0.046563549224131   0.045688015394199   0.044588729898311   0.043711641157952   0.043299613360361   0.047454477349688   0.047032993823604   0.046146485990198   0.045216437375554   0.044242847979673   0.043734282891114   
0.017060605779794   0.018107017076934   0.020102641367971   0.021989304085285   0.023981618332793   0.024999043429411   0.017272017237946   0.018289568482936   0.020304367573183   0.022298863263696   0.024273055554476   0.025250000000000   
1.000000000000000   0.999048674522936   0.998097349045873   0.998097349045873   0.999048674522936   1.000000000000000   1.000000000000000   0.999048674522936   0.998097349045873   0.998097349045873   0.999048674522936   1.000000000000000   
PATCH 7 
2 1 
6 2 
0.000000000000000   0.000000000000000   0.000000000000000   0.250000000000000   0.500000000000000   0.750000000000000   1.000000000000000   1.000000000000000   1.000000000000000   
0.000000000000000   0.000000000000000   1.000000000000000   1.000000000000000   
0.046873629142201   0.046563549224131   0.045688015394199   0.044588729898311   0.043711641157952   0.043299613360361   0.043096751565885   0.039879833325427   0.033445996844510   0.027012160363593   0.020578323882676   0.017361405642218   
0.017060605779794   0.018107017076934   0.020102641367971   0.021989304085285   0.023981618332793   0.024999043429411   0.006937942164046   0.007708016747761   0.009248165915191   0.010788315082621   0.012328464250051   0.013098538833765   
1.000000000000000   0.999048674522936   0.998097349045873   0.998097349045873   0.999048674522936   1.000000000000000   1.000000000000000   1.000000000000000   1.000000000000000   1.000000000000000   1.000000000000000   1.000000000000000   
PATCH 8 
2 1 
13 2 
0.000000000000000   0.000000000000000   0.000000000000000   0.250000000000000   0.250000000000000   0.375000000000000   0.375000000000000   0.500000000000000   0.500000000000000   0.750000000000000   0.750000000000000   0.875000000000000   0.875000000000000   1.000000000000000   1.000000000000000   1.000000000000000   
0.000000000000000   0.000000000000000   1.000000000000000   1.000000000000000   
0.043299613360361   0.042429021468276   0.041520187485728   0.041057881509070   0.040538090982257   0.040097624138575   0.039659877561679   0.038428356975931   0.036801240372937   0.036198595863256   0.035641792306346   0.035155486666358   0.034653964768847   0.017361405642218   0.017086144195999   0.016810882749780   0.016587217810194   0.016567620833020   0.016548023855846   0.016732494841083   0.016037856480034   0.015343218118985   0.013335699843026   0.013269107263142   0.013202514683259   0.015076847799451   
0.024999043429411   0.026308301887390   0.027588379712853   0.028223021655005   0.028815971894516   0.029464561580779   0.030116368709066   0.031137048186735   0.031789842967251   0.032277321124849   0.032801627344370   0.033388959407150   0.033963658977386   0.013098538833765   0.013164431662792   0.013230324491818   0.013076073905613   0.013085658624520   0.013095243343426   0.013268663367444   0.013824446669560   0.014380229971677   0.012589185349996   0.012585499239470   0.012581813128944   0.014365485529574   
1.000000000000000   0.998022213314562   0.997033319971842   0.996538873300483   0.996291649964803   0.996044426629123   0.996044426629123   0.996044426629123   0.997033319971842   0.997527766643202   0.998269436650241   0.999011106657281   1.000000000000000   1.000000000000000   1.000000000000000   1.000000000000000   0.987957263730956   0.987957263730956   0.987957263730956   1.000000000000000   1.000000000000000   1.000000000000000   0.872553381868312   0.872553381868312   0.872553381868312   1.000000000000000   
PATCH 9 
2 2 
6 4 
0.000000000000000   0.000000000000000   0.000000000000000   0.250000000000000   0.500000000000000   0.750000000000000   1.000000000000000   1.000000000000000   1.000000000000000   
0.000000000000000   0.000000000000000   0.000000000000000   0.500000000000000   1.000000000000000   1.000000000000000   1.000000000000000   
0.016733614913572   0.019950533154031   0.026384369634948   0.032818206115864   0.039252042596781   0.042468960837240   0.016890562595734   0.020107480836192   0.026541317317109   0.032975153798026   0.039408990278943   0.042625908519401   0.017204457960057   0.020421376200515   0.026855212681432   0.033289049162348   0.039722885643265   0.042939803883724   0.017361405642218   0.020578323882676   0.027012160363593   0.033445996844510   0.039879833325427   0.043096751565885   
0.010475998772220   0.009705924188505   0.008165775021075   0.006625625853646   0.005085476686216   0.004315402102501   0.011131633787606   0.010361559203891   0.008821410036462   0.007281260869032   0.005741111701602   0.004971037117887   0.012442903818379   0.011672829234664   0.010132680067234   0.008592530899805   0.007052381732375   0.006282307148660   0.013098538833765   0.012328464250051   0.010788315082621   0.009248165915191   0.007708016747761   0.006937942164046   
1.000000000000000   1.000000000000000   1.000000000000000   1.000000000000000   1.000000000000000   1.000000000000000   1.000000000000000   1.000000000000000   1.000000000000000   1.000000000000000   1.000000000000000   1.000000000000000   1.000000000000000   1.000000000000000   1.000000000000000   1.000000000000000   1.000000000000000   1.000000000000000   1.000000000000000   1.000000000000000   1.000000000000000   1.000000000000000   1.000000000000000   1.000000000000000   
PATCH 10 
2 2 
13 4 
0.000000000000000   0.000000000000000   0.000000000000000   0.250000000000000   0.250000000000000   0.375000000000000   0.375000000000000   0.500000000000000   0.500000000000000   0.750000000000000   0.750000000000000   0.875000000000000   0.875000000000000   1.000000000000000   1.000000000000000   1.000000000000000   
0.000000000000000   0.000000000000000   0.000000000000000   0.500000000000000   1.000000000000000   1.000000000000000   1.000000000000000   
0.016733614913572   0.015947058778044   0.015160502642515   0.015084302677056   0.015072223297425   0.015060143917794   0.015112185123991   0.014083593935300   0.013055002746608   0.011587005217330   0.012951996409886   0.011560963106361   0.013008459963494   0.016890562595734   0.016231830132533   0.015573097669331   0.015460031460341   0.015446072681324   0.015432113902307   0.015517262553264   0.014572159571483   0.013627056589702   0.012024178873754   0.013031274123200   0.011971351000585   0.013525556922483   0.017204457960057   0.016801372841510   0.016398287722964   0.016211489026910   0.016193771449121   0.016176053871333   0.016327417411810   0.015549290843850   0.014771164275891   0.012898526186602   0.013189829549828   0.012792126789034   0.014559750840462   0.017361405642218   0.017086144195999   0.016810882749780   0.016587217810194   0.016567620833020   0.016548023855846   0.016732494841083   0.016037856480034   0.015343218118985   0.013335699843026   0.013269107263142   0.013202514683259   0.015076847799451   
0.010475998772220   0.010664286706000   0.010852574639780   0.010810038383195   0.010814648889444   0.010819259395693   0.010871016664777   0.011425315176594   0.011979613688410   0.010747643365576   0.012126666641491   0.010925285378825   0.012297097693617   0.011131633787606   0.011289322945198   0.011447012102790   0.011376547263799   0.011382401323213   0.011388255382626   0.011470428340444   0.012025098049835   0.012579767759227   0.011208028861681   0.012241374790986   0.011339417316355   0.012814194652606   0.012442903818379   0.012539395423594   0.012635887028809   0.012509565025009   0.012517906190751   0.012526247356493   0.012669251691777   0.013224663796319   0.013780075900860   0.012128799853891   0.012470791089975   0.012167681191414   0.013848388570585   0.013098538833765   0.013164431662792   0.013230324491818   0.013076073905613   0.013085658624520   0.013095243343426   0.013268663367444   0.013824446669560   0.014380229971677   0.012589185349996   0.012585499239470   0.012581813128944   0.014365485529574   
1.000000000000000   1.000000000000000   1.000000000000000   0.995803182216898   0.995803182216898   0.995803182216898   1.000000000000000   1.000000000000000   1.000000000000000   0.893606189777151   1.000000000000000   0.893606189777151   1.000000000000000   1.000000000000000   1.000000000000000   1.000000000000000   0.993841702595412   0.993841702595412   0.993841702595412   1.000000000000000   1.000000000000000   1.000000000000000   0.888342987799942   0.968138345467078   0.888342987799942   1.000000000000000   1.000000000000000   1.000000000000000   1.000000000000000   0.989918743352441   0.989918743352441   0.989918743352441   1.000000000000000   1.000000000000000   1.000000000000000   0.877816583845522   0.904415036401234   0.877816583845522   1.000000000000000   1.000000000000000   1.000000000000000   1.000000000000000   0.987957263730956   0.987957263730956   0.987957263730956   1.000000000000000   1.000000000000000   1.000000000000000   0.872553381868312   0.872553381868312   0.872553381868312   1.000000000000000   
PATCH 11 
2 1 
13 2 
0.000000000000000   0.000000000000000   0.000000000000000   0.250000000000000   0.250000000000000   0.375000000000000   0.375000000000000   0.500000000000000   0.500000000000000   0.750000000000000   0.750000000000000   0.875000000000000   0.875000000000000   1.000000000000000   1.000000000000000   1.000000000000000   
0.000000000000000   0.000000000000000   1.000000000000000   1.000000000000000   
0.043299613360361   0.042429021468276   0.041520187485728   0.041057881509070   0.040538090982257   0.040097624138575   0.039659877561679   0.038428356975931   0.036801240372937   0.036198595863256   0.035641792306346   0.035155486666358   0.034653964768847   0.043734282891114   0.043142506727484   0.042531053738569   0.042225327244111   0.041914681543332   0.041604035842553   0.041288470935453   0.040657341121252   0.040006534481766   0.039681131162023   0.039350808635958   0.039020486109894   0.038685244377508   
0.024999043429411   0.026308301887390   0.027588379712853   0.028223021655005   0.028815971894516   0.029464561580779   0.030116368709066   0.031137048186735   0.031789842967251   0.032277321124849   0.032801627344370   0.033388959407150   0.033963658977386   0.025250000000000   0.026178902508932   0.027094027156471   0.027551589480241   0.028005707338662   0.028459825197083   0.028910498590156   0.029811845376303   0.030699414301056   0.031143198763433   0.031583538760461   0.032023878757490   0.032460774289170   
1.000000000000000   0.998022213314562   0.997033319971842   0.996538873300483   0.996291649964803   0.996044426629123   0.996044426629123   0.996044426629123   0.997033319971842   0.997527766643202   0.998269436650241   0.999011106657281   1.000000000000000   1.000000000000000   0.999048674522937   0.998573011784405   0.998335180415139   0.998216264730506   0.998097349045873   0.998097349045873   0.998097349045873   0.998573011784405   0.998810843153671   0.999167590207569   0.999524337261468   1.000000000000000   
PATCH 12 
2 1 
6 2 
0.000000000000000   0.000000000000000   0.000000000000000   0.250000000000000   0.500000000000000   0.750000000000000   1.000000000000000   1.000000000000000   1.000000000000000   
0.000000000000000   0.000000000000000   1.000000000000000   1.000000000000000   
0.016733614913572   0.019950533154031   0.026384369634948   0.032818206115864   0.039252042596781   0.042468960837240   0.014550000000000   0.018039870104655   0.025019610313965   0.031999350523275   0.038979090732585   0.042468960837240   
0.010475998772220   0.009705924188505   0.008165775021075   0.006625625853646   0.005085476686216   0.004315402102501   0.000000000000000   0.000000000000000   0.000000000000000   0.000000000000000   0.000000000000000   0.000000000000000   
1.000000000000000   1.000000000000000   1.000000000000000   1.000000000000000   1.000000000000000   1.000000000000000   1.000000000000000   1.000000000000000   1.000000000000000   1.000000000000000   1.000000000000000   1.000000000000000   
PATCH 13 
2 1 
13 2 
0.000000000000000   0.000000000000000   0.000000000000000   0.250000000000000   0.250000000000000   0.375000000000000   0.375000000000000   0.500000000000000   0.500000000000000   0.750000000000000   0.750000000000000   0.875000000000000   0.875000000000000   1.000000000000000   1.000000000000000   1.000000000000000   
0.000000000000000   0.000000000000000   1.000000000000000   1.000000000000000   
0.042468960837240   0.044389281847429   0.046309602857618   0.046226948645433   0.046235724764858   0.046244500884284   0.046344707335319   0.047233072998388   0.048121438661457   0.043723282805737   0.048278132802870   0.043839179383557   0.048331641275438   0.042468960837240   0.043410340732585   0.044351720627930   0.044822410575602   0.045293100523275   0.045763790470947   0.046234480418620   0.047175860313965   0.048117240209310   0.048587930156982   0.049058620104655   0.049529310052327   0.050000000000000   
0.004315402102501   0.003855710468464   0.003396018834426   0.003387259780904   0.003385968050022   0.003384676319140   0.003390851910898   0.003339880066828   0.003288908222758   0.002977732170678   0.003351080548058   0.003100151267374   0.003510940784984   0.000000000000000   0.000000000000000   0.000000000000000   0.000000000000000   0.000000000000000   0.000000000000000   0.000000000000000   0.000000000000000   0.000000000000000   0.000000000000000   0.000000000000000   0.000000000000000   0.000000000000000   
1.000000000000000   1.000000000000000   1.000000000000000   0.998028893719101   0.998028893719101   0.998028893719101   1.000000000000000   1.000000000000000   1.000000000000000   0.906854274447915   1.000000000000000   0.906854274447915   1.000000000000000   1.000000000000000   1.000000000000000   1.000000000000000   1.000000000000000   1.000000000000000   1.000000000000000   1.000000000000000   1.000000000000000   1.000000000000000   1.000000000000000   1.000000000000000   1.000000000000000   1.000000000000000   
PATCH 14 
2 1 
13 2 
0.000000000000000   0.000000000000000   0.000000000000000   0.250000000000000   0.250000000000000   0.375000000000000   0.375000000000000   0.500000000000000   0.500000000000000   0.750000000000000   0.750000000000000   0.875000000000000   0.875000000000000   1.000000000000000   1.000000000000000   1.000000000000000   
0.000000000000000   0.000000000000000   1.000000000000000   1.000000000000000   
0.014550000000000   0.014280070963674   0.013885192761027   0.013687753659703   0.013459077266799   0.013230400873895   0.012970487189411   0.012450659820443   0.011805883285154   0.011483495017510   0.011129869458285   0.010776243899060   0.010391381048256   0.016733614913572   0.015947058778044   0.015160502642515   0.015084302677056   0.015072223297425   0.015060143917794   0.015112185123991   0.014083593935300   0.013055002746608   0.011587005217330   0.012951996409886   0.011560963106361   0.013008459963494   
0.000000000000000   0.001375089835109   0.002699158821552   0.003361193314773   0.004010472595827   0.004659751876882   0.005296275945769   0.006569324083545   0.007791351372653   0.008402365017207   0.009000623449594   0.009598881881982   0.010184385102202   0.010475998772220   0.010664286706000   0.010852574639780   0.010810038383195   0.010814648889444   0.010819259395693   0.010871016664777   0.011425315176594   0.011979613688410   0.010747643365576   0.012126666641491   0.010925285378825   0.012297097693617   
1.000000000000000   0.981448176197510   0.972172264296265   0.967534308345642   0.965215330370331   0.962896352395020   0.962896352395020   0.962896352395020   0.972172264296265   0.976810220246887   0.983767154172821   0.990724088098755   1.000000000000000   1.000000000000000   1.000000000000000   1.000000000000000   0.995803182216898   0.995803182216898   0.995803182216898   1.000000000000000   1.000000000000000   1.000000000000000   0.893606189777151   1.000000000000000   0.893606189777151   1.000000000000000   
PATCH 15 
2 1 
4 2 
0.000000000000000   0.000000000000000   0.000000000000000   0.500000000000000   1.000000000000000   1.000000000000000   1.000000000000000   
0.000000000000000   0.000000000000000   1.000000000000000   1.000000000000000   
0.034653964768847   0.034489229924500   0.034144007226608   0.033963658977386   0.015076847799451   0.014899007231982   0.014543326097043   0.014365485529574   
0.033963658977386   0.034144007226608   0.034489229924500   0.034653964768847   0.014365485529574   0.014543326097043   0.014899007231982   0.015076847799451   
1.000000000000000   0.999974700106433   0.999974700106433   1.000000000000000   1.000000000000000   1.000000000000000   1.000000000000000   1.000000000000000   
PATCH 16 
2 2 
4 4 
0.000000000000000   0.000000000000000   0.000000000000000   0.500000000000000   1.000000000000000   1.000000000000000   1.000000000000000   
0.000000000000000   0.000000000000000   0.000000000000000   0.500000000000000   1.000000000000000   1.000000000000000   1.000000000000000   
0.013008459963494   0.013525556922483   0.014559750840462   0.015076847799451   0.012830619396025   0.013347716355014   0.014381910272993   0.014899007231982   0.012474938261086   0.012992035220075   0.014026229138054   0.014543326097043   0.012297097693617   0.012814194652606   0.013848388570585   0.014365485529574   
0.012297097693617   0.012814194652606   0.013848388570585   0.014365485529574   0.012474938261086   0.012992035220075   0.014026229138054   0.014543326097043   0.012830619396025   0.013347716355014   0.014381910272993   0.014899007231982   0.013008459963494   0.013525556922483   0.014559750840462   0.015076847799451   
1.000000000000000   1.000000000000000   1.000000000000000   1.000000000000000   1.000000000000000   1.000000000000000   1.000000000000000   1.000000000000000   1.000000000000000   1.000000000000000   1.000000000000000   1.000000000000000   1.000000000000000   1.000000000000000   1.000000000000000   1.000000000000000   
PATCH 17 
2 1 
4 2 
0.000000000000000   0.000000000000000   0.000000000000000   0.500000000000000   1.000000000000000   1.000000000000000   1.000000000000000   
0.000000000000000   0.000000000000000   1.000000000000000   1.000000000000000   
0.013008459963494   0.012830619396025   0.012474938261086   0.012297097693617   0.010391381048256   0.010339892357260   0.010236394384233   0.010184385102202   
0.012297097693617   0.012474938261086   0.012830619396025   0.013008459963494   0.010184385102202   0.010236394384233   0.010339892357260   0.010391381048256   
1.000000000000000   1.000000000000000   1.000000000000000   1.000000000000000   1.000000000000000   0.999974700106433   0.999974700106433   1.000000000000000   
PATCH 18 
2 1 
4 2 
0.000000000000000   0.000000000000000   0.000000000000000   0.500000000000000   1.000000000000000   1.000000000000000   1.000000000000000   
0.000000000000000   0.000000000000000   1.000000000000000   1.000000000000000   
0.034653964768847   0.034489229924500   0.034144007226608   0.033963658977386   0.038685244377508   0.037197068413715   0.034084833369545   0.032460774289170   
0.033963658977386   0.034144007226608   0.034489229924500   0.034653964768847   0.032460774289170   0.034084833369545   0.037197068413715   0.038685244377508   
1.000000000000000   0.999974700106433   0.999974700106433   1.000000000000000   1.000000000000000   0.998097349045873   0.998097349045873   1.000000000000000   
PATCH 19 
2 1 
4 2 
0.000000000000000   0.000000000000000   0.000000000000000   0.500000000000000   1.000000000000000   1.000000000000000   1.000000000000000   
0.000000000000000   0.000000000000000   1.000000000000000   1.000000000000000   
0.000000000000000   0.002178893568691   0.006520098010365   0.008682408883347   0.000000000000000   0.002200682504378   0.006585298990468   0.008769232972180   
0.050000000000000   0.049904867452294   0.049525061277599   0.049240387650610   0.050500000000000   0.050403916126817   0.050020311890375   0.049732791527117   
1.000000000000000   0.998097349045873   0.998097349045873   1.000000000000000   1.000000000000000   0.998097349045873   0.998097349045873   1.000000000000000   
PATCH 20 
2 1 
4 2 
0.000000000000000   0.000000000000000   0.000000000000000   0.500000000000000   1.000000000000000   1.000000000000000   1.000000000000000   
0.000000000000000   0.000000000000000   1.000000000000000   1.000000000000000   
0.003510940784984   0.004591041415430   0.006751242676322   0.007831343306767   0.000000000000000   0.002178893568691   0.006520098010365   0.008682408883347   
0.048331641275438   0.048210118892105   0.047967074125438   0.047845551742104   0.050000000000000   0.049904867452294   0.049525061277599   0.049240387650610   
1.000000000000000   1.000000000000000   1.000000000000000   1.000000000000000   1.000000000000000   0.998097349045873   0.998097349045873   1.000000000000000   
PATCH 21 
2 1 
13 2 
0.000000000000000   0.000000000000000   0.000000000000000   0.125000000000000   0.125000000000000   0.250000000000000   0.250000000000000   0.500000000000000   0.500000000000000   0.625000000000000   0.625000000000000   0.750000000000000   0.750000000000000   1.000000000000000   1.000000000000000   1.000000000000000   
0.000000000000000   0.000000000000000   1.000000000000000   1.000000000000000   
0.007831343306767   0.007181041903346   0.007975643506116   0.007274529130440   0.008000785590763   0.007417682854835   0.006834580118908   0.006711420276153   0.006710744919843   0.006710069563534   0.006831878693669   0.006884910428858   0.006937942164046   0.008682408883347   0.009214726804819   0.009640734179819   0.010208892488503   0.010708590724235   0.011761474213471   0.012823464230155   0.013346371673197   0.013878534740636   0.014425055149151   0.014960939652025   0.016024843517577   0.017060605779794   
0.047845551742104   0.043349729177958   0.047757368159711   0.043208807106919   0.047590135485526   0.045616594530701   0.043643053575877   0.042878554597816   0.042852746779292   0.042826938960769   0.043539822301783   0.043318286933834   0.043096751565885   0.049240387650610   0.049122375608591   0.048471847620712   0.048554341319284   0.048308081294368   0.048067340860929   0.047857820035980   0.047719736956660   0.047612793578660   0.047550143931112   0.047446600916614   0.047206055509808   0.046873629142201   
1.000000000000000   0.906232269703445   1.000000000000000   0.906232269703445   1.000000000000000   1.000000000000000   1.000000000000000   0.983050214701025   0.983050214701025   0.983050214701025   1.000000000000000   1.000000000000000   1.000000000000000   1.000000000000000   0.999524337261468   0.999167590207569   0.998810843153671   0.998573011784405   0.998097349045873   0.998097349045873   0.998097349045873   0.998216264730506   0.998335180415139   0.998573011784404   0.999048674522936   1.000000000000000   
PATCH 22 
2 2 
13 4 
0.000000000000000   0.000000000000000   0.000000000000000   0.250000000000000   0.250000000000000   0.375000000000000   0.375000000000000   0.500000000000000   0.500000000000000   0.750000000000000   0.750000000000000   0.875000000000000   0.875000000000000   1.000000000000000   1.000000000000000   1.000000000000000   
0.000000000000000   0.000000000000000   0.000000000000000   0.500000000000000   1.000000000000000   1.000000000000000   1.000000000000000   
0.004315402102501   0.003855710468464   0.003396018834426   0.003387259780904   0.003385968050022   0.003384676319140   0.003390851910898   0.003339880066828   0.003288908222758   0.002977732170678   0.003351080548058   0.003100151267374   0.003510940784984   0.004971037117887   0.004613010458562   0.004254983799237   0.004217962226562   0.004217162267478   0.004216362308394   0.004251783962901   0.004359330763830   0.004466877564759   0.004051931410618   0.004507221287573   0.004120373926367   0.004591041415430   0.006282307148660   0.006127610438759   0.005972913728858   0.005879367117876   0.005879550702388   0.005879734286900   0.005973648066905   0.006398232157833   0.006822816248762   0.006200329890500   0.006819502766602   0.006160819244353   0.006751242676322   0.006937942164046   0.006884910428858   0.006831878693669   0.006710069563534   0.006710744919843   0.006711420276153   0.006834580118908   0.007417682854835   0.008000785590763   0.007274529130440   0.007975643506116   0.007181041903346   0.007831343306767   
0.042468960837240   0.044389281847429   0.046309602857618   0.046226948645433   0.046235724764858   0.046244500884284   0.046344707335319   0.047233072998388   0.048121438661457   0.043723282805737   0.048278132802870   0.043839179383557   0.048331641275438   0.042625908519401   0.044121533119030   0.045617157718660   0.045376946224267   0.045389980268467   0.045403014312667   0.045669293895459   0.046828953381466   0.047988612867474   0.043594663881032   0.048147941642080   0.043716816832157   0.048210118892105   0.042939803883724   0.043586035662233   0.044232267440742   0.043676941381935   0.043698491275684   0.043720041169433   0.044318467015738   0.046020714147623   0.047722961279508   0.043337426031623   0.047887559320501   0.043472091729358   0.047967074125438   0.043096751565885   0.043318286933834   0.043539822301783   0.042826938960769   0.042852746779292   0.042878554597816   0.043643053575877   0.045616594530701   0.047590135485526   0.043208807106919   0.047757368159711   0.043349729177958   0.047845551742104   
1.000000000000000   1.000000000000000   1.000000000000000   0.998028893719101   0.998028893719101   0.998028893719101   1.000000000000000   1.000000000000000   1.000000000000000   0.906854274447915   1.000000000000000   0.906854274447915   1.000000000000000   1.000000000000000   1.000000000000000   1.000000000000000   0.994284223964582   0.994284223964582   0.994284223964582   1.000000000000000   1.000000000000000   1.000000000000000   0.906698773261798   1.000000000000000   0.906698773261798   1.000000000000000   1.000000000000000   1.000000000000000   1.000000000000000   0.986794884455544   0.986794884455544   0.986794884455544   1.000000000000000   1.000000000000000   1.000000000000000   0.906387770889563   1.000000000000000   0.906387770889563   1.000000000000000   1.000000000000000   1.000000000000000   1.000000000000000   0.983050214701025   0.983050214701025   0.983050214701025   1.000000000000000   1.000000000000000   1.000000000000000   0.906232269703445   1.000000000000000   0.906232269703445   1.000000000000000   
PATCH 23 
2 1 
13 2 
0.000000000000000   0.000000000000000   0.000000000000000   0.125000000000000   0.125000000000000   0.250000000000000   0.250000000000000   0.500000000000000   0.500000000000000   0.625000000000000   0.625000000000000   0.750000000000000   0.750000000000000   1.000000000000000   1.000000000000000   1.000000000000000   
0.000000000000000   0.000000000000000   1.000000000000000   1.000000000000000   
0.008682408883347   0.009214726804819   0.009640734179819   0.010208892488503   0.010708590724235   0.011761474213471   0.012823464230155   0.013346371673197   0.013878534740636   0.014425055149151   0.014960939652025   0.016024843517577   0.017060605779794   0.008769232972180   0.009306874072867   0.009842960902535   0.010379047732203   0.010913580290852   0.011982645408149   0.013045493441370   0.013576917457981   0.014106787203572   0.014636656949163   0.015164972423735   0.016221603372879   0.017272017237946   
0.049240387650610   0.049122375608591   0.048471847620712   0.048554341319284   0.048308081294368   0.048067340860929   0.047857820035980   0.047719736956660   0.047612793578660   0.047550143931112   0.047446600916614   0.047206055509808   0.046873629142201   0.049732791527117   0.049613599364677   0.049488606583825   0.049363613802972   0.049232820403708   0.048971233605179   0.048686444333000   0.048544049696911   0.048395854442409   0.048247659187908   0.048093663314994   0.047785671569166   0.047454477349688   
1.000000000000000   0.999524337261468   0.999167590207569   0.998810843153671   0.998573011784405   0.998097349045873   0.998097349045873   0.998097349045873   0.998216264730506   0.998335180415139   0.998573011784404   0.999048674522936   1.000000000000000   1.000000000000000   0.999524337261468   0.999167590207569   0.998810843153671   0.998573011784405   0.998097349045873   0.998097349045873   0.998097349045873   0.998216264730506   0.998335180415139   0.998573011784404   0.999048674522936   1.000000000000000   
PATCH 24 
2 1 
6 2 
0.000000000000000   0.000000000000000   0.000000000000000   0.250000000000000   0.500000000000000   0.750000000000000   1.000000000000000   1.000000000000000   1.000000000000000   
0.000000000000000   0.000000000000000   1.000000000000000   1.000000000000000   
0.017060605779794   0.018107017076934   0.020102641367971   0.021989304085285   0.023981618332793   0.024999043429411   0.017272017237946   0.018289568482936   0.020304367573183   0.022298863263696   0.024273055554476   0.025250000000000   
0.046873629142201   0.046563549224131   0.045688015394199   0.044588729898311   0.043711641157952   0.043299613360361   0.047454477349688   0.047032993823604   0.046146485990198   0.045216437375554   0.044242847979673   0.043734282891114   
1.000000000000000   0.999048674522936   0.998097349045873   0.998097349045873   0.999048674522936   1.000000000000000   1.000000000000000   0.999048674522936   0.998097349045873   0.998097349045873   0.999048674522936   1.000000000000000   
PATCH 25 
2 1 
6 2 
0.000000000000000   0.000000000000000   0.000000000000000   0.250000000000000   0.500000000000000   0.750000000000000   1.000000000000000   1.000000000000000   1.000000000000000   
0.000000000000000   0.000000000000000   1.000000000000000   1.000000000000000   
0.017060605779794   0.018107017076934   0.020102641367971   0.021989304085285   0.023981618332793   0.024999043429411   0.006937942164046   0.007708016747761   0.009248165915191   0.010788315082621   0.012328464250051   0.013098538833765   
0.046873629142201   0.046563549224131   0.045688015394199   0.044588729898311   0.043711641157952   0.043299613360361   0.043096751565885   0.039879833325427   0.033445996844510   0.027012160363593   0.020578323882676   0.017361405642218   
1.000000000000000   0.999048674522936   0.998097349045873   0.998097349045873   0.999048674522936   1.000000000000000   1.000000000000000   1.000000000000000   1.000000000000000   1.000000000000000   1.000000000000000   1.000000000000000   
PATCH 26 
2 1 
13 2 
0.000000000000000   0.000000000000000   0.000000000000000   0.250000000000000   0.250000000000000   0.375000000000000   0.375000000000000   0.500000000000000   0.500000000000000   0.750000000000000   0.750000000000000   0.875000000000000   0.875000000000000   1.000000000000000   1.000000000000000   1.000000000000000   
0.000000000000000   0.000000000000000   1.000000000000000   1.000000000000000   
0.024999043429411   0.026308301887390   0.027588379712853   0.028223021655005   0.028815971894516   0.029464561580779   0.030116368709066   0.031137048186735   0.031789842967251   0.032277321124849   0.032801627344370   0.033388959407150   0.033963658977386   0.013098538833765   0.013164431662792   0.013230324491818   0.013076073905613   0.013085658624520   0.013095243343426   0.013268663367444   0.013824446669560   0.014380229971677   0.012589185349996   0.012585499239470   0.012581813128944   0.014365485529574   
0.043299613360361   0.042429021468276   0.041520187485728   0.041057881509070   0.040538090982257   0.040097624138575   0.039659877561679   0.038428356975931   0.036801240372937   0.036198595863256   0.035641792306346   0.035155486666358   0.034653964768847   0.017361405642218   0.017086144195999   0.016810882749780   0.016587217810194   0.016567620833020   0.016548023855846   0.016732494841083   0.016037856480034   0.015343218118985   0.013335699843026   0.013269107263142   0.013202514683259   0.015076847799451   
1.000000000000000   0.998022213314562   0.997033319971842   0.996538873300483   0.996291649964803   0.996044426629123   0.996044426629123   0.996044426629123   0.997033319971842   0.997527766643202   0.998269436650241   0.999011106657281   1.000000000000000   1.000000000000000   1.000000000000000   1.000000000000000   0.987957263730956   0.987957263730956   0.987957263730956   1.000000000000000   1.000000000000000   1.000000000000000   0.872553381868312   0.872553381868312   0.872553381868312   1.000000000000000   
PATCH 27 
2 2 
6 4 
0.000000000000000   0.000000000000000   0.000000000000000   0.250000000000000   0.500000000000000   0.750000000000000   1.000000000000000   1.000000000000000   1.000000000000000   
0.000000000000000   0.000000000000000   0.000000000000000   0.500000000000000   1.000000000000000   1.000000000000000   1.000000000000000   
0.010475998772220   0.009705924188505   0.008165775021075   0.006625625853646   0.005085476686216   0.004315402102501   0.011131633787606   0.010361559203891   0.008821410036462   0.007281260869032   0.005741111701602   0.004971037117887   0.012442903818379   0.011672829234664   0.010132680067234   0.008592530899805   0.007052381732375   0.006282307148660   0.013098538833765   0.012328464250051   0.010788315082621   0.009248165915191   0.007708016747761   0.006937942164046   
0.016733614913572   0.019950533154031   0.026384369634948   0.032818206115864   0.039252042596781   0.042468960837240   0.016890562595734   0.020107480836192   0.026541317317109   0.032975153798026   0.039408990278943   0.042625908519401   0.017204457960057   0.020421376200515   0.026855212681432   0.033289049162348   0.039722885643265   0.042939803883724   0.017361405642218   0.020578323882676   0.027012160363593   0.033445996844510   0.039879833325427   0.043096751565885   
1.000000000000000   1.000000000000000   1.000000000000000   1.000000000000000   1.000000000000000   1.000000000000000   1.000000000000000   1.000000000000000   1.000000000000000   1.000000000000000   1.000000000000000   1.000000000000000   1.000000000000000   1.000000000000000   1.000000000000000   1.000000000000000   1.000000000000000   1.000000000000000   1.000000000000000   1.000000000000000   1.000000000000000   1.000000000000000   1.000000000000000   1.000000000000000   
PATCH 28 
2 2 
13 4 
0.000000000000000   0.000000000000000   0.000000000000000   0.250000000000000   0.250000000000000   0.375000000000000   0.375000000000000   0.500000000000000   0.500000000000000   0.750000000000000   0.750000000000000   0.875000000000000   0.875000000000000   1.000000000000000   1.000000000000000   1.000000000000000   
0.000000000000000   0.000000000000000   0.000000000000000   0.500000000000000   1.000000000000000   1.000000000000000   1.000000000000000   
0.010475998772220   0.010664286706000   0.010852574639780   0.010810038383195   0.010814648889444   0.010819259395693   0.010871016664777   0.011425315176594   0.011979613688410   0.010747643365576   0.012126666641491   0.010925285378825   0.012297097693617   0.011131633787606   0.011289322945198   0.011447012102790   0.011376547263799   0.011382401323213   0.011388255382626   0.011470428340444   0.012025098049835   0.012579767759227   0.011208028861681   0.012241374790986   0.011339417316355   0.012814194652606   0.012442903818379   0.012539395423594   0.012635887028809   0.012509565025009   0.012517906190751   0.012526247356493   0.012669251691777   0.013224663796319   0.013780075900860   0.012128799853891   0.012470791089975   0.012167681191414   0.013848388570585   0.013098538833765   0.013164431662792   0.013230324491818   0.013076073905613   0.013085658624520   0.013095243343426   0.013268663367444   0.013824446669560   0.014380229971677   0.012589185349996   0.012585499239470   0.012581813128944   0.014365485529574   
0.016733614913572   0.015947058778044   0.015160502642515   0.015084302677056   0.015072223297425   0.015060143917794   0.015112185123991   0.014083593935300   0.013055002746608   0.011587005217330   0.012951996409886   0.011560963106361   0.013008459963494   0.016890562595734   0.016231830132533   0.015573097669331   0.015460031460341   0.015446072681324   0.015432113902307   0.015517262553264   0.014572159571483   0.013627056589702   0.012024178873754   0.013031274123200   0.011971351000585   0.013525556922483   0.017204457960057   0.016801372841510   0.016398287722964   0.016211489026910   0.016193771449121   0.016176053871333   0.016327417411810   0.015549290843850   0.014771164275891   0.012898526186602   0.013189829549828   0.012792126789034   0.014559750840462   0.017361405642218   0.017086144195999   0.016810882749780   0.016587217810194   0.016567620833020   0.016548023855846   0.016732494841083   0.016037856480034   0.015343218118985   0.013335699843026   0.013269107263142   0.013202514683259   0.015076847799451   
1.000000000000000   1.000000000000000   1.000000000000000   0.995803182216898   0.995803182216898   0.995803182216898   1.000000000000000   1.000000000000000   1.000000000000000   0.893606189777151   1.000000000000000   0.893606189777151   1.000000000000000   1.000000000000000   1.000000000000000   1.000000000000000   0.993841702595412   0.993841702595412   0.993841702595412   1.000000000000000   1.000000000000000   1.000000000000000   0.888342987799942   0.968138345467078   0.888342987799942   1.000000000000000   1.000000000000000   1.000000000000000   1.000000000000000   0.989918743352441   0.989918743352441   0.989918743352441   1.000000000000000   1.000000000000000   1.000000000000000   0.877816583845522   0.904415036401234   0.877816583845522   1.000000000000000   1.000000000000000   1.000000000000000   1.000000000000000   0.987957263730956   0.987957263730956   0.987957263730956   1.000000000000000   1.000000000000000   1.000000000000000   0.872553381868312   0.872553381868312   0.872553381868312   1.000000000000000   
PATCH 29 
2 1 
13 2 
0.000000000000000   0.000000000000000   0.000000000000000   0.250000000000000   0.250000000000000   0.375000000000000   0.375000000000000   0.500000000000000   0.500000000000000   0.750000000000000   0.750000000000000   0.875000000000000   0.875000000000000   1.000000000000000   1.000000000000000   1.000000000000000   
0.000000000000000   0.000000000000000   1.000000000000000   1.000000000000000   
0.024999043429411   0.026308301887390   0.027588379712853   0.028223021655005   0.028815971894516   0.029464561580779   0.030116368709066   0.031137048186735   0.031789842967251   0.032277321124849   0.032801627344370   0.033388959407150   0.033963658977386   0.025250000000000   0.026178902508932   0.027094027156471   0.027551589480241   0.028005707338662   0.028459825197083   0.028910498590156   0.029811845376303   0.030699414301056   0.031143198763433   0.031583538760461   0.032023878757490   0.032460774289170   
0.043299613360361   0.042429021468276   0.041520187485728   0.041057881509070   0.040538090982257   0.040097624138575   0.039659877561679   0.038428356975931   0.036801240372937   0.036198595863256   0.035641792306346   0.035155486666358   0.034653964768847   0.043734282891114   0.043142506727484   0.042531053738569   0.042225327244111   0.041914681543332   0.041604035842553   0.041288470935453   0.040657341121252   0.040006534481766   0.039681131162023   0.039350808635958   0.039020486109894   0.038685244377508   
1.000000000000000   0.998022213314562   0.997033319971842   0.996538873300483   0.996291649964803   0.996044426629123   0.996044426629123   0.996044426629123   0.997033319971842   0.997527766643202   0.998269436650241   0.999011106657281   1.000000000000000   1.000000000000000   0.999048674522937   0.998573011784405   0.998335180415139   0.998216264730506   0.998097349045873   0.998097349045873   0.998097349045873   0.998573011784405   0.998810843153671   0.999167590207569   0.999524337261468   1.000000000000000   
PATCH 30 
2 1 
6 2 
0.000000000000000   0.000000000000000   0.000000000000000   0.250000000000000   0.500000000000000   0.750000000000000   1.000000000000000   1.000000000000000   1.000000000000000   
0.000000000000000   0.000000000000000   1.000000000000000   1.000000000000000   
0.010475998772220   0.009705924188505   0.008165775021075   0.006625625853646   0.005085476686216   0.004315402102501   0.000000000000000   0.000000000000000   0.000000000000000   0.000000000000000   0.000000000000000   0.000000000000000   
0.016733614913572   0.019950533154031   0.026384369634948   0.032818206115864   0.039252042596781   0.042468960837240   0.014550000000000   0.018039870104655   0.025019610313965   0.031999350523275   0.038979090732585   0.042468960837240   
1.000000000000000   1.000000000000000   1.000000000000000   1.000000000000000   1.000000000000000   1.000000000000000   1.000000000000000   1.000000000000000   1.000000000000000   1.000000000000000   1.000000000000000   1.000000000000000   
PATCH 31 
2 1 
13 2 
0.000000000000000   0.000000000000000   0.000000000000000   0.250000000000000   0.250000000000000   0.375000000000000   0.375000000000000   0.500000000000000   0.500000000000000   0.750000000000000   0.750000000000000   0.875000000000000   0.875000000000000   1.000000000000000   1.000000000000000   1.000000000000000   
0.000000000000000   0.000000000000000   1.000000000000000   1.000000000000000   
0.004315402102501   0.003855710468464   0.003396018834426   0.003387259780904   0.003385968050022   0.003384676319140   0.003390851910898   0.003339880066828   0.003288908222758   0.002977732170678   0.003351080548058   0.003100151267374   0.003510940784984   0.000000000000000   0.000000000000000   0.000000000000000   0.000000000000000   0.000000000000000   0.000000000000000   0.000000000000000   0.000000000000000   0.000000000000000   0.000000000000000   0.000000000000000   0.000000000000000   0.000000000000000   
0.042468960837240   0.044389281847429   0.046309602857618   0.046226948645433   0.046235724764858   0.046244500884284   0.046344707335319   0.047233072998388   0.048121438661457   0.043723282805737   0.048278132802870   0.043839179383557   0.048331641275438   0.042468960837240   0.043410340732585   0.044351720627930   0.044822410575602   0.045293100523275   0.045763790470947   0.046234480418620   0.047175860313965   0.048117240209310   0.048587930156982   0.049058620104655   0.049529310052327   0.050000000000000   
1.000000000000000   1.000000000000000   1.000000000000000   0.998028893719101   0.998028893719101   0.998028893719101   1.000000000000000   1.000000000000000   1.000000000000000   0.906854274447915   1.000000000000000   0.906854274447915   1.000000000000000   1.000000000000000   1.000000000000000   1.000000000000000   1.000000000000000   1.000000000000000   1.000000000000000   1.000000000000000   1.000000000000000   1.000000000000000   1.000000000000000   1.000000000000000   1.000000000000000   1.000000000000000   
PATCH 32 
2 1 
13 2 
0.000000000000000   0.000000000000000   0.000000000000000   0.250000000000000   0.250000000000000   0.375000000000000   0.375000000000000   0.500000000000000   0.500000000000000   0.750000000000000   0.750000000000000   0.875000000000000   0.875000000000000   1.000000000000000   1.000000000000000   1.000000000000000   
0.000000000000000   0.000000000000000   1.000000000000000   1.000000000000000   
0.000000000000000   0.001375089835109   0.002699158821552   0.003361193314773   0.004010472595827   0.004659751876882   0.005296275945769   0.006569324083545   0.007791351372653   0.008402365017207   0.009000623449594   0.009598881881982   0.010184385102202   0.010475998772220   0.010664286706000   0.010852574639780   0.010810038383195   0.010814648889444   0.010819259395693   0.010871016664777   0.011425315176594   0.011979613688410   0.010747643365576   0.012126666641491   0.010925285378825   0.012297097693617   
0.014550000000000   0.014280070963674   0.013885192761027   0.013687753659703   0.013459077266799   0.013230400873895   0.012970487189411   0.012450659820443   0.011805883285154   0.011483495017510   0.011129869458285   0.010776243899060   0.010391381048256   0.016733614913572   0.015947058778044   0.015160502642515   0.015084302677056   0.015072223297425   0.015060143917794   0.015112185123991   0.014083593935300   0.013055002746608   0.011587005217330   0.012951996409886   0.011560963106361   0.013008459963494   
1.000000000000000   0.981448176197510   0.972172264296265   0.967534308345642   0.965215330370331   0.962896352395020   0.962896352395020   0.962896352395020   0.972172264296265   0.976810220246887   0.983767154172821   0.990724088098755   1.000000000000000   1.000000000000000   1.000000000000000   1.000000000000000   0.995803182216898   0.995803182216898   0.995803182216898   1.000000000000000   1.000000000000000   1.000000000000000   0.893606189777151   1.000000000000000   0.893606189777151   1.000000000000000   
INTERFACE 1 
1 2 
5 1 
1 
INTERFACE 2 
1 3 
2 4 
1 
INTERFACE 3 
2 1 
13 2 
1 
INTERFACE 4 
2 2 
3 1 
1 
INTERFACE 5 
2 3 
4 2 
1 
INTERFACE 6 
3 2 
7 1 
-1 
INTERFACE 7 
3 3 
4 4 
-1 
INTERFACE 8 
3 4 
5 3 
1 
INTERFACE 9 
4 1 
9 2 
1 
INTERFACE 10 
4 3 
13 3 
1 
INTERFACE 11 
5 2 
6 1 
1 
INTERFACE 12 
6 2 
11 1 
1 
INTERFACE 13 
6 3 
7 3 
1 
INTERFACE 14 
7 2 
8 1 
1 
INTERFACE 15 
7 4 
9 4 
-1 
INTERFACE 16 
8 2 
15 1 
1 
INTERFACE 17 
8 3 
11 3 
1 
INTERFACE 18 
8 4 
10 4 
1 
INTERFACE 19 
9 1 
10 1 
1 
INTERFACE 20 
9 3 
12 3 
1 
INTERFACE 21 
10 2 
16 3 
1 
INTERFACE 22 
10 3 
14 4 
1 
INTERFACE 23 
11 2 
18 1 
1 
INTERFACE 24 
12 1 
14 1 
-1 
INTERFACE 25 
12 2 
13 1 
1 
INTERFACE 26 
14 2 
17 1 
-1 
INTERFACE 27 
15 2 
26 2 
1 
INTERFACE 28 
15 3 
18 3 
1 
INTERFACE 29 
15 4 
16 2 
1 
INTERFACE 30 
16 1 
17 3 
1 
INTERFACE 31 
16 4 
28 2 
1 
INTERFACE 32 
17 2 
32 2 
-1 
INTERFACE 33 
18 2 
29 2 
1 
INTERFACE 34 
19 2 
23 1 
1 
INTERFACE 35 
19 3 
20 4 
1 
INTERFACE 36 
20 1 
31 2 
1 
INTERFACE 37 
20 2 
21 1 
1 
INTERFACE 38 
20 3 
22 2 
1 
INTERFACE 39 
21 2 
25 1 
-1 
INTERFACE 40 
21 3 
22 4 
-1 
INTERFACE 41 
21 4 
23 3 
1 
INTERFACE 42 
22 1 
27 2 
1 
INTERFACE 43 
22 3 
31 3 
1 
INTERFACE 44 
23 2 
24 1 
1 
INTERFACE 45 
24 2 
29 1 
1 
INTERFACE 46 
24 3 
25 3 
1 
INTERFACE 47 
25 2 
26 1 
1 
INTERFACE 48 
25 4 
27 4 
-1 
INTERFACE 49 
26 3 
29 3 
1 
INTERFACE 50 
26 4 
28 4 
1 
INTERFACE 51 
27 1 
28 1 
1 
INTERFACE 52 
27 3 
30 3 
1 
INTERFACE 53 
28 3 
32 4 
1 
INTERFACE 54 
30 1 
32 1 
-1 
INTERFACE 55 
30 2 
31 1 
1 
BOUNDARY 1 
1 
1 1 
BOUNDARY 2 
1 
1 4 
BOUNDARY 3 
1 
5 4 
BOUNDARY 4 
1 
6 4 
BOUNDARY 5 
1 
11 4 
BOUNDARY 6 
1 
12 4 
BOUNDARY 7 
1 
13 4 
BOUNDARY 8 
1 
14 3 
BOUNDARY 9 
1 
17 4 
BOUNDARY 10 
1 
18 4 
BOUNDARY 11 
1 
19 1 
BOUNDARY 12 
1 
19 4 
BOUNDARY 13 
1 
23 4 
BOUNDARY 14 
1 
24 4 
BOUNDARY 15 
1 
29 4 
BOUNDARY 16 
1 
30 4 
BOUNDARY 17 
1 
31 4 
BOUNDARY 18 
1 
32 3 
