# nurbs mesh v.2.1
#
# 14-Jul-2024
#
2 2 32 55 0 
PATCH 1 
2 1 
4 2 
0.000000000000000   0.000000000000000   0.000000000000000   0.500000000000000   1.000000000000000   1.000000000000000   1.000000000000000   
0.000000000000000   0.000000000000000   1.000000000000000   1.000000000000000   
0.050000000000000   0.049904867452294   0.049525061277599   0.049240387650610   0.050500000000000   0.050403916126817   0.050020311890375   0.049732791527117   
0.000000000000000   0.002178893568691   0.006520098010365   0.008682408883347   0.000000000000000   0.002200682504378   0.006585298990468   0.008769232972180   
1.000000000000000   0.998097349045873   0.998097349045873   1.000000000000000   1.000000000000000   0.998097349045873   0.998097349045873   1.000000000000000   
PATCH 2 
2 1 
4 2 
0.000000000000000   0.000000000000000   0.000000000000000   0.500000000000000   1.000000000000000   1.000000000000000   1.000000000000000   
0.000000000000000   0.000000000000000   1.000000000000000   1.000000000000000   
0.048307238146074   0.048179312924693   0.047923462481929   0.047795537260547   0.050000000000000   0.049904867452294   0.049525061277599   0.049240387650610   
0.003789163477441   0.004831792321246   0.006917050008855   0.007959678852659   0.000000000000000   0.002178893568691   0.006520098010365   0.008682408883347   
1.000000000000000   1.000000000000000   1.000000000000000   1.000000000000000   1.000000000000000   0.998097349045873   0.998097349045873   1.000000000000000   
PATCH 3 
2 1 
13 2 
0.000000000000000   0.000000000000000   0.000000000000000   0.125000000000000   0.125000000000000   0.250000000000000   0.250000000000000   0.500000000000000   0.500000000000000   0.625000000000000   0.625000000000000   0.750000000000000   0.750000000000000   1.000000000000000   1.000000000000000   1.000000000000000   
0.000000000000000   0.000000000000000   1.000000000000000   1.000000000000000   
0.047795537260547   0.043835028631367   0.047714823888285   0.043706338348662   0.047559431950980   0.046433997607430   0.045308563263879   0.044564891726097   0.044539946384580   0.044515001043063   0.045208781897813   0.044972447937196   0.044736113976579   0.049240387650610   0.049122375608591   0.048295863027632   0.048275993305455   0.048033547142862   0.047687607111326   0.047384237338656   0.047321576921345   0.047274372253992   0.047241824204274   0.047178909007020   0.046952982332302   0.046642373664157   
0.007959678852659   0.007380754908961   0.008096950578828   0.007474547160265   0.008131757490327   0.007916370706016   0.007700983921705   0.007574058211428   0.007575645430447   0.007577232649466   0.007707332797781   0.007784650415898   0.007861968034014   0.008682408883347   0.009214726804819   0.009605731992675   0.010150367856712   0.010647733952665   0.011668558137317   0.012696568128857   0.013235013309643   0.013779889150694   0.014331521698029   0.014876530602116   0.015938933817556   0.016976435669275   
1.000000000000000   0.917339307224428   1.000000000000000   0.917339307224428   1.000000000000000   1.000000000000000   1.000000000000000   0.984128357783578   0.984128357783578   0.984128357783578   1.000000000000000   1.000000000000000   1.000000000000000   1.000000000000000   0.999524337261468   0.999167590207569   0.998810843153671   0.998573011784405   0.998097349045873   0.998097349045873   0.998097349045873   0.998216264730506   0.998335180415139   0.998573011784404   0.999048674522936   1.000000000000000   
PATCH 4 
2 2 
13 4 
0.000000000000000   0.000000000000000   0.000000000000000   0.250000000000000   0.250000000000000   0.375000000000000   0.375000000000000   0.500000000000000   0.500000000000000   0.750000000000000   0.750000000000000   0.875000000000000   0.875000000000000   1.000000000000000   1.000000000000000   1.000000000000000   
0.000000000000000   0.000000000000000   0.000000000000000   0.500000000000000   1.000000000000000   1.000000000000000   1.000000000000000   
0.043733993923656   0.045445954817988   0.047157915712320   0.047049916669924   0.047059654045039   0.047069391420154   0.047196865212781   0.047641177018438   0.048085488824094   0.043336337217839   0.048250545798825   0.043459609400848   0.048307238146074   0.043984523936887   0.045327578097790   0.046670632258693   0.046416187763209   0.046429727129924   0.046443266496640   0.046724789725555   0.047339382165686   0.047953974605816   0.043428837500545   0.048116615321190   0.043553464208478   0.048179312924693   0.044485583963348   0.045090824657394   0.045696065351440   0.045148729949779   0.045169873299695   0.045191016649611   0.045780638751104   0.046735792460182   0.047690946169259   0.043613838065956   0.047848754365920   0.043741173823738   0.047923462481929   0.044736113976579   0.044972447937196   0.045208781897813   0.044515001043063   0.044539946384580   0.044564891726097   0.045308563263879   0.046433997607430   0.047559431950980   0.043706338348662   0.047714823888285   0.043835028631367   0.047795537260547   
0.004798823994018   0.004238749012357   0.003678674030695   0.003666410168769   0.003664270339724   0.003662130510680   0.003670114714516   0.003618138226685   0.003566161738854   0.003197355235780   0.003623784591719   0.003321323646980   0.003789163477441   0.005564610004017   0.005125224363242   0.004685838722466   0.004644115788943   0.004642114112405   0.004640112435867   0.004677832016314   0.004692696346518   0.004707560676722   0.004266653216901   0.004742076088496   0.004336181462476   0.004831792321246   0.007096182024015   0.006898175065012   0.006700168106009   0.006599527029292   0.006597801657766   0.006596076286241   0.006693266619908   0.006841812586183   0.006990358552459   0.006405249179143   0.006978659082051   0.006365897093466   0.006917050008855   0.007861968034014   0.007784650415898   0.007707332797781   0.007577232649466   0.007575645430447   0.007574058211428   0.007700983921705   0.007916370706016   0.008131757490327   0.007474547160265   0.008096950578828   0.007380754908961   0.007959678852659   
1.000000000000000   1.000000000000000   1.000000000000000   0.997508910913309   0.997508910913309   0.997508910913309   1.000000000000000   1.000000000000000   1.000000000000000   0.899429687081400   1.000000000000000   0.899429687081400   1.000000000000000   1.000000000000000   1.000000000000000   1.000000000000000   0.994163772630876   0.994163772630876   0.994163772630876   1.000000000000000   1.000000000000000   1.000000000000000   0.903907092117157   1.000000000000000   0.903907092117157   1.000000000000000   1.000000000000000   1.000000000000000   1.000000000000000   0.987473496066011   0.987473496066011   0.987473496066011   1.000000000000000   1.000000000000000   1.000000000000000   0.912861902188671   1.000000000000000   0.912861902188671   1.000000000000000   1.000000000000000   1.000000000000000   1.000000000000000   0.984128357783578   0.984128357783578   0.984128357783578   1.000000000000000   1.000000000000000   1.000000000000000   0.917339307224428   1.000000000000000   0.917339307224428   1.000000000000000   
PATCH 5 
2 1 
13 2 
0.000000000000000   0.000000000000000   0.000000000000000   0.125000000000000   0.125000000000000   0.250000000000000   0.250000000000000   0.500000000000000   0.500000000000000   0.625000000000000   0.625000000000000   0.750000000000000   0.750000000000000   1.000000000000000   1.000000000000000   1.000000000000000   
0.000000000000000   0.000000000000000   1.000000000000000   1.000000000000000   
0.049240387650610   0.049122375608591   0.048295863027632   0.048275993305455   0.048033547142862   0.047687607111326   0.047384237338656   0.047321576921345   0.047274372253992   0.047241824204274   0.047178909007020   0.046952982332302   0.046642373664157   0.049732791527117   0.049613599364677   0.049488606583825   0.049363613802972   0.049232820403708   0.048971233605179   0.048686444333000   0.048544049696911   0.048395854442409   0.048247659187908   0.048093663314994   0.047785671569166   0.047454477349688   
0.008682408883347   0.009214726804819   0.009605731992675   0.010150367856712   0.010647733952665   0.011668558137317   0.012696568128857   0.013235013309643   0.013779889150694   0.014331521698029   0.014876530602116   0.015938933817556   0.016976435669275   0.008769232972180   0.009306874072867   0.009842960902535   0.010379047732203   0.010913580290852   0.011982645408149   0.013045493441370   0.013576917457981   0.014106787203572   0.014636656949163   0.015164972423735   0.016221603372879   0.017272017237946   
1.000000000000000   0.999524337261468   0.999167590207569   0.998810843153671   0.998573011784405   0.998097349045873   0.998097349045873   0.998097349045873   0.998216264730506   0.998335180415139   0.998573011784404   0.999048674522936   1.000000000000000   1.000000000000000   0.999524337261468   0.999167590207569   0.998810843153671   0.998573011784405   0.998097349045873   0.998097349045873   0.998097349045873   0.998216264730506   0.998335180415139   0.998573011784404   0.999048674522936   1.000000000000000   
PATCH 6 
2 1 
6 2 
0.000000000000000   0.000000000000000   0.000000000000000   0.250000000000000   0.500000000000000   0.750000000000000   1.000000000000000   1.000000000000000   1.000000000000000   
0.000000000000000   0.000000000000000   1.000000000000000   1.000000000000000   
0.046642373664157   0.046324298210597   0.045542193196540   0.044439927226274   0.043693732923072   0.043292927910928   0.047454477349688   0.047032993823604   0.046146485990198   0.045216437375554   0.044242847979673   0.043734282891114   
0.016976435669275   0.018013980307617   0.020038479873589   0.021915920806336   0.023971793296658   0.024995183583381   0.017272017237946   0.018289568482936   0.020304367573183   0.022298863263696   0.024273055554476   0.025250000000000   
1.000000000000000   0.999048674522936   0.998097349045873   0.998097349045873   0.999048674522936   1.000000000000000   1.000000000000000   0.999048674522936   0.998097349045873   0.998097349045873   0.999048674522936   1.000000000000000   
PATCH 7 
2 1 
6 2 
0.000000000000000   0.000000000000000   0.000000000000000   0.250000000000000   0.500000000000000   0.750000000000000   1.000000000000000   1.000000000000000   1.000000000000000   
0.000000000000000   0.000000000000000   1.000000000000000   1.000000000000000   
0.046642373664157   0.046324298210597   0.045542193196540   0.044439927226274   0.043693732923072   0.043292927910928   0.044736113976579   0.041670923162898   0.035540541535536   0.029410159908174   0.023279778280812   0.020214587467131   
0.016976435669275   0.018013980307617   0.020038479873589   0.021915920806336   0.023971793296658   0.024995183583381   0.007861968034014   0.008864757697287   0.010870337023831   0.012875916350376   0.014881495676921   0.015884285340193   
1.000000000000000   0.999048674522936   0.998097349045873   0.998097349045873   0.999048674522936   1.000000000000000   1.000000000000000   1.000000000000000   1.000000000000000   1.000000000000000   1.000000000000000   1.000000000000000   
PATCH 8 
2 1 
13 2 
0.000000000000000   0.000000000000000   0.000000000000000   0.250000000000000   0.250000000000000   0.375000000000000   0.375000000000000   0.500000000000000   0.500000000000000   0.750000000000000   0.750000000000000   0.875000000000000   0.875000000000000   1.000000000000000   1.000000000000000   1.000000000000000   
0.000000000000000   0.000000000000000   1.000000000000000   1.000000000000000   
0.043292927910928   0.042423929563095   0.041518397143474   0.041049240134445   0.040559735985370   0.040065429592553   0.039645499112463   0.038339472366368   0.036790708470758   0.036244731631585   0.035705058410202   0.035232089464123   0.034732099478712   0.020214587467131   0.019794244666434   0.019373901865736   0.019254453119523   0.019241292364093   0.019228131608664   0.019321258844016   0.018681798978719   0.018042339113422   0.015877096986592   0.015813034032235   0.015748971077879   0.017786087295994   
0.024995183583381   0.026303638818718   0.027584121402319   0.028213203494812   0.028826654176395   0.029435354792453   0.030099021440626   0.031056859280168   0.031770826773326   0.032307579039195   0.032847977419463   0.033448789862967   0.034026235140742   0.015884285340193   0.016021802200054   0.016159319059914   0.016075931062840   0.016082515160128   0.016089099257416   0.016185655449067   0.016634080514683   0.017082505580299   0.015119222579515   0.015113640492862   0.015108058406209   0.017060177233688   
1.000000000000000   0.998025440134835   0.997038160202253   0.996544520235962   0.996297700252816   0.996050880269670   0.996050880269670   0.996050880269670   0.997038160202253   0.997531800168544   0.998272260117981   0.999012720067417   1.000000000000000   1.000000000000000   1.000000000000000   1.000000000000000   0.994556472493662   0.994556472493662   0.994556472493662   1.000000000000000   1.000000000000000   1.000000000000000   0.882909199017302   0.882909199017302   0.882909199017302   1.000000000000000   
PATCH 9 
2 2 
6 4 
0.000000000000000   0.000000000000000   0.000000000000000   0.250000000000000   0.500000000000000   0.750000000000000   1.000000000000000   1.000000000000000   1.000000000000000   
0.000000000000000   0.000000000000000   0.000000000000000   0.500000000000000   1.000000000000000   1.000000000000000   1.000000000000000   
0.019212467414209   0.022277658227890   0.028408039855252   0.034538421482614   0.040668803109976   0.043733993923656   0.019462997427440   0.022528188241121   0.028658569868482   0.034788951495844   0.040919333123206   0.043984523936887   0.019964057453901   0.023029248267582   0.029159629894943   0.035290011522305   0.041420393149667   0.044485583963348   0.020214587467131   0.023279778280812   0.029410159908174   0.035540541535536   0.041670923162898   0.044736113976579   
0.012821141300197   0.011818351636925   0.009812772310380   0.007807192983836   0.005801613657291   0.004798823994018   0.013586927310196   0.012584137646924   0.010578558320379   0.008572978993835   0.006567399667290   0.005564610004017   0.015118499330194   0.014115709666922   0.012110130340377   0.010104551013832   0.008098971687288   0.007096182024015   0.015884285340193   0.014881495676921   0.012875916350376   0.010870337023831   0.008864757697287   0.007861968034014   
1.000000000000000   1.000000000000000   1.000000000000000   1.000000000000000   1.000000000000000   1.000000000000000   1.000000000000000   1.000000000000000   1.000000000000000   1.000000000000000   1.000000000000000   1.000000000000000   1.000000000000000   1.000000000000000   1.000000000000000   1.000000000000000   1.000000000000000   1.000000000000000   1.000000000000000   1.000000000000000   1.000000000000000   1.000000000000000   1.000000000000000   1.000000000000000   
PATCH 10 
2 2 
13 4 
0.000000000000000   0.000000000000000   0.000000000000000   0.250000000000000   0.250000000000000   0.375000000000000   0.375000000000000   0.500000000000000   0.500000000000000   0.750000000000000   0.750000000000000   0.875000000000000   0.875000000000000   1.000000000000000   1.000000000000000   1.000000000000000   
0.000000000000000   0.000000000000000   0.000000000000000   0.500000000000000   1.000000000000000   1.000000000000000   1.000000000000000   
0.019212467414209   0.018826396623719   0.018440325833229   0.018309893908415   0.018294315214124   0.018278736519833   0.018378011056064   0.016333976366326   0.014289941676587   0.011769247945045   0.014105062806767   0.011684119306726   0.014148392982655   0.019462997427440   0.019068358634398   0.018673719841356   0.018546033711192   0.018531059501616   0.018516085292040   0.018613823003052   0.016920932019424   0.015228041035796   0.012796210205432   0.014532055613134   0.012700332249514   0.015057816560990   0.019964057453901   0.019552282655755   0.019140507857609   0.019018313316746   0.019004548076601   0.018990782836456   0.019085446897028   0.018094843325621   0.017104239754213   0.014850134726205   0.015386041225868   0.014732758135091   0.016876663717660   0.020214587467131   0.019794244666434   0.019373901865736   0.019254453119523   0.019241292364093   0.019228131608664   0.019321258844016   0.018681798978719   0.018042339113422   0.015877096986592   0.015813034032235   0.015748971077879   0.017786087295994   
0.012821141300197   0.012947445932283   0.013073750564369   0.012996811808937   0.012999290275802   0.013001768742668   0.013083664431831   0.013082363018240   0.013081061604649   0.010875277546018   0.013204466059169   0.011080611349468   0.013422482920349   0.013586927310196   0.013716034999226   0.013845142688255   0.013766591622412   0.013770096496884   0.013773601371355   0.013859162186140   0.013970292392351   0.014081422598561   0.011936263804392   0.013681759667592   0.012087473113654   0.014331906498684   0.015118499330194   0.015253213133111   0.015387926936028   0.015306151249364   0.015311708939046   0.015317266628729   0.015410157694758   0.015746151140572   0.016082144586387   0.014058236321141   0.014636346884439   0.014101196642024   0.016150753655353   0.015884285340193   0.016021802200054   0.016159319059914   0.016075931062840   0.016082515160128   0.016089099257416   0.016185655449067   0.016634080514683   0.017082505580299   0.015119222579515   0.015113640492862   0.015108058406209   0.017060177233688   
1.000000000000000   1.000000000000000   1.000000000000000   0.993739847646937   0.993739847646937   0.993739847646937   1.000000000000000   1.000000000000000   1.000000000000000   0.831381170473026   1.000000000000000   0.831381170473026   1.000000000000000   1.000000000000000   1.000000000000000   1.000000000000000   0.993944003858618   0.993944003858618   0.993944003858618   1.000000000000000   1.000000000000000   1.000000000000000   0.844263177609095   0.970727299754325   0.844263177609095   1.000000000000000   1.000000000000000   1.000000000000000   1.000000000000000   0.994352316281981   0.994352316281981   0.994352316281981   1.000000000000000   1.000000000000000   1.000000000000000   0.870027191881233   0.912181899262977   0.870027191881233   1.000000000000000   1.000000000000000   1.000000000000000   1.000000000000000   0.994556472493662   0.994556472493662   0.994556472493662   1.000000000000000   1.000000000000000   1.000000000000000   0.882909199017302   0.882909199017302   0.882909199017302   1.000000000000000   
PATCH 11 
2 1 
13 2 
0.000000000000000   0.000000000000000   0.000000000000000   0.250000000000000   0.250000000000000   0.375000000000000   0.375000000000000   0.500000000000000   0.500000000000000   0.750000000000000   0.750000000000000   0.875000000000000   0.875000000000000   1.000000000000000   1.000000000000000   1.000000000000000   
0.000000000000000   0.000000000000000   1.000000000000000   1.000000000000000   
0.043292927910928   0.042423929563095   0.041518397143474   0.041049240134445   0.040559735985370   0.040065429592553   0.039645499112463   0.038339472366368   0.036790708470758   0.036244731631585   0.035705058410202   0.035232089464123   0.034732099478712   0.043734282891114   0.043142506727484   0.042531053738569   0.042225327244111   0.041914681543332   0.041604035842553   0.041288470935453   0.040657341121252   0.040006534481766   0.039681131162023   0.039350808635958   0.039020486109894   0.038685244377508   
0.024995183583381   0.026303638818718   0.027584121402319   0.028213203494812   0.028826654176395   0.029435354792453   0.030099021440626   0.031056859280168   0.031770826773326   0.032307579039195   0.032847977419463   0.033448789862967   0.034026235140742   0.025250000000000   0.026178902508932   0.027094027156471   0.027551589480241   0.028005707338662   0.028459825197083   0.028910498590156   0.029811845376303   0.030699414301056   0.031143198763433   0.031583538760461   0.032023878757490   0.032460774289170   
1.000000000000000   0.998025440134835   0.997038160202253   0.996544520235962   0.996297700252816   0.996050880269670   0.996050880269670   0.996050880269670   0.997038160202253   0.997531800168544   0.998272260117981   0.999012720067417   1.000000000000000   1.000000000000000   0.999048674522937   0.998573011784405   0.998335180415139   0.998216264730506   0.998097349045873   0.998097349045873   0.998097349045873   0.998573011784405   0.998810843153671   0.999167590207569   0.999524337261468   1.000000000000000   
PATCH 12 
2 1 
6 2 
0.000000000000000   0.000000000000000   0.000000000000000   0.250000000000000   0.500000000000000   0.750000000000000   1.000000000000000   1.000000000000000   1.000000000000000   
0.000000000000000   0.000000000000000   1.000000000000000   1.000000000000000   
0.019212467414209   0.022277658227890   0.028408039855252   0.034538421482614   0.040668803109976   0.043733993923656   0.014550000000000   0.018197999240457   0.025493997721371   0.032789996202285   0.040085994683199   0.043733993923656   
0.012821141300197   0.011818351636925   0.009812772310380   0.007807192983836   0.005801613657291   0.004798823994018   0.000000000000000   0.000000000000000   0.000000000000000   0.000000000000000   0.000000000000000   0.000000000000000   
1.000000000000000   1.000000000000000   1.000000000000000   1.000000000000000   1.000000000000000   1.000000000000000   1.000000000000000   1.000000000000000   1.000000000000000   1.000000000000000   1.000000000000000   1.000000000000000   
PATCH 13 
2 1 
13 2 
0.000000000000000   0.000000000000000   0.000000000000000   0.250000000000000   0.250000000000000   0.375000000000000   0.375000000000000   0.500000000000000   0.500000000000000   0.750000000000000   0.750000000000000   0.875000000000000   0.875000000000000   1.000000000000000   1.000000000000000   1.000000000000000   
0.000000000000000   0.000000000000000   1.000000000000000   1.000000000000000   
0.043733993923656   0.045445954817988   0.047157915712320   0.047049916669924   0.047059654045039   0.047069391420154   0.047196865212781   0.047641177018438   0.048085488824094   0.043336337217839   0.048250545798825   0.043459609400848   0.048307238146074   0.043733993923656   0.044517244683199   0.045300495442742   0.045692120822514   0.046083746202285   0.046475371582057   0.046866996961828   0.047650247721371   0.048433498480914   0.048825123860686   0.049216749240457   0.049608374620229   0.050000000000000   
0.004798823994018   0.004238749012357   0.003678674030695   0.003666410168769   0.003664270339724   0.003662130510680   0.003670114714516   0.003618138226685   0.003566161738854   0.003197355235780   0.003623784591719   0.003321323646980   0.003789163477441   0.000000000000000   0.000000000000000   0.000000000000000   0.000000000000000   0.000000000000000   0.000000000000000   0.000000000000000   0.000000000000000   0.000000000000000   0.000000000000000   0.000000000000000   0.000000000000000   0.000000000000000   
1.000000000000000   1.000000000000000   1.000000000000000   0.997508910913309   0.997508910913309   0.997508910913309   1.000000000000000   1.000000000000000   1.000000000000000   0.899429687081400   1.000000000000000   0.899429687081400   1.000000000000000   1.000000000000000   1.000000000000000   1.000000000000000   1.000000000000000   1.000000000000000   1.000000000000000   1.000000000000000   1.000000000000000   1.000000000000000   1.000000000000000   1.000000000000000   1.000000000000000   1.000000000000000   
PATCH 14 
2 1 
13 2 
0.000000000000000   0.000000000000000   0.000000000000000   0.250000000000000   0.250000000000000   0.375000000000000   0.375000000000000   0.500000000000000   0.500000000000000   0.750000000000000   0.750000000000000   0.875000000000000   0.875000000000000   1.000000000000000   1.000000000000000   1.000000000000000   
0.000000000000000   0.000000000000000   1.000000000000000   1.000000000000000   
0.014550000000000   0.014280212384578   0.013885535821574   0.013688197540072   0.013459637021674   0.013231076503276   0.012971293747983   0.012451728237397   0.011807273779228   0.011485046550143   0.011131597084163   0.010778147618183   0.010393475915307   0.019212467414209   0.018826396623719   0.018440325833229   0.018309893908415   0.018294315214124   0.018278736519833   0.018378011056064   0.016333976366326   0.014289941676587   0.011769247945045   0.014105062806767   0.011684119306726   0.014148392982655   
0.000000000000000   0.001374743446887   0.002698505621423   0.003360386708691   0.004009522477872   0.004658658247052   0.005295048698145   0.006567829600330   0.007789629230164   0.008400529045082   0.008998683541911   0.009596838038741   0.010182247217482   0.012821141300197   0.012947445932283   0.013073750564369   0.012996811808937   0.012999290275802   0.013001768742668   0.013083664431831   0.013082363018240   0.013081061604649   0.010875277546018   0.013204466059169   0.011080611349468   0.013422482920349   
1.000000000000000   0.981457895847298   0.972186843770947   0.967551317732771   0.965233554713684   0.962915791694596   0.962915791694596   0.962915791694596   0.972186843770947   0.976822369809122   0.983775658866386   0.990728947923649   1.000000000000000   1.000000000000000   1.000000000000000   1.000000000000000   0.993739847646937   0.993739847646937   0.993739847646937   1.000000000000000   1.000000000000000   1.000000000000000   0.831381170473026   1.000000000000000   0.831381170473026   1.000000000000000   
PATCH 15 
2 1 
4 2 
0.000000000000000   0.000000000000000   0.000000000000000   0.500000000000000   1.000000000000000   1.000000000000000   1.000000000000000   
0.000000000000000   0.000000000000000   1.000000000000000   1.000000000000000   
0.034732099478712   0.034568561534960   0.034215506558331   0.034026235140742   0.017786087295994   0.017604609780418   0.017241654749265   0.017060177233688   
0.034026235140742   0.034215506558331   0.034568561534960   0.034732099478712   0.017060177233688   0.017241654749265   0.017604609780418   0.017786087295994   
1.000000000000000   0.999973654811425   0.999973654811425   1.000000000000000   1.000000000000000   1.000000000000000   1.000000000000000   1.000000000000000   
PATCH 16 
2 2 
4 4 
0.000000000000000   0.000000000000000   0.000000000000000   0.500000000000000   1.000000000000000   1.000000000000000   1.000000000000000   
0.000000000000000   0.000000000000000   0.000000000000000   0.500000000000000   1.000000000000000   1.000000000000000   1.000000000000000   
0.014148392982655   0.015057816560990   0.016876663717660   0.017786087295994   0.013966915467078   0.014876339045413   0.016695186202083   0.017604609780418   0.013603960435925   0.014513384014260   0.016332231170930   0.017241654749265   0.013422482920349   0.014331906498684   0.016150753655353   0.017060177233688   
0.013422482920349   0.014331906498684   0.016150753655353   0.017060177233688   0.013603960435925   0.014513384014260   0.016332231170930   0.017241654749265   0.013966915467078   0.014876339045413   0.016695186202083   0.017604609780418   0.014148392982655   0.015057816560990   0.016876663717660   0.017786087295994   
1.000000000000000   1.000000000000000   1.000000000000000   1.000000000000000   1.000000000000000   1.000000000000000   1.000000000000000   1.000000000000000   1.000000000000000   1.000000000000000   1.000000000000000   1.000000000000000   1.000000000000000   1.000000000000000   1.000000000000000   1.000000000000000   
PATCH 17 
2 1 
4 2 
0.000000000000000   0.000000000000000   0.000000000000000   0.500000000000000   1.000000000000000   1.000000000000000   1.000000000000000   
0.000000000000000   0.000000000000000   1.000000000000000   1.000000000000000   
0.014148392982655   0.013966915467078   0.013603960435925   0.013422482920349   0.010393475915307   0.010340939790786   0.010235325441873   0.010182247217482   
0.013422482920349   0.013603960435925   0.013966915467078   0.014148392982655   0.010182247217482   0.010235325441873   0.010340939790786   0.010393475915307   
1.000000000000000   1.000000000000000   1.000000000000000   1.000000000000000   1.000000000000000   0.999973654811425   0.999973654811425   1.000000000000000   
PATCH 18 
2 1 
4 2 
0.000000000000000   0.000000000000000   0.000000000000000   0.500000000000000   1.000000000000000   1.000000000000000   1.000000000000000   
0.000000000000000   0.000000000000000   1.000000000000000   1.000000000000000   
0.034732099478712   0.034568561534960   0.034215506558331   0.034026235140742   0.038685244377508   0.037197068413715   0.034084833369545   0.032460774289170   
0.034026235140742   0.034215506558331   0.034568561534960   0.034732099478712   0.032460774289170   0.034084833369545   0.037197068413715   0.038685244377508   
1.000000000000000   0.999973654811425   0.999973654811425   1.000000000000000   1.000000000000000   0.998097349045873   0.998097349045873   1.000000000000000   
PATCH 19 
2 1 
4 2 
0.000000000000000   0.000000000000000   0.000000000000000   0.500000000000000   1.000000000000000   1.000000000000000   1.000000000000000   
0.000000000000000   0.000000000000000   1.000000000000000   1.000000000000000   
0.000000000000000   0.002178893568691   0.006520098010365   0.008682408883347   0.000000000000000   0.002200682504378   0.006585298990468   0.008769232972180   
0.050000000000000   0.049904867452294   0.049525061277599   0.049240387650610   0.050500000000000   0.050403916126817   0.050020311890375   0.049732791527117   
1.000000000000000   0.998097349045873   0.998097349045873   1.000000000000000   1.000000000000000   0.998097349045873   0.998097349045873   1.000000000000000   
PATCH 20 
2 1 
4 2 
0.000000000000000   0.000000000000000   0.000000000000000   0.500000000000000   1.000000000000000   1.000000000000000   1.000000000000000   
0.000000000000000   0.000000000000000   1.000000000000000   1.000000000000000   
0.003789163477441   0.004831792321246   0.006917050008855   0.007959678852659   0.000000000000000   0.002178893568691   0.006520098010365   0.008682408883347   
0.048307238146074   0.048179312924693   0.047923462481929   0.047795537260547   0.050000000000000   0.049904867452294   0.049525061277599   0.049240387650610   
1.000000000000000   1.000000000000000   1.000000000000000   1.000000000000000   1.000000000000000   0.998097349045873   0.998097349045873   1.000000000000000   
PATCH 21 
2 1 
13 2 
0.000000000000000   0.000000000000000   0.000000000000000   0.125000000000000   0.125000000000000   0.250000000000000   0.250000000000000   0.500000000000000   0.500000000000000   0.625000000000000   0.625000000000000   0.750000000000000   0.750000000000000   1.000000000000000   1.000000000000000   1.000000000000000   
0.000000000000000   0.000000000000000   1.000000000000000   1.000000000000000   
0.007959678852659   0.007380754908961   0.008096950578828   0.007474547160265   0.008131757490327   0.007916370706016   0.007700983921705   0.007574058211428   0.007575645430447   0.007577232649466   0.007707332797781   0.007784650415898   0.007861968034014   0.008682408883347   0.009214726804819   0.009605731992675   0.010150367856712   0.010647733952665   0.011668558137317   0.012696568128857   0.013235013309643   0.013779889150694   0.014331521698029   0.014876530602116   0.015938933817556   0.016976435669275   
0.047795537260547   0.043835028631367   0.047714823888285   0.043706338348662   0.047559431950980   0.046433997607430   0.045308563263879   0.044564891726097   0.044539946384580   0.044515001043063   0.045208781897813   0.044972447937196   0.044736113976579   0.049240387650610   0.049122375608591   0.048295863027632   0.048275993305455   0.048033547142862   0.047687607111326   0.047384237338656   0.047321576921345   0.047274372253992   0.047241824204274   0.047178909007020   0.046952982332302   0.046642373664157   
1.000000000000000   0.917339307224428   1.000000000000000   0.917339307224428   1.000000000000000   1.000000000000000   1.000000000000000   0.984128357783578   0.984128357783578   0.984128357783578   1.000000000000000   1.000000000000000   1.000000000000000   1.000000000000000   0.999524337261468   0.999167590207569   0.998810843153671   0.998573011784405   0.998097349045873   0.998097349045873   0.998097349045873   0.998216264730506   0.998335180415139   0.998573011784404   0.999048674522936   1.000000000000000   
PATCH 22 
2 2 
13 4 
0.000000000000000   0.000000000000000   0.000000000000000   0.250000000000000   0.250000000000000   0.375000000000000   0.375000000000000   0.500000000000000   0.500000000000000   0.750000000000000   0.750000000000000   0.875000000000000   0.875000000000000   1.000000000000000   1.000000000000000   1.000000000000000   
0.000000000000000   0.000000000000000   0.000000000000000   0.500000000000000   1.000000000000000   1.000000000000000   1.000000000000000   
0.004798823994018   0.004238749012357   0.003678674030695   0.003666410168769   0.003664270339724   0.003662130510680   0.003670114714516   0.003618138226685   0.003566161738854   0.003197355235780   0.003623784591719   0.003321323646980   0.003789163477441   0.005564610004017   0.005125224363242   0.004685838722466   0.004644115788943   0.004642114112405   0.004640112435867   0.004677832016314   0.004692696346518   0.004707560676722   0.004266653216901   0.004742076088496   0.004336181462476   0.004831792321246   0.007096182024015   0.006898175065012   0.006700168106009   0.006599527029292   0.006597801657766   0.006596076286241   0.006693266619908   0.006841812586183   0.006990358552459   0.006405249179143   0.006978659082051   0.006365897093466   0.006917050008855   0.007861968034014   0.007784650415898   0.007707332797781   0.007577232649466   0.007575645430447   0.007574058211428   0.007700983921705   0.007916370706016   0.008131757490327   0.007474547160265   0.008096950578828   0.007380754908961   0.007959678852659   
0.043733993923656   0.045445954817988   0.047157915712320   0.047049916669924   0.047059654045039   0.047069391420154   0.047196865212781   0.047641177018438   0.048085488824094   0.043336337217839   0.048250545798825   0.043459609400848   0.048307238146074   0.043984523936887   0.045327578097790   0.046670632258693   0.046416187763209   0.046429727129924   0.046443266496640   0.046724789725555   0.047339382165686   0.047953974605816   0.043428837500545   0.048116615321190   0.043553464208478   0.048179312924693   0.044485583963348   0.045090824657394   0.045696065351440   0.045148729949779   0.045169873299695   0.045191016649611   0.045780638751104   0.046735792460182   0.047690946169259   0.043613838065956   0.047848754365920   0.043741173823738   0.047923462481929   0.044736113976579   0.044972447937196   0.045208781897813   0.044515001043063   0.044539946384580   0.044564891726097   0.045308563263879   0.046433997607430   0.047559431950980   0.043706338348662   0.047714823888285   0.043835028631367   0.047795537260547   
1.000000000000000   1.000000000000000   1.000000000000000   0.997508910913309   0.997508910913309   0.997508910913309   1.000000000000000   1.000000000000000   1.000000000000000   0.899429687081400   1.000000000000000   0.899429687081400   1.000000000000000   1.000000000000000   1.000000000000000   1.000000000000000   0.994163772630876   0.994163772630876   0.994163772630876   1.000000000000000   1.000000000000000   1.000000000000000   0.903907092117157   1.000000000000000   0.903907092117157   1.000000000000000   1.000000000000000   1.000000000000000   1.000000000000000   0.987473496066011   0.987473496066011   0.987473496066011   1.000000000000000   1.000000000000000   1.000000000000000   0.912861902188671   1.000000000000000   0.912861902188671   1.000000000000000   1.000000000000000   1.000000000000000   1.000000000000000   0.984128357783578   0.984128357783578   0.984128357783578   1.000000000000000   1.000000000000000   1.000000000000000   0.917339307224428   1.000000000000000   0.917339307224428   1.000000000000000   
PATCH 23 
2 1 
13 2 
0.000000000000000   0.000000000000000   0.000000000000000   0.125000000000000   0.125000000000000   0.250000000000000   0.250000000000000   0.500000000000000   0.500000000000000   0.625000000000000   0.625000000000000   0.750000000000000   0.750000000000000   1.000000000000000   1.000000000000000   1.000000000000000   
0.000000000000000   0.000000000000000   1.000000000000000   1.000000000000000   
0.008682408883347   0.009214726804819   0.009605731992675   0.010150367856712   0.010647733952665   0.011668558137317   0.012696568128857   0.013235013309643   0.013779889150694   0.014331521698029   0.014876530602116   0.015938933817556   0.016976435669275   0.008769232972180   0.009306874072867   0.009842960902535   0.010379047732203   0.010913580290852   0.011982645408149   0.013045493441370   0.013576917457981   0.014106787203572   0.014636656949163   0.015164972423735   0.016221603372879   0.017272017237946   
0.049240387650610   0.049122375608591   0.048295863027632   0.048275993305455   0.048033547142862   0.047687607111326   0.047384237338656   0.047321576921345   0.047274372253992   0.047241824204274   0.047178909007020   0.046952982332302   0.046642373664157   0.049732791527117   0.049613599364677   0.049488606583825   0.049363613802972   0.049232820403708   0.048971233605179   0.048686444333000   0.048544049696911   0.048395854442409   0.048247659187908   0.048093663314994   0.047785671569166   0.047454477349688   
1.000000000000000   0.999524337261468   0.999167590207569   0.998810843153671   0.998573011784405   0.998097349045873   0.998097349045873   0.998097349045873   0.998216264730506   0.998335180415139   0.998573011784404   0.999048674522936   1.000000000000000   1.000000000000000   0.999524337261468   0.999167590207569   0.998810843153671   0.998573011784405   0.998097349045873   0.998097349045873   0.998097349045873   0.998216264730506   0.998335180415139   0.998573011784404   0.999048674522936   1.000000000000000   
PATCH 24 
2 1 
6 2 
0.000000000000000   0.000000000000000   0.000000000000000   0.250000000000000   0.500000000000000   0.750000000000000   1.000000000000000   1.000000000000000   1.000000000000000   
0.000000000000000   0.000000000000000   1.000000000000000   1.000000000000000   
0.016976435669275   0.018013980307617   0.020038479873589   0.021915920806336   0.023971793296658   0.024995183583381   0.017272017237946   0.018289568482936   0.020304367573183   0.022298863263696   0.024273055554476   0.025250000000000   
0.046642373664157   0.046324298210597   0.045542193196540   0.044439927226274   0.043693732923072   0.043292927910928   0.047454477349688   0.047032993823604   0.046146485990198   0.045216437375554   0.044242847979673   0.043734282891114   
1.000000000000000   0.999048674522936   0.998097349045873   0.998097349045873   0.999048674522936   1.000000000000000   1.000000000000000   0.999048674522936   0.998097349045873   0.998097349045873   0.999048674522936   1.000000000000000   
PATCH 25 
2 1 
6 2 
0.000000000000000   0.000000000000000   0.000000000000000   0.250000000000000   0.500000000000000   0.750000000000000   1.000000000000000   1.000000000000000   1.000000000000000   
0.000000000000000   0.000000000000000   1.000000000000000   1.000000000000000   
0.016976435669275   0.018013980307617   0.020038479873589   0.021915920806336   0.023971793296658   0.024995183583381   0.007861968034014   0.008864757697287   0.010870337023831   0.012875916350376   0.014881495676921   0.015884285340193   
0.046642373664157   0.046324298210597   0.045542193196540   0.044439927226274   0.043693732923072   0.043292927910928   0.044736113976579   0.041670923162898   0.035540541535536   0.029410159908174   0.023279778280812   0.020214587467131   
1.000000000000000   0.999048674522936   0.998097349045873   0.998097349045873   0.999048674522936   1.000000000000000   1.000000000000000   1.000000000000000   1.000000000000000   1.000000000000000   1.000000000000000   1.000000000000000   
PATCH 26 
2 1 
13 2 
0.000000000000000   0.000000000000000   0.000000000000000   0.250000000000000   0.250000000000000   0.375000000000000   0.375000000000000   0.500000000000000   0.500000000000000   0.750000000000000   0.750000000000000   0.875000000000000   0.875000000000000   1.000000000000000   1.000000000000000   1.000000000000000   
0.000000000000000   0.000000000000000   1.000000000000000   1.000000000000000   
0.024995183583381   0.026303638818718   0.027584121402319   0.028213203494812   0.028826654176395   0.029435354792453   0.030099021440626   0.031056859280168   0.031770826773326   0.032307579039195   0.032847977419463   0.033448789862967   0.034026235140742   0.015884285340193   0.016021802200054   0.016159319059914   0.016075931062840   0.016082515160128   0.016089099257416   0.016185655449067   0.016634080514683   0.017082505580299   0.015119222579515   0.015113640492862   0.015108058406209   0.017060177233688   
0.043292927910928   0.042423929563095   0.041518397143474   0.041049240134445   0.040559735985370   0.040065429592553   0.039645499112463   0.038339472366368   0.036790708470758   0.036244731631585   0.035705058410202   0.035232089464123   0.034732099478712   0.020214587467131   0.019794244666434   0.019373901865736   0.019254453119523   0.019241292364093   0.019228131608664   0.019321258844016   0.018681798978719   0.018042339113422   0.015877096986592   0.015813034032235   0.015748971077879   0.017786087295994   
1.000000000000000   0.998025440134835   0.997038160202253   0.996544520235962   0.996297700252816   0.996050880269670   0.996050880269670   0.996050880269670   0.997038160202253   0.997531800168544   0.998272260117981   0.999012720067417   1.000000000000000   1.000000000000000   1.000000000000000   1.000000000000000   0.994556472493662   0.994556472493662   0.994556472493662   1.000000000000000   1.000000000000000   1.000000000000000   0.882909199017302   0.882909199017302   0.882909199017302   1.000000000000000   
PATCH 27 
2 2 
6 4 
0.000000000000000   0.000000000000000   0.000000000000000   0.250000000000000   0.500000000000000   0.750000000000000   1.000000000000000   1.000000000000000   1.000000000000000   
0.000000000000000   0.000000000000000   0.000000000000000   0.500000000000000   1.000000000000000   1.000000000000000   1.000000000000000   
0.012821141300197   0.011818351636925   0.009812772310380   0.007807192983836   0.005801613657291   0.004798823994018   0.013586927310196   0.012584137646924   0.010578558320379   0.008572978993835   0.006567399667290   0.005564610004017   0.015118499330194   0.014115709666922   0.012110130340377   0.010104551013832   0.008098971687288   0.007096182024015   0.015884285340193   0.014881495676921   0.012875916350376   0.010870337023831   0.008864757697287   0.007861968034014   
0.019212467414209   0.022277658227890   0.028408039855252   0.034538421482614   0.040668803109976   0.043733993923656   0.019462997427440   0.022528188241121   0.028658569868482   0.034788951495844   0.040919333123206   0.043984523936887   0.019964057453901   0.023029248267582   0.029159629894943   0.035290011522305   0.041420393149667   0.044485583963348   0.020214587467131   0.023279778280812   0.029410159908174   0.035540541535536   0.041670923162898   0.044736113976579   
1.000000000000000   1.000000000000000   1.000000000000000   1.000000000000000   1.000000000000000   1.000000000000000   1.000000000000000   1.000000000000000   1.000000000000000   1.000000000000000   1.000000000000000   1.000000000000000   1.000000000000000   1.000000000000000   1.000000000000000   1.000000000000000   1.000000000000000   1.000000000000000   1.000000000000000   1.000000000000000   1.000000000000000   1.000000000000000   1.000000000000000   1.000000000000000   
PATCH 28 
2 2 
13 4 
0.000000000000000   0.000000000000000   0.000000000000000   0.250000000000000   0.250000000000000   0.375000000000000   0.375000000000000   0.500000000000000   0.500000000000000   0.750000000000000   0.750000000000000   0.875000000000000   0.875000000000000   1.000000000000000   1.000000000000000   1.000000000000000   
0.000000000000000   0.000000000000000   0.000000000000000   0.500000000000000   1.000000000000000   1.000000000000000   1.000000000000000   
0.012821141300197   0.012947445932283   0.013073750564369   0.012996811808937   0.012999290275802   0.013001768742668   0.013083664431831   0.013082363018240   0.013081061604649   0.010875277546018   0.013204466059169   0.011080611349468   0.013422482920349   0.013586927310196   0.013716034999226   0.013845142688255   0.013766591622412   0.013770096496884   0.013773601371355   0.013859162186140   0.013970292392351   0.014081422598561   0.011936263804392   0.013681759667592   0.012087473113654   0.014331906498684   0.015118499330194   0.015253213133111   0.015387926936028   0.015306151249364   0.015311708939046   0.015317266628729   0.015410157694758   0.015746151140572   0.016082144586387   0.014058236321141   0.014636346884439   0.014101196642024   0.016150753655353   0.015884285340193   0.016021802200054   0.016159319059914   0.016075931062840   0.016082515160128   0.016089099257416   0.016185655449067   0.016634080514683   0.017082505580299   0.015119222579515   0.015113640492862   0.015108058406209   0.017060177233688   
0.019212467414209   0.018826396623719   0.018440325833229   0.018309893908415   0.018294315214124   0.018278736519833   0.018378011056064   0.016333976366326   0.014289941676587   0.011769247945045   0.014105062806767   0.011684119306726   0.014148392982655   0.019462997427440   0.019068358634398   0.018673719841356   0.018546033711192   0.018531059501616   0.018516085292040   0.018613823003052   0.016920932019424   0.015228041035796   0.012796210205432   0.014532055613134   0.012700332249514   0.015057816560990   0.019964057453901   0.019552282655755   0.019140507857609   0.019018313316746   0.019004548076601   0.018990782836456   0.019085446897028   0.018094843325621   0.017104239754213   0.014850134726205   0.015386041225868   0.014732758135091   0.016876663717660   0.020214587467131   0.019794244666434   0.019373901865736   0.019254453119523   0.019241292364093   0.019228131608664   0.019321258844016   0.018681798978719   0.018042339113422   0.015877096986592   0.015813034032235   0.015748971077879   0.017786087295994   
1.000000000000000   1.000000000000000   1.000000000000000   0.993739847646937   0.993739847646937   0.993739847646937   1.000000000000000   1.000000000000000   1.000000000000000   0.831381170473026   1.000000000000000   0.831381170473026   1.000000000000000   1.000000000000000   1.000000000000000   1.000000000000000   0.993944003858618   0.993944003858618   0.993944003858618   1.000000000000000   1.000000000000000   1.000000000000000   0.844263177609095   0.970727299754325   0.844263177609095   1.000000000000000   1.000000000000000   1.000000000000000   1.000000000000000   0.994352316281981   0.994352316281981   0.994352316281981   1.000000000000000   1.000000000000000   1.000000000000000   0.870027191881233   0.912181899262977   0.870027191881233   1.000000000000000   1.000000000000000   1.000000000000000   1.000000000000000   0.994556472493662   0.994556472493662   0.994556472493662   1.000000000000000   1.000000000000000   1.000000000000000   0.882909199017302   0.882909199017302   0.882909199017302   1.000000000000000   
PATCH 29 
2 1 
13 2 
0.000000000000000   0.000000000000000   0.000000000000000   0.250000000000000   0.250000000000000   0.375000000000000   0.375000000000000   0.500000000000000   0.500000000000000   0.750000000000000   0.750000000000000   0.875000000000000   0.875000000000000   1.000000000000000   1.000000000000000   1.000000000000000   
0.000000000000000   0.000000000000000   1.000000000000000   1.000000000000000   
0.024995183583381   0.026303638818718   0.027584121402319   0.028213203494812   0.028826654176395   0.029435354792453   0.030099021440626   0.031056859280168   0.031770826773326   0.032307579039195   0.032847977419463   0.033448789862967   0.034026235140742   0.025250000000000   0.026178902508932   0.027094027156471   0.027551589480241   0.028005707338662   0.028459825197083   0.028910498590156   0.029811845376303   0.030699414301056   0.031143198763433   0.031583538760461   0.032023878757490   0.032460774289170   
0.043292927910928   0.042423929563095   0.041518397143474   0.041049240134445   0.040559735985370   0.040065429592553   0.039645499112463   0.038339472366368   0.036790708470758   0.036244731631585   0.035705058410202   0.035232089464123   0.034732099478712   0.043734282891114   0.043142506727484   0.042531053738569   0.042225327244111   0.041914681543332   0.041604035842553   0.041288470935453   0.040657341121252   0.040006534481766   0.039681131162023   0.039350808635958   0.039020486109894   0.038685244377508   
1.000000000000000   0.998025440134835   0.997038160202253   0.996544520235962   0.996297700252816   0.996050880269670   0.996050880269670   0.996050880269670   0.997038160202253   0.997531800168544   0.998272260117981   0.999012720067417   1.000000000000000   1.000000000000000   0.999048674522937   0.998573011784405   0.998335180415139   0.998216264730506   0.998097349045873   0.998097349045873   0.998097349045873   0.998573011784405   0.998810843153671   0.999167590207569   0.999524337261468   1.000000000000000   
PATCH 30 
2 1 
6 2 
0.000000000000000   0.000000000000000   0.000000000000000   0.250000000000000   0.500000000000000   0.750000000000000   1.000000000000000   1.000000000000000   1.000000000000000   
0.000000000000000   0.000000000000000   1.000000000000000   1.000000000000000   
0.012821141300197   0.011818351636925   0.009812772310380   0.007807192983836   0.005801613657291   0.004798823994018   0.000000000000000   0.000000000000000   0.000000000000000   0.000000000000000   0.000000000000000   0.000000000000000   
0.019212467414209   0.022277658227890   0.028408039855252   0.034538421482614   0.040668803109976   0.043733993923656   0.014550000000000   0.018197999240457   0.025493997721371   0.032789996202285   0.040085994683199   0.043733993923656   
1.000000000000000   1.000000000000000   1.000000000000000   1.000000000000000   1.000000000000000   1.000000000000000   1.000000000000000   1.000000000000000   1.000000000000000   1.000000000000000   1.000000000000000   1.000000000000000   
PATCH 31 
2 1 
13 2 
0.000000000000000   0.000000000000000   0.000000000000000   0.250000000000000   0.250000000000000   0.375000000000000   0.375000000000000   0.500000000000000   0.500000000000000   0.750000000000000   0.750000000000000   0.875000000000000   0.875000000000000   1.000000000000000   1.000000000000000   1.000000000000000   
0.000000000000000   0.000000000000000   1.000000000000000   1.000000000000000   
0.004798823994018   0.004238749012357   0.003678674030695   0.003666410168769   0.003664270339724   0.003662130510680   0.003670114714516   0.003618138226685   0.003566161738854   0.003197355235780   0.003623784591719   0.003321323646980   0.003789163477441   0.000000000000000   0.000000000000000   0.000000000000000   0.000000000000000   0.000000000000000   0.000000000000000   0.000000000000000   0.000000000000000   0.000000000000000   0.000000000000000   0.000000000000000   0.000000000000000   0.000000000000000   
0.043733993923656   0.045445954817988   0.047157915712320   0.047049916669924   0.047059654045039   0.047069391420154   0.047196865212781   0.047641177018438   0.048085488824094   0.043336337217839   0.048250545798825   0.043459609400848   0.048307238146074   0.043733993923656   0.044517244683199   0.045300495442742   0.045692120822514   0.046083746202285   0.046475371582057   0.046866996961828   0.047650247721371   0.048433498480914   0.048825123860686   0.049216749240457   0.049608374620229   0.050000000000000   
1.000000000000000   1.000000000000000   1.000000000000000   0.997508910913309   0.997508910913309   0.997508910913309   1.000000000000000   1.000000000000000   1.000000000000000   0.899429687081400   1.000000000000000   0.899429687081400   1.000000000000000   1.000000000000000   1.000000000000000   1.000000000000000   1.000000000000000   1.000000000000000   1.000000000000000   1.000000000000000   1.000000000000000   1.000000000000000   1.000000000000000   1.000000000000000   1.000000000000000   1.000000000000000   
PATCH 32 
2 1 
13 2 
0.000000000000000   0.000000000000000   0.000000000000000   0.250000000000000   0.250000000000000   0.375000000000000   0.375000000000000   0.500000000000000   0.500000000000000   0.750000000000000   0.750000000000000   0.875000000000000   0.875000000000000   1.000000000000000   1.000000000000000   1.000000000000000   
0.000000000000000   0.000000000000000   1.000000000000000   1.000000000000000   
0.000000000000000   0.001374743446887   0.002698505621423   0.003360386708691   0.004009522477872   0.004658658247052   0.005295048698145   0.006567829600330   0.007789629230164   0.008400529045082   0.008998683541911   0.009596838038741   0.010182247217482   0.012821141300197   0.012947445932283   0.013073750564369   0.012996811808937   0.012999290275802   0.013001768742668   0.013083664431831   0.013082363018240   0.013081061604649   0.010875277546018   0.013204466059169   0.011080611349468   0.013422482920349   
0.014550000000000   0.014280212384578   0.013885535821574   0.013688197540072   0.013459637021674   0.013231076503276   0.012971293747983   0.012451728237397   0.011807273779228   0.011485046550143   0.011131597084163   0.010778147618183   0.010393475915307   0.019212467414209   0.018826396623719   0.018440325833229   0.018309893908415   0.018294315214124   0.018278736519833   0.018378011056064   0.016333976366326   0.014289941676587   0.011769247945045   0.014105062806767   0.011684119306726   0.014148392982655   
1.000000000000000   0.981457895847298   0.972186843770947   0.967551317732771   0.965233554713684   0.962915791694596   0.962915791694596   0.962915791694596   0.972186843770947   0.976822369809122   0.983775658866386   0.990728947923649   1.000000000000000   1.000000000000000   1.000000000000000   1.000000000000000   0.993739847646937   0.993739847646937   0.993739847646937   1.000000000000000   1.000000000000000   1.000000000000000   0.831381170473026   1.000000000000000   0.831381170473026   1.000000000000000   
INTERFACE 1 
1 2 
5 1 
1 
INTERFACE 2 
1 3 
2 4 
1 
INTERFACE 3 
2 1 
13 2 
1 
INTERFACE 4 
2 2 
3 1 
1 
INTERFACE 5 
2 3 
4 2 
1 
INTERFACE 6 
3 2 
7 1 
-1 
INTERFACE 7 
3 3 
4 4 
-1 
INTERFACE 8 
3 4 
5 3 
1 
INTERFACE 9 
4 1 
9 2 
1 
INTERFACE 10 
4 3 
13 3 
1 
INTERFACE 11 
5 2 
6 1 
1 
INTERFACE 12 
6 2 
11 1 
1 
INTERFACE 13 
6 3 
7 3 
1 
INTERFACE 14 
7 2 
8 1 
1 
INTERFACE 15 
7 4 
9 4 
-1 
INTERFACE 16 
8 2 
15 1 
1 
INTERFACE 17 
8 3 
11 3 
1 
INTERFACE 18 
8 4 
10 4 
1 
INTERFACE 19 
9 1 
10 1 
1 
INTERFACE 20 
9 3 
12 3 
1 
INTERFACE 21 
10 2 
16 3 
1 
INTERFACE 22 
10 3 
14 4 
1 
INTERFACE 23 
11 2 
18 1 
1 
INTERFACE 24 
12 1 
14 1 
-1 
INTERFACE 25 
12 2 
13 1 
1 
INTERFACE 26 
14 2 
17 1 
-1 
INTERFACE 27 
15 2 
26 2 
1 
INTERFACE 28 
15 3 
18 3 
1 
INTERFACE 29 
15 4 
16 2 
1 
INTERFACE 30 
16 1 
17 3 
1 
INTERFACE 31 
16 4 
28 2 
1 
INTERFACE 32 
17 2 
32 2 
-1 
INTERFACE 33 
18 2 
29 2 
1 
INTERFACE 34 
19 2 
23 1 
1 
INTERFACE 35 
19 3 
20 4 
1 
INTERFACE 36 
20 1 
31 2 
1 
INTERFACE 37 
20 2 
21 1 
1 
INTERFACE 38 
20 3 
22 2 
1 
INTERFACE 39 
21 2 
25 1 
-1 
INTERFACE 40 
21 3 
22 4 
-1 
INTERFACE 41 
21 4 
23 3 
1 
INTERFACE 42 
22 1 
27 2 
1 
INTERFACE 43 
22 3 
31 3 
1 
INTERFACE 44 
23 2 
24 1 
1 
INTERFACE 45 
24 2 
29 1 
1 
INTERFACE 46 
24 3 
25 3 
1 
INTERFACE 47 
25 2 
26 1 
1 
INTERFACE 48 
25 4 
27 4 
-1 
INTERFACE 49 
26 3 
29 3 
1 
INTERFACE 50 
26 4 
28 4 
1 
INTERFACE 51 
27 1 
28 1 
1 
INTERFACE 52 
27 3 
30 3 
1 
INTERFACE 53 
28 3 
32 4 
1 
INTERFACE 54 
30 1 
32 1 
-1 
INTERFACE 55 
30 2 
31 1 
1 
BOUNDARY 1 
1 
1 1 
BOUNDARY 2 
1 
1 4 
BOUNDARY 3 
1 
5 4 
BOUNDARY 4 
1 
6 4 
BOUNDARY 5 
1 
11 4 
BOUNDARY 6 
1 
12 4 
BOUNDARY 7 
1 
13 4 
BOUNDARY 8 
1 
14 3 
BOUNDARY 9 
1 
17 4 
BOUNDARY 10 
1 
18 4 
BOUNDARY 11 
1 
19 1 
BOUNDARY 12 
1 
19 4 
BOUNDARY 13 
1 
23 4 
BOUNDARY 14 
1 
24 4 
BOUNDARY 15 
1 
29 4 
BOUNDARY 16 
1 
30 4 
BOUNDARY 17 
1 
31 4 
BOUNDARY 18 
1 
32 3 
