# nurbs mesh v.2.1
#
# 14-Jul-2024
#
2 2 32 55 0 
PATCH 1 
2 1 
4 2 
0.000000000000000   0.000000000000000   0.000000000000000   0.500000000000000   1.000000000000000   1.000000000000000   1.000000000000000   
0.000000000000000   0.000000000000000   1.000000000000000   1.000000000000000   
0.050000000000000   0.049904867452294   0.049525061277599   0.049240387650610   0.050500000000000   0.050403916126817   0.050020311890375   0.049732791527117   
0.000000000000000   0.002178893568691   0.006520098010365   0.008682408883347   0.000000000000000   0.002200682504378   0.006585298990468   0.008769232972180   
1.000000000000000   0.998097349045873   0.998097349045873   1.000000000000000   1.000000000000000   0.998097349045873   0.998097349045873   1.000000000000000   
PATCH 2 
2 1 
4 2 
0.000000000000000   0.000000000000000   0.000000000000000   0.500000000000000   1.000000000000000   1.000000000000000   1.000000000000000   
0.000000000000000   0.000000000000000   1.000000000000000   1.000000000000000   
0.048239040341351   0.048107953507708   0.047845779840422   0.047714693006779   0.050000000000000   0.049904867452294   0.049525061277599   0.049240387650610   
0.003646710477070   0.004698328054635   0.006801563209765   0.007853180787331   0.000000000000000   0.002178893568691   0.006520098010365   0.008682408883347   
1.000000000000000   1.000000000000000   1.000000000000000   1.000000000000000   1.000000000000000   0.998097349045873   0.998097349045873   1.000000000000000   
PATCH 3 
2 1 
13 2 
0.000000000000000   0.000000000000000   0.000000000000000   0.125000000000000   0.125000000000000   0.250000000000000   0.250000000000000   0.500000000000000   0.500000000000000   0.625000000000000   0.625000000000000   0.750000000000000   0.750000000000000   1.000000000000000   1.000000000000000   1.000000000000000   
0.000000000000000   0.000000000000000   1.000000000000000   1.000000000000000   
0.047714693006779   0.040730912760102   0.040675186222333   0.040619459684564   0.047491786855703   0.046627147462479   0.045762508069256   0.045123006269709   0.045100087256489   0.045077168243269   0.045670832016375   0.045370192352155   0.045069552687934   0.049240387650610   0.049122375608591   0.048183225328436   0.048105278562559   0.047907926124742   0.047626625972559   0.047326356504489   0.047226653080798   0.047145778984095   0.047129619558201   0.047122022829262   0.046866732681462   0.046584209292563   
0.007853180787331   0.006775300437917   0.006818740884584   0.006862181331250   0.008026942573996   0.007920476509514   0.007814010445031   0.007705904423995   0.007708439563724   0.007710974703454   0.007824151003949   0.007931462336101   0.008038773668254   0.008682408883347   0.009214726804819   0.009583329089343   0.010114473878767   0.010619887181828   0.011653636819052   0.012681059006085   0.013208464779886   0.013742405818389   0.014297482722039   0.014858593159685   0.015909655006962   0.016955265569320   
1.000000000000000   0.853817770247457   0.853817770247457   0.853817770247457   1.000000000000000   1.000000000000000   1.000000000000000   0.986525741856616   0.986525741856616   0.986525741856616   1.000000000000000   1.000000000000000   1.000000000000000   1.000000000000000   0.999524337261468   0.999167590207569   0.998810843153671   0.998573011784405   0.998097349045873   0.998097349045873   0.998097349045873   0.998216264730506   0.998335180415139   0.998573011784404   0.999048674522936   1.000000000000000   
PATCH 4 
2 2 
13 4 
0.000000000000000   0.000000000000000   0.000000000000000   0.250000000000000   0.250000000000000   0.375000000000000   0.375000000000000   0.500000000000000   0.500000000000000   0.750000000000000   0.750000000000000   0.875000000000000   0.875000000000000   1.000000000000000   1.000000000000000   1.000000000000000   
0.000000000000000   0.000000000000000   0.000000000000000   0.500000000000000   1.000000000000000   1.000000000000000   1.000000000000000   
0.043808936823793   0.045110190428070   0.046411444032347   0.046241310386737   0.046253512205185   0.046265714023634   0.046460251306141   0.047241200459564   0.048022149612987   0.043394725021176   0.048184224703873   0.043514972954778   0.048239040341351   0.044124090789828   0.045175190909091   0.046226291028354   0.045950274850870   0.045965155968011   0.045980037085153   0.046285815496920   0.047087687210293   0.047889558923666   0.042700908687023   0.046306965083488   0.042818957906109   0.048107953507708   0.044754398721899   0.045305191871133   0.045855985020368   0.045368203779136   0.045388443493663   0.045408683208190   0.045936943878477   0.046780660711751   0.047624377545024   0.041313276018717   0.042552445842718   0.041426927808771   0.047845779840422   0.045069552687934   0.045370192352155   0.045670832016375   0.045077168243269   0.045100087256489   0.045123006269709   0.045762508069256   0.046627147462479   0.047491786855703   0.040619459684564   0.040675186222333   0.040730912760102   0.047714693006779   
0.004507076479290   0.004042602644458   0.003578128809626   0.003559903959266   0.003557206695990   0.003554509432713   0.003567339756521   0.003495080922473   0.003422822088424   0.003078904110631   0.003482812760025   0.003203031666915   0.003646710477070   0.005390000776531   0.005014817567369   0.004639634358207   0.004597671645313   0.004595014912923   0.004592358180534   0.004629007428649   0.004601429819233   0.004573852209817   0.004024723415786   0.004316794791165   0.004096098859665   0.004698328054635   0.007155849371013   0.006959247413190   0.006762645455368   0.006673207017407   0.006670631346791   0.006668055676174   0.006752342772904   0.006814127612753   0.006875912452603   0.005916362026095   0.005984758853444   0.005882233245167   0.006801563209765   0.008038773668254   0.007931462336101   0.007824151003949   0.007710974703454   0.007708439563724   0.007705904423995   0.007814010445031   0.007920476509514   0.008026942573996   0.006862181331250   0.006818740884584   0.006775300437917   0.007853180787331   
1.000000000000000   1.000000000000000   1.000000000000000   0.996080648618932   0.996080648618932   0.996080648618932   1.000000000000000   1.000000000000000   1.000000000000000   0.901848047883696   1.000000000000000   0.901848047883696   1.000000000000000   1.000000000000000   1.000000000000000   1.000000000000000   0.993691921928353   0.993691921928353   0.993691921928353   1.000000000000000   1.000000000000000   1.000000000000000   0.889840478474636   0.963454442561864   0.889840478474636   1.000000000000000   1.000000000000000   1.000000000000000   1.000000000000000   0.988914468547195   0.988914468547195   0.988914468547195   1.000000000000000   1.000000000000000   1.000000000000000   0.865825339656516   0.890363327685592   0.865825339656516   1.000000000000000   1.000000000000000   1.000000000000000   1.000000000000000   0.986525741856616   0.986525741856616   0.986525741856616   1.000000000000000   1.000000000000000   1.000000000000000   0.853817770247457   0.853817770247457   0.853817770247457   1.000000000000000   
PATCH 5 
2 1 
13 2 
0.000000000000000   0.000000000000000   0.000000000000000   0.125000000000000   0.125000000000000   0.250000000000000   0.250000000000000   0.500000000000000   0.500000000000000   0.625000000000000   0.625000000000000   0.750000000000000   0.750000000000000   1.000000000000000   1.000000000000000   1.000000000000000   
0.000000000000000   0.000000000000000   1.000000000000000   1.000000000000000   
0.049240387650610   0.049122375608591   0.048183225328436   0.048105278562559   0.047907926124742   0.047626625972559   0.047326356504489   0.047226653080798   0.047145778984095   0.047129619558201   0.047122022829262   0.046866732681462   0.046584209292563   0.049732791527117   0.049613599364677   0.049488606583825   0.049363613802972   0.049232820403708   0.048971233605179   0.048686444333000   0.048544049696911   0.048395854442409   0.048247659187908   0.048093663314994   0.047785671569166   0.047454477349688   
0.008682408883347   0.009214726804819   0.009583329089343   0.010114473878767   0.010619887181828   0.011653636819052   0.012681059006085   0.013208464779886   0.013742405818389   0.014297482722039   0.014858593159685   0.015909655006962   0.016955265569320   0.008769232972180   0.009306874072867   0.009842960902535   0.010379047732203   0.010913580290852   0.011982645408149   0.013045493441370   0.013576917457981   0.014106787203572   0.014636656949163   0.015164972423735   0.016221603372879   0.017272017237946   
1.000000000000000   0.999524337261468   0.999167590207569   0.998810843153671   0.998573011784405   0.998097349045873   0.998097349045873   0.998097349045873   0.998216264730506   0.998335180415139   0.998573011784404   0.999048674522936   1.000000000000000   1.000000000000000   0.999524337261468   0.999167590207569   0.998810843153671   0.998573011784405   0.998097349045873   0.998097349045873   0.998097349045873   0.998216264730506   0.998335180415139   0.998573011784404   0.999048674522936   1.000000000000000   
PATCH 6 
2 1 
6 2 
0.000000000000000   0.000000000000000   0.000000000000000   0.250000000000000   0.500000000000000   0.750000000000000   1.000000000000000   1.000000000000000   1.000000000000000   
0.000000000000000   0.000000000000000   1.000000000000000   1.000000000000000   
0.046584209292563   0.046373059595661   0.045474607525335   0.044469529932187   0.043616908824466   0.043258790075623   0.047454477349688   0.047032993823604   0.046146485990198   0.045216437375554   0.044242847979673   0.043734282891114   
0.016955265569320   0.018032941990022   0.020008742304598   0.021930519627687   0.023929645114555   0.024975474094978   0.017272017237946   0.018289568482936   0.020304367573183   0.022298863263696   0.024273055554476   0.025250000000000   
1.000000000000000   0.999048674522936   0.998097349045873   0.998097349045873   0.999048674522936   1.000000000000000   1.000000000000000   0.999048674522936   0.998097349045873   0.998097349045873   0.999048674522936   1.000000000000000   
PATCH 7 
2 1 
6 2 
0.000000000000000   0.000000000000000   0.000000000000000   0.250000000000000   0.500000000000000   0.750000000000000   1.000000000000000   1.000000000000000   1.000000000000000   
0.000000000000000   0.000000000000000   1.000000000000000   1.000000000000000   
0.046584209292563   0.046373059595661   0.045474607525335   0.044469529932187   0.043616908824466   0.043258790075623   0.045069552687934   0.042078543449956   0.036096524974001   0.030114506498045   0.024132488022089   0.021141478784112   
0.016955265569320   0.018032941990022   0.020008742304598   0.021930519627687   0.023929645114555   0.024975474094978   0.008038773668254   0.009106394557998   0.011241636337486   0.013376878116974   0.015512119896462   0.016579740786206   
1.000000000000000   0.999048674522936   0.998097349045873   0.998097349045873   0.999048674522936   1.000000000000000   1.000000000000000   1.000000000000000   1.000000000000000   1.000000000000000   1.000000000000000   1.000000000000000   
PATCH 8 
2 1 
13 2 
0.000000000000000   0.000000000000000   0.000000000000000   0.250000000000000   0.250000000000000   0.375000000000000   0.375000000000000   0.500000000000000   0.500000000000000   0.750000000000000   0.750000000000000   0.875000000000000   0.875000000000000   1.000000000000000   1.000000000000000   1.000000000000000   
0.000000000000000   0.000000000000000   1.000000000000000   1.000000000000000   
0.043258790075623   0.042399882932197   0.041508820096269   0.041004589378305   0.040522600552982   0.039974630210647   0.039584243932341   0.038206966159558   0.036883188661494   0.036389407245209   0.035829063369617   0.035366942780669   0.034861579571330   0.021141478784112   0.020561666159301   0.019981853534490   0.019968137891951   0.019964080833140   0.019960023774330   0.019965625299249   0.019279673786206   0.018593722273163   0.016876056942632   0.016819836056767   0.016763615170902   0.018368838729704   
0.024975474094978   0.026283246604830   0.027566582288834   0.028168403241684   0.028783142747086   0.029348477011775   0.030029137509738   0.030919866889844   0.031814458942315   0.032396739976025   0.032918646420539   0.033529558776377   0.034101888575465   0.016579740786206   0.016786701053171   0.016993661320135   0.016986977937802   0.016988629819907   0.016990281702012   0.017000268848557   0.017315262776251   0.017630256703946   0.016074648083949   0.016064565234703   0.016054482385457   0.017589925306961   
1.000000000000000   0.998037174403481   0.997055761605222   0.996565055206092   0.996319702006527   0.996074348806963   0.996074348806963   0.996074348806962   0.997055761605222   0.997546468004352   0.998282527603046   0.999018587201741   1.000000000000000   1.000000000000000   1.000000000000000   1.000000000000000   0.999520058639292   0.999520058639292   0.999520058639292   1.000000000000000   1.000000000000000   1.000000000000000   0.910412845304623   0.910412845304623   0.910412845304623   1.000000000000000   
PATCH 9 
2 2 
6 4 
0.000000000000000   0.000000000000000   0.000000000000000   0.250000000000000   0.500000000000000   0.750000000000000   1.000000000000000   1.000000000000000   1.000000000000000   
0.000000000000000   0.000000000000000   0.000000000000000   0.500000000000000   1.000000000000000   1.000000000000000   1.000000000000000   
0.019880862919970   0.022871872157948   0.028853890633904   0.034835909109859   0.040817927585815   0.043808936823793   0.020196016886006   0.023187026123983   0.029169044599939   0.035151063075895   0.041133081551850   0.044124090789828   0.020826324818076   0.023817334056054   0.029799352532010   0.035781371007965   0.041763389483921   0.044754398721899   0.021141478784112   0.024132488022089   0.030114506498045   0.036096524974001   0.042078543449956   0.045069552687934   
0.013048043597243   0.011980422707499   0.009845180928010   0.007709939148522   0.005574697369034   0.004507076479290   0.013930967894484   0.012863347004739   0.010728105225251   0.008592863445763   0.006457621666275   0.005390000776531   0.015696816488965   0.014629195599221   0.012493953819733   0.010358712040245   0.008223470260757   0.007155849371013   0.016579740786206   0.015512119896462   0.013376878116974   0.011241636337486   0.009106394557998   0.008038773668254   
1.000000000000000   1.000000000000000   1.000000000000000   1.000000000000000   1.000000000000000   1.000000000000000   1.000000000000000   1.000000000000000   1.000000000000000   1.000000000000000   1.000000000000000   1.000000000000000   1.000000000000000   1.000000000000000   1.000000000000000   1.000000000000000   1.000000000000000   1.000000000000000   1.000000000000000   1.000000000000000   1.000000000000000   1.000000000000000   1.000000000000000   1.000000000000000   
PATCH 10 
2 2 
13 4 
0.000000000000000   0.000000000000000   0.000000000000000   0.250000000000000   0.250000000000000   0.375000000000000   0.375000000000000   0.500000000000000   0.500000000000000   0.750000000000000   0.750000000000000   0.875000000000000   0.875000000000000   1.000000000000000   1.000000000000000   1.000000000000000   
0.000000000000000   0.000000000000000   0.000000000000000   0.500000000000000   1.000000000000000   1.000000000000000   1.000000000000000   
0.019880862919970   0.019327540708794   0.018774218497619   0.018743632499053   0.018736766218721   0.018729899938389   0.018746753376291   0.017051651820152   0.015356550264014   0.013078697136634   0.015204820232934   0.013019474275641   0.015254897738430   0.020196016886006   0.019636072071421   0.019076127256837   0.019049758847277   0.019043594872326   0.019037430897374   0.019051471357030   0.017608657311666   0.016165843266301   0.014028037088134   0.015608574188892   0.013955509499456   0.016033382986248   0.020826324818076   0.020253134796674   0.019679944775272   0.019662011543726   0.019657252179535   0.019652492815345   0.019660907318510   0.018722668294693   0.017784429270876   0.015926716991132   0.016416082100809   0.015827579947087   0.017590353481885   0.021141478784112   0.020561666159301   0.019981853534490   0.019968137891951   0.019964080833140   0.019960023774330   0.019965625299249   0.019279673786206   0.018593722273163   0.016876056942632   0.016819836056767   0.016763615170902   0.018368838729704   
0.013048043597243   0.013245548286934   0.013443052976625   0.013428354712678   0.013430266198434   0.013432177684190   0.013450698919649   0.013794627827215   0.014138556734782   0.012154409308473   0.014276872527359   0.012350994947683   0.014475984315687   0.013930967894484   0.014130836478493   0.014330705062503   0.014318010518959   0.014319857103802   0.014321703688646   0.014338091401876   0.014674786564474   0.015011481727073   0.013134469002342   0.014723795704195   0.013276866807126   0.015254469563505   0.015696816488965   0.015901412861612   0.016106009234258   0.016097322131521   0.016099038914539   0.016100755697557   0.016112876366330   0.016435104038992   0.016757331711655   0.015094588390080   0.015617642057867   0.015128610526013   0.016811440059142   0.016579740786206   0.016786701053171   0.016993661320135   0.016986977937802   0.016988629819907   0.016990281702012   0.017000268848557   0.017315262776251   0.017630256703946   0.016074648083949   0.016064565234703   0.016054482385457   0.017589925306961   
1.000000000000000   1.000000000000000   1.000000000000000   0.998728393431933   0.998728393431933   0.998728393431933   1.000000000000000   1.000000000000000   1.000000000000000   0.858220321334239   1.000000000000000   0.858220321334239   1.000000000000000   1.000000000000000   1.000000000000000   1.000000000000000   0.998926309733772   0.998926309733772   0.998926309733772   1.000000000000000   1.000000000000000   1.000000000000000   0.871268452326835   0.977603211326156   0.871268452326835   1.000000000000000   1.000000000000000   1.000000000000000   1.000000000000000   0.999322142337452   0.999322142337452   0.999322142337452   1.000000000000000   1.000000000000000   1.000000000000000   0.897364714312027   0.932809633978467   0.897364714312027   1.000000000000000   1.000000000000000   1.000000000000000   1.000000000000000   0.999520058639292   0.999520058639292   0.999520058639292   1.000000000000000   1.000000000000000   1.000000000000000   0.910412845304623   0.910412845304623   0.910412845304623   1.000000000000000   
PATCH 11 
2 1 
13 2 
0.000000000000000   0.000000000000000   0.000000000000000   0.250000000000000   0.250000000000000   0.375000000000000   0.375000000000000   0.500000000000000   0.500000000000000   0.750000000000000   0.750000000000000   0.875000000000000   0.875000000000000   1.000000000000000   1.000000000000000   1.000000000000000   
0.000000000000000   0.000000000000000   1.000000000000000   1.000000000000000   
0.043258790075623   0.042399882932197   0.041508820096269   0.041004589378305   0.040522600552982   0.039974630210647   0.039584243932341   0.038206966159558   0.036883188661494   0.036389407245209   0.035829063369617   0.035366942780669   0.034861579571330   0.043734282891114   0.043142506727484   0.042531053738569   0.042225327244111   0.041914681543332   0.041604035842553   0.041288470935453   0.040657341121252   0.040006534481766   0.039681131162023   0.039350808635958   0.039020486109894   0.038685244377508   
0.024975474094978   0.026283246604830   0.027566582288834   0.028168403241684   0.028783142747086   0.029348477011775   0.030029137509738   0.030919866889844   0.031814458942315   0.032396739976025   0.032918646420539   0.033529558776377   0.034101888575465   0.025250000000000   0.026178902508932   0.027094027156471   0.027551589480241   0.028005707338662   0.028459825197083   0.028910498590156   0.029811845376303   0.030699414301056   0.031143198763433   0.031583538760461   0.032023878757490   0.032460774289170   
1.000000000000000   0.998037174403481   0.997055761605222   0.996565055206092   0.996319702006527   0.996074348806963   0.996074348806963   0.996074348806962   0.997055761605222   0.997546468004352   0.998282527603046   0.999018587201741   1.000000000000000   1.000000000000000   0.999048674522937   0.998573011784405   0.998335180415139   0.998216264730506   0.998097349045873   0.998097349045873   0.998097349045873   0.998573011784405   0.998810843153671   0.999167590207569   0.999524337261468   1.000000000000000   
PATCH 12 
2 1 
6 2 
0.000000000000000   0.000000000000000   0.000000000000000   0.250000000000000   0.500000000000000   0.750000000000000   1.000000000000000   1.000000000000000   1.000000000000000   
0.000000000000000   0.000000000000000   1.000000000000000   1.000000000000000   
0.019880862919970   0.022871872157948   0.028853890633904   0.034835909109859   0.040817927585815   0.043808936823793   0.014550000000000   0.018207367102974   0.025522101308922   0.032836835514871   0.040151569720819   0.043808936823793   
0.013048043597243   0.011980422707499   0.009845180928010   0.007709939148522   0.005574697369034   0.004507076479290   0.000000000000000   0.000000000000000   0.000000000000000   0.000000000000000   0.000000000000000   0.000000000000000   
1.000000000000000   1.000000000000000   1.000000000000000   1.000000000000000   1.000000000000000   1.000000000000000   1.000000000000000   1.000000000000000   1.000000000000000   1.000000000000000   1.000000000000000   1.000000000000000   
PATCH 13 
2 1 
13 2 
0.000000000000000   0.000000000000000   0.000000000000000   0.250000000000000   0.250000000000000   0.375000000000000   0.375000000000000   0.500000000000000   0.500000000000000   0.750000000000000   0.750000000000000   0.875000000000000   0.875000000000000   1.000000000000000   1.000000000000000   1.000000000000000   
0.000000000000000   0.000000000000000   1.000000000000000   1.000000000000000   
0.043808936823793   0.045110190428070   0.046411444032347   0.046241310386737   0.046253512205185   0.046265714023634   0.046460251306141   0.047241200459564   0.048022149612987   0.043394725021176   0.048184224703873   0.043514972954778   0.048239040341351   0.043808936823793   0.044582819720819   0.045356702617845   0.045743644066358   0.046130585514871   0.046517526963383   0.046904468411896   0.047678351308922   0.048452234205948   0.048839175654461   0.049226117102974   0.049613058551487   0.050000000000000   
0.004507076479290   0.004042602644458   0.003578128809626   0.003559903959266   0.003557206695990   0.003554509432713   0.003567339756521   0.003495080922473   0.003422822088424   0.003078904110631   0.003482812760025   0.003203031666915   0.003646710477070   0.000000000000000   0.000000000000000   0.000000000000000   0.000000000000000   0.000000000000000   0.000000000000000   0.000000000000000   0.000000000000000   0.000000000000000   0.000000000000000   0.000000000000000   0.000000000000000   0.000000000000000   
1.000000000000000   1.000000000000000   1.000000000000000   0.996080648618932   0.996080648618932   0.996080648618932   1.000000000000000   1.000000000000000   1.000000000000000   0.901848047883696   1.000000000000000   0.901848047883696   1.000000000000000   1.000000000000000   1.000000000000000   1.000000000000000   1.000000000000000   1.000000000000000   1.000000000000000   1.000000000000000   1.000000000000000   1.000000000000000   1.000000000000000   1.000000000000000   1.000000000000000   1.000000000000000   
PATCH 14 
2 1 
13 2 
0.000000000000000   0.000000000000000   0.000000000000000   0.250000000000000   0.250000000000000   0.375000000000000   0.375000000000000   0.500000000000000   0.500000000000000   0.750000000000000   0.750000000000000   0.875000000000000   0.875000000000000   1.000000000000000   1.000000000000000   1.000000000000000   
0.000000000000000   0.000000000000000   1.000000000000000   1.000000000000000   
0.014550000000000   0.014280727330322   0.013886785029673   0.013689813879349   0.013461675321282   0.013233536763214   0.012974230797404   0.012455618865783   0.011812337303192   0.011490696521896   0.011137888332857   0.010785080143818   0.010401104547037   0.019880862919970   0.019327540708794   0.018774218497619   0.018743632499053   0.018736766218721   0.018729899938389   0.018746753376291   0.017051651820152   0.015356550264014   0.013078697136634   0.015204820232934   0.013019474275641   0.015254897738430   
0.000000000000000   0.001373481307215   0.002696125366548   0.003357447396214   0.004006060113909   0.004654672831605   0.005290576237330   0.006562383048780   0.007783352612347   0.008393837394131   0.008991612863944   0.009589388333757   0.010174454491599   0.013048043597243   0.013245548286934   0.013443052976625   0.013428354712678   0.013430266198434   0.013432177684190   0.013450698919649   0.013794627827215   0.014138556734782   0.012154409308473   0.014276872527359   0.012350994947683   0.014475984315687   
1.000000000000000   0.981493287307381   0.972239930961071   0.967613252787916   0.965299913701339   0.962986574614762   0.962986574614762   0.962986574614762   0.972239930961071   0.976866609134226   0.983806626393958   0.990746643653690   1.000000000000000   1.000000000000000   1.000000000000000   1.000000000000000   0.998728393431933   0.998728393431933   0.998728393431933   1.000000000000000   1.000000000000000   1.000000000000000   0.858220321334239   1.000000000000000   0.858220321334239   1.000000000000000   
PATCH 15 
2 1 
4 2 
0.000000000000000   0.000000000000000   0.000000000000000   0.500000000000000   1.000000000000000   1.000000000000000   1.000000000000000   
0.000000000000000   0.000000000000000   1.000000000000000   1.000000000000000   
0.034861579571330   0.034692950637300   0.034312883603205   0.034101888575465   0.018368838729704   0.018174110374018   0.017784653662646   0.017589925306961   
0.034101888575465   0.034312883603205   0.034692950637300   0.034861579571330   0.017589925306961   0.017784653662646   0.018174110374018   0.018368838729704   
1.000000000000000   0.999969667454407   0.999969667454407   1.000000000000000   1.000000000000000   1.000000000000000   1.000000000000000   1.000000000000000   
PATCH 16 
2 2 
4 4 
0.000000000000000   0.000000000000000   0.000000000000000   0.500000000000000   1.000000000000000   1.000000000000000   1.000000000000000   
0.000000000000000   0.000000000000000   0.000000000000000   0.500000000000000   1.000000000000000   1.000000000000000   1.000000000000000   
0.015254897738430   0.016033382986248   0.017590353481885   0.018368838729704   0.015060169382744   0.015838654630562   0.017395625126199   0.018174110374018   0.014670712671372   0.015449197919191   0.017006168414828   0.017784653662646   0.014475984315687   0.015254469563505   0.016811440059142   0.017589925306961   
0.014475984315687   0.015254469563505   0.016811440059142   0.017589925306961   0.014670712671372   0.015449197919191   0.017006168414828   0.017784653662646   0.015060169382744   0.015838654630562   0.017395625126199   0.018174110374018   0.015254897738430   0.016033382986248   0.017590353481885   0.018368838729704   
1.000000000000000   1.000000000000000   1.000000000000000   1.000000000000000   1.000000000000000   1.000000000000000   1.000000000000000   1.000000000000000   1.000000000000000   1.000000000000000   1.000000000000000   1.000000000000000   1.000000000000000   1.000000000000000   1.000000000000000   1.000000000000000   
PATCH 17 
2 1 
4 2 
0.000000000000000   0.000000000000000   0.000000000000000   0.500000000000000   1.000000000000000   1.000000000000000   1.000000000000000   
0.000000000000000   0.000000000000000   1.000000000000000   1.000000000000000   
0.015254897738430   0.015060169382744   0.014670712671372   0.014475984315687   0.010401104547037   0.010344754106650   0.010231429078932   0.010174454491599   
0.014475984315687   0.014670712671372   0.015060169382744   0.015254897738430   0.010174454491599   0.010231429078932   0.010344754106650   0.010401104547037   
1.000000000000000   1.000000000000000   1.000000000000000   1.000000000000000   1.000000000000000   0.999969667454407   0.999969667454407   1.000000000000000   
PATCH 18 
2 1 
4 2 
0.000000000000000   0.000000000000000   0.000000000000000   0.500000000000000   1.000000000000000   1.000000000000000   1.000000000000000   
0.000000000000000   0.000000000000000   1.000000000000000   1.000000000000000   
0.034861579571330   0.034692950637300   0.034312883603205   0.034101888575465   0.038685244377508   0.037197068413715   0.034084833369545   0.032460774289170   
0.034101888575465   0.034312883603205   0.034692950637300   0.034861579571330   0.032460774289170   0.034084833369545   0.037197068413715   0.038685244377508   
1.000000000000000   0.999969667454407   0.999969667454407   1.000000000000000   1.000000000000000   0.998097349045873   0.998097349045873   1.000000000000000   
PATCH 19 
2 1 
4 2 
0.000000000000000   0.000000000000000   0.000000000000000   0.500000000000000   1.000000000000000   1.000000000000000   1.000000000000000   
0.000000000000000   0.000000000000000   1.000000000000000   1.000000000000000   
0.000000000000000   0.002178893568691   0.006520098010365   0.008682408883347   0.000000000000000   0.002200682504378   0.006585298990468   0.008769232972180   
0.050000000000000   0.049904867452294   0.049525061277599   0.049240387650610   0.050500000000000   0.050403916126817   0.050020311890375   0.049732791527117   
1.000000000000000   0.998097349045873   0.998097349045873   1.000000000000000   1.000000000000000   0.998097349045873   0.998097349045873   1.000000000000000   
PATCH 20 
2 1 
4 2 
0.000000000000000   0.000000000000000   0.000000000000000   0.500000000000000   1.000000000000000   1.000000000000000   1.000000000000000   
0.000000000000000   0.000000000000000   1.000000000000000   1.000000000000000   
0.003646710477070   0.004698328054635   0.006801563209765   0.007853180787331   0.000000000000000   0.002178893568691   0.006520098010365   0.008682408883347   
0.048239040341351   0.048107953507708   0.047845779840422   0.047714693006779   0.050000000000000   0.049904867452294   0.049525061277599   0.049240387650610   
1.000000000000000   1.000000000000000   1.000000000000000   1.000000000000000   1.000000000000000   0.998097349045873   0.998097349045873   1.000000000000000   
PATCH 21 
2 1 
13 2 
0.000000000000000   0.000000000000000   0.000000000000000   0.125000000000000   0.125000000000000   0.250000000000000   0.250000000000000   0.500000000000000   0.500000000000000   0.625000000000000   0.625000000000000   0.750000000000000   0.750000000000000   1.000000000000000   1.000000000000000   1.000000000000000   
0.000000000000000   0.000000000000000   1.000000000000000   1.000000000000000   
0.007853180787331   0.006775300437917   0.006818740884584   0.006862181331250   0.008026942573996   0.007920476509514   0.007814010445031   0.007705904423995   0.007708439563724   0.007710974703454   0.007824151003949   0.007931462336101   0.008038773668254   0.008682408883347   0.009214726804819   0.009583329089343   0.010114473878767   0.010619887181828   0.011653636819053   0.012681059006085   0.013208464779886   0.013742405818389   0.014297482722039   0.014858593159685   0.015909655006962   0.016955265569320   
0.047714693006779   0.040730912760102   0.040675186222333   0.040619459684564   0.047491786855703   0.046627147462479   0.045762508069256   0.045123006269709   0.045100087256489   0.045077168243269   0.045670832016375   0.045370192352155   0.045069552687934   0.049240387650610   0.049122375608591   0.048183225328436   0.048105278562559   0.047907926124742   0.047626625972559   0.047326356504489   0.047226653080798   0.047145778984095   0.047129619558201   0.047122022829262   0.046866732681462   0.046584209292563   
1.000000000000000   0.853817770247457   0.853817770247457   0.853817770247457   1.000000000000000   1.000000000000000   1.000000000000000   0.986525741856616   0.986525741856616   0.986525741856616   1.000000000000000   1.000000000000000   1.000000000000000   1.000000000000000   0.999524337261468   0.999167590207569   0.998810843153671   0.998573011784405   0.998097349045873   0.998097349045873   0.998097349045873   0.998216264730506   0.998335180415139   0.998573011784404   0.999048674522936   1.000000000000000   
PATCH 22 
2 2 
13 4 
0.000000000000000   0.000000000000000   0.000000000000000   0.250000000000000   0.250000000000000   0.375000000000000   0.375000000000000   0.500000000000000   0.500000000000000   0.750000000000000   0.750000000000000   0.875000000000000   0.875000000000000   1.000000000000000   1.000000000000000   1.000000000000000   
0.000000000000000   0.000000000000000   0.000000000000000   0.500000000000000   1.000000000000000   1.000000000000000   1.000000000000000   
0.004507076479290   0.004042602644458   0.003578128809626   0.003559903959266   0.003557206695990   0.003554509432713   0.003567339756521   0.003495080922473   0.003422822088424   0.003078904110631   0.003482812760025   0.003203031666915   0.003646710477070   0.005390000776531   0.005014817567369   0.004639634358207   0.004597671645313   0.004595014912923   0.004592358180534   0.004629007428649   0.004601429819233   0.004573852209817   0.004024723415786   0.004316794791165   0.004096098859665   0.004698328054635   0.007155849371013   0.006959247413190   0.006762645455368   0.006673207017407   0.006670631346791   0.006668055676174   0.006752342772904   0.006814127612753   0.006875912452603   0.005916362026095   0.005984758853444   0.005882233245167   0.006801563209765   0.008038773668254   0.007931462336101   0.007824151003949   0.007710974703454   0.007708439563724   0.007705904423995   0.007814010445031   0.007920476509514   0.008026942573996   0.006862181331250   0.006818740884584   0.006775300437917   0.007853180787331   
0.043808936823793   0.045110190428070   0.046411444032347   0.046241310386737   0.046253512205185   0.046265714023634   0.046460251306141   0.047241200459564   0.048022149612987   0.043394725021176   0.048184224703873   0.043514972954778   0.048239040341351   0.044124090789828   0.045175190909091   0.046226291028354   0.045950274850870   0.045965155968011   0.045980037085153   0.046285815496920   0.047087687210293   0.047889558923666   0.042700908687023   0.046306965083488   0.042818957906109   0.048107953507708   0.044754398721899   0.045305191871133   0.045855985020368   0.045368203779136   0.045388443493663   0.045408683208190   0.045936943878477   0.046780660711751   0.047624377545024   0.041313276018717   0.042552445842718   0.041426927808771   0.047845779840422   0.045069552687934   0.045370192352155   0.045670832016375   0.045077168243269   0.045100087256489   0.045123006269709   0.045762508069256   0.046627147462479   0.047491786855703   0.040619459684564   0.040675186222333   0.040730912760102   0.047714693006779   
1.000000000000000   1.000000000000000   1.000000000000000   0.996080648618932   0.996080648618932   0.996080648618932   1.000000000000000   1.000000000000000   1.000000000000000   0.901848047883696   1.000000000000000   0.901848047883696   1.000000000000000   1.000000000000000   1.000000000000000   1.000000000000000   0.993691921928353   0.993691921928353   0.993691921928353   1.000000000000000   1.000000000000000   1.000000000000000   0.889840478474636   0.963454442561864   0.889840478474636   1.000000000000000   1.000000000000000   1.000000000000000   1.000000000000000   0.988914468547195   0.988914468547195   0.988914468547195   1.000000000000000   1.000000000000000   1.000000000000000   0.865825339656516   0.890363327685592   0.865825339656516   1.000000000000000   1.000000000000000   1.000000000000000   1.000000000000000   0.986525741856616   0.986525741856616   0.986525741856616   1.000000000000000   1.000000000000000   1.000000000000000   0.853817770247457   0.853817770247457   0.853817770247457   1.000000000000000   
PATCH 23 
2 1 
13 2 
0.000000000000000   0.000000000000000   0.000000000000000   0.125000000000000   0.125000000000000   0.250000000000000   0.250000000000000   0.500000000000000   0.500000000000000   0.625000000000000   0.625000000000000   0.750000000000000   0.750000000000000   1.000000000000000   1.000000000000000   1.000000000000000   
0.000000000000000   0.000000000000000   1.000000000000000   1.000000000000000   
0.008682408883347   0.009214726804819   0.009583329089343   0.010114473878767   0.010619887181828   0.011653636819053   0.012681059006085   0.013208464779886   0.013742405818389   0.014297482722039   0.014858593159685   0.015909655006962   0.016955265569320   0.008769232972180   0.009306874072867   0.009842960902535   0.010379047732203   0.010913580290852   0.011982645408149   0.013045493441370   0.013576917457981   0.014106787203572   0.014636656949163   0.015164972423735   0.016221603372879   0.017272017237946   
0.049240387650610   0.049122375608591   0.048183225328436   0.048105278562559   0.047907926124742   0.047626625972559   0.047326356504489   0.047226653080798   0.047145778984095   0.047129619558201   0.047122022829262   0.046866732681462   0.046584209292563   0.049732791527117   0.049613599364677   0.049488606583825   0.049363613802972   0.049232820403708   0.048971233605179   0.048686444333000   0.048544049696911   0.048395854442409   0.048247659187908   0.048093663314994   0.047785671569166   0.047454477349688   
1.000000000000000   0.999524337261468   0.999167590207569   0.998810843153671   0.998573011784405   0.998097349045873   0.998097349045873   0.998097349045873   0.998216264730506   0.998335180415139   0.998573011784404   0.999048674522936   1.000000000000000   1.000000000000000   0.999524337261468   0.999167590207569   0.998810843153671   0.998573011784405   0.998097349045873   0.998097349045873   0.998097349045873   0.998216264730506   0.998335180415139   0.998573011784404   0.999048674522936   1.000000000000000   
PATCH 24 
2 1 
6 2 
0.000000000000000   0.000000000000000   0.000000000000000   0.250000000000000   0.500000000000000   0.750000000000000   1.000000000000000   1.000000000000000   1.000000000000000   
0.000000000000000   0.000000000000000   1.000000000000000   1.000000000000000   
0.016955265569320   0.018032941990022   0.020008742304598   0.021930519627687   0.023929645114555   0.024975474094978   0.017272017237946   0.018289568482936   0.020304367573183   0.022298863263696   0.024273055554476   0.025250000000000   
0.046584209292563   0.046373059595661   0.045474607525335   0.044469529932187   0.043616908824466   0.043258790075623   0.047454477349688   0.047032993823604   0.046146485990198   0.045216437375554   0.044242847979673   0.043734282891114   
1.000000000000000   0.999048674522936   0.998097349045873   0.998097349045873   0.999048674522936   1.000000000000000   1.000000000000000   0.999048674522936   0.998097349045873   0.998097349045873   0.999048674522936   1.000000000000000   
PATCH 25 
2 1 
6 2 
0.000000000000000   0.000000000000000   0.000000000000000   0.250000000000000   0.500000000000000   0.750000000000000   1.000000000000000   1.000000000000000   1.000000000000000   
0.000000000000000   0.000000000000000   1.000000000000000   1.000000000000000   
0.016955265569320   0.018032941990022   0.020008742304598   0.021930519627687   0.023929645114555   0.024975474094978   0.008038773668254   0.009106394557998   0.011241636337486   0.013376878116974   0.015512119896462   0.016579740786206   
0.046584209292563   0.046373059595661   0.045474607525335   0.044469529932187   0.043616908824466   0.043258790075623   0.045069552687934   0.042078543449956   0.036096524974001   0.030114506498045   0.024132488022089   0.021141478784112   
1.000000000000000   0.999048674522936   0.998097349045873   0.998097349045873   0.999048674522936   1.000000000000000   1.000000000000000   1.000000000000000   1.000000000000000   1.000000000000000   1.000000000000000   1.000000000000000   
PATCH 26 
2 1 
13 2 
0.000000000000000   0.000000000000000   0.000000000000000   0.250000000000000   0.250000000000000   0.375000000000000   0.375000000000000   0.500000000000000   0.500000000000000   0.750000000000000   0.750000000000000   0.875000000000000   0.875000000000000   1.000000000000000   1.000000000000000   1.000000000000000   
0.000000000000000   0.000000000000000   1.000000000000000   1.000000000000000   
0.024975474094978   0.026283246604830   0.027566582288834   0.028168403241684   0.028783142747086   0.029348477011775   0.030029137509738   0.030919866889844   0.031814458942315   0.032396739976025   0.032918646420539   0.033529558776377   0.034101888575465   0.016579740786206   0.016786701053171   0.016993661320135   0.016986977937802   0.016988629819907   0.016990281702012   0.017000268848557   0.017315262776251   0.017630256703946   0.016074648083949   0.016064565234703   0.016054482385457   0.017589925306961   
0.043258790075623   0.042399882932197   0.041508820096269   0.041004589378305   0.040522600552982   0.039974630210647   0.039584243932341   0.038206966159558   0.036883188661494   0.036389407245209   0.035829063369617   0.035366942780669   0.034861579571330   0.021141478784112   0.020561666159301   0.019981853534490   0.019968137891951   0.019964080833140   0.019960023774330   0.019965625299249   0.019279673786206   0.018593722273163   0.016876056942632   0.016819836056767   0.016763615170902   0.018368838729704   
1.000000000000000   0.998037174403481   0.997055761605222   0.996565055206092   0.996319702006527   0.996074348806963   0.996074348806963   0.996074348806962   0.997055761605222   0.997546468004352   0.998282527603046   0.999018587201741   1.000000000000000   1.000000000000000   1.000000000000000   1.000000000000000   0.999520058639292   0.999520058639292   0.999520058639292   1.000000000000000   1.000000000000000   1.000000000000000   0.910412845304623   0.910412845304623   0.910412845304623   1.000000000000000   
PATCH 27 
2 2 
6 4 
0.000000000000000   0.000000000000000   0.000000000000000   0.250000000000000   0.500000000000000   0.750000000000000   1.000000000000000   1.000000000000000   1.000000000000000   
0.000000000000000   0.000000000000000   0.000000000000000   0.500000000000000   1.000000000000000   1.000000000000000   1.000000000000000   
0.013048043597243   0.011980422707499   0.009845180928010   0.007709939148522   0.005574697369034   0.004507076479290   0.013930967894484   0.012863347004739   0.010728105225251   0.008592863445763   0.006457621666275   0.005390000776531   0.015696816488965   0.014629195599221   0.012493953819733   0.010358712040245   0.008223470260757   0.007155849371013   0.016579740786206   0.015512119896462   0.013376878116974   0.011241636337486   0.009106394557998   0.008038773668254   
0.019880862919970   0.022871872157948   0.028853890633904   0.034835909109859   0.040817927585815   0.043808936823793   0.020196016886006   0.023187026123983   0.029169044599939   0.035151063075895   0.041133081551850   0.044124090789828   0.020826324818076   0.023817334056054   0.029799352532010   0.035781371007965   0.041763389483921   0.044754398721899   0.021141478784112   0.024132488022089   0.030114506498045   0.036096524974001   0.042078543449956   0.045069552687934   
1.000000000000000   1.000000000000000   1.000000000000000   1.000000000000000   1.000000000000000   1.000000000000000   1.000000000000000   1.000000000000000   1.000000000000000   1.000000000000000   1.000000000000000   1.000000000000000   1.000000000000000   1.000000000000000   1.000000000000000   1.000000000000000   1.000000000000000   1.000000000000000   1.000000000000000   1.000000000000000   1.000000000000000   1.000000000000000   1.000000000000000   1.000000000000000   
PATCH 28 
2 2 
13 4 
0.000000000000000   0.000000000000000   0.000000000000000   0.250000000000000   0.250000000000000   0.375000000000000   0.375000000000000   0.500000000000000   0.500000000000000   0.750000000000000   0.750000000000000   0.875000000000000   0.875000000000000   1.000000000000000   1.000000000000000   1.000000000000000   
0.000000000000000   0.000000000000000   0.000000000000000   0.500000000000000   1.000000000000000   1.000000000000000   1.000000000000000   
0.013048043597243   0.013245548286934   0.013443052976625   0.013428354712678   0.013430266198434   0.013432177684190   0.013450698919649   0.013794627827215   0.014138556734782   0.012154409308473   0.014276872527359   0.012350994947683   0.014475984315687   0.013930967894484   0.014130836478493   0.014330705062503   0.014318010518959   0.014319857103802   0.014321703688646   0.014338091401876   0.014674786564474   0.015011481727073   0.013134469002342   0.014723795704195   0.013276866807126   0.015254469563505   0.015696816488965   0.015901412861612   0.016106009234258   0.016097322131521   0.016099038914539   0.016100755697557   0.016112876366330   0.016435104038992   0.016757331711655   0.015094588390080   0.015617642057867   0.015128610526013   0.016811440059142   0.016579740786206   0.016786701053171   0.016993661320135   0.016986977937802   0.016988629819907   0.016990281702012   0.017000268848557   0.017315262776251   0.017630256703946   0.016074648083949   0.016064565234703   0.016054482385457   0.017589925306961   
0.019880862919970   0.019327540708794   0.018774218497619   0.018743632499053   0.018736766218721   0.018729899938389   0.018746753376291   0.017051651820152   0.015356550264014   0.013078697136634   0.015204820232934   0.013019474275641   0.015254897738430   0.020196016886006   0.019636072071421   0.019076127256837   0.019049758847277   0.019043594872326   0.019037430897374   0.019051471357030   0.017608657311666   0.016165843266301   0.014028037088134   0.015608574188892   0.013955509499456   0.016033382986248   0.020826324818076   0.020253134796674   0.019679944775272   0.019662011543726   0.019657252179535   0.019652492815345   0.019660907318510   0.018722668294693   0.017784429270876   0.015926716991132   0.016416082100809   0.015827579947087   0.017590353481885   0.021141478784112   0.020561666159301   0.019981853534490   0.019968137891951   0.019964080833140   0.019960023774330   0.019965625299249   0.019279673786206   0.018593722273163   0.016876056942632   0.016819836056767   0.016763615170902   0.018368838729704   
1.000000000000000   1.000000000000000   1.000000000000000   0.998728393431933   0.998728393431933   0.998728393431933   1.000000000000000   1.000000000000000   1.000000000000000   0.858220321334239   1.000000000000000   0.858220321334239   1.000000000000000   1.000000000000000   1.000000000000000   1.000000000000000   0.998926309733772   0.998926309733772   0.998926309733772   1.000000000000000   1.000000000000000   1.000000000000000   0.871268452326835   0.977603211326156   0.871268452326835   1.000000000000000   1.000000000000000   1.000000000000000   1.000000000000000   0.999322142337452   0.999322142337452   0.999322142337452   1.000000000000000   1.000000000000000   1.000000000000000   0.897364714312027   0.932809633978467   0.897364714312027   1.000000000000000   1.000000000000000   1.000000000000000   1.000000000000000   0.999520058639292   0.999520058639292   0.999520058639292   1.000000000000000   1.000000000000000   1.000000000000000   0.910412845304623   0.910412845304623   0.910412845304623   1.000000000000000   
PATCH 29 
2 1 
13 2 
0.000000000000000   0.000000000000000   0.000000000000000   0.250000000000000   0.250000000000000   0.375000000000000   0.375000000000000   0.500000000000000   0.500000000000000   0.750000000000000   0.750000000000000   0.875000000000000   0.875000000000000   1.000000000000000   1.000000000000000   1.000000000000000   
0.000000000000000   0.000000000000000   1.000000000000000   1.000000000000000   
0.024975474094978   0.026283246604830   0.027566582288834   0.028168403241684   0.028783142747086   0.029348477011775   0.030029137509738   0.030919866889844   0.031814458942315   0.032396739976025   0.032918646420539   0.033529558776377   0.034101888575465   0.025250000000000   0.026178902508932   0.027094027156471   0.027551589480241   0.028005707338662   0.028459825197083   0.028910498590156   0.029811845376303   0.030699414301056   0.031143198763433   0.031583538760461   0.032023878757490   0.032460774289170   
0.043258790075623   0.042399882932197   0.041508820096269   0.041004589378305   0.040522600552982   0.039974630210647   0.039584243932341   0.038206966159558   0.036883188661494   0.036389407245209   0.035829063369617   0.035366942780669   0.034861579571330   0.043734282891114   0.043142506727484   0.042531053738569   0.042225327244111   0.041914681543332   0.041604035842553   0.041288470935453   0.040657341121252   0.040006534481766   0.039681131162023   0.039350808635958   0.039020486109894   0.038685244377508   
1.000000000000000   0.998037174403481   0.997055761605222   0.996565055206092   0.996319702006527   0.996074348806963   0.996074348806963   0.996074348806962   0.997055761605222   0.997546468004352   0.998282527603046   0.999018587201741   1.000000000000000   1.000000000000000   0.999048674522937   0.998573011784405   0.998335180415139   0.998216264730506   0.998097349045873   0.998097349045873   0.998097349045873   0.998573011784405   0.998810843153671   0.999167590207569   0.999524337261468   1.000000000000000   
PATCH 30 
2 1 
6 2 
0.000000000000000   0.000000000000000   0.000000000000000   0.250000000000000   0.500000000000000   0.750000000000000   1.000000000000000   1.000000000000000   1.000000000000000   
0.000000000000000   0.000000000000000   1.000000000000000   1.000000000000000   
0.013048043597243   0.011980422707499   0.009845180928010   0.007709939148522   0.005574697369034   0.004507076479290   0.000000000000000   0.000000000000000   0.000000000000000   0.000000000000000   0.000000000000000   0.000000000000000   
0.019880862919970   0.022871872157948   0.028853890633904   0.034835909109859   0.040817927585815   0.043808936823793   0.014550000000000   0.018207367102974   0.025522101308922   0.032836835514871   0.040151569720819   0.043808936823793   
1.000000000000000   1.000000000000000   1.000000000000000   1.000000000000000   1.000000000000000   1.000000000000000   1.000000000000000   1.000000000000000   1.000000000000000   1.000000000000000   1.000000000000000   1.000000000000000   
PATCH 31 
2 1 
13 2 
0.000000000000000   0.000000000000000   0.000000000000000   0.250000000000000   0.250000000000000   0.375000000000000   0.375000000000000   0.500000000000000   0.500000000000000   0.750000000000000   0.750000000000000   0.875000000000000   0.875000000000000   1.000000000000000   1.000000000000000   1.000000000000000   
0.000000000000000   0.000000000000000   1.000000000000000   1.000000000000000   
0.004507076479290   0.004042602644458   0.003578128809626   0.003559903959266   0.003557206695990   0.003554509432713   0.003567339756521   0.003495080922473   0.003422822088424   0.003078904110631   0.003482812760025   0.003203031666915   0.003646710477070   0.000000000000000   0.000000000000000   0.000000000000000   0.000000000000000   0.000000000000000   0.000000000000000   0.000000000000000   0.000000000000000   0.000000000000000   0.000000000000000   0.000000000000000   0.000000000000000   0.000000000000000   
0.043808936823793   0.045110190428070   0.046411444032347   0.046241310386737   0.046253512205185   0.046265714023634   0.046460251306141   0.047241200459564   0.048022149612987   0.043394725021176   0.048184224703873   0.043514972954778   0.048239040341351   0.043808936823793   0.044582819720819   0.045356702617845   0.045743644066358   0.046130585514871   0.046517526963383   0.046904468411896   0.047678351308922   0.048452234205948   0.048839175654461   0.049226117102974   0.049613058551487   0.050000000000000   
1.000000000000000   1.000000000000000   1.000000000000000   0.996080648618932   0.996080648618932   0.996080648618932   1.000000000000000   1.000000000000000   1.000000000000000   0.901848047883696   1.000000000000000   0.901848047883696   1.000000000000000   1.000000000000000   1.000000000000000   1.000000000000000   1.000000000000000   1.000000000000000   1.000000000000000   1.000000000000000   1.000000000000000   1.000000000000000   1.000000000000000   1.000000000000000   1.000000000000000   1.000000000000000   
PATCH 32 
2 1 
13 2 
0.000000000000000   0.000000000000000   0.000000000000000   0.250000000000000   0.250000000000000   0.375000000000000   0.375000000000000   0.500000000000000   0.500000000000000   0.750000000000000   0.750000000000000   0.875000000000000   0.875000000000000   1.000000000000000   1.000000000000000   1.000000000000000   
0.000000000000000   0.000000000000000   1.000000000000000   1.000000000000000   
0.000000000000000   0.001373481307215   0.002696125366548   0.003357447396214   0.004006060113909   0.004654672831605   0.005290576237330   0.006562383048780   0.007783352612347   0.008393837394131   0.008991612863944   0.009589388333757   0.010174454491599   0.013048043597243   0.013245548286934   0.013443052976625   0.013428354712678   0.013430266198434   0.013432177684190   0.013450698919649   0.013794627827215   0.014138556734782   0.012154409308473   0.014276872527359   0.012350994947683   0.014475984315687   
0.014550000000000   0.014280727330322   0.013886785029673   0.013689813879349   0.013461675321282   0.013233536763214   0.012974230797404   0.012455618865783   0.011812337303192   0.011490696521896   0.011137888332857   0.010785080143818   0.010401104547037   0.019880862919970   0.019327540708794   0.018774218497619   0.018743632499053   0.018736766218721   0.018729899938389   0.018746753376291   0.017051651820152   0.015356550264014   0.013078697136634   0.015204820232934   0.013019474275641   0.015254897738430   
1.000000000000000   0.981493287307381   0.972239930961071   0.967613252787916   0.965299913701339   0.962986574614762   0.962986574614762   0.962986574614762   0.972239930961071   0.976866609134226   0.983806626393958   0.990746643653690   1.000000000000000   1.000000000000000   1.000000000000000   1.000000000000000   0.998728393431933   0.998728393431933   0.998728393431933   1.000000000000000   1.000000000000000   1.000000000000000   0.858220321334239   1.000000000000000   0.858220321334239   1.000000000000000   
INTERFACE 1 
1 2 
5 1 
1 
INTERFACE 2 
1 3 
2 4 
1 
INTERFACE 3 
2 1 
13 2 
1 
INTERFACE 4 
2 2 
3 1 
1 
INTERFACE 5 
2 3 
4 2 
1 
INTERFACE 6 
3 2 
7 1 
-1 
INTERFACE 7 
3 3 
4 4 
-1 
INTERFACE 8 
3 4 
5 3 
1 
INTERFACE 9 
4 1 
9 2 
1 
INTERFACE 10 
4 3 
13 3 
1 
INTERFACE 11 
5 2 
6 1 
1 
INTERFACE 12 
6 2 
11 1 
1 
INTERFACE 13 
6 3 
7 3 
1 
INTERFACE 14 
7 2 
8 1 
1 
INTERFACE 15 
7 4 
9 4 
-1 
INTERFACE 16 
8 2 
15 1 
1 
INTERFACE 17 
8 3 
11 3 
1 
INTERFACE 18 
8 4 
10 4 
1 
INTERFACE 19 
9 1 
10 1 
1 
INTERFACE 20 
9 3 
12 3 
1 
INTERFACE 21 
10 2 
16 3 
1 
INTERFACE 22 
10 3 
14 4 
1 
INTERFACE 23 
11 2 
18 1 
1 
INTERFACE 24 
12 1 
14 1 
-1 
INTERFACE 25 
12 2 
13 1 
1 
INTERFACE 26 
14 2 
17 1 
-1 
INTERFACE 27 
15 2 
26 2 
1 
INTERFACE 28 
15 3 
18 3 
1 
INTERFACE 29 
15 4 
16 2 
1 
INTERFACE 30 
16 1 
17 3 
1 
INTERFACE 31 
16 4 
28 2 
1 
INTERFACE 32 
17 2 
32 2 
-1 
INTERFACE 33 
18 2 
29 2 
1 
INTERFACE 34 
19 2 
23 1 
1 
INTERFACE 35 
19 3 
20 4 
1 
INTERFACE 36 
20 1 
31 2 
1 
INTERFACE 37 
20 2 
21 1 
1 
INTERFACE 38 
20 3 
22 2 
1 
INTERFACE 39 
21 2 
25 1 
-1 
INTERFACE 40 
21 3 
22 4 
-1 
INTERFACE 41 
21 4 
23 3 
1 
INTERFACE 42 
22 1 
27 2 
1 
INTERFACE 43 
22 3 
31 3 
1 
INTERFACE 44 
23 2 
24 1 
1 
INTERFACE 45 
24 2 
29 1 
1 
INTERFACE 46 
24 3 
25 3 
1 
INTERFACE 47 
25 2 
26 1 
1 
INTERFACE 48 
25 4 
27 4 
-1 
INTERFACE 49 
26 3 
29 3 
1 
INTERFACE 50 
26 4 
28 4 
1 
INTERFACE 51 
27 1 
28 1 
1 
INTERFACE 52 
27 3 
30 3 
1 
INTERFACE 53 
28 3 
32 4 
1 
INTERFACE 54 
30 1 
32 1 
-1 
INTERFACE 55 
30 2 
31 1 
1 
BOUNDARY 1 
1 
1 1 
BOUNDARY 2 
1 
1 4 
BOUNDARY 3 
1 
5 4 
BOUNDARY 4 
1 
6 4 
BOUNDARY 5 
1 
11 4 
BOUNDARY 6 
1 
12 4 
BOUNDARY 7 
1 
13 4 
BOUNDARY 8 
1 
14 3 
BOUNDARY 9 
1 
17 4 
BOUNDARY 10 
1 
18 4 
BOUNDARY 11 
1 
19 1 
BOUNDARY 12 
1 
19 4 
BOUNDARY 13 
1 
23 4 
BOUNDARY 14 
1 
24 4 
BOUNDARY 15 
1 
29 4 
BOUNDARY 16 
1 
30 4 
BOUNDARY 17 
1 
31 4 
BOUNDARY 18 
1 
32 3 
