# nurbs mesh v.2.1
#
# 14-Jul-2024
#
2 2 32 55 0 
PATCH 1 
2 1 
4 2 
0.000000000000000   0.000000000000000   0.000000000000000   0.500000000000000   1.000000000000000   1.000000000000000   1.000000000000000   
0.000000000000000   0.000000000000000   1.000000000000000   1.000000000000000   
0.050000000000000   0.049904867452294   0.049525061277599   0.049240387650610   0.050500000000000   0.050403916126817   0.050020311890375   0.049732791527117   
0.000000000000000   0.002178893568691   0.006520098010365   0.008682408883347   0.000000000000000   0.002200682504378   0.006585298990468   0.008769232972180   
1.000000000000000   0.998097349045873   0.998097349045873   1.000000000000000   1.000000000000000   0.998097349045873   0.998097349045873   1.000000000000000   
PATCH 2 
2 1 
4 2 
0.000000000000000   0.000000000000000   0.000000000000000   0.500000000000000   1.000000000000000   1.000000000000000   1.000000000000000   
0.000000000000000   0.000000000000000   1.000000000000000   1.000000000000000   
0.048235847707085   0.048105002124807   0.047843310960251   0.047712465377973   0.050000000000000   0.049904867452294   0.049525061277599   0.049240387650610   
0.003700412346626   0.004741958261427   0.006825050091031   0.007866596005833   0.000000000000000   0.002178893568691   0.006520098010365   0.008682408883347   
1.000000000000000   1.000000000000000   1.000000000000000   1.000000000000000   1.000000000000000   0.998097349045873   0.998097349045873   1.000000000000000   
PATCH 3 
2 1 
13 2 
0.000000000000000   0.000000000000000   0.000000000000000   0.125000000000000   0.125000000000000   0.250000000000000   0.250000000000000   0.500000000000000   0.500000000000000   0.625000000000000   0.625000000000000   0.750000000000000   0.750000000000000   1.000000000000000   1.000000000000000   1.000000000000000   
0.000000000000000   0.000000000000000   1.000000000000000   1.000000000000000   
0.047712465377973   0.043974206836711   0.047635046644366   0.043850791720583   0.047484924246823   0.046581371067762   0.045677817888702   0.045031542225539   0.045008429043270   0.044985315861002   0.045585365159627   0.045280098656957   0.044974832154287   0.049240387650610   0.049122375608591   0.048173764733547   0.048101830292252   0.047896288328545   0.047606116452320   0.047284911604012   0.047186817217841   0.047108746625181   0.047105364682524   0.047102220645630   0.046855100923773   0.046569822020864   
0.007866596005833   0.007328746840230   0.008000895438281   0.007422548263355   0.008039538207657   0.007906652979056   0.007773767750456   0.007664310765573   0.007666353345900   0.007668395926227   0.007781938071763   0.007883883628310   0.007985829184856   0.008682408883347   0.009214726804819   0.009581447438757   0.010113748855631   0.010617307398217   0.011648618397207   0.012669953878472   0.013197323389198   0.013731611348225   0.014290124638754   0.014852349102818   0.015905706422511   0.016950029030669   
1.000000000000000   0.921852761192596   1.000000000000000   0.921852761192596   1.000000000000000   1.000000000000000   1.000000000000000   0.986354003556590   0.986354003556590   0.986354003556590   1.000000000000000   1.000000000000000   1.000000000000000   1.000000000000000   0.999524337261468   0.999167590207569   0.998810843153671   0.998573011784405   0.998097349045873   0.998097349045873   0.998097349045873   0.998216264730506   0.998335180415139   0.998573011784404   0.999048674522936   1.000000000000000   
PATCH 4 
2 2 
13 4 
0.000000000000000   0.000000000000000   0.000000000000000   0.250000000000000   0.250000000000000   0.375000000000000   0.375000000000000   0.500000000000000   0.500000000000000   0.750000000000000   0.750000000000000   0.875000000000000   0.875000000000000   1.000000000000000   1.000000000000000   1.000000000000000   
0.000000000000000   0.000000000000000   0.000000000000000   0.500000000000000   1.000000000000000   1.000000000000000   1.000000000000000   
0.043798831860789   0.045096228284512   0.046393624708234   0.046222336735541   0.046234637796698   0.046246938857855   0.046442828952863   0.047233044412631   0.048023259872399   0.043500764295635   0.048182607193704   0.043618339381930   0.048235847707085   0.044092831934164   0.045142195877623   0.046191559821082   0.045913081516906   0.045928085608341   0.045943089699776   0.046251576186823   0.047070126076414   0.047888675966005   0.043588271151872   0.048045717056370   0.043707306245625   0.048105002124807   0.044680832080913   0.045234131063846   0.045787430046779   0.045294571079636   0.045314981231627   0.045335391383618   0.045869070654742   0.046744289403980   0.047619508153217   0.043763284864346   0.047771936781700   0.043885239973015   0.047843310960251   0.044974832154287   0.045280098656957   0.045585365159627   0.044985315861002   0.045008429043270   0.045031542225539   0.045677817888702   0.046581371067762   0.047484924246823   0.043850791720583   0.047635046644366   0.043974206836711   0.047712465377973   
0.004464405506415   0.004031132286717   0.003597859067018   0.003579679991499   0.003577230544407   0.003574781097315   0.003588061278649   0.003532022660656   0.003475984042663   0.003136421102319   0.003537943801272   0.003260544748643   0.003700412346626   0.005344761426026   0.004994320122115   0.004643878818204   0.004601858975181   0.004599511244780   0.004597163514379   0.004634487896601   0.004625680240256   0.004616872583911   0.004207952892578   0.004653681710524   0.004277595271540   0.004741958261427   0.007105473265246   0.006920695792911   0.006735918320577   0.006646216942545   0.006644072645527   0.006641928348509   0.006727341132504   0.006812995399456   0.006898649666408   0.006351016473096   0.006885157529029   0.006311696317333   0.006825050091031   0.007985829184856   0.007883883628310   0.007781938071763   0.007668395926227   0.007666353345900   0.007664310765573   0.007773767750456   0.007906652979056   0.008039538207657   0.007422548263355   0.008000895438281   0.007328746840230   0.007866596005833   
1.000000000000000   1.000000000000000   1.000000000000000   0.996051512026405   0.996051512026405   0.996051512026405   1.000000000000000   1.000000000000000   1.000000000000000   0.904051365748305   1.000000000000000   0.904051365748305   1.000000000000000   1.000000000000000   1.000000000000000   1.000000000000000   0.993627134908951   0.993627134908951   0.993627134908951   1.000000000000000   1.000000000000000   1.000000000000000   0.908501714609378   1.000000000000000   0.908501714609378   1.000000000000000   1.000000000000000   1.000000000000000   1.000000000000000   0.988778380674044   0.988778380674044   0.988778380674044   1.000000000000000   1.000000000000000   1.000000000000000   0.917402412331524   1.000000000000000   0.917402412331524   1.000000000000000   1.000000000000000   1.000000000000000   1.000000000000000   0.986354003556590   0.986354003556590   0.986354003556590   1.000000000000000   1.000000000000000   1.000000000000000   0.921852761192596   1.000000000000000   0.921852761192596   1.000000000000000   
PATCH 5 
2 1 
13 2 
0.000000000000000   0.000000000000000   0.000000000000000   0.125000000000000   0.125000000000000   0.250000000000000   0.250000000000000   0.500000000000000   0.500000000000000   0.625000000000000   0.625000000000000   0.750000000000000   0.750000000000000   1.000000000000000   1.000000000000000   1.000000000000000   
0.000000000000000   0.000000000000000   1.000000000000000   1.000000000000000   
0.049240387650610   0.049122375608591   0.048173764733547   0.048101830292252   0.047896288328545   0.047606116452320   0.047284911604012   0.047186817217841   0.047108746625181   0.047105364682524   0.047102220645630   0.046855100923773   0.046569822020864   0.049732791527117   0.049613599364677   0.049488606583825   0.049363613802972   0.049232820403708   0.048971233605179   0.048686444333000   0.048544049696911   0.048395854442409   0.048247659187908   0.048093663314994   0.047785671569166   0.047454477349688   
0.008682408883347   0.009214726804819   0.009581447438757   0.010113748855631   0.010617307398217   0.011648618397207   0.012669953878472   0.013197323389198   0.013731611348225   0.014290124638754   0.014852349102818   0.015905706422511   0.016950029030669   0.008769232972180   0.009306874072867   0.009842960902535   0.010379047732203   0.010913580290852   0.011982645408149   0.013045493441370   0.013576917457981   0.014106787203572   0.014636656949163   0.015164972423735   0.016221603372879   0.017272017237946   
1.000000000000000   0.999524337261468   0.999167590207569   0.998810843153671   0.998573011784405   0.998097349045873   0.998097349045873   0.998097349045873   0.998216264730506   0.998335180415139   0.998573011784404   0.999048674522936   1.000000000000000   1.000000000000000   0.999524337261468   0.999167590207569   0.998810843153671   0.998573011784405   0.998097349045873   0.998097349045873   0.998097349045873   0.998216264730506   0.998335180415139   0.998573011784404   0.999048674522936   1.000000000000000   
PATCH 6 
2 1 
6 2 
0.000000000000000   0.000000000000000   0.000000000000000   0.250000000000000   0.500000000000000   0.750000000000000   1.000000000000000   1.000000000000000   1.000000000000000   
0.000000000000000   0.000000000000000   1.000000000000000   1.000000000000000   
0.046569822020864   0.046362655519801   0.045467053432703   0.044448763419249   0.043615756448180   0.043259322977359   0.047454477349688   0.047032993823604   0.046146485990198   0.045216437375554   0.044242847979673   0.043734282891114   
0.016950029030669   0.018028896190627   0.020005418517961   0.021920278448608   0.023929012883700   0.024975781765939   0.017272017237946   0.018289568482936   0.020304367573183   0.022298863263696   0.024273055554476   0.025250000000000   
1.000000000000000   0.999048674522936   0.998097349045873   0.998097349045873   0.999048674522936   1.000000000000000   1.000000000000000   0.999048674522936   0.998097349045873   0.998097349045873   0.999048674522936   1.000000000000000   
PATCH 7 
2 1 
6 2 
0.000000000000000   0.000000000000000   0.000000000000000   0.250000000000000   0.500000000000000   0.750000000000000   1.000000000000000   1.000000000000000   1.000000000000000   
0.000000000000000   0.000000000000000   1.000000000000000   1.000000000000000   
0.046569822020864   0.046362655519801   0.045467053432703   0.044448763419249   0.043615756448180   0.043259322977359   0.044974832154287   0.041936859263568   0.035860913482130   0.029784967700692   0.023709021919254   0.020671049028535   
0.016950029030669   0.018028896190627   0.020005418517961   0.021920278448608   0.023929012883700   0.024975781765939   0.007985829184856   0.009000378224495   0.011029476303774   0.013058574383052   0.015087672462330   0.016102221501969   
1.000000000000000   0.999048674522936   0.998097349045873   0.998097349045873   0.999048674522936   1.000000000000000   1.000000000000000   1.000000000000000   1.000000000000000   1.000000000000000   1.000000000000000   1.000000000000000   
PATCH 8 
2 1 
13 2 
0.000000000000000   0.000000000000000   0.000000000000000   0.250000000000000   0.250000000000000   0.375000000000000   0.375000000000000   0.500000000000000   0.500000000000000   0.750000000000000   0.750000000000000   0.875000000000000   0.875000000000000   1.000000000000000   1.000000000000000   1.000000000000000   
0.000000000000000   0.000000000000000   1.000000000000000   1.000000000000000   
0.043259322977359   0.042401016547779   0.041508892792109   0.041007088932623   0.040522426964346   0.039970504199429   0.039578642595902   0.038201321725234   0.036879102345256   0.036391141314452   0.035833437005262   0.035370198999081   0.034863273601267   0.020671049028535   0.020095523579759   0.019519998130984   0.019494160245413   0.019488262301964   0.019482364358515   0.019496406357187   0.018811239503017   0.018126072648847   0.016399917269401   0.016342826027238   0.016285734785074   0.017897707680193   
0.024975781765939   0.026283970677438   0.027566674026867   0.028170175529607   0.028783086558690   0.029345527645861   0.030024979952819   0.030915421480659   0.031811090220845   0.032398455464482   0.032922853645850   0.033532850728334   0.034103767808678   0.016102221501969   0.016294421634211   0.016486621766453   0.016471915860396   0.016474312829758   0.016476709799120   0.016496209643901   0.016826950764041   0.017157691884181   0.015598289476332   0.015588616485240   0.015578943494148   0.017118999919812   
1.000000000000000   0.998037128940137   0.997055693410205   0.996564975645239   0.996319616762756   0.996074257880273   0.996074257880273   0.996074257880273   0.997055693410205   0.997546411175171   0.998282487822620   0.999018564470068   1.000000000000000   1.000000000000000   1.000000000000000   1.000000000000000   0.998985691201374   0.998985691201374   0.998985691201374   1.000000000000000   1.000000000000000   1.000000000000000   0.907646394303976   0.907646394303976   0.907646394303976   1.000000000000000   
PATCH 9 
2 2 
6 4 
0.000000000000000   0.000000000000000   0.000000000000000   0.250000000000000   0.500000000000000   0.750000000000000   1.000000000000000   1.000000000000000   1.000000000000000   
0.000000000000000   0.000000000000000   0.000000000000000   0.500000000000000   1.000000000000000   1.000000000000000   1.000000000000000   
0.019495048735037   0.022533021625756   0.028608967407194   0.034684913188632   0.040760858970070   0.043798831860789   0.019789048808411   0.022827021699130   0.028902967480568   0.034978913262007   0.041054859043445   0.044092831934164   0.020377048955160   0.023415021845879   0.029490967627318   0.035566913408756   0.041642859190194   0.044680832080913   0.020671049028535   0.023709021919254   0.029784967700692   0.035860913482130   0.041936859263568   0.044974832154287   
0.012580797823528   0.011566248783889   0.009537150704611   0.007508052625333   0.005478954546054   0.004464405506415   0.013461153743139   0.012446604703499   0.010417506624221   0.008388408544943   0.006359310465665   0.005344761426026   0.015221865582359   0.014207316542720   0.012178218463442   0.010149120384163   0.008120022304885   0.007105473265246   0.016102221501969   0.015087672462330   0.013058574383052   0.011029476303774   0.009000378224495   0.007985829184856   
1.000000000000000   1.000000000000000   1.000000000000000   1.000000000000000   1.000000000000000   1.000000000000000   1.000000000000000   1.000000000000000   1.000000000000000   1.000000000000000   1.000000000000000   1.000000000000000   1.000000000000000   1.000000000000000   1.000000000000000   1.000000000000000   1.000000000000000   1.000000000000000   1.000000000000000   1.000000000000000   1.000000000000000   1.000000000000000   1.000000000000000   1.000000000000000   
PATCH 10 
2 2 
13 4 
0.000000000000000   0.000000000000000   0.000000000000000   0.250000000000000   0.250000000000000   0.375000000000000   0.375000000000000   0.500000000000000   0.500000000000000   0.750000000000000   0.750000000000000   0.875000000000000   0.875000000000000   1.000000000000000   1.000000000000000   1.000000000000000   
0.000000000000000   0.000000000000000   0.000000000000000   0.500000000000000   1.000000000000000   1.000000000000000   1.000000000000000   
0.019495048735037   0.018932177655217   0.018369306575397   0.018353073714853   0.018348257516821   0.018343441318790   0.018350041783272   0.016647190176136   0.014944338568999   0.012768480425691   0.014796301471087   0.012711959116943   0.014847004259257   0.019789048808411   0.019223014136353   0.018656979464294   0.018638345347493   0.018633258713107   0.018628172078721   0.018636632926751   0.017188202507856   0.015739772088961   0.013676339636619   0.015182932610125   0.013605403033976   0.015609680114491   0.020377048955160   0.019804687098624   0.019232325242087   0.019208888612773   0.019203261105678   0.019197633598584   0.019209815213709   0.018270227171297   0.017330639128885   0.015492058058474   0.015956194888200   0.015392290868042   0.017135031824959   0.020671049028535   0.020095523579759   0.019519998130984   0.019494160245413   0.019488262301964   0.019482364358515   0.019496406357187   0.018811239503017   0.018126072648847   0.016399917269401   0.016342826027238   0.016285734785074   0.017897707680193   
0.012580797823528   0.012768771954310   0.012956746085092   0.012950225618091   0.012951570399270   0.012952915180448   0.012962125209806   0.013346960014838   0.013731794819870   0.011846055918016   0.013871302549254   0.012041459936842   0.014068296498876   0.013461153743139   0.013650184374285   0.013839215005432   0.013830648178668   0.013832256006892   0.013833863835116   0.013845646318329   0.014216957702139   0.014588269085948   0.012784114307595   0.014300631033250   0.012925830826168   0.014830972354110   0.015221865582359   0.015413009214236   0.015604152846113   0.015591493299820   0.015593627222136   0.015595761144452   0.015612688535377   0.015956953076740   0.016301217618103   0.014660231086753   0.015159288001243   0.014694572604821   0.016356324064578   0.016102221501969   0.016294421634211   0.016486621766453   0.016471915860396   0.016474312829758   0.016476709799120   0.016496209643901   0.016826950764041   0.017157691884181   0.015598289476332   0.015588616485240   0.015578943494148   0.017118999919812   
1.000000000000000   1.000000000000000   1.000000000000000   0.999374503757110   0.999374503757110   0.999374503757110   1.000000000000000   1.000000000000000   1.000000000000000   0.861040834847308   1.000000000000000   0.861040834847308   1.000000000000000   1.000000000000000   1.000000000000000   1.000000000000000   0.999277300618176   0.999277300618176   0.999277300618176   1.000000000000000   1.000000000000000   1.000000000000000   0.872692224711475   0.976911598575994   0.872692224711475   1.000000000000000   1.000000000000000   1.000000000000000   1.000000000000000   0.999082894340308   0.999082894340308   0.999082894340308   1.000000000000000   1.000000000000000   1.000000000000000   0.895995004439809   0.930734795727982   0.895995004439809   1.000000000000000   1.000000000000000   1.000000000000000   1.000000000000000   0.998985691201374   0.998985691201374   0.998985691201374   1.000000000000000   1.000000000000000   1.000000000000000   0.907646394303976   0.907646394303976   0.907646394303976   1.000000000000000   
PATCH 11 
2 1 
13 2 
0.000000000000000   0.000000000000000   0.000000000000000   0.250000000000000   0.250000000000000   0.375000000000000   0.375000000000000   0.500000000000000   0.500000000000000   0.750000000000000   0.750000000000000   0.875000000000000   0.875000000000000   1.000000000000000   1.000000000000000   1.000000000000000   
0.000000000000000   0.000000000000000   1.000000000000000   1.000000000000000   
0.043259322977359   0.042401016547779   0.041508892792109   0.041007088932623   0.040522426964346   0.039970504199429   0.039578642595902   0.038201321725234   0.036879102345256   0.036391141314452   0.035833437005262   0.035370198999081   0.034863273601267   0.043734282891114   0.043142506727484   0.042531053738569   0.042225327244111   0.041914681543332   0.041604035842553   0.041288470935453   0.040657341121252   0.040006534481766   0.039681131162023   0.039350808635958   0.039020486109894   0.038685244377508   
0.024975781765939   0.026283970677438   0.027566674026867   0.028170175529607   0.028783086558690   0.029345527645861   0.030024979952819   0.030915421480659   0.031811090220845   0.032398455464482   0.032922853645850   0.033532850728334   0.034103767808678   0.025250000000000   0.026178902508932   0.027094027156471   0.027551589480241   0.028005707338662   0.028459825197083   0.028910498590156   0.029811845376303   0.030699414301056   0.031143198763433   0.031583538760461   0.032023878757490   0.032460774289170   
1.000000000000000   0.998037128940137   0.997055693410205   0.996564975645239   0.996319616762756   0.996074257880273   0.996074257880273   0.996074257880273   0.997055693410205   0.997546411175171   0.998282487822620   0.999018564470068   1.000000000000000   1.000000000000000   0.999048674522937   0.998573011784405   0.998335180415139   0.998216264730506   0.998097349045873   0.998097349045873   0.998097349045873   0.998573011784405   0.998810843153671   0.999167590207569   0.999524337261468   1.000000000000000   
PATCH 12 
2 1 
6 2 
0.000000000000000   0.000000000000000   0.000000000000000   0.250000000000000   0.500000000000000   0.750000000000000   1.000000000000000   1.000000000000000   1.000000000000000   
0.000000000000000   0.000000000000000   1.000000000000000   1.000000000000000   
0.019495048735037   0.022533021625756   0.028608967407194   0.034684913188632   0.040760858970070   0.043798831860789   0.014550000000000   0.018206103982599   0.025518311947796   0.032830519912993   0.040142727878191   0.043798831860789   
0.012580797823528   0.011566248783889   0.009537150704611   0.007508052625333   0.005478954546054   0.004464405506415   0.000000000000000   0.000000000000000   0.000000000000000   0.000000000000000   0.000000000000000   0.000000000000000   
1.000000000000000   1.000000000000000   1.000000000000000   1.000000000000000   1.000000000000000   1.000000000000000   1.000000000000000   1.000000000000000   1.000000000000000   1.000000000000000   1.000000000000000   1.000000000000000   
PATCH 13 
2 1 
13 2 
0.000000000000000   0.000000000000000   0.000000000000000   0.250000000000000   0.250000000000000   0.375000000000000   0.375000000000000   0.500000000000000   0.500000000000000   0.750000000000000   0.750000000000000   0.875000000000000   0.875000000000000   1.000000000000000   1.000000000000000   1.000000000000000   
0.000000000000000   0.000000000000000   1.000000000000000   1.000000000000000   
0.043798831860789   0.045096228284512   0.046393624708234   0.046222336735541   0.046234637796698   0.046246938857855   0.046442828952863   0.047233044412631   0.048023259872399   0.043500764295635   0.048182607193704   0.043618339381930   0.048235847707085   0.043798831860789   0.044573977878191   0.045349123895592   0.045736696904293   0.046124269912993   0.046511842921694   0.046899415930395   0.047674561947796   0.048449707965197   0.048837280973898   0.049224853982599   0.049612426991299   0.050000000000000   
0.004464405506415   0.004031132286717   0.003597859067018   0.003579679991499   0.003577230544407   0.003574781097315   0.003588061278649   0.003532022660656   0.003475984042663   0.003136421102319   0.003537943801272   0.003260544748643   0.003700412346626   0.000000000000000   0.000000000000000   0.000000000000000   0.000000000000000   0.000000000000000   0.000000000000000   0.000000000000000   0.000000000000000   0.000000000000000   0.000000000000000   0.000000000000000   0.000000000000000   0.000000000000000   
1.000000000000000   1.000000000000000   1.000000000000000   0.996051512026405   0.996051512026405   0.996051512026405   1.000000000000000   1.000000000000000   1.000000000000000   0.904051365748305   1.000000000000000   0.904051365748305   1.000000000000000   1.000000000000000   1.000000000000000   1.000000000000000   1.000000000000000   1.000000000000000   1.000000000000000   1.000000000000000   1.000000000000000   1.000000000000000   1.000000000000000   1.000000000000000   1.000000000000000   1.000000000000000   
PATCH 14 
2 1 
13 2 
0.000000000000000   0.000000000000000   0.000000000000000   0.250000000000000   0.250000000000000   0.375000000000000   0.375000000000000   0.500000000000000   0.500000000000000   0.750000000000000   0.750000000000000   0.875000000000000   0.875000000000000   1.000000000000000   1.000000000000000   1.000000000000000   
0.000000000000000   0.000000000000000   1.000000000000000   1.000000000000000   
0.014550000000000   0.014280725333172   0.013886780184642   0.013689807610377   0.013461667415685   0.013233527220994   0.012974219405877   0.012455603775644   0.011812317663707   0.011490674607738   0.011137863931344   0.010785053254950   0.010401074958130   0.019495048735037   0.018932177655217   0.018369306575397   0.018353073714853   0.018348257516821   0.018343441318790   0.018350041783272   0.016647190176136   0.014944338568999   0.012768480425691   0.014796301471087   0.012711959116943   0.014847004259257   
0.000000000000000   0.001373486204873   0.002696134603531   0.003357458802860   0.004006073550635   0.004654688298411   0.005290593594633   0.006562404187077   0.007783376973306   0.008393863366421   0.008991640307982   0.009589417249544   0.010174484739551   0.012580797823528   0.012768771954310   0.012956746085092   0.012950225618091   0.012951570399270   0.012952915180448   0.012962125209806   0.013346960014838   0.013731794819870   0.011846055918016   0.013871302549254   0.012041459936842   0.014068296498876   
1.000000000000000   0.981493150046218   0.972239725069327   0.967613012580881   0.965299656336659   0.962986300092436   0.962986300092436   0.962986300092436   0.972239725069327   0.976866437557772   0.983806506290441   0.990746575023109   1.000000000000000   1.000000000000000   1.000000000000000   1.000000000000000   0.999374503757110   0.999374503757110   0.999374503757110   1.000000000000000   1.000000000000000   1.000000000000000   0.861040834847308   1.000000000000000   0.861040834847308   1.000000000000000   
PATCH 15 
2 1 
4 2 
0.000000000000000   0.000000000000000   0.000000000000000   0.500000000000000   1.000000000000000   1.000000000000000   1.000000000000000   
0.000000000000000   0.000000000000000   1.000000000000000   1.000000000000000   
0.034863273601267   0.034693213677872   0.034313255201778   0.034103767808678   0.017897707680193   0.017703030740098   0.017313676859907   0.017118999919812   
0.034103767808678   0.034313255201778   0.034693213677872   0.034863273601267   0.017118999919812   0.017313676859907   0.017703030740098   0.017897707680193   
1.000000000000000   0.999969683468695   0.999969683468695   1.000000000000000   1.000000000000000   1.000000000000000   1.000000000000000   1.000000000000000   
PATCH 16 
2 2 
4 4 
0.000000000000000   0.000000000000000   0.000000000000000   0.500000000000000   1.000000000000000   1.000000000000000   1.000000000000000   
0.000000000000000   0.000000000000000   0.000000000000000   0.500000000000000   1.000000000000000   1.000000000000000   1.000000000000000   
0.014847004259257   0.015609680114491   0.017135031824959   0.017897707680193   0.014652327319162   0.015415003174396   0.016940354884864   0.017703030740098   0.014262973438971   0.015025649294205   0.016551001004673   0.017313676859907   0.014068296498876   0.014830972354110   0.016356324064578   0.017118999919812   
0.014068296498876   0.014830972354110   0.016356324064578   0.017118999919812   0.014262973438971   0.015025649294205   0.016551001004673   0.017313676859907   0.014652327319162   0.015415003174396   0.016940354884864   0.017703030740098   0.014847004259257   0.015609680114491   0.017135031824959   0.017897707680193   
1.000000000000000   1.000000000000000   1.000000000000000   1.000000000000000   1.000000000000000   1.000000000000000   1.000000000000000   1.000000000000000   1.000000000000000   1.000000000000000   1.000000000000000   1.000000000000000   1.000000000000000   1.000000000000000   1.000000000000000   1.000000000000000   
PATCH 17 
2 1 
4 2 
0.000000000000000   0.000000000000000   0.000000000000000   0.500000000000000   1.000000000000000   1.000000000000000   1.000000000000000   
0.000000000000000   0.000000000000000   1.000000000000000   1.000000000000000   
0.014847004259257   0.014652327319162   0.014262973438971   0.014068296498876   0.010401074958130   0.010344739312197   0.010231444202908   0.010174484739551   
0.014068296498876   0.014262973438971   0.014652327319162   0.014847004259257   0.010174484739551   0.010231444202908   0.010344739312197   0.010401074958130   
1.000000000000000   1.000000000000000   1.000000000000000   1.000000000000000   1.000000000000000   0.999969683468695   0.999969683468695   1.000000000000000   
PATCH 18 
2 1 
4 2 
0.000000000000000   0.000000000000000   0.000000000000000   0.500000000000000   1.000000000000000   1.000000000000000   1.000000000000000   
0.000000000000000   0.000000000000000   1.000000000000000   1.000000000000000   
0.034863273601267   0.034693213677872   0.034313255201778   0.034103767808678   0.038685244377508   0.037197068413715   0.034084833369545   0.032460774289170   
0.034103767808678   0.034313255201778   0.034693213677872   0.034863273601267   0.032460774289170   0.034084833369545   0.037197068413715   0.038685244377508   
1.000000000000000   0.999969683468695   0.999969683468695   1.000000000000000   1.000000000000000   0.998097349045873   0.998097349045873   1.000000000000000   
PATCH 19 
2 1 
4 2 
0.000000000000000   0.000000000000000   0.000000000000000   0.500000000000000   1.000000000000000   1.000000000000000   1.000000000000000   
0.000000000000000   0.000000000000000   1.000000000000000   1.000000000000000   
0.000000000000000   0.002178893568691   0.006520098010365   0.008682408883347   0.000000000000000   0.002200682504378   0.006585298990468   0.008769232972180   
0.050000000000000   0.049904867452294   0.049525061277599   0.049240387650610   0.050500000000000   0.050403916126817   0.050020311890375   0.049732791527117   
1.000000000000000   0.998097349045873   0.998097349045873   1.000000000000000   1.000000000000000   0.998097349045873   0.998097349045873   1.000000000000000   
PATCH 20 
2 1 
4 2 
0.000000000000000   0.000000000000000   0.000000000000000   0.500000000000000   1.000000000000000   1.000000000000000   1.000000000000000   
0.000000000000000   0.000000000000000   1.000000000000000   1.000000000000000   
0.003700412346626   0.004741958261427   0.006825050091031   0.007866596005833   0.000000000000000   0.002178893568691   0.006520098010365   0.008682408883347   
0.048235847707085   0.048105002124807   0.047843310960251   0.047712465377973   0.050000000000000   0.049904867452294   0.049525061277599   0.049240387650610   
1.000000000000000   1.000000000000000   1.000000000000000   1.000000000000000   1.000000000000000   0.998097349045873   0.998097349045873   1.000000000000000   
PATCH 21 
2 1 
13 2 
0.000000000000000   0.000000000000000   0.000000000000000   0.125000000000000   0.125000000000000   0.250000000000000   0.250000000000000   0.500000000000000   0.500000000000000   0.625000000000000   0.625000000000000   0.750000000000000   0.750000000000000   1.000000000000000   1.000000000000000   1.000000000000000   
0.000000000000000   0.000000000000000   1.000000000000000   1.000000000000000   
0.007866596005833   0.007328746840230   0.008000895438281   0.007422548263355   0.008039538207657   0.007906652979056   0.007773767750456   0.007664310765573   0.007666353345900   0.007668395926227   0.007781938071763   0.007883883628310   0.007985829184856   0.008682408883347   0.009214726804819   0.009581447438757   0.010113748855631   0.010617307398217   0.011648618397207   0.012669953878472   0.013197323389198   0.013731611348225   0.014290124638754   0.014852349102818   0.015905706422511   0.016950029030669   
0.047712465377973   0.043974206836711   0.047635046644366   0.043850791720583   0.047484924246823   0.046581371067762   0.045677817888702   0.045031542225539   0.045008429043270   0.044985315861002   0.045585365159627   0.045280098656957   0.044974832154287   0.049240387650610   0.049122375608591   0.048173764733547   0.048101830292252   0.047896288328545   0.047606116452320   0.047284911604012   0.047186817217841   0.047108746625181   0.047105364682524   0.047102220645630   0.046855100923773   0.046569822020864   
1.000000000000000   0.921852761192596   1.000000000000000   0.921852761192596   1.000000000000000   1.000000000000000   1.000000000000000   0.986354003556590   0.986354003556590   0.986354003556590   1.000000000000000   1.000000000000000   1.000000000000000   1.000000000000000   0.999524337261468   0.999167590207569   0.998810843153671   0.998573011784405   0.998097349045873   0.998097349045873   0.998097349045873   0.998216264730506   0.998335180415139   0.998573011784404   0.999048674522936   1.000000000000000   
PATCH 22 
2 2 
13 4 
0.000000000000000   0.000000000000000   0.000000000000000   0.250000000000000   0.250000000000000   0.375000000000000   0.375000000000000   0.500000000000000   0.500000000000000   0.750000000000000   0.750000000000000   0.875000000000000   0.875000000000000   1.000000000000000   1.000000000000000   1.000000000000000   
0.000000000000000   0.000000000000000   0.000000000000000   0.500000000000000   1.000000000000000   1.000000000000000   1.000000000000000   
0.004464405506415   0.004031132286717   0.003597859067018   0.003579679991499   0.003577230544407   0.003574781097315   0.003588061278649   0.003532022660656   0.003475984042663   0.003136421102319   0.003537943801272   0.003260544748643   0.003700412346626   0.005344761426026   0.004994320122115   0.004643878818204   0.004601858975181   0.004599511244780   0.004597163514379   0.004634487896601   0.004625680240256   0.004616872583911   0.004207952892578   0.004653681710524   0.004277595271540   0.004741958261427   0.007105473265246   0.006920695792911   0.006735918320577   0.006646216942545   0.006644072645527   0.006641928348509   0.006727341132504   0.006812995399456   0.006898649666408   0.006351016473096   0.006885157529029   0.006311696317333   0.006825050091031   0.007985829184856   0.007883883628310   0.007781938071763   0.007668395926227   0.007666353345900   0.007664310765573   0.007773767750456   0.007906652979056   0.008039538207657   0.007422548263355   0.008000895438281   0.007328746840230   0.007866596005833   
0.043798831860789   0.045096228284512   0.046393624708234   0.046222336735541   0.046234637796698   0.046246938857855   0.046442828952863   0.047233044412631   0.048023259872399   0.043500764295635   0.048182607193704   0.043618339381930   0.048235847707085   0.044092831934164   0.045142195877623   0.046191559821082   0.045913081516906   0.045928085608341   0.045943089699776   0.046251576186823   0.047070126076414   0.047888675966005   0.043588271151872   0.048045717056370   0.043707306245625   0.048105002124807   0.044680832080913   0.045234131063846   0.045787430046779   0.045294571079636   0.045314981231627   0.045335391383618   0.045869070654742   0.046744289403980   0.047619508153217   0.043763284864346   0.047771936781700   0.043885239973015   0.047843310960251   0.044974832154287   0.045280098656957   0.045585365159627   0.044985315861002   0.045008429043270   0.045031542225539   0.045677817888702   0.046581371067762   0.047484924246823   0.043850791720583   0.047635046644366   0.043974206836711   0.047712465377973   
1.000000000000000   1.000000000000000   1.000000000000000   0.996051512026405   0.996051512026405   0.996051512026405   1.000000000000000   1.000000000000000   1.000000000000000   0.904051365748305   1.000000000000000   0.904051365748305   1.000000000000000   1.000000000000000   1.000000000000000   1.000000000000000   0.993627134908951   0.993627134908951   0.993627134908951   1.000000000000000   1.000000000000000   1.000000000000000   0.908501714609378   1.000000000000000   0.908501714609378   1.000000000000000   1.000000000000000   1.000000000000000   1.000000000000000   0.988778380674044   0.988778380674044   0.988778380674044   1.000000000000000   1.000000000000000   1.000000000000000   0.917402412331524   1.000000000000000   0.917402412331524   1.000000000000000   1.000000000000000   1.000000000000000   1.000000000000000   0.986354003556590   0.986354003556590   0.986354003556590   1.000000000000000   1.000000000000000   1.000000000000000   0.921852761192596   1.000000000000000   0.921852761192596   1.000000000000000   
PATCH 23 
2 1 
13 2 
0.000000000000000   0.000000000000000   0.000000000000000   0.125000000000000   0.125000000000000   0.250000000000000   0.250000000000000   0.500000000000000   0.500000000000000   0.625000000000000   0.625000000000000   0.750000000000000   0.750000000000000   1.000000000000000   1.000000000000000   1.000000000000000   
0.000000000000000   0.000000000000000   1.000000000000000   1.000000000000000   
0.008682408883347   0.009214726804819   0.009581447438757   0.010113748855631   0.010617307398217   0.011648618397207   0.012669953878472   0.013197323389198   0.013731611348225   0.014290124638754   0.014852349102818   0.015905706422511   0.016950029030669   0.008769232972180   0.009306874072867   0.009842960902535   0.010379047732203   0.010913580290852   0.011982645408149   0.013045493441370   0.013576917457981   0.014106787203572   0.014636656949163   0.015164972423735   0.016221603372879   0.017272017237946   
0.049240387650610   0.049122375608591   0.048173764733547   0.048101830292252   0.047896288328545   0.047606116452320   0.047284911604012   0.047186817217841   0.047108746625181   0.047105364682524   0.047102220645630   0.046855100923773   0.046569822020864   0.049732791527117   0.049613599364677   0.049488606583825   0.049363613802972   0.049232820403708   0.048971233605179   0.048686444333000   0.048544049696911   0.048395854442409   0.048247659187908   0.048093663314994   0.047785671569166   0.047454477349688   
1.000000000000000   0.999524337261468   0.999167590207569   0.998810843153671   0.998573011784405   0.998097349045873   0.998097349045873   0.998097349045873   0.998216264730506   0.998335180415139   0.998573011784404   0.999048674522936   1.000000000000000   1.000000000000000   0.999524337261468   0.999167590207569   0.998810843153671   0.998573011784405   0.998097349045873   0.998097349045873   0.998097349045873   0.998216264730506   0.998335180415139   0.998573011784404   0.999048674522936   1.000000000000000   
PATCH 24 
2 1 
6 2 
0.000000000000000   0.000000000000000   0.000000000000000   0.250000000000000   0.500000000000000   0.750000000000000   1.000000000000000   1.000000000000000   1.000000000000000   
0.000000000000000   0.000000000000000   1.000000000000000   1.000000000000000   
0.016950029030669   0.018028896190627   0.020005418517961   0.021920278448608   0.023929012883700   0.024975781765939   0.017272017237946   0.018289568482936   0.020304367573183   0.022298863263696   0.024273055554476   0.025250000000000   
0.046569822020864   0.046362655519801   0.045467053432703   0.044448763419249   0.043615756448180   0.043259322977359   0.047454477349688   0.047032993823604   0.046146485990198   0.045216437375554   0.044242847979673   0.043734282891114   
1.000000000000000   0.999048674522936   0.998097349045873   0.998097349045873   0.999048674522936   1.000000000000000   1.000000000000000   0.999048674522936   0.998097349045873   0.998097349045873   0.999048674522936   1.000000000000000   
PATCH 25 
2 1 
6 2 
0.000000000000000   0.000000000000000   0.000000000000000   0.250000000000000   0.500000000000000   0.750000000000000   1.000000000000000   1.000000000000000   1.000000000000000   
0.000000000000000   0.000000000000000   1.000000000000000   1.000000000000000   
0.016950029030669   0.018028896190627   0.020005418517961   0.021920278448608   0.023929012883700   0.024975781765939   0.007985829184856   0.009000378224495   0.011029476303774   0.013058574383052   0.015087672462330   0.016102221501969   
0.046569822020864   0.046362655519801   0.045467053432703   0.044448763419249   0.043615756448180   0.043259322977359   0.044974832154287   0.041936859263568   0.035860913482130   0.029784967700692   0.023709021919254   0.020671049028535   
1.000000000000000   0.999048674522936   0.998097349045873   0.998097349045873   0.999048674522936   1.000000000000000   1.000000000000000   1.000000000000000   1.000000000000000   1.000000000000000   1.000000000000000   1.000000000000000   
PATCH 26 
2 1 
13 2 
0.000000000000000   0.000000000000000   0.000000000000000   0.250000000000000   0.250000000000000   0.375000000000000   0.375000000000000   0.500000000000000   0.500000000000000   0.750000000000000   0.750000000000000   0.875000000000000   0.875000000000000   1.000000000000000   1.000000000000000   1.000000000000000   
0.000000000000000   0.000000000000000   1.000000000000000   1.000000000000000   
0.024975781765939   0.026283970677438   0.027566674026867   0.028170175529607   0.028783086558690   0.029345527645861   0.030024979952819   0.030915421480659   0.031811090220845   0.032398455464482   0.032922853645850   0.033532850728334   0.034103767808678   0.016102221501969   0.016294421634211   0.016486621766453   0.016471915860396   0.016474312829758   0.016476709799120   0.016496209643901   0.016826950764041   0.017157691884181   0.015598289476332   0.015588616485240   0.015578943494148   0.017118999919812   
0.043259322977359   0.042401016547779   0.041508892792109   0.041007088932623   0.040522426964346   0.039970504199429   0.039578642595902   0.038201321725234   0.036879102345256   0.036391141314452   0.035833437005262   0.035370198999081   0.034863273601267   0.020671049028535   0.020095523579759   0.019519998130984   0.019494160245413   0.019488262301964   0.019482364358515   0.019496406357187   0.018811239503017   0.018126072648847   0.016399917269401   0.016342826027238   0.016285734785074   0.017897707680193   
1.000000000000000   0.998037128940137   0.997055693410205   0.996564975645239   0.996319616762756   0.996074257880273   0.996074257880273   0.996074257880273   0.997055693410205   0.997546411175171   0.998282487822620   0.999018564470068   1.000000000000000   1.000000000000000   1.000000000000000   1.000000000000000   0.998985691201374   0.998985691201374   0.998985691201374   1.000000000000000   1.000000000000000   1.000000000000000   0.907646394303976   0.907646394303976   0.907646394303976   1.000000000000000   
PATCH 27 
2 2 
6 4 
0.000000000000000   0.000000000000000   0.000000000000000   0.250000000000000   0.500000000000000   0.750000000000000   1.000000000000000   1.000000000000000   1.000000000000000   
0.000000000000000   0.000000000000000   0.000000000000000   0.500000000000000   1.000000000000000   1.000000000000000   1.000000000000000   
0.012580797823528   0.011566248783889   0.009537150704611   0.007508052625333   0.005478954546054   0.004464405506415   0.013461153743139   0.012446604703499   0.010417506624221   0.008388408544943   0.006359310465665   0.005344761426026   0.015221865582359   0.014207316542720   0.012178218463442   0.010149120384163   0.008120022304885   0.007105473265246   0.016102221501969   0.015087672462330   0.013058574383052   0.011029476303774   0.009000378224495   0.007985829184856   
0.019495048735037   0.022533021625756   0.028608967407194   0.034684913188632   0.040760858970070   0.043798831860789   0.019789048808411   0.022827021699130   0.028902967480568   0.034978913262007   0.041054859043445   0.044092831934164   0.020377048955160   0.023415021845879   0.029490967627318   0.035566913408756   0.041642859190194   0.044680832080913   0.020671049028535   0.023709021919254   0.029784967700692   0.035860913482130   0.041936859263568   0.044974832154287   
1.000000000000000   1.000000000000000   1.000000000000000   1.000000000000000   1.000000000000000   1.000000000000000   1.000000000000000   1.000000000000000   1.000000000000000   1.000000000000000   1.000000000000000   1.000000000000000   1.000000000000000   1.000000000000000   1.000000000000000   1.000000000000000   1.000000000000000   1.000000000000000   1.000000000000000   1.000000000000000   1.000000000000000   1.000000000000000   1.000000000000000   1.000000000000000   
PATCH 28 
2 2 
13 4 
0.000000000000000   0.000000000000000   0.000000000000000   0.250000000000000   0.250000000000000   0.375000000000000   0.375000000000000   0.500000000000000   0.500000000000000   0.750000000000000   0.750000000000000   0.875000000000000   0.875000000000000   1.000000000000000   1.000000000000000   1.000000000000000   
0.000000000000000   0.000000000000000   0.000000000000000   0.500000000000000   1.000000000000000   1.000000000000000   1.000000000000000   
0.012580797823528   0.012768771954310   0.012956746085092   0.012950225618091   0.012951570399270   0.012952915180448   0.012962125209806   0.013346960014838   0.013731794819870   0.011846055918016   0.013871302549254   0.012041459936842   0.014068296498876   0.013461153743139   0.013650184374285   0.013839215005432   0.013830648178668   0.013832256006892   0.013833863835116   0.013845646318329   0.014216957702139   0.014588269085948   0.012784114307595   0.014300631033250   0.012925830826168   0.014830972354110   0.015221865582359   0.015413009214236   0.015604152846113   0.015591493299820   0.015593627222136   0.015595761144452   0.015612688535377   0.015956953076740   0.016301217618103   0.014660231086753   0.015159288001243   0.014694572604821   0.016356324064578   0.016102221501969   0.016294421634211   0.016486621766453   0.016471915860396   0.016474312829758   0.016476709799120   0.016496209643901   0.016826950764041   0.017157691884181   0.015598289476332   0.015588616485240   0.015578943494148   0.017118999919812   
0.019495048735037   0.018932177655217   0.018369306575397   0.018353073714853   0.018348257516821   0.018343441318790   0.018350041783272   0.016647190176136   0.014944338568999   0.012768480425691   0.014796301471087   0.012711959116943   0.014847004259257   0.019789048808411   0.019223014136353   0.018656979464294   0.018638345347493   0.018633258713107   0.018628172078721   0.018636632926751   0.017188202507856   0.015739772088961   0.013676339636619   0.015182932610125   0.013605403033976   0.015609680114491   0.020377048955160   0.019804687098624   0.019232325242087   0.019208888612773   0.019203261105678   0.019197633598584   0.019209815213709   0.018270227171297   0.017330639128885   0.015492058058474   0.015956194888200   0.015392290868042   0.017135031824959   0.020671049028535   0.020095523579759   0.019519998130984   0.019494160245413   0.019488262301964   0.019482364358515   0.019496406357187   0.018811239503017   0.018126072648847   0.016399917269401   0.016342826027238   0.016285734785074   0.017897707680193   
1.000000000000000   1.000000000000000   1.000000000000000   0.999374503757110   0.999374503757110   0.999374503757110   1.000000000000000   1.000000000000000   1.000000000000000   0.861040834847308   1.000000000000000   0.861040834847308   1.000000000000000   1.000000000000000   1.000000000000000   1.000000000000000   0.999277300618176   0.999277300618176   0.999277300618176   1.000000000000000   1.000000000000000   1.000000000000000   0.872692224711475   0.976911598575994   0.872692224711475   1.000000000000000   1.000000000000000   1.000000000000000   1.000000000000000   0.999082894340308   0.999082894340308   0.999082894340308   1.000000000000000   1.000000000000000   1.000000000000000   0.895995004439809   0.930734795727982   0.895995004439809   1.000000000000000   1.000000000000000   1.000000000000000   1.000000000000000   0.998985691201374   0.998985691201374   0.998985691201374   1.000000000000000   1.000000000000000   1.000000000000000   0.907646394303976   0.907646394303976   0.907646394303976   1.000000000000000   
PATCH 29 
2 1 
13 2 
0.000000000000000   0.000000000000000   0.000000000000000   0.250000000000000   0.250000000000000   0.375000000000000   0.375000000000000   0.500000000000000   0.500000000000000   0.750000000000000   0.750000000000000   0.875000000000000   0.875000000000000   1.000000000000000   1.000000000000000   1.000000000000000   
0.000000000000000   0.000000000000000   1.000000000000000   1.000000000000000   
0.024975781765939   0.026283970677438   0.027566674026867   0.028170175529607   0.028783086558690   0.029345527645861   0.030024979952819   0.030915421480659   0.031811090220845   0.032398455464482   0.032922853645850   0.033532850728334   0.034103767808678   0.025250000000000   0.026178902508932   0.027094027156471   0.027551589480241   0.028005707338662   0.028459825197083   0.028910498590156   0.029811845376303   0.030699414301056   0.031143198763433   0.031583538760461   0.032023878757490   0.032460774289170   
0.043259322977359   0.042401016547779   0.041508892792109   0.041007088932623   0.040522426964346   0.039970504199429   0.039578642595902   0.038201321725234   0.036879102345256   0.036391141314452   0.035833437005262   0.035370198999081   0.034863273601267   0.043734282891114   0.043142506727484   0.042531053738569   0.042225327244111   0.041914681543332   0.041604035842553   0.041288470935453   0.040657341121252   0.040006534481766   0.039681131162023   0.039350808635958   0.039020486109894   0.038685244377508   
1.000000000000000   0.998037128940137   0.997055693410205   0.996564975645239   0.996319616762756   0.996074257880273   0.996074257880273   0.996074257880273   0.997055693410205   0.997546411175171   0.998282487822620   0.999018564470068   1.000000000000000   1.000000000000000   0.999048674522937   0.998573011784405   0.998335180415139   0.998216264730506   0.998097349045873   0.998097349045873   0.998097349045873   0.998573011784405   0.998810843153671   0.999167590207569   0.999524337261468   1.000000000000000   
PATCH 30 
2 1 
6 2 
0.000000000000000   0.000000000000000   0.000000000000000   0.250000000000000   0.500000000000000   0.750000000000000   1.000000000000000   1.000000000000000   1.000000000000000   
0.000000000000000   0.000000000000000   1.000000000000000   1.000000000000000   
0.012580797823528   0.011566248783889   0.009537150704611   0.007508052625333   0.005478954546054   0.004464405506415   0.000000000000000   0.000000000000000   0.000000000000000   0.000000000000000   0.000000000000000   0.000000000000000   
0.019495048735037   0.022533021625756   0.028608967407194   0.034684913188632   0.040760858970070   0.043798831860789   0.014550000000000   0.018206103982599   0.025518311947796   0.032830519912993   0.040142727878191   0.043798831860789   
1.000000000000000   1.000000000000000   1.000000000000000   1.000000000000000   1.000000000000000   1.000000000000000   1.000000000000000   1.000000000000000   1.000000000000000   1.000000000000000   1.000000000000000   1.000000000000000   
PATCH 31 
2 1 
13 2 
0.000000000000000   0.000000000000000   0.000000000000000   0.250000000000000   0.250000000000000   0.375000000000000   0.375000000000000   0.500000000000000   0.500000000000000   0.750000000000000   0.750000000000000   0.875000000000000   0.875000000000000   1.000000000000000   1.000000000000000   1.000000000000000   
0.000000000000000   0.000000000000000   1.000000000000000   1.000000000000000   
0.004464405506415   0.004031132286717   0.003597859067018   0.003579679991499   0.003577230544407   0.003574781097315   0.003588061278649   0.003532022660656   0.003475984042663   0.003136421102319   0.003537943801272   0.003260544748643   0.003700412346626   0.000000000000000   0.000000000000000   0.000000000000000   0.000000000000000   0.000000000000000   0.000000000000000   0.000000000000000   0.000000000000000   0.000000000000000   0.000000000000000   0.000000000000000   0.000000000000000   0.000000000000000   
0.043798831860789   0.045096228284512   0.046393624708234   0.046222336735541   0.046234637796698   0.046246938857855   0.046442828952863   0.047233044412631   0.048023259872399   0.043500764295635   0.048182607193704   0.043618339381930   0.048235847707085   0.043798831860789   0.044573977878191   0.045349123895592   0.045736696904293   0.046124269912993   0.046511842921694   0.046899415930395   0.047674561947796   0.048449707965197   0.048837280973898   0.049224853982599   0.049612426991299   0.050000000000000   
1.000000000000000   1.000000000000000   1.000000000000000   0.996051512026405   0.996051512026405   0.996051512026405   1.000000000000000   1.000000000000000   1.000000000000000   0.904051365748305   1.000000000000000   0.904051365748305   1.000000000000000   1.000000000000000   1.000000000000000   1.000000000000000   1.000000000000000   1.000000000000000   1.000000000000000   1.000000000000000   1.000000000000000   1.000000000000000   1.000000000000000   1.000000000000000   1.000000000000000   1.000000000000000   
PATCH 32 
2 1 
13 2 
0.000000000000000   0.000000000000000   0.000000000000000   0.250000000000000   0.250000000000000   0.375000000000000   0.375000000000000   0.500000000000000   0.500000000000000   0.750000000000000   0.750000000000000   0.875000000000000   0.875000000000000   1.000000000000000   1.000000000000000   1.000000000000000   
0.000000000000000   0.000000000000000   1.000000000000000   1.000000000000000   
0.000000000000000   0.001373486204873   0.002696134603531   0.003357458802860   0.004006073550635   0.004654688298411   0.005290593594633   0.006562404187077   0.007783376973306   0.008393863366421   0.008991640307982   0.009589417249544   0.010174484739551   0.012580797823528   0.012768771954310   0.012956746085092   0.012950225618091   0.012951570399270   0.012952915180448   0.012962125209806   0.013346960014838   0.013731794819870   0.011846055918016   0.013871302549254   0.012041459936842   0.014068296498876   
0.014550000000000   0.014280725333172   0.013886780184642   0.013689807610377   0.013461667415685   0.013233527220994   0.012974219405877   0.012455603775644   0.011812317663707   0.011490674607738   0.011137863931344   0.010785053254950   0.010401074958130   0.019495048735037   0.018932177655217   0.018369306575397   0.018353073714853   0.018348257516821   0.018343441318790   0.018350041783272   0.016647190176136   0.014944338568999   0.012768480425691   0.014796301471087   0.012711959116943   0.014847004259257   
1.000000000000000   0.981493150046218   0.972239725069327   0.967613012580881   0.965299656336659   0.962986300092436   0.962986300092436   0.962986300092436   0.972239725069327   0.976866437557772   0.983806506290441   0.990746575023109   1.000000000000000   1.000000000000000   1.000000000000000   1.000000000000000   0.999374503757110   0.999374503757110   0.999374503757110   1.000000000000000   1.000000000000000   1.000000000000000   0.861040834847308   1.000000000000000   0.861040834847308   1.000000000000000   
INTERFACE 1 
1 2 
5 1 
1 
INTERFACE 2 
1 3 
2 4 
1 
INTERFACE 3 
2 1 
13 2 
1 
INTERFACE 4 
2 2 
3 1 
1 
INTERFACE 5 
2 3 
4 2 
1 
INTERFACE 6 
3 2 
7 1 
-1 
INTERFACE 7 
3 3 
4 4 
-1 
INTERFACE 8 
3 4 
5 3 
1 
INTERFACE 9 
4 1 
9 2 
1 
INTERFACE 10 
4 3 
13 3 
1 
INTERFACE 11 
5 2 
6 1 
1 
INTERFACE 12 
6 2 
11 1 
1 
INTERFACE 13 
6 3 
7 3 
1 
INTERFACE 14 
7 2 
8 1 
1 
INTERFACE 15 
7 4 
9 4 
-1 
INTERFACE 16 
8 2 
15 1 
1 
INTERFACE 17 
8 3 
11 3 
1 
INTERFACE 18 
8 4 
10 4 
1 
INTERFACE 19 
9 1 
10 1 
1 
INTERFACE 20 
9 3 
12 3 
1 
INTERFACE 21 
10 2 
16 3 
1 
INTERFACE 22 
10 3 
14 4 
1 
INTERFACE 23 
11 2 
18 1 
1 
INTERFACE 24 
12 1 
14 1 
-1 
INTERFACE 25 
12 2 
13 1 
1 
INTERFACE 26 
14 2 
17 1 
-1 
INTERFACE 27 
15 2 
26 2 
1 
INTERFACE 28 
15 3 
18 3 
1 
INTERFACE 29 
15 4 
16 2 
1 
INTERFACE 30 
16 1 
17 3 
1 
INTERFACE 31 
16 4 
28 2 
1 
INTERFACE 32 
17 2 
32 2 
-1 
INTERFACE 33 
18 2 
29 2 
1 
INTERFACE 34 
19 2 
23 1 
1 
INTERFACE 35 
19 3 
20 4 
1 
INTERFACE 36 
20 1 
31 2 
1 
INTERFACE 37 
20 2 
21 1 
1 
INTERFACE 38 
20 3 
22 2 
1 
INTERFACE 39 
21 2 
25 1 
-1 
INTERFACE 40 
21 3 
22 4 
-1 
INTERFACE 41 
21 4 
23 3 
1 
INTERFACE 42 
22 1 
27 2 
1 
INTERFACE 43 
22 3 
31 3 
1 
INTERFACE 44 
23 2 
24 1 
1 
INTERFACE 45 
24 2 
29 1 
1 
INTERFACE 46 
24 3 
25 3 
1 
INTERFACE 47 
25 2 
26 1 
1 
INTERFACE 48 
25 4 
27 4 
-1 
INTERFACE 49 
26 3 
29 3 
1 
INTERFACE 50 
26 4 
28 4 
1 
INTERFACE 51 
27 1 
28 1 
1 
INTERFACE 52 
27 3 
30 3 
1 
INTERFACE 53 
28 3 
32 4 
1 
INTERFACE 54 
30 1 
32 1 
-1 
INTERFACE 55 
30 2 
31 1 
1 
BOUNDARY 1 
1 
1 1 
BOUNDARY 2 
1 
1 4 
BOUNDARY 3 
1 
5 4 
BOUNDARY 4 
1 
6 4 
BOUNDARY 5 
1 
11 4 
BOUNDARY 6 
1 
12 4 
BOUNDARY 7 
1 
13 4 
BOUNDARY 8 
1 
14 3 
BOUNDARY 9 
1 
17 4 
BOUNDARY 10 
1 
18 4 
BOUNDARY 11 
1 
19 1 
BOUNDARY 12 
1 
19 4 
BOUNDARY 13 
1 
23 4 
BOUNDARY 14 
1 
24 4 
BOUNDARY 15 
1 
29 4 
BOUNDARY 16 
1 
30 4 
BOUNDARY 17 
1 
31 4 
BOUNDARY 18 
1 
32 3 
