# nurbs mesh v.2.1
#
# 14-Jul-2024
#
2 2 32 55 0 
PATCH 1 
2 1 
4 2 
0.000000000000000   0.000000000000000   0.000000000000000   0.500000000000000   1.000000000000000   1.000000000000000   1.000000000000000   
0.000000000000000   0.000000000000000   1.000000000000000   1.000000000000000   
0.050000000000000   0.049904867452294   0.049525061277599   0.049240387650610   0.050500000000000   0.050403916126817   0.050020311890375   0.049732791527117   
0.000000000000000   0.002178893568691   0.006520098010365   0.008682408883347   0.000000000000000   0.002200682504378   0.006585298990468   0.008769232972180   
1.000000000000000   0.998097349045873   0.998097349045873   1.000000000000000   1.000000000000000   0.998097349045873   0.998097349045873   1.000000000000000   
PATCH 2 
2 1 
4 2 
0.000000000000000   0.000000000000000   0.000000000000000   0.500000000000000   1.000000000000000   1.000000000000000   1.000000000000000   
0.000000000000000   0.000000000000000   1.000000000000000   1.000000000000000   
0.048242913379304   0.048106057657510   0.047832346213923   0.047695490492129   0.050000000000000   0.049904867452294   0.049525061277599   0.049240387650610   
0.003633410966949   0.004687958447713   0.006797053409242   0.007851600890006   0.000000000000000   0.002178893568691   0.006520098010365   0.008682408883347   
1.000000000000000   1.000000000000000   1.000000000000000   1.000000000000000   1.000000000000000   0.998097349045873   0.998097349045873   1.000000000000000   
PATCH 3 
2 1 
13 2 
0.000000000000000   0.000000000000000   0.000000000000000   0.125000000000000   0.125000000000000   0.250000000000000   0.250000000000000   0.500000000000000   0.500000000000000   0.625000000000000   0.625000000000000   0.750000000000000   0.750000000000000   1.000000000000000   1.000000000000000   1.000000000000000   
0.000000000000000   0.000000000000000   1.000000000000000   1.000000000000000   
0.047695490492129   0.040914641834646   0.040859885248476   0.040805128662305   0.047476464147448   0.046689075691471   0.045901687235494   0.045268523659117   0.045245800546851   0.045223077434585   0.045810794786430   0.045512878829258   0.045214962872086   0.049240387650610   0.049122375608591   0.048223947024917   0.048115137640625   0.047929956086155   0.047662128434060   0.047337322879314   0.047236618455544   0.047171108726620   0.047151978237018   0.047136419043834   0.046888803853118   0.046596954991707   
0.007851600890006   0.006806046540806   0.006849343410293   0.006892640279780   0.008024788367953   0.007942895379664   0.007861002391375   0.007754100866749   0.007757014108174   0.007759927349599   0.007872655357074   0.007984334278087   0.008096013199100   0.008682408883347   0.009214726804819   0.009591428369037   0.010116546819421   0.010624770626463   0.011662323825198   0.012683997437364   0.013211251920044   0.013749789122018   0.014304265565335   0.014863132597564   0.015917147415896   0.016959904624423   
1.000000000000000   0.858018762204787   0.858018762204787   0.858018762204787   1.000000000000000   1.000000000000000   1.000000000000000   0.986702506500491   0.986702506500491   0.986702506500491   1.000000000000000   1.000000000000000   1.000000000000000   1.000000000000000   0.999524337261468   0.999167590207569   0.998810843153671   0.998573011784405   0.998097349045873   0.998097349045873   0.998097349045873   0.998216264730506   0.998335180415139   0.998573011784404   0.999048674522936   1.000000000000000   
PATCH 4 
2 2 
13 4 
0.000000000000000   0.000000000000000   0.000000000000000   0.250000000000000   0.250000000000000   0.375000000000000   0.375000000000000   0.500000000000000   0.500000000000000   0.750000000000000   0.750000000000000   0.875000000000000   0.875000000000000   1.000000000000000   1.000000000000000   1.000000000000000   
0.000000000000000   0.000000000000000   0.000000000000000   0.500000000000000   1.000000000000000   1.000000000000000   1.000000000000000   
0.043886868139252   0.045178620972421   0.046470373805591   0.046300981726958   0.046313102531394   0.046325223335830   0.046518857023334   0.047270856978193   0.048022856933052   0.043283559481697   0.048187422048864   0.043405880641403   0.048242913379304   0.044218891822460   0.045262185436631   0.046305479050801   0.046031505653865   0.046046277035258   0.046061048416651   0.046364564576374   0.047125411656513   0.047886258736651   0.042663951776849   0.046355537848767   0.042783070939714   0.048106057657510   0.044882939188877   0.045429314365049   0.045975689541221   0.045492553507679   0.045512626042987   0.045532698578295   0.046055979682454   0.046834521013151   0.047613062343849   0.041424736367153   0.042691769448573   0.041537451536335   0.047832346213923   0.045214962872086   0.045512878829258   0.045810794786430   0.045223077434585   0.045245800546851   0.045268523659117   0.045901687235494   0.046689075691471   0.047476464147448   0.040805128662305   0.040859885248476   0.040914641834646   0.047695490492129   
0.004553172616852   0.004068936847833   0.003584701078814   0.003566360789514   0.003563475006581   0.003560589223649   0.003573157947085   0.003491006136662   0.003408854326239   0.003056784291893   0.003467688692515   0.003181606941623   0.003633410966949   0.005438882762414   0.005047786205396   0.004656689648379   0.004614752429535   0.004611859781979   0.004608967134424   0.004645119058157   0.004603978447413   0.004562837836668   0.004015748288865   0.004313102371960   0.004087716841419   0.004687958447713   0.007210303053538   0.007005484920523   0.006800666787509   0.006711535709577   0.006708629332776   0.006705722955974   0.006789041280302   0.006829923068913   0.006870804857525   0.005933676282808   0.006003929730848   0.005899936641010   0.006797053409242   0.008096013199100   0.007984334278087   0.007872655357074   0.007759927349599   0.007757014108174   0.007754100866749   0.007861002391375   0.007942895379664   0.008024788367953   0.006892640279780   0.006849343410293   0.006806046540806   0.007851600890006   
1.000000000000000   1.000000000000000   1.000000000000000   0.996103778374527   0.996103778374527   0.996103778374527   1.000000000000000   1.000000000000000   1.000000000000000   0.899502779326874   1.000000000000000   0.899502779326874   1.000000000000000   1.000000000000000   1.000000000000000   1.000000000000000   0.993753460406018   0.993753460406018   0.993753460406018   1.000000000000000   1.000000000000000   1.000000000000000   0.889131775046352   0.964504690551197   0.889131775046352   1.000000000000000   1.000000000000000   1.000000000000000   1.000000000000000   0.989052824469000   0.989052824469000   0.989052824469000   1.000000000000000   1.000000000000000   1.000000000000000   0.868389766485309   0.893514071653590   0.868389766485309   1.000000000000000   1.000000000000000   1.000000000000000   1.000000000000000   0.986702506500491   0.986702506500491   0.986702506500491   1.000000000000000   1.000000000000000   1.000000000000000   0.858018762204787   0.858018762204787   0.858018762204787   1.000000000000000   
PATCH 5 
2 1 
13 2 
0.000000000000000   0.000000000000000   0.000000000000000   0.125000000000000   0.125000000000000   0.250000000000000   0.250000000000000   0.500000000000000   0.500000000000000   0.625000000000000   0.625000000000000   0.750000000000000   0.750000000000000   1.000000000000000   1.000000000000000   1.000000000000000   
0.000000000000000   0.000000000000000   1.000000000000000   1.000000000000000   
0.049240387650610   0.049122375608591   0.048223947024917   0.048115137640625   0.047929956086155   0.047662128434060   0.047337322879314   0.047236618455544   0.047171108726620   0.047151978237018   0.047136419043834   0.046888803853118   0.046596954991707   0.049732791527117   0.049613599364677   0.049488606583825   0.049363613802972   0.049232820403708   0.048971233605179   0.048686444333000   0.048544049696911   0.048395854442409   0.048247659187908   0.048093663314994   0.047785671569166   0.047454477349688   
0.008682408883347   0.009214726804819   0.009591428369037   0.010116546819421   0.010624770626463   0.011662323825198   0.012683997437364   0.013211251920044   0.013749789122018   0.014304265565335   0.014863132597564   0.015917147415896   0.016959904624423   0.008769232972180   0.009306874072867   0.009842960902535   0.010379047732203   0.010913580290852   0.011982645408149   0.013045493441370   0.013576917457981   0.014106787203572   0.014636656949163   0.015164972423735   0.016221603372879   0.017272017237946   
1.000000000000000   0.999524337261468   0.999167590207569   0.998810843153671   0.998573011784405   0.998097349045873   0.998097349045873   0.998097349045873   0.998216264730506   0.998335180415139   0.998573011784404   0.999048674522936   1.000000000000000   1.000000000000000   0.999524337261468   0.999167590207569   0.998810843153671   0.998573011784405   0.998097349045873   0.998097349045873   0.998097349045873   0.998216264730506   0.998335180415139   0.998573011784404   0.999048674522936   1.000000000000000   
PATCH 6 
2 1 
6 2 
0.000000000000000   0.000000000000000   0.000000000000000   0.250000000000000   0.500000000000000   0.750000000000000   1.000000000000000   1.000000000000000   1.000000000000000   
0.000000000000000   0.000000000000000   1.000000000000000   1.000000000000000   
0.046596954991707   0.046392694380857   0.045491112095525   0.044467468677704   0.043615158515545   0.043261289556906   0.047454477349688   0.047032993823604   0.046146485990198   0.045216437375554   0.044242847979673   0.043734282891114   
0.016959904624423   0.018040577305559   0.020016004284629   0.021929503102845   0.023928684838542   0.024976917171170   0.017272017237946   0.018289568482936   0.020304367573183   0.022298863263696   0.024273055554476   0.025250000000000   
1.000000000000000   0.999048674522936   0.998097349045873   0.998097349045873   0.999048674522936   1.000000000000000   1.000000000000000   0.999048674522936   0.998097349045873   0.998097349045873   0.999048674522936   1.000000000000000   
PATCH 7 
2 1 
6 2 
0.000000000000000   0.000000000000000   0.000000000000000   0.250000000000000   0.500000000000000   0.750000000000000   1.000000000000000   1.000000000000000   1.000000000000000   
0.000000000000000   0.000000000000000   1.000000000000000   1.000000000000000   
0.046596954991707   0.046392694380857   0.045491112095525   0.044467468677704   0.043615158515545   0.043261289556906   0.045214962872086   0.042254258998444   0.036332851251161   0.030411443503878   0.024490035756595   0.021529331882953   
0.016959904624423   0.018040577305559   0.020016004284629   0.021929503102845   0.023928684838542   0.024976917171170   0.008096013199100   0.009205883973351   0.011425625521851   0.013645367070352   0.015865108618853   0.016974979393103   
1.000000000000000   0.999048674522936   0.998097349045873   0.998097349045873   0.999048674522936   1.000000000000000   1.000000000000000   1.000000000000000   1.000000000000000   1.000000000000000   1.000000000000000   1.000000000000000   
PATCH 8 
2 1 
13 2 
0.000000000000000   0.000000000000000   0.000000000000000   0.250000000000000   0.250000000000000   0.375000000000000   0.375000000000000   0.500000000000000   0.500000000000000   0.750000000000000   0.750000000000000   0.875000000000000   0.875000000000000   1.000000000000000   1.000000000000000   1.000000000000000   
0.000000000000000   0.000000000000000   1.000000000000000   1.000000000000000   
0.043261289556906   0.042400314257009   0.041507795264237   0.041004805886823   0.040518177763705   0.039965597635169   0.039573313203441   0.038190640713439   0.036867774677109   0.036389496582535   0.035835234206963   0.035371425830997   0.034864970879719   0.021529331882953   0.020952082206416   0.020374832529880   0.020368090497240   0.020365466920550   0.020362843343859   0.020364338223118   0.019672277604328   0.018980216985537   0.017269007739958   0.017213478103162   0.017157948466365   0.018758098438350   
0.024976917171170   0.026283683882035   0.027566247958649   0.028168989287829   0.028780531673814   0.029342470534360   0.030021569501600   0.030907575097155   0.031802288566435   0.032398056436490   0.032925665876143   0.033535278030778   0.034106797335627   0.016974979393103   0.017191371363653   0.017407763334204   0.017405264059331   0.017406333270069   0.017407402480807   0.017412040177155   0.017717221665025   0.018022403152896   0.016469425266768   0.016459031313911   0.016448637361055   0.017980827341470   
1.000000000000000   0.998036811339229   0.997055217008844   0.996564419843651   0.996319021261055   0.996073622678458   0.996073622678458   0.996073622678458   0.997055217008844   0.997546014174036   0.998282209921825   0.999018405669615   1.000000000000000   1.000000000000000   1.000000000000000   1.000000000000000   0.999799300563429   0.999799300563429   0.999799300563429   1.000000000000000   1.000000000000000   1.000000000000000   0.912565909317142   0.912565909317142   0.912565909317142   1.000000000000000   
PATCH 9 
2 2 
6 4 
0.000000000000000   0.000000000000000   0.000000000000000   0.250000000000000   0.500000000000000   0.750000000000000   1.000000000000000   1.000000000000000   1.000000000000000   
0.000000000000000   0.000000000000000   0.000000000000000   0.500000000000000   1.000000000000000   1.000000000000000   1.000000000000000   
0.020201237150119   0.023161941023760   0.029083348771043   0.035004756518327   0.040926164265610   0.043886868139252   0.020533260833327   0.023493964706969   0.029415372454252   0.035336780201535   0.041258187948819   0.044218891822460   0.021197308199744   0.024158012073386   0.030079419820669   0.036000827567952   0.041922235315236   0.044882939188877   0.021529331882953   0.024490035756595   0.030411443503878   0.036332851251161   0.042254258998444   0.045214962872086   
0.013432138810854   0.012322268036604   0.010102526488103   0.007882784939603   0.005663043391102   0.004553172616852   0.014317848956416   0.013207978182166   0.010988236633665   0.008768495085165   0.006548753536664   0.005438882762414   0.016089269247541   0.014979398473290   0.012759656924790   0.010539915376289   0.008320173827788   0.007210303053538   0.016974979393103   0.015865108618853   0.013645367070352   0.011425625521851   0.009205883973351   0.008096013199100   
1.000000000000000   1.000000000000000   1.000000000000000   1.000000000000000   1.000000000000000   1.000000000000000   1.000000000000000   1.000000000000000   1.000000000000000   1.000000000000000   1.000000000000000   1.000000000000000   1.000000000000000   1.000000000000000   1.000000000000000   1.000000000000000   1.000000000000000   1.000000000000000   1.000000000000000   1.000000000000000   1.000000000000000   1.000000000000000   1.000000000000000   1.000000000000000   
PATCH 10 
2 2 
13 4 
0.000000000000000   0.000000000000000   0.000000000000000   0.250000000000000   0.250000000000000   0.375000000000000   0.375000000000000   0.500000000000000   0.500000000000000   0.750000000000000   0.750000000000000   0.875000000000000   0.875000000000000   1.000000000000000   1.000000000000000   1.000000000000000   
0.000000000000000   0.000000000000000   0.000000000000000   0.500000000000000   1.000000000000000   1.000000000000000   1.000000000000000   
0.020201237150119   0.019653052100966   0.019104867051814   0.019061960335375   0.019053735580368   0.019045510825361   0.019071968031786   0.017390950948692   0.015709933865597   0.013355813895059   0.015556104946176   0.013295040510129   0.015605816373520   0.020533260833327   0.019977809627329   0.019422358421331   0.019388492875842   0.019381668415414   0.019374843954986   0.019395060579619   0.017961282612601   0.016527504645582   0.014334112356284   0.015970448235423   0.014260767499188   0.016393886889727   0.021197308199744   0.020627324680054   0.020057341160363   0.020041557956774   0.020037534085504   0.020033510214235   0.020041245675285   0.019101945940419   0.018162646205552   0.016290709278734   0.016799134813915   0.016192221477306   0.017970027922142   0.021529331882953   0.020952082206416   0.020374832529880   0.020368090497240   0.020365466920550   0.020362843343859   0.020364338223118   0.019672277604328   0.018980216985537   0.017269007739958   0.017213478103162   0.017157948466365   0.018758098438350   
0.013432138810854   0.013637635405887   0.013843132000921   0.013820835687428   0.013823139749420   0.013825443811413   0.013852348248891   0.014171490955355   0.014490633661818   0.012431987680416   0.014628231993617   0.012629226705582   0.014828545276640   0.014317848956416   0.014526069395329   0.014734289834241   0.014716942780404   0.014718938129583   0.014720933478761   0.014742271230957   0.015057923632772   0.015373576034588   0.013441347077004   0.015085931823691   0.013584079369450   0.015616615792848   0.016089269247541   0.016302937374212   0.016516605500883   0.016509156966355   0.016510534889907   0.016511912813458   0.016522117195089   0.016830788987608   0.017139460780127   0.015460065870180   0.016001331483838   0.015493784697187   0.017192756825263   0.016974979393103   0.017191371363653   0.017407763334204   0.017405264059331   0.017406333270069   0.017407402480807   0.017412040177155   0.017717221665025   0.018022403152896   0.016469425266768   0.016459031313911   0.016448637361055   0.017980827341470   
1.000000000000000   1.000000000000000   1.000000000000000   0.998172778848047   0.998172778848047   0.998172778848047   1.000000000000000   1.000000000000000   1.000000000000000   0.856604352355554   1.000000000000000   0.856604352355554   1.000000000000000   1.000000000000000   1.000000000000000   1.000000000000000   0.998579409276893   0.998579409276893   0.998579409276893   1.000000000000000   1.000000000000000   1.000000000000000   0.870594741595951   0.978141477329285   0.870594741595951   1.000000000000000   1.000000000000000   1.000000000000000   1.000000000000000   0.999392670134584   0.999392670134584   0.999392670134584   1.000000000000000   1.000000000000000   1.000000000000000   0.898575520076744   0.934424431987856   0.898575520076744   1.000000000000000   1.000000000000000   1.000000000000000   1.000000000000000   0.999799300563429   0.999799300563429   0.999799300563429   1.000000000000000   1.000000000000000   1.000000000000000   0.912565909317142   0.912565909317142   0.912565909317142   1.000000000000000   
PATCH 11 
2 1 
13 2 
0.000000000000000   0.000000000000000   0.000000000000000   0.250000000000000   0.250000000000000   0.375000000000000   0.375000000000000   0.500000000000000   0.500000000000000   0.750000000000000   0.750000000000000   0.875000000000000   0.875000000000000   1.000000000000000   1.000000000000000   1.000000000000000   
0.000000000000000   0.000000000000000   1.000000000000000   1.000000000000000   
0.043261289556906   0.042400314257009   0.041507795264237   0.041004805886823   0.040518177763705   0.039965597635169   0.039573313203441   0.038190640713439   0.036867774677109   0.036389496582535   0.035835234206963   0.035371425830997   0.034864970879719   0.043734282891114   0.043142506727484   0.042531053738569   0.042225327244111   0.041914681543332   0.041604035842553   0.041288470935453   0.040657341121252   0.040006534481766   0.039681131162023   0.039350808635958   0.039020486109894   0.038685244377508   
0.024976917171170   0.026283683882035   0.027566247958649   0.028168989287829   0.028780531673814   0.029342470534360   0.030021569501600   0.030907575097155   0.031802288566435   0.032398056436490   0.032925665876143   0.033535278030778   0.034106797335627   0.025250000000000   0.026178902508932   0.027094027156471   0.027551589480241   0.028005707338662   0.028459825197083   0.028910498590156   0.029811845376303   0.030699414301056   0.031143198763433   0.031583538760461   0.032023878757490   0.032460774289170   
1.000000000000000   0.998036811339229   0.997055217008844   0.996564419843651   0.996319021261055   0.996073622678458   0.996073622678458   0.996073622678458   0.997055217008844   0.997546014174036   0.998282209921825   0.999018405669615   1.000000000000000   1.000000000000000   0.999048674522937   0.998573011784405   0.998335180415139   0.998216264730506   0.998097349045873   0.998097349045873   0.998097349045873   0.998573011784405   0.998810843153671   0.999167590207569   0.999524337261468   1.000000000000000   
PATCH 12 
2 1 
6 2 
0.000000000000000   0.000000000000000   0.000000000000000   0.250000000000000   0.500000000000000   0.750000000000000   1.000000000000000   1.000000000000000   1.000000000000000   
0.000000000000000   0.000000000000000   1.000000000000000   1.000000000000000   
0.020201237150119   0.023161941023760   0.029083348771043   0.035004756518327   0.040926164265610   0.043886868139252   0.014550000000000   0.018217108517406   0.025551325552219   0.032885542587032   0.040219759621845   0.043886868139252   
0.013432138810854   0.012322268036604   0.010102526488103   0.007882784939603   0.005663043391102   0.004553172616852   0.000000000000000   0.000000000000000   0.000000000000000   0.000000000000000   0.000000000000000   0.000000000000000   
1.000000000000000   1.000000000000000   1.000000000000000   1.000000000000000   1.000000000000000   1.000000000000000   1.000000000000000   1.000000000000000   1.000000000000000   1.000000000000000   1.000000000000000   1.000000000000000   
PATCH 13 
2 1 
13 2 
0.000000000000000   0.000000000000000   0.000000000000000   0.250000000000000   0.250000000000000   0.375000000000000   0.375000000000000   0.500000000000000   0.500000000000000   0.750000000000000   0.750000000000000   0.875000000000000   0.875000000000000   1.000000000000000   1.000000000000000   1.000000000000000   
0.000000000000000   0.000000000000000   1.000000000000000   1.000000000000000   
0.043886868139252   0.045178620972421   0.046470373805591   0.046300981726958   0.046313102531394   0.046325223335830   0.046518857023334   0.047270856978193   0.048022856933052   0.043283559481697   0.048187422048864   0.043405880641403   0.048242913379304   0.043886868139252   0.044651009621845   0.045415151104439   0.045797221845736   0.046179292587032   0.046561363328329   0.046943434069626   0.047707575552219   0.048471717034813   0.048853787776110   0.049235858517406   0.049617929258703   0.050000000000000   
0.004553172616852   0.004068936847833   0.003584701078814   0.003566360789514   0.003563475006581   0.003560589223649   0.003573157947085   0.003491006136662   0.003408854326239   0.003056784291893   0.003467688692515   0.003181606941623   0.003633410966949   0.000000000000000   0.000000000000000   0.000000000000000   0.000000000000000   0.000000000000000   0.000000000000000   0.000000000000000   0.000000000000000   0.000000000000000   0.000000000000000   0.000000000000000   0.000000000000000   0.000000000000000   
1.000000000000000   1.000000000000000   1.000000000000000   0.996103778374527   0.996103778374527   0.996103778374527   1.000000000000000   1.000000000000000   1.000000000000000   0.899502779326874   1.000000000000000   0.899502779326874   1.000000000000000   1.000000000000000   1.000000000000000   1.000000000000000   1.000000000000000   1.000000000000000   1.000000000000000   1.000000000000000   1.000000000000000   1.000000000000000   1.000000000000000   1.000000000000000   1.000000000000000   1.000000000000000   
PATCH 14 
2 1 
13 2 
0.000000000000000   0.000000000000000   0.000000000000000   0.250000000000000   0.250000000000000   0.375000000000000   0.375000000000000   0.500000000000000   0.500000000000000   0.750000000000000   0.750000000000000   0.875000000000000   0.875000000000000   1.000000000000000   1.000000000000000   1.000000000000000   
0.000000000000000   0.000000000000000   1.000000000000000   1.000000000000000   
0.014550000000000   0.014280711381791   0.013886746339000   0.013689763817605   0.013461612190064   0.013233460562523   0.012974139828836   0.012455498361462   0.011812180469506   0.011490521523528   0.011137693471405   0.010784865419281   0.010400868261012   0.020201237150119   0.019653052100966   0.019104867051814   0.019061960335375   0.019053735580368   0.019045510825361   0.019071968031786   0.017390950948692   0.015709933865597   0.013355813895059   0.015556104946176   0.013295040510129   0.015605816373520   
0.000000000000000   0.001373520417603   0.002696199128629   0.003357538484143   0.004006167413012   0.004654796341882   0.005290714844108   0.006562551848559   0.007783547146435   0.008394044795373   0.008991832017667   0.009589619239961   0.010174696035611   0.013432138810854   0.013637635405887   0.013843132000921   0.013820835687428   0.013823139749420   0.013825443811413   0.013852348248891   0.014171490955355   0.014490633661818   0.012431987680416   0.014628231993617   0.012629226705582   0.014828545276640   
1.000000000000000   0.981492191188411   0.972238286782616   0.967611334579719   0.965297858478270   0.962984382376822   0.962984382376822   0.962984382376822   0.972238286782616   0.976865238985513   0.983805667289859   0.990746095594205   1.000000000000000   1.000000000000000   1.000000000000000   1.000000000000000   0.998172778848047   0.998172778848047   0.998172778848047   1.000000000000000   1.000000000000000   1.000000000000000   0.856604352355554   1.000000000000000   0.856604352355554   1.000000000000000   
PATCH 15 
2 1 
4 2 
0.000000000000000   0.000000000000000   0.000000000000000   0.500000000000000   1.000000000000000   1.000000000000000   1.000000000000000   
0.000000000000000   0.000000000000000   1.000000000000000   1.000000000000000   
0.034864970879719   0.034694802318977   0.034315515314347   0.034106797335627   0.018758098438350   0.018563780664130   0.018175145115690   0.017980827341470   
0.034106797335627   0.034315515314347   0.034694802318977   0.034864970879719   0.017980827341470   0.018175145115690   0.018563780664130   0.018758098438350   
1.000000000000000   0.999969795219305   0.999969795219305   1.000000000000000   1.000000000000000   1.000000000000000   1.000000000000000   1.000000000000000   
PATCH 16 
2 2 
4 4 
0.000000000000000   0.000000000000000   0.000000000000000   0.500000000000000   1.000000000000000   1.000000000000000   1.000000000000000   
0.000000000000000   0.000000000000000   0.000000000000000   0.500000000000000   1.000000000000000   1.000000000000000   1.000000000000000   
0.015605816373520   0.016393886889727   0.017970027922142   0.018758098438350   0.015411498599300   0.016199569115507   0.017775710147922   0.018563780664130   0.015022863050860   0.015810933567068   0.017387074599483   0.018175145115690   0.014828545276640   0.015616615792848   0.017192756825263   0.017980827341470   
0.014828545276640   0.015616615792848   0.017192756825263   0.017980827341470   0.015022863050860   0.015810933567068   0.017387074599483   0.018175145115690   0.015411498599300   0.016199569115507   0.017775710147922   0.018563780664130   0.015605816373520   0.016393886889727   0.017970027922142   0.018758098438350   
1.000000000000000   1.000000000000000   1.000000000000000   1.000000000000000   1.000000000000000   1.000000000000000   1.000000000000000   1.000000000000000   1.000000000000000   1.000000000000000   1.000000000000000   1.000000000000000   1.000000000000000   1.000000000000000   1.000000000000000   1.000000000000000   
PATCH 17 
2 1 
4 2 
0.000000000000000   0.000000000000000   0.000000000000000   0.500000000000000   1.000000000000000   1.000000000000000   1.000000000000000   
0.000000000000000   0.000000000000000   1.000000000000000   1.000000000000000   
0.015605816373520   0.015411498599300   0.015022863050860   0.014828545276640   0.010400868261012   0.010344635963638   0.010231549850937   0.010174696035611   
0.014828545276640   0.015022863050860   0.015411498599300   0.015605816373520   0.010174696035611   0.010231549850937   0.010344635963638   0.010400868261012   
1.000000000000000   1.000000000000000   1.000000000000000   1.000000000000000   1.000000000000000   0.999969795219305   0.999969795219305   1.000000000000000   
PATCH 18 
2 1 
4 2 
0.000000000000000   0.000000000000000   0.000000000000000   0.500000000000000   1.000000000000000   1.000000000000000   1.000000000000000   
0.000000000000000   0.000000000000000   1.000000000000000   1.000000000000000   
0.034864970879719   0.034694802318977   0.034315515314347   0.034106797335627   0.038685244377508   0.037197068413715   0.034084833369545   0.032460774289170   
0.034106797335627   0.034315515314347   0.034694802318977   0.034864970879719   0.032460774289170   0.034084833369545   0.037197068413715   0.038685244377508   
1.000000000000000   0.999969795219305   0.999969795219305   1.000000000000000   1.000000000000000   0.998097349045873   0.998097349045873   1.000000000000000   
PATCH 19 
2 1 
4 2 
0.000000000000000   0.000000000000000   0.000000000000000   0.500000000000000   1.000000000000000   1.000000000000000   1.000000000000000   
0.000000000000000   0.000000000000000   1.000000000000000   1.000000000000000   
0.000000000000000   0.002178893568691   0.006520098010365   0.008682408883347   0.000000000000000   0.002200682504378   0.006585298990468   0.008769232972180   
0.050000000000000   0.049904867452294   0.049525061277599   0.049240387650610   0.050500000000000   0.050403916126817   0.050020311890375   0.049732791527117   
1.000000000000000   0.998097349045873   0.998097349045873   1.000000000000000   1.000000000000000   0.998097349045873   0.998097349045873   1.000000000000000   
PATCH 20 
2 1 
4 2 
0.000000000000000   0.000000000000000   0.000000000000000   0.500000000000000   1.000000000000000   1.000000000000000   1.000000000000000   
0.000000000000000   0.000000000000000   1.000000000000000   1.000000000000000   
0.003633410966949   0.004687958447713   0.006797053409242   0.007851600890006   0.000000000000000   0.002178893568691   0.006520098010365   0.008682408883347   
0.048242913379304   0.048106057657510   0.047832346213923   0.047695490492129   0.050000000000000   0.049904867452294   0.049525061277599   0.049240387650610   
1.000000000000000   1.000000000000000   1.000000000000000   1.000000000000000   1.000000000000000   0.998097349045873   0.998097349045873   1.000000000000000   
PATCH 21 
2 1 
13 2 
0.000000000000000   0.000000000000000   0.000000000000000   0.125000000000000   0.125000000000000   0.250000000000000   0.250000000000000   0.500000000000000   0.500000000000000   0.625000000000000   0.625000000000000   0.750000000000000   0.750000000000000   1.000000000000000   1.000000000000000   1.000000000000000   
0.000000000000000   0.000000000000000   1.000000000000000   1.000000000000000   
0.007851600890006   0.006806046540806   0.006849343410293   0.006892640279780   0.008024788367953   0.007942895379664   0.007861002391375   0.007754100866749   0.007757014108174   0.007759927349599   0.007872655357074   0.007984334278087   0.008096013199100   0.008682408883347   0.009214726804819   0.009591428369037   0.010116546819421   0.010624770626463   0.011662323825198   0.012683997437364   0.013211251920044   0.013749789122018   0.014304265565335   0.014863132597564   0.015917147415896   0.016959904624423   
0.047695490492129   0.040914641834646   0.040859885248476   0.040805128662305   0.047476464147448   0.046689075691471   0.045901687235494   0.045268523659117   0.045245800546851   0.045223077434585   0.045810794786430   0.045512878829258   0.045214962872086   0.049240387650610   0.049122375608591   0.048223947024917   0.048115137640625   0.047929956086155   0.047662128434060   0.047337322879314   0.047236618455544   0.047171108726620   0.047151978237018   0.047136419043834   0.046888803853118   0.046596954991707   
1.000000000000000   0.858018762204787   0.858018762204787   0.858018762204787   1.000000000000000   1.000000000000000   1.000000000000000   0.986702506500491   0.986702506500491   0.986702506500491   1.000000000000000   1.000000000000000   1.000000000000000   1.000000000000000   0.999524337261468   0.999167590207569   0.998810843153671   0.998573011784405   0.998097349045873   0.998097349045873   0.998097349045873   0.998216264730506   0.998335180415139   0.998573011784404   0.999048674522936   1.000000000000000   
PATCH 22 
2 2 
13 4 
0.000000000000000   0.000000000000000   0.000000000000000   0.250000000000000   0.250000000000000   0.375000000000000   0.375000000000000   0.500000000000000   0.500000000000000   0.750000000000000   0.750000000000000   0.875000000000000   0.875000000000000   1.000000000000000   1.000000000000000   1.000000000000000   
0.000000000000000   0.000000000000000   0.000000000000000   0.500000000000000   1.000000000000000   1.000000000000000   1.000000000000000   
0.004553172616852   0.004068936847833   0.003584701078814   0.003566360789514   0.003563475006581   0.003560589223649   0.003573157947085   0.003491006136662   0.003408854326239   0.003056784291893   0.003467688692515   0.003181606941623   0.003633410966949   0.005438882762414   0.005047786205396   0.004656689648379   0.004614752429535   0.004611859781979   0.004608967134424   0.004645119058157   0.004603978447413   0.004562837836668   0.004015748288865   0.004313102371960   0.004087716841419   0.004687958447713   0.007210303053538   0.007005484920523   0.006800666787509   0.006711535709577   0.006708629332776   0.006705722955974   0.006789041280302   0.006829923068913   0.006870804857525   0.005933676282808   0.006003929730848   0.005899936641010   0.006797053409242   0.008096013199100   0.007984334278087   0.007872655357074   0.007759927349599   0.007757014108174   0.007754100866749   0.007861002391375   0.007942895379664   0.008024788367953   0.006892640279780   0.006849343410293   0.006806046540806   0.007851600890006   
0.043886868139252   0.045178620972421   0.046470373805591   0.046300981726958   0.046313102531394   0.046325223335830   0.046518857023334   0.047270856978193   0.048022856933052   0.043283559481697   0.048187422048864   0.043405880641403   0.048242913379304   0.044218891822460   0.045262185436631   0.046305479050801   0.046031505653865   0.046046277035258   0.046061048416651   0.046364564576374   0.047125411656513   0.047886258736651   0.042663951776849   0.046355537848767   0.042783070939714   0.048106057657510   0.044882939188877   0.045429314365049   0.045975689541221   0.045492553507679   0.045512626042987   0.045532698578295   0.046055979682454   0.046834521013151   0.047613062343849   0.041424736367153   0.042691769448573   0.041537451536335   0.047832346213923   0.045214962872086   0.045512878829258   0.045810794786430   0.045223077434585   0.045245800546851   0.045268523659117   0.045901687235494   0.046689075691471   0.047476464147448   0.040805128662305   0.040859885248476   0.040914641834646   0.047695490492129   
1.000000000000000   1.000000000000000   1.000000000000000   0.996103778374527   0.996103778374527   0.996103778374527   1.000000000000000   1.000000000000000   1.000000000000000   0.899502779326874   1.000000000000000   0.899502779326874   1.000000000000000   1.000000000000000   1.000000000000000   1.000000000000000   0.993753460406018   0.993753460406018   0.993753460406018   1.000000000000000   1.000000000000000   1.000000000000000   0.889131775046352   0.964504690551197   0.889131775046352   1.000000000000000   1.000000000000000   1.000000000000000   1.000000000000000   0.989052824469000   0.989052824469000   0.989052824469000   1.000000000000000   1.000000000000000   1.000000000000000   0.868389766485309   0.893514071653590   0.868389766485309   1.000000000000000   1.000000000000000   1.000000000000000   1.000000000000000   0.986702506500491   0.986702506500491   0.986702506500491   1.000000000000000   1.000000000000000   1.000000000000000   0.858018762204787   0.858018762204787   0.858018762204787   1.000000000000000   
PATCH 23 
2 1 
13 2 
0.000000000000000   0.000000000000000   0.000000000000000   0.125000000000000   0.125000000000000   0.250000000000000   0.250000000000000   0.500000000000000   0.500000000000000   0.625000000000000   0.625000000000000   0.750000000000000   0.750000000000000   1.000000000000000   1.000000000000000   1.000000000000000   
0.000000000000000   0.000000000000000   1.000000000000000   1.000000000000000   
0.008682408883347   0.009214726804819   0.009591428369037   0.010116546819421   0.010624770626463   0.011662323825198   0.012683997437364   0.013211251920044   0.013749789122018   0.014304265565335   0.014863132597564   0.015917147415896   0.016959904624423   0.008769232972180   0.009306874072867   0.009842960902535   0.010379047732203   0.010913580290852   0.011982645408149   0.013045493441370   0.013576917457981   0.014106787203572   0.014636656949163   0.015164972423735   0.016221603372879   0.017272017237946   
0.049240387650610   0.049122375608591   0.048223947024917   0.048115137640625   0.047929956086155   0.047662128434060   0.047337322879314   0.047236618455544   0.047171108726620   0.047151978237018   0.047136419043834   0.046888803853118   0.046596954991707   0.049732791527117   0.049613599364677   0.049488606583825   0.049363613802972   0.049232820403708   0.048971233605179   0.048686444333000   0.048544049696911   0.048395854442409   0.048247659187908   0.048093663314994   0.047785671569166   0.047454477349688   
1.000000000000000   0.999524337261468   0.999167590207569   0.998810843153671   0.998573011784405   0.998097349045873   0.998097349045873   0.998097349045873   0.998216264730506   0.998335180415139   0.998573011784404   0.999048674522936   1.000000000000000   1.000000000000000   0.999524337261468   0.999167590207569   0.998810843153671   0.998573011784405   0.998097349045873   0.998097349045873   0.998097349045873   0.998216264730506   0.998335180415139   0.998573011784404   0.999048674522936   1.000000000000000   
PATCH 24 
2 1 
6 2 
0.000000000000000   0.000000000000000   0.000000000000000   0.250000000000000   0.500000000000000   0.750000000000000   1.000000000000000   1.000000000000000   1.000000000000000   
0.000000000000000   0.000000000000000   1.000000000000000   1.000000000000000   
0.016959904624423   0.018040577305559   0.020016004284629   0.021929503102845   0.023928684838542   0.024976917171170   0.017272017237946   0.018289568482936   0.020304367573183   0.022298863263696   0.024273055554476   0.025250000000000   
0.046596954991707   0.046392694380857   0.045491112095525   0.044467468677704   0.043615158515545   0.043261289556906   0.047454477349688   0.047032993823604   0.046146485990198   0.045216437375554   0.044242847979673   0.043734282891114   
1.000000000000000   0.999048674522936   0.998097349045873   0.998097349045873   0.999048674522936   1.000000000000000   1.000000000000000   0.999048674522936   0.998097349045873   0.998097349045873   0.999048674522936   1.000000000000000   
PATCH 25 
2 1 
6 2 
0.000000000000000   0.000000000000000   0.000000000000000   0.250000000000000   0.500000000000000   0.750000000000000   1.000000000000000   1.000000000000000   1.000000000000000   
0.000000000000000   0.000000000000000   1.000000000000000   1.000000000000000   
0.016959904624423   0.018040577305559   0.020016004284629   0.021929503102845   0.023928684838542   0.024976917171170   0.008096013199100   0.009205883973351   0.011425625521851   0.013645367070352   0.015865108618853   0.016974979393103   
0.046596954991707   0.046392694380857   0.045491112095525   0.044467468677704   0.043615158515545   0.043261289556906   0.045214962872086   0.042254258998444   0.036332851251161   0.030411443503878   0.024490035756595   0.021529331882953   
1.000000000000000   0.999048674522936   0.998097349045873   0.998097349045873   0.999048674522936   1.000000000000000   1.000000000000000   1.000000000000000   1.000000000000000   1.000000000000000   1.000000000000000   1.000000000000000   
PATCH 26 
2 1 
13 2 
0.000000000000000   0.000000000000000   0.000000000000000   0.250000000000000   0.250000000000000   0.375000000000000   0.375000000000000   0.500000000000000   0.500000000000000   0.750000000000000   0.750000000000000   0.875000000000000   0.875000000000000   1.000000000000000   1.000000000000000   1.000000000000000   
0.000000000000000   0.000000000000000   1.000000000000000   1.000000000000000   
0.024976917171170   0.026283683882035   0.027566247958649   0.028168989287829   0.028780531673814   0.029342470534360   0.030021569501600   0.030907575097155   0.031802288566435   0.032398056436490   0.032925665876143   0.033535278030778   0.034106797335627   0.016974979393103   0.017191371363653   0.017407763334204   0.017405264059331   0.017406333270069   0.017407402480807   0.017412040177155   0.017717221665025   0.018022403152896   0.016469425266768   0.016459031313911   0.016448637361055   0.017980827341470   
0.043261289556906   0.042400314257009   0.041507795264237   0.041004805886823   0.040518177763705   0.039965597635169   0.039573313203441   0.038190640713439   0.036867774677109   0.036389496582535   0.035835234206963   0.035371425830997   0.034864970879719   0.021529331882953   0.020952082206416   0.020374832529880   0.020368090497240   0.020365466920550   0.020362843343859   0.020364338223118   0.019672277604328   0.018980216985537   0.017269007739958   0.017213478103162   0.017157948466365   0.018758098438350   
1.000000000000000   0.998036811339229   0.997055217008844   0.996564419843651   0.996319021261055   0.996073622678458   0.996073622678458   0.996073622678458   0.997055217008844   0.997546014174036   0.998282209921825   0.999018405669615   1.000000000000000   1.000000000000000   1.000000000000000   1.000000000000000   0.999799300563429   0.999799300563429   0.999799300563429   1.000000000000000   1.000000000000000   1.000000000000000   0.912565909317142   0.912565909317142   0.912565909317142   1.000000000000000   
PATCH 27 
2 2 
6 4 
0.000000000000000   0.000000000000000   0.000000000000000   0.250000000000000   0.500000000000000   0.750000000000000   1.000000000000000   1.000000000000000   1.000000000000000   
0.000000000000000   0.000000000000000   0.000000000000000   0.500000000000000   1.000000000000000   1.000000000000000   1.000000000000000   
0.013432138810854   0.012322268036604   0.010102526488103   0.007882784939603   0.005663043391102   0.004553172616852   0.014317848956416   0.013207978182166   0.010988236633665   0.008768495085165   0.006548753536664   0.005438882762414   0.016089269247541   0.014979398473290   0.012759656924790   0.010539915376289   0.008320173827788   0.007210303053538   0.016974979393103   0.015865108618853   0.013645367070352   0.011425625521851   0.009205883973351   0.008096013199100   
0.020201237150119   0.023161941023760   0.029083348771043   0.035004756518327   0.040926164265610   0.043886868139252   0.020533260833327   0.023493964706969   0.029415372454252   0.035336780201535   0.041258187948819   0.044218891822460   0.021197308199744   0.024158012073386   0.030079419820669   0.036000827567952   0.041922235315236   0.044882939188877   0.021529331882953   0.024490035756595   0.030411443503878   0.036332851251161   0.042254258998444   0.045214962872086   
1.000000000000000   1.000000000000000   1.000000000000000   1.000000000000000   1.000000000000000   1.000000000000000   1.000000000000000   1.000000000000000   1.000000000000000   1.000000000000000   1.000000000000000   1.000000000000000   1.000000000000000   1.000000000000000   1.000000000000000   1.000000000000000   1.000000000000000   1.000000000000000   1.000000000000000   1.000000000000000   1.000000000000000   1.000000000000000   1.000000000000000   1.000000000000000   
PATCH 28 
2 2 
13 4 
0.000000000000000   0.000000000000000   0.000000000000000   0.250000000000000   0.250000000000000   0.375000000000000   0.375000000000000   0.500000000000000   0.500000000000000   0.750000000000000   0.750000000000000   0.875000000000000   0.875000000000000   1.000000000000000   1.000000000000000   1.000000000000000   
0.000000000000000   0.000000000000000   0.000000000000000   0.500000000000000   1.000000000000000   1.000000000000000   1.000000000000000   
0.013432138810854   0.013637635405887   0.013843132000921   0.013820835687428   0.013823139749421   0.013825443811413   0.013852348248891   0.014171490955355   0.014490633661818   0.012431987680416   0.014628231993617   0.012629226705582   0.014828545276640   0.014317848956416   0.014526069395329   0.014734289834241   0.014716942780404   0.014718938129583   0.014720933478761   0.014742271230957   0.015057923632772   0.015373576034588   0.013441347077004   0.015085931823691   0.013584079369450   0.015616615792848   0.016089269247541   0.016302937374212   0.016516605500883   0.016509156966355   0.016510534889907   0.016511912813458   0.016522117195089   0.016830788987608   0.017139460780127   0.015460065870180   0.016001331483838   0.015493784697187   0.017192756825263   0.016974979393103   0.017191371363653   0.017407763334204   0.017405264059331   0.017406333270069   0.017407402480807   0.017412040177155   0.017717221665025   0.018022403152896   0.016469425266768   0.016459031313911   0.016448637361055   0.017980827341470   
0.020201237150119   0.019653052100966   0.019104867051814   0.019061960335375   0.019053735580368   0.019045510825361   0.019071968031786   0.017390950948692   0.015709933865597   0.013355813895059   0.015556104946176   0.013295040510129   0.015605816373520   0.020533260833327   0.019977809627329   0.019422358421331   0.019388492875842   0.019381668415414   0.019374843954986   0.019395060579619   0.017961282612601   0.016527504645582   0.014334112356284   0.015970448235423   0.014260767499188   0.016393886889727   0.021197308199744   0.020627324680054   0.020057341160363   0.020041557956774   0.020037534085504   0.020033510214235   0.020041245675285   0.019101945940419   0.018162646205552   0.016290709278734   0.016799134813915   0.016192221477306   0.017970027922142   0.021529331882953   0.020952082206416   0.020374832529880   0.020368090497240   0.020365466920550   0.020362843343859   0.020364338223118   0.019672277604328   0.018980216985537   0.017269007739958   0.017213478103162   0.017157948466365   0.018758098438350   
1.000000000000000   1.000000000000000   1.000000000000000   0.998172778848047   0.998172778848047   0.998172778848047   1.000000000000000   1.000000000000000   1.000000000000000   0.856604352355554   1.000000000000000   0.856604352355554   1.000000000000000   1.000000000000000   1.000000000000000   1.000000000000000   0.998579409276893   0.998579409276893   0.998579409276893   1.000000000000000   1.000000000000000   1.000000000000000   0.870594741595951   0.978141477329285   0.870594741595951   1.000000000000000   1.000000000000000   1.000000000000000   1.000000000000000   0.999392670134584   0.999392670134584   0.999392670134584   1.000000000000000   1.000000000000000   1.000000000000000   0.898575520076744   0.934424431987856   0.898575520076744   1.000000000000000   1.000000000000000   1.000000000000000   1.000000000000000   0.999799300563429   0.999799300563429   0.999799300563429   1.000000000000000   1.000000000000000   1.000000000000000   0.912565909317142   0.912565909317142   0.912565909317142   1.000000000000000   
PATCH 29 
2 1 
13 2 
0.000000000000000   0.000000000000000   0.000000000000000   0.250000000000000   0.250000000000000   0.375000000000000   0.375000000000000   0.500000000000000   0.500000000000000   0.750000000000000   0.750000000000000   0.875000000000000   0.875000000000000   1.000000000000000   1.000000000000000   1.000000000000000   
0.000000000000000   0.000000000000000   1.000000000000000   1.000000000000000   
0.024976917171170   0.026283683882035   0.027566247958649   0.028168989287829   0.028780531673814   0.029342470534360   0.030021569501600   0.030907575097155   0.031802288566435   0.032398056436490   0.032925665876143   0.033535278030778   0.034106797335627   0.025250000000000   0.026178902508932   0.027094027156471   0.027551589480241   0.028005707338662   0.028459825197083   0.028910498590156   0.029811845376303   0.030699414301056   0.031143198763433   0.031583538760461   0.032023878757490   0.032460774289170   
0.043261289556906   0.042400314257009   0.041507795264237   0.041004805886823   0.040518177763705   0.039965597635169   0.039573313203441   0.038190640713439   0.036867774677109   0.036389496582535   0.035835234206963   0.035371425830997   0.034864970879719   0.043734282891114   0.043142506727484   0.042531053738569   0.042225327244111   0.041914681543332   0.041604035842553   0.041288470935453   0.040657341121252   0.040006534481766   0.039681131162023   0.039350808635958   0.039020486109894   0.038685244377508   
1.000000000000000   0.998036811339229   0.997055217008844   0.996564419843651   0.996319021261055   0.996073622678458   0.996073622678458   0.996073622678458   0.997055217008844   0.997546014174036   0.998282209921825   0.999018405669615   1.000000000000000   1.000000000000000   0.999048674522937   0.998573011784405   0.998335180415139   0.998216264730506   0.998097349045873   0.998097349045873   0.998097349045873   0.998573011784405   0.998810843153671   0.999167590207569   0.999524337261468   1.000000000000000   
PATCH 30 
2 1 
6 2 
0.000000000000000   0.000000000000000   0.000000000000000   0.250000000000000   0.500000000000000   0.750000000000000   1.000000000000000   1.000000000000000   1.000000000000000   
0.000000000000000   0.000000000000000   1.000000000000000   1.000000000000000   
0.013432138810854   0.012322268036604   0.010102526488103   0.007882784939603   0.005663043391102   0.004553172616852   0.000000000000000   0.000000000000000   0.000000000000000   0.000000000000000   0.000000000000000   0.000000000000000   
0.020201237150119   0.023161941023760   0.029083348771043   0.035004756518327   0.040926164265610   0.043886868139252   0.014550000000000   0.018217108517406   0.025551325552219   0.032885542587032   0.040219759621845   0.043886868139252   
1.000000000000000   1.000000000000000   1.000000000000000   1.000000000000000   1.000000000000000   1.000000000000000   1.000000000000000   1.000000000000000   1.000000000000000   1.000000000000000   1.000000000000000   1.000000000000000   
PATCH 31 
2 1 
13 2 
0.000000000000000   0.000000000000000   0.000000000000000   0.250000000000000   0.250000000000000   0.375000000000000   0.375000000000000   0.500000000000000   0.500000000000000   0.750000000000000   0.750000000000000   0.875000000000000   0.875000000000000   1.000000000000000   1.000000000000000   1.000000000000000   
0.000000000000000   0.000000000000000   1.000000000000000   1.000000000000000   
0.004553172616852   0.004068936847833   0.003584701078814   0.003566360789514   0.003563475006581   0.003560589223649   0.003573157947085   0.003491006136662   0.003408854326239   0.003056784291893   0.003467688692515   0.003181606941623   0.003633410966949   0.000000000000000   0.000000000000000   0.000000000000000   0.000000000000000   0.000000000000000   0.000000000000000   0.000000000000000   0.000000000000000   0.000000000000000   0.000000000000000   0.000000000000000   0.000000000000000   0.000000000000000   
0.043886868139252   0.045178620972421   0.046470373805591   0.046300981726958   0.046313102531394   0.046325223335830   0.046518857023334   0.047270856978193   0.048022856933052   0.043283559481697   0.048187422048864   0.043405880641403   0.048242913379304   0.043886868139252   0.044651009621845   0.045415151104439   0.045797221845736   0.046179292587032   0.046561363328329   0.046943434069626   0.047707575552219   0.048471717034813   0.048853787776110   0.049235858517406   0.049617929258703   0.050000000000000   
1.000000000000000   1.000000000000000   1.000000000000000   0.996103778374527   0.996103778374527   0.996103778374527   1.000000000000000   1.000000000000000   1.000000000000000   0.899502779326874   1.000000000000000   0.899502779326874   1.000000000000000   1.000000000000000   1.000000000000000   1.000000000000000   1.000000000000000   1.000000000000000   1.000000000000000   1.000000000000000   1.000000000000000   1.000000000000000   1.000000000000000   1.000000000000000   1.000000000000000   1.000000000000000   
PATCH 32 
2 1 
13 2 
0.000000000000000   0.000000000000000   0.000000000000000   0.250000000000000   0.250000000000000   0.375000000000000   0.375000000000000   0.500000000000000   0.500000000000000   0.750000000000000   0.750000000000000   0.875000000000000   0.875000000000000   1.000000000000000   1.000000000000000   1.000000000000000   
0.000000000000000   0.000000000000000   1.000000000000000   1.000000000000000   
0.000000000000000   0.001373520417603   0.002696199128629   0.003357538484143   0.004006167413012   0.004654796341882   0.005290714844108   0.006562551848559   0.007783547146435   0.008394044795373   0.008991832017667   0.009589619239961   0.010174696035611   0.013432138810854   0.013637635405887   0.013843132000921   0.013820835687428   0.013823139749421   0.013825443811413   0.013852348248891   0.014171490955355   0.014490633661818   0.012431987680416   0.014628231993617   0.012629226705582   0.014828545276640   
0.014550000000000   0.014280711381791   0.013886746339000   0.013689763817605   0.013461612190064   0.013233460562523   0.012974139828836   0.012455498361462   0.011812180469506   0.011490521523528   0.011137693471405   0.010784865419281   0.010400868261012   0.020201237150119   0.019653052100966   0.019104867051814   0.019061960335375   0.019053735580368   0.019045510825361   0.019071968031786   0.017390950948692   0.015709933865597   0.013355813895059   0.015556104946176   0.013295040510129   0.015605816373520   
1.000000000000000   0.981492191188411   0.972238286782616   0.967611334579719   0.965297858478270   0.962984382376822   0.962984382376822   0.962984382376822   0.972238286782616   0.976865238985513   0.983805667289859   0.990746095594205   1.000000000000000   1.000000000000000   1.000000000000000   1.000000000000000   0.998172778848047   0.998172778848047   0.998172778848047   1.000000000000000   1.000000000000000   1.000000000000000   0.856604352355554   1.000000000000000   0.856604352355554   1.000000000000000   
INTERFACE 1 
1 2 
5 1 
1 
INTERFACE 2 
1 3 
2 4 
1 
INTERFACE 3 
2 1 
13 2 
1 
INTERFACE 4 
2 2 
3 1 
1 
INTERFACE 5 
2 3 
4 2 
1 
INTERFACE 6 
3 2 
7 1 
-1 
INTERFACE 7 
3 3 
4 4 
-1 
INTERFACE 8 
3 4 
5 3 
1 
INTERFACE 9 
4 1 
9 2 
1 
INTERFACE 10 
4 3 
13 3 
1 
INTERFACE 11 
5 2 
6 1 
1 
INTERFACE 12 
6 2 
11 1 
1 
INTERFACE 13 
6 3 
7 3 
1 
INTERFACE 14 
7 2 
8 1 
1 
INTERFACE 15 
7 4 
9 4 
-1 
INTERFACE 16 
8 2 
15 1 
1 
INTERFACE 17 
8 3 
11 3 
1 
INTERFACE 18 
8 4 
10 4 
1 
INTERFACE 19 
9 1 
10 1 
1 
INTERFACE 20 
9 3 
12 3 
1 
INTERFACE 21 
10 2 
16 3 
1 
INTERFACE 22 
10 3 
14 4 
1 
INTERFACE 23 
11 2 
18 1 
1 
INTERFACE 24 
12 1 
14 1 
-1 
INTERFACE 25 
12 2 
13 1 
1 
INTERFACE 26 
14 2 
17 1 
-1 
INTERFACE 27 
15 2 
26 2 
1 
INTERFACE 28 
15 3 
18 3 
1 
INTERFACE 29 
15 4 
16 2 
1 
INTERFACE 30 
16 1 
17 3 
1 
INTERFACE 31 
16 4 
28 2 
1 
INTERFACE 32 
17 2 
32 2 
-1 
INTERFACE 33 
18 2 
29 2 
1 
INTERFACE 34 
19 2 
23 1 
1 
INTERFACE 35 
19 3 
20 4 
1 
INTERFACE 36 
20 1 
31 2 
1 
INTERFACE 37 
20 2 
21 1 
1 
INTERFACE 38 
20 3 
22 2 
1 
INTERFACE 39 
21 2 
25 1 
-1 
INTERFACE 40 
21 3 
22 4 
-1 
INTERFACE 41 
21 4 
23 3 
1 
INTERFACE 42 
22 1 
27 2 
1 
INTERFACE 43 
22 3 
31 3 
1 
INTERFACE 44 
23 2 
24 1 
1 
INTERFACE 45 
24 2 
29 1 
1 
INTERFACE 46 
24 3 
25 3 
1 
INTERFACE 47 
25 2 
26 1 
1 
INTERFACE 48 
25 4 
27 4 
-1 
INTERFACE 49 
26 3 
29 3 
1 
INTERFACE 50 
26 4 
28 4 
1 
INTERFACE 51 
27 1 
28 1 
1 
INTERFACE 52 
27 3 
30 3 
1 
INTERFACE 53 
28 3 
32 4 
1 
INTERFACE 54 
30 1 
32 1 
-1 
INTERFACE 55 
30 2 
31 1 
1 
BOUNDARY 1 
1 
1 1 
BOUNDARY 2 
1 
1 4 
BOUNDARY 3 
1 
5 4 
BOUNDARY 4 
1 
6 4 
BOUNDARY 5 
1 
11 4 
BOUNDARY 6 
1 
12 4 
BOUNDARY 7 
1 
13 4 
BOUNDARY 8 
1 
14 3 
BOUNDARY 9 
1 
17 4 
BOUNDARY 10 
1 
18 4 
BOUNDARY 11 
1 
19 1 
BOUNDARY 12 
1 
19 4 
BOUNDARY 13 
1 
23 4 
BOUNDARY 14 
1 
24 4 
BOUNDARY 15 
1 
29 4 
BOUNDARY 16 
1 
30 4 
BOUNDARY 17 
1 
31 4 
BOUNDARY 18 
1 
32 3 
