# nurbs mesh v.2.1
#
# 14-Jul-2024
#
2 2 32 55 0 
PATCH 1 
2 1 
4 2 
0.000000000000000   0.000000000000000   0.000000000000000   0.500000000000000   1.000000000000000   1.000000000000000   1.000000000000000   
0.000000000000000   0.000000000000000   1.000000000000000   1.000000000000000   
0.050000000000000   0.049904867452294   0.049525061277599   0.049240387650610   0.050500000000000   0.050403916126817   0.050020311890375   0.049732791527117   
0.000000000000000   0.002178893568691   0.006520098010365   0.008682408883347   0.000000000000000   0.002200682504378   0.006585298990468   0.008769232972180   
1.000000000000000   0.998097349045873   0.998097349045873   1.000000000000000   1.000000000000000   0.998097349045873   0.998097349045873   1.000000000000000   
PATCH 2 
2 1 
4 2 
0.000000000000000   0.000000000000000   0.000000000000000   0.500000000000000   1.000000000000000   1.000000000000000   1.000000000000000   
0.000000000000000   0.000000000000000   1.000000000000000   1.000000000000000   
0.048337946042509   0.048206628324854   0.047943992889545   0.047812675171891   0.050000000000000   0.049904867452294   0.049525061277599   0.049240387650610   
0.003220717397311   0.004381998680019   0.006704561245435   0.007865842528142   0.000000000000000   0.002178893568691   0.006520098010365   0.008682408883347   
1.000000000000000   1.000000000000000   1.000000000000000   1.000000000000000   1.000000000000000   0.998097349045873   0.998097349045873   1.000000000000000   
PATCH 3 
2 1 
13 2 
0.000000000000000   0.000000000000000   0.000000000000000   0.125000000000000   0.125000000000000   0.250000000000000   0.250000000000000   0.500000000000000   0.500000000000000   0.625000000000000   0.625000000000000   0.750000000000000   0.750000000000000   1.000000000000000   1.000000000000000   1.000000000000000   
0.000000000000000   0.000000000000000   1.000000000000000   1.000000000000000   
0.047812675171891   0.043608684710709   0.047729197581217   0.043474786734992   0.047568373965588   0.045615566237936   0.043662758510284   0.042914477092271   0.042888957785870   0.042863438479468   0.043560681284679   0.043327270028562   0.043093858772445   0.049240387650610   0.049122375608591   0.048458309438456   0.048446356128506   0.048222368717516   0.047981350120296   0.047793885685579   0.047654090413371   0.047560479549343   0.047492852074863   0.047408409270970   0.047125653484266   0.046876307187591   
0.007865842528142   0.007257143365600   0.008006820329149   0.007351560422429   0.008038109515417   0.007581165786012   0.007124222056608   0.007000368264475   0.007001090536951   0.007001812809428   0.007127111146513   0.007195862221289   0.007264613296066   0.008682408883347   0.009214726804819   0.009638041523715   0.010186187841029   0.010689590571862   0.011740433359943   0.012806333072596   0.013328011488886   0.013863285854387   0.014407674798269   0.014948896999977   0.015997549776046   0.017061580508602   
1.000000000000000   0.912266242246352   1.000000000000000   0.912266242246352   1.000000000000000   1.000000000000000   1.000000000000000   0.983431570216128   0.983431570216128   0.983431570216128   1.000000000000000   1.000000000000000   1.000000000000000   1.000000000000000   0.999524337261468   0.999167590207569   0.998810843153671   0.998573011784405   0.998097349045873   0.998097349045873   0.998097349045873   0.998216264730506   0.998335180415139   0.998573011784404   0.999048674522936   1.000000000000000   
PATCH 4 
2 2 
13 4 
0.000000000000000   0.000000000000000   0.000000000000000   0.250000000000000   0.250000000000000   0.375000000000000   0.375000000000000   0.500000000000000   0.500000000000000   0.750000000000000   0.750000000000000   0.875000000000000   0.875000000000000   1.000000000000000   1.000000000000000   1.000000000000000   
0.000000000000000   0.000000000000000   0.000000000000000   0.500000000000000   1.000000000000000   1.000000000000000   1.000000000000000   
0.042222684481489   0.044061729332030   0.045900774182571   0.045809242344744   0.045818417220610   0.045827592096475   0.045937473686034   0.047028438181581   0.048119402677127   0.043505344643290   0.048281577565651   0.043626444170692   0.048337946042509   0.042440478054228   0.043878114506163   0.045315750958098   0.045072791378425   0.045086052361925   0.045099313345424   0.045368794892097   0.046675220195670   0.047981645499242   0.043497705166215   0.048143482569543   0.043622004305696   0.048206628324854   0.042876065199706   0.043510884854429   0.044145704509152   0.043599889445787   0.043621322644555   0.043642755843322   0.044231437304222   0.045968784223847   0.047706131143473   0.043482426212067   0.047867292577325   0.043613124575705   0.047943992889545   0.043093858772445   0.043327270028562   0.043560681284679   0.042863438479468   0.042888957785870   0.042914477092271   0.043662758510284   0.045615566237936   0.047568373965588   0.043474786734992   0.047729197581217   0.043608684710709   0.047812675171891   
0.004306959379975   0.003765270379450   0.003223581378925   0.003213882104933   0.003212090650126   0.003210299195319   0.003216415559698   0.003107821839364   0.002999228119029   0.002697753162252   0.003057773190173   0.002820485082655   0.003220717397311   0.005046372858997   0.004622918339910   0.004199463820822   0.004160864781057   0.004159340621832   0.004157816462608   0.004193367183926   0.004226157826026   0.004258948468126   0.003861204977296   0.004295034974917   0.003929649653391   0.004381998680019   0.006525199817043   0.006338214260829   0.006151228704616   0.006054830133304   0.006053840565245   0.006052850997186   0.006147270432380   0.006462829799350   0.006778389166320   0.006188108607384   0.006769558544405   0.006147978794863   0.006704561245435   0.007264613296066   0.007195862221289   0.007127111146513   0.007001812809428   0.007001090536951   0.007000368264475   0.007124222056608   0.007581165786012   0.008038109515417   0.007351560422429   0.008006820329149   0.007257143365600   0.007865842528142   
1.000000000000000   1.000000000000000   1.000000000000000   0.997810514717247   0.997810514717247   0.997810514717247   1.000000000000000   1.000000000000000   1.000000000000000   0.902329555154900   1.000000000000000   0.902329555154900   1.000000000000000   1.000000000000000   1.000000000000000   1.000000000000000   0.994215778591967   0.994215778591967   0.994215778591967   1.000000000000000   1.000000000000000   1.000000000000000   0.904813726927763   1.000000000000000   0.904813726927763   1.000000000000000   1.000000000000000   1.000000000000000   1.000000000000000   0.987026306341408   0.987026306341408   0.987026306341408   1.000000000000000   1.000000000000000   1.000000000000000   0.909782070473489   1.000000000000000   0.909782070473489   1.000000000000000   1.000000000000000   1.000000000000000   1.000000000000000   0.983431570216128   0.983431570216128   0.983431570216128   1.000000000000000   1.000000000000000   1.000000000000000   0.912266242246352   1.000000000000000   0.912266242246352   1.000000000000000   
PATCH 5 
2 1 
13 2 
0.000000000000000   0.000000000000000   0.000000000000000   0.125000000000000   0.125000000000000   0.250000000000000   0.250000000000000   0.500000000000000   0.500000000000000   0.625000000000000   0.625000000000000   0.750000000000000   0.750000000000000   1.000000000000000   1.000000000000000   1.000000000000000   
0.000000000000000   0.000000000000000   1.000000000000000   1.000000000000000   
0.049240387650610   0.049122375608591   0.048458309438456   0.048446356128506   0.048222368717516   0.047981350120296   0.047793885685579   0.047654090413371   0.047560479549343   0.047492852074863   0.047408409270970   0.047125653484266   0.046876307187591   0.049732791527117   0.049613599364677   0.049488606583825   0.049363613802972   0.049232820403708   0.048971233605179   0.048686444333000   0.048544049696911   0.048395854442409   0.048247659187908   0.048093663314994   0.047785671569166   0.047454477349688   
0.008682408883347   0.009214726804819   0.009638041523715   0.010186187841029   0.010689590571862   0.011740433359943   0.012806333072596   0.013328011488886   0.013863285854387   0.014407674798269   0.014948896999977   0.015997549776046   0.017061580508602   0.008769232972180   0.009306874072867   0.009842960902535   0.010379047732203   0.010913580290852   0.011982645408149   0.013045493441370   0.013576917457981   0.014106787203572   0.014636656949163   0.015164972423735   0.016221603372879   0.017272017237946   
1.000000000000000   0.999524337261468   0.999167590207569   0.998810843153671   0.998573011784405   0.998097349045873   0.998097349045873   0.998097349045873   0.998216264730506   0.998335180415139   0.998573011784404   0.999048674522936   1.000000000000000   1.000000000000000   0.999524337261468   0.999167590207569   0.998810843153671   0.998573011784405   0.998097349045873   0.998097349045873   0.998097349045873   0.998216264730506   0.998335180415139   0.998573011784404   0.999048674522936   1.000000000000000   
PATCH 6 
2 1 
6 2 
0.000000000000000   0.000000000000000   0.000000000000000   0.250000000000000   0.500000000000000   0.750000000000000   1.000000000000000   1.000000000000000   1.000000000000000   
0.000000000000000   0.000000000000000   1.000000000000000   1.000000000000000   
0.046876307187591   0.046550775034386   0.045675016451406   0.044621454256418   0.043704594137245   0.043293396637466   0.047454477349688   0.047032993823604   0.046146485990198   0.045216437375554   0.044242847979673   0.043734282891114   
0.017061580508602   0.018102049619003   0.020096921857441   0.022005442375455   0.023977752109597   0.024995454202774   0.017272017237946   0.018289568482936   0.020304367573183   0.022298863263696   0.024273055554476   0.025250000000000   
1.000000000000000   0.999048674522936   0.998097349045873   0.998097349045873   0.999048674522936   1.000000000000000   1.000000000000000   0.999048674522936   0.998097349045873   0.998097349045873   0.999048674522936   1.000000000000000   
PATCH 7 
2 1 
6 2 
0.000000000000000   0.000000000000000   0.000000000000000   0.250000000000000   0.500000000000000   0.750000000000000   1.000000000000000   1.000000000000000   1.000000000000000   
0.000000000000000   0.000000000000000   1.000000000000000   1.000000000000000   
0.046876307187591   0.046550775034386   0.045675016451406   0.044621454256418   0.043704594137245   0.043293396637466   0.043093858772445   0.040052223668143   0.033968953459539   0.027885683250936   0.021802413042332   0.018760777938030   
0.017061580508602   0.018102049619003   0.020096921857441   0.022005442375455   0.023977752109597   0.024995454202774   0.007264613296066   0.008160524170195   0.009952345918452   0.011744167666709   0.013535989414966   0.014431900289095   
1.000000000000000   0.999048674522936   0.998097349045873   0.998097349045873   0.999048674522936   1.000000000000000   1.000000000000000   1.000000000000000   1.000000000000000   1.000000000000000   1.000000000000000   1.000000000000000   
PATCH 8 
2 1 
13 2 
0.000000000000000   0.000000000000000   0.000000000000000   0.250000000000000   0.250000000000000   0.375000000000000   0.375000000000000   0.500000000000000   0.500000000000000   0.750000000000000   0.750000000000000   0.875000000000000   0.875000000000000   1.000000000000000   1.000000000000000   1.000000000000000   
0.000000000000000   0.000000000000000   1.000000000000000   1.000000000000000   
0.043293396637466   0.042423731211813   0.041517723764436   0.041026570358231   0.040476146395834   0.040035491318943   0.039642472768130   0.038326242834618   0.036856147965510   0.036287354798295   0.035709367201016   0.035218923537371   0.034710452687470   0.018760777938030   0.018306372193278   0.017851966448526   0.017695200950850   0.017679430416785   0.017663659882720   0.017788884312265   0.017190704313835   0.016592524315405   0.014518193207143   0.014452939973000   0.014387686738857   0.016331511378833   
0.024995454202774   0.026303429055879   0.027583497175380   0.028197399146844   0.028766974762597   0.029413040040369   0.030096353368778   0.031045671542687   0.031826762951812   0.032344942256298   0.032851254537893   0.033435543237229   0.034004219019227   0.014431900289095   0.014565745090996   0.014699589892897   0.014589415962600   0.014597302256699   0.014605188550797   0.014731135069291   0.015177391065034   0.015623647060778   0.013758938723882   0.013754217687487   0.013749496651092   0.015604762915197   
1.000000000000000   0.998025626018778   0.997038439028167   0.996544845532861   0.996298048785208   0.996051252037556   0.996051252037556   0.996051252037556   0.997038439028167   0.997532032523472   0.998272422766431   0.999012813009389   1.000000000000000   1.000000000000000   1.000000000000000   1.000000000000000   0.992166044660926   0.992166044660926   0.992166044660926   1.000000000000000   1.000000000000000   1.000000000000000   0.878144392039409   0.878144392039409   0.878144392039409   1.000000000000000   
PATCH 9 
2 2 
6 4 
0.000000000000000   0.000000000000000   0.000000000000000   0.250000000000000   0.500000000000000   0.750000000000000   1.000000000000000   1.000000000000000   1.000000000000000   
0.000000000000000   0.000000000000000   0.000000000000000   0.500000000000000   1.000000000000000   1.000000000000000   1.000000000000000   
0.017889603647074   0.020931238751376   0.027014508959980   0.033097779168584   0.039181049377188   0.042222684481489   0.018107397219813   0.021149032324115   0.027232302532719   0.033315572741323   0.039398842949926   0.042440478054228   0.018542984365291   0.021584619469593   0.027667889678197   0.033751159886800   0.039834430095404   0.042876065199706   0.018760777938030   0.021802413042332   0.027885683250936   0.033968953459539   0.040052223668143   0.043093858772445   
0.011474246373004   0.010578335498875   0.008786513750618   0.006994692002360   0.005202870254103   0.004306959379975   0.012213659852026   0.011317748977898   0.009525927229641   0.007734105481383   0.005942283733126   0.005046372858997   0.013692486810072   0.012796575935943   0.011004754187686   0.009212932439429   0.007421110691172   0.006525199817043   0.014431900289095   0.013535989414966   0.011744167666709   0.009952345918452   0.008160524170195   0.007264613296066   
1.000000000000000   1.000000000000000   1.000000000000000   1.000000000000000   1.000000000000000   1.000000000000000   1.000000000000000   1.000000000000000   1.000000000000000   1.000000000000000   1.000000000000000   1.000000000000000   1.000000000000000   1.000000000000000   1.000000000000000   1.000000000000000   1.000000000000000   1.000000000000000   1.000000000000000   1.000000000000000   1.000000000000000   1.000000000000000   1.000000000000000   1.000000000000000   
PATCH 10 
2 2 
13 4 
0.000000000000000   0.000000000000000   0.000000000000000   0.250000000000000   0.250000000000000   0.375000000000000   0.375000000000000   0.500000000000000   0.500000000000000   0.750000000000000   0.750000000000000   0.875000000000000   0.875000000000000   1.000000000000000   1.000000000000000   1.000000000000000   
0.000000000000000   0.000000000000000   0.000000000000000   0.500000000000000   1.000000000000000   1.000000000000000   1.000000000000000   
0.017889603647074   0.017338608825026   0.016787614002978   0.016770818970834   0.016765678446636   0.016760537922438   0.016767051906185   0.015163561106185   0.013560070306184   0.011501725291551   0.013405089162439   0.011440095986832   0.013454596297227   0.018107397219813   0.017580549667089   0.017053702114365   0.017001914465838   0.016994116439173   0.016986318412508   0.017022510007705   0.015670346908097   0.014318183808489   0.012255842270449   0.013667051865079   0.012176993674838   0.014173825067629   0.018542984365291   0.018064431351215   0.017585878337139   0.017464105455846   0.017450992424248   0.017437879392649   0.017533426210745   0.016683918511922   0.015834410813100   0.013764076228245   0.014190977270360   0.013650789050851   0.015612282608432   0.018760777938030   0.018306372193278   0.017851966448526   0.017695200950850   0.017679430416785   0.017663659882720   0.017788884312265   0.017190704313835   0.016592524315405   0.014518193207143   0.014452939973000   0.014387686738857   0.016331511378833   
0.011474246373004   0.011636541400426   0.011798836427848   0.011792087808031   0.011793310875882   0.011794533943733   0.011803728699252   0.012096706113495   0.012389683527739   0.010620615692097   0.012526875563719   0.010818207793287   0.012727847833592   0.012213659852026   0.012368842323068   0.012524024794110   0.012491419846674   0.012494308721086   0.012497197595499   0.012535580291762   0.012866877351380   0.013198174410998   0.011405196450044   0.012833711094661   0.011551030007738   0.013447076603993   0.013692486810072   0.013833444168353   0.013974401526635   0.013890083923958   0.013896304411495   0.013902524899031   0.013999283476781   0.014407219827150   0.014815156177518   0.012974357965936   0.013447382156545   0.013016674436641   0.014885534144796   0.014431900289095   0.014565745090996   0.014699589892897   0.014589415962600   0.014597302256699   0.014605188550797   0.014731135069291   0.015177391065034   0.015623647060778   0.013758938723882   0.013754217687487   0.013749496651092   0.015604762915197   
1.000000000000000   1.000000000000000   1.000000000000000   0.999301489983739   0.999301489983739   0.999301489983739   1.000000000000000   1.000000000000000   1.000000000000000   0.855713117621973   1.000000000000000   0.855713117621973   1.000000000000000   1.000000000000000   1.000000000000000   1.000000000000000   0.997517628653036   0.997517628653036   0.997517628653036   1.000000000000000   1.000000000000000   1.000000000000000   0.861320936226332   0.969536098009852   0.861320936226332   1.000000000000000   1.000000000000000   1.000000000000000   1.000000000000000   0.993949905991629   0.993949905991629   0.993949905991629   1.000000000000000   1.000000000000000   1.000000000000000   0.872536573435050   0.908608294029557   0.872536573435050   1.000000000000000   1.000000000000000   1.000000000000000   1.000000000000000   0.992166044660926   0.992166044660926   0.992166044660926   1.000000000000000   1.000000000000000   1.000000000000000   0.878144392039409   0.878144392039409   0.878144392039409   1.000000000000000   
PATCH 11 
2 1 
13 2 
0.000000000000000   0.000000000000000   0.000000000000000   0.250000000000000   0.250000000000000   0.375000000000000   0.375000000000000   0.500000000000000   0.500000000000000   0.750000000000000   0.750000000000000   0.875000000000000   0.875000000000000   1.000000000000000   1.000000000000000   1.000000000000000   
0.000000000000000   0.000000000000000   1.000000000000000   1.000000000000000   
0.043293396637466   0.042423731211813   0.041517723764436   0.041026570358231   0.040476146395834   0.040035491318943   0.039642472768130   0.038326242834618   0.036856147965510   0.036287354798295   0.035709367201016   0.035218923537371   0.034710452687470   0.043734282891114   0.043142506727484   0.042531053738569   0.042225327244111   0.041914681543332   0.041604035842553   0.041288470935453   0.040657341121252   0.040006534481766   0.039681131162023   0.039350808635958   0.039020486109894   0.038685244377508   
0.024995454202774   0.026303429055879   0.027583497175380   0.028197399146844   0.028766974762597   0.029413040040369   0.030096353368778   0.031045671542687   0.031826762951812   0.032344942256298   0.032851254537893   0.033435543237229   0.034004219019227   0.025250000000000   0.026178902508932   0.027094027156471   0.027551589480241   0.028005707338662   0.028459825197083   0.028910498590156   0.029811845376303   0.030699414301056   0.031143198763433   0.031583538760461   0.032023878757490   0.032460774289170   
1.000000000000000   0.998025626018778   0.997038439028167   0.996544845532861   0.996298048785208   0.996051252037556   0.996051252037556   0.996051252037556   0.997038439028167   0.997532032523472   0.998272422766431   0.999012813009389   1.000000000000000   1.000000000000000   0.999048674522937   0.998573011784405   0.998335180415139   0.998216264730506   0.998097349045873   0.998097349045873   0.998097349045873   0.998573011784405   0.998810843153671   0.999167590207569   0.999524337261468   1.000000000000000   
PATCH 12 
2 1 
6 2 
0.000000000000000   0.000000000000000   0.000000000000000   0.250000000000000   0.500000000000000   0.750000000000000   1.000000000000000   1.000000000000000   1.000000000000000   
0.000000000000000   0.000000000000000   1.000000000000000   1.000000000000000   
0.017889603647074   0.020931238751376   0.027014508959980   0.033097779168584   0.039181049377188   0.042222684481489   0.014550000000000   0.018009085560186   0.024927256680559   0.031845427800931   0.038763598921303   0.042222684481489   
0.011474246373004   0.010578335498875   0.008786513750618   0.006994692002360   0.005202870254103   0.004306959379975   0.000000000000000   0.000000000000000   0.000000000000000   0.000000000000000   0.000000000000000   0.000000000000000   
1.000000000000000   1.000000000000000   1.000000000000000   1.000000000000000   1.000000000000000   1.000000000000000   1.000000000000000   1.000000000000000   1.000000000000000   1.000000000000000   1.000000000000000   1.000000000000000   
PATCH 13 
2 1 
13 2 
0.000000000000000   0.000000000000000   0.000000000000000   0.250000000000000   0.250000000000000   0.375000000000000   0.375000000000000   0.500000000000000   0.500000000000000   0.750000000000000   0.750000000000000   0.875000000000000   0.875000000000000   1.000000000000000   1.000000000000000   1.000000000000000   
0.000000000000000   0.000000000000000   1.000000000000000   1.000000000000000   
0.042222684481489   0.044061729332030   0.045900774182571   0.045809242344744   0.045818417220610   0.045827592096475   0.045937473686034   0.047028438181581   0.048119402677127   0.043505344643290   0.048281577565651   0.043626444170692   0.048337946042509   0.042222684481489   0.043194848921303   0.044167013361117   0.044653095581024   0.045139177800931   0.045625260020838   0.046111342240745   0.047083506680559   0.048055671120372   0.048541753340279   0.049027835560186   0.049513917780093   0.050000000000000   
0.004306959379975   0.003765270379450   0.003223581378925   0.003213882104933   0.003212090650126   0.003210299195319   0.003216415559698   0.003107821839364   0.002999228119029   0.002697753162252   0.003057773190173   0.002820485082655   0.003220717397311   0.000000000000000   0.000000000000000   0.000000000000000   0.000000000000000   0.000000000000000   0.000000000000000   0.000000000000000   0.000000000000000   0.000000000000000   0.000000000000000   0.000000000000000   0.000000000000000   0.000000000000000   
1.000000000000000   1.000000000000000   1.000000000000000   0.997810514717247   0.997810514717247   0.997810514717247   1.000000000000000   1.000000000000000   1.000000000000000   0.902329555154900   1.000000000000000   0.902329555154900   1.000000000000000   1.000000000000000   1.000000000000000   1.000000000000000   1.000000000000000   1.000000000000000   1.000000000000000   1.000000000000000   1.000000000000000   1.000000000000000   1.000000000000000   1.000000000000000   1.000000000000000   1.000000000000000   
PATCH 14 
2 1 
13 2 
0.000000000000000   0.000000000000000   0.000000000000000   0.250000000000000   0.250000000000000   0.375000000000000   0.375000000000000   0.500000000000000   0.500000000000000   0.750000000000000   0.750000000000000   0.875000000000000   0.875000000000000   1.000000000000000   1.000000000000000   1.000000000000000   
0.000000000000000   0.000000000000000   1.000000000000000   1.000000000000000   
0.014550000000000   0.014280220533678   0.013885555589927   0.013688223118052   0.013459669276819   0.013231115435586   0.012971340224996   0.012451789803816   0.011807353905207   0.011485135955902   0.011131696637240   0.010778257318578   0.010393596630559   0.017889603647074   0.017338608825026   0.016787614002978   0.016770818970834   0.016765678446636   0.016760537922438   0.016767051906185   0.015163561106185   0.013560070306184   0.011501725291551   0.013405089162439   0.011440095986832   0.013454596297227   
0.000000000000000   0.001374723483848   0.002698467975556   0.003360340221411   0.004009467719230   0.004658595217050   0.005294977966834   0.006567743466404   0.007789529973834   0.008400423227549   0.008998571733230   0.009596720238910   0.010182123996555   0.011474246373004   0.011636541400426   0.011798836427848   0.011792087808031   0.011793310875882   0.011794533943733   0.011803728699252   0.012096706113495   0.012389683527739   0.010620615692097   0.012526875563719   0.010818207793287   0.012727847833592   
1.000000000000000   0.981458455922896   0.972187683884345   0.967552297865069   0.965234604855431   0.962916911845793   0.962916911845793   0.962916911845793   0.972187683884345   0.976823069903620   0.983776148932534   0.990729227961448   1.000000000000000   1.000000000000000   1.000000000000000   1.000000000000000   0.999301489983739   0.999301489983739   0.999301489983739   1.000000000000000   1.000000000000000   1.000000000000000   0.855713117621973   1.000000000000000   0.855713117621973   1.000000000000000   
PATCH 15 
2 1 
4 2 
0.000000000000000   0.000000000000000   0.000000000000000   0.500000000000000   1.000000000000000   1.000000000000000   1.000000000000000   
0.000000000000000   0.000000000000000   1.000000000000000   1.000000000000000   
0.034710452687470   0.034546821120229   0.034193581384221   0.034004219019227   0.016331511378833   0.016149824262924   0.015786450031106   0.015604762915197   
0.034004219019227   0.034193581384221   0.034546821120229   0.034710452687470   0.015604762915197   0.015786450031106   0.016149824262924   0.016331511378833   
1.000000000000000   0.999973593925520   0.999973593925520   1.000000000000000   1.000000000000000   1.000000000000000   1.000000000000000   1.000000000000000   
PATCH 16 
2 2 
4 4 
0.000000000000000   0.000000000000000   0.000000000000000   0.500000000000000   1.000000000000000   1.000000000000000   1.000000000000000   
0.000000000000000   0.000000000000000   0.000000000000000   0.500000000000000   1.000000000000000   1.000000000000000   1.000000000000000   
0.013454596297227   0.014173825067629   0.015612282608432   0.016331511378833   0.013272909181318   0.013992137951720   0.015430595492523   0.016149824262924   0.012909534949500   0.013628763719902   0.015067221260705   0.015786450031106   0.012727847833592   0.013447076603993   0.014885534144796   0.015604762915197   
0.012727847833592   0.013447076603993   0.014885534144796   0.015604762915197   0.012909534949500   0.013628763719902   0.015067221260705   0.015786450031106   0.013272909181318   0.013992137951720   0.015430595492523   0.016149824262924   0.013454596297227   0.014173825067629   0.015612282608432   0.016331511378833   
1.000000000000000   1.000000000000000   1.000000000000000   1.000000000000000   1.000000000000000   1.000000000000000   1.000000000000000   1.000000000000000   1.000000000000000   1.000000000000000   1.000000000000000   1.000000000000000   1.000000000000000   1.000000000000000   1.000000000000000   1.000000000000000   
PATCH 17 
2 1 
4 2 
0.000000000000000   0.000000000000000   0.000000000000000   0.500000000000000   1.000000000000000   1.000000000000000   1.000000000000000   
0.000000000000000   0.000000000000000   1.000000000000000   1.000000000000000   
0.013454596297227   0.013272909181318   0.012909534949500   0.012727847833592   0.010393596630559   0.010341000148412   0.010235263831410   0.010182123996555   
0.012727847833592   0.012909534949500   0.013272909181318   0.013454596297227   0.010182123996555   0.010235263831410   0.010341000148412   0.010393596630559   
1.000000000000000   1.000000000000000   1.000000000000000   1.000000000000000   1.000000000000000   0.999973593925520   0.999973593925520   1.000000000000000   
PATCH 18 
2 1 
4 2 
0.000000000000000   0.000000000000000   0.000000000000000   0.500000000000000   1.000000000000000   1.000000000000000   1.000000000000000   
0.000000000000000   0.000000000000000   1.000000000000000   1.000000000000000   
0.034710452687470   0.034546821120229   0.034193581384221   0.034004219019227   0.038685244377508   0.037197068413715   0.034084833369545   0.032460774289170   
0.034004219019227   0.034193581384221   0.034546821120229   0.034710452687470   0.032460774289170   0.034084833369545   0.037197068413715   0.038685244377508   
1.000000000000000   0.999973593925520   0.999973593925520   1.000000000000000   1.000000000000000   0.998097349045873   0.998097349045873   1.000000000000000   
PATCH 19 
2 1 
4 2 
0.000000000000000   0.000000000000000   0.000000000000000   0.500000000000000   1.000000000000000   1.000000000000000   1.000000000000000   
0.000000000000000   0.000000000000000   1.000000000000000   1.000000000000000   
0.000000000000000   0.002178893568691   0.006520098010365   0.008682408883347   0.000000000000000   0.002200682504378   0.006585298990468   0.008769232972180   
0.050000000000000   0.049904867452294   0.049525061277599   0.049240387650610   0.050500000000000   0.050403916126817   0.050020311890375   0.049732791527117   
1.000000000000000   0.998097349045873   0.998097349045873   1.000000000000000   1.000000000000000   0.998097349045873   0.998097349045873   1.000000000000000   
PATCH 20 
2 1 
4 2 
0.000000000000000   0.000000000000000   0.000000000000000   0.500000000000000   1.000000000000000   1.000000000000000   1.000000000000000   
0.000000000000000   0.000000000000000   1.000000000000000   1.000000000000000   
0.003220717397311   0.004381998680019   0.006704561245435   0.007865842528142   0.000000000000000   0.002178893568691   0.006520098010365   0.008682408883347   
0.048337946042509   0.048206628324854   0.047943992889545   0.047812675171891   0.050000000000000   0.049904867452294   0.049525061277599   0.049240387650610   
1.000000000000000   1.000000000000000   1.000000000000000   1.000000000000000   1.000000000000000   0.998097349045873   0.998097349045873   1.000000000000000   
PATCH 21 
2 1 
13 2 
0.000000000000000   0.000000000000000   0.000000000000000   0.125000000000000   0.125000000000000   0.250000000000000   0.250000000000000   0.500000000000000   0.500000000000000   0.625000000000000   0.625000000000000   0.750000000000000   0.750000000000000   1.000000000000000   1.000000000000000   1.000000000000000   
0.000000000000000   0.000000000000000   1.000000000000000   1.000000000000000   
0.007865842528142   0.007257143365600   0.008006820329149   0.007351560422429   0.008038109515417   0.007581165786012   0.007124222056608   0.007000368264475   0.007001090536951   0.007001812809428   0.007127111146513   0.007195862221289   0.007264613296066   0.008682408883347   0.009214726804819   0.009638041523715   0.010186187841029   0.010689590571862   0.011740433359943   0.012806333072596   0.013328011488886   0.013863285854387   0.014407674798269   0.014948896999977   0.015997549776046   0.017061580508602   
0.047812675171891   0.043608684710709   0.047729197581217   0.043474786734992   0.047568373965588   0.045615566237936   0.043662758510284   0.042914477092271   0.042888957785870   0.042863438479468   0.043560681284679   0.043327270028562   0.043093858772445   0.049240387650610   0.049122375608591   0.048458309438456   0.048446356128506   0.048222368717516   0.047981350120296   0.047793885685579   0.047654090413371   0.047560479549343   0.047492852074863   0.047408409270970   0.047125653484266   0.046876307187591   
1.000000000000000   0.912266242246352   1.000000000000000   0.912266242246352   1.000000000000000   1.000000000000000   1.000000000000000   0.983431570216128   0.983431570216128   0.983431570216128   1.000000000000000   1.000000000000000   1.000000000000000   1.000000000000000   0.999524337261468   0.999167590207569   0.998810843153671   0.998573011784405   0.998097349045873   0.998097349045873   0.998097349045873   0.998216264730506   0.998335180415139   0.998573011784404   0.999048674522936   1.000000000000000   
PATCH 22 
2 2 
13 4 
0.000000000000000   0.000000000000000   0.000000000000000   0.250000000000000   0.250000000000000   0.375000000000000   0.375000000000000   0.500000000000000   0.500000000000000   0.750000000000000   0.750000000000000   0.875000000000000   0.875000000000000   1.000000000000000   1.000000000000000   1.000000000000000   
0.000000000000000   0.000000000000000   0.000000000000000   0.500000000000000   1.000000000000000   1.000000000000000   1.000000000000000   
0.004306959379975   0.003765270379450   0.003223581378925   0.003213882104933   0.003212090650126   0.003210299195319   0.003216415559698   0.003107821839364   0.002999228119029   0.002697753162252   0.003057773190173   0.002820485082655   0.003220717397311   0.005046372858997   0.004622918339910   0.004199463820822   0.004160864781057   0.004159340621832   0.004157816462608   0.004193367183926   0.004226157826026   0.004258948468126   0.003861204977296   0.004295034974917   0.003929649653391   0.004381998680019   0.006525199817043   0.006338214260829   0.006151228704616   0.006054830133304   0.006053840565245   0.006052850997186   0.006147270432380   0.006462829799350   0.006778389166320   0.006188108607384   0.006769558544405   0.006147978794863   0.006704561245435   0.007264613296066   0.007195862221289   0.007127111146513   0.007001812809428   0.007001090536951   0.007000368264475   0.007124222056608   0.007581165786012   0.008038109515417   0.007351560422429   0.008006820329149   0.007257143365600   0.007865842528142   
0.042222684481489   0.044061729332030   0.045900774182571   0.045809242344744   0.045818417220610   0.045827592096475   0.045937473686034   0.047028438181581   0.048119402677127   0.043505344643290   0.048281577565651   0.043626444170692   0.048337946042509   0.042440478054228   0.043878114506163   0.045315750958098   0.045072791378425   0.045086052361925   0.045099313345424   0.045368794892097   0.046675220195670   0.047981645499242   0.043497705166215   0.048143482569543   0.043622004305696   0.048206628324854   0.042876065199706   0.043510884854429   0.044145704509152   0.043599889445787   0.043621322644555   0.043642755843322   0.044231437304222   0.045968784223847   0.047706131143473   0.043482426212067   0.047867292577325   0.043613124575705   0.047943992889545   0.043093858772445   0.043327270028562   0.043560681284679   0.042863438479468   0.042888957785870   0.042914477092271   0.043662758510284   0.045615566237936   0.047568373965588   0.043474786734992   0.047729197581217   0.043608684710709   0.047812675171891   
1.000000000000000   1.000000000000000   1.000000000000000   0.997810514717247   0.997810514717247   0.997810514717247   1.000000000000000   1.000000000000000   1.000000000000000   0.902329555154900   1.000000000000000   0.902329555154900   1.000000000000000   1.000000000000000   1.000000000000000   1.000000000000000   0.994215778591967   0.994215778591967   0.994215778591967   1.000000000000000   1.000000000000000   1.000000000000000   0.904813726927763   1.000000000000000   0.904813726927763   1.000000000000000   1.000000000000000   1.000000000000000   1.000000000000000   0.987026306341408   0.987026306341408   0.987026306341408   1.000000000000000   1.000000000000000   1.000000000000000   0.909782070473489   1.000000000000000   0.909782070473489   1.000000000000000   1.000000000000000   1.000000000000000   1.000000000000000   0.983431570216128   0.983431570216128   0.983431570216128   1.000000000000000   1.000000000000000   1.000000000000000   0.912266242246352   1.000000000000000   0.912266242246352   1.000000000000000   
PATCH 23 
2 1 
13 2 
0.000000000000000   0.000000000000000   0.000000000000000   0.125000000000000   0.125000000000000   0.250000000000000   0.250000000000000   0.500000000000000   0.500000000000000   0.625000000000000   0.625000000000000   0.750000000000000   0.750000000000000   1.000000000000000   1.000000000000000   1.000000000000000   
0.000000000000000   0.000000000000000   1.000000000000000   1.000000000000000   
0.008682408883347   0.009214726804819   0.009638041523715   0.010186187841029   0.010689590571862   0.011740433359943   0.012806333072596   0.013328011488886   0.013863285854387   0.014407674798269   0.014948896999977   0.015997549776046   0.017061580508602   0.008769232972180   0.009306874072867   0.009842960902535   0.010379047732203   0.010913580290852   0.011982645408149   0.013045493441370   0.013576917457981   0.014106787203572   0.014636656949163   0.015164972423735   0.016221603372879   0.017272017237946   
0.049240387650610   0.049122375608591   0.048458309438456   0.048446356128506   0.048222368717516   0.047981350120296   0.047793885685579   0.047654090413371   0.047560479549343   0.047492852074863   0.047408409270970   0.047125653484266   0.046876307187591   0.049732791527117   0.049613599364677   0.049488606583825   0.049363613802972   0.049232820403708   0.048971233605179   0.048686444333000   0.048544049696911   0.048395854442409   0.048247659187908   0.048093663314994   0.047785671569166   0.047454477349688   
1.000000000000000   0.999524337261468   0.999167590207569   0.998810843153671   0.998573011784405   0.998097349045873   0.998097349045873   0.998097349045873   0.998216264730506   0.998335180415139   0.998573011784404   0.999048674522936   1.000000000000000   1.000000000000000   0.999524337261468   0.999167590207569   0.998810843153671   0.998573011784405   0.998097349045873   0.998097349045873   0.998097349045873   0.998216264730506   0.998335180415139   0.998573011784404   0.999048674522936   1.000000000000000   
PATCH 24 
2 1 
6 2 
0.000000000000000   0.000000000000000   0.000000000000000   0.250000000000000   0.500000000000000   0.750000000000000   1.000000000000000   1.000000000000000   1.000000000000000   
0.000000000000000   0.000000000000000   1.000000000000000   1.000000000000000   
0.017061580508602   0.018102049619003   0.020096921857441   0.022005442375455   0.023977752109597   0.024995454202774   0.017272017237946   0.018289568482936   0.020304367573183   0.022298863263696   0.024273055554476   0.025250000000000   
0.046876307187591   0.046550775034386   0.045675016451406   0.044621454256418   0.043704594137245   0.043293396637466   0.047454477349688   0.047032993823604   0.046146485990198   0.045216437375554   0.044242847979673   0.043734282891114   
1.000000000000000   0.999048674522936   0.998097349045873   0.998097349045873   0.999048674522936   1.000000000000000   1.000000000000000   0.999048674522936   0.998097349045873   0.998097349045873   0.999048674522936   1.000000000000000   
PATCH 25 
2 1 
6 2 
0.000000000000000   0.000000000000000   0.000000000000000   0.250000000000000   0.500000000000000   0.750000000000000   1.000000000000000   1.000000000000000   1.000000000000000   
0.000000000000000   0.000000000000000   1.000000000000000   1.000000000000000   
0.017061580508602   0.018102049619003   0.020096921857441   0.022005442375455   0.023977752109597   0.024995454202774   0.007264613296066   0.008160524170195   0.009952345918452   0.011744167666709   0.013535989414966   0.014431900289095   
0.046876307187591   0.046550775034386   0.045675016451406   0.044621454256418   0.043704594137245   0.043293396637466   0.043093858772445   0.040052223668143   0.033968953459539   0.027885683250936   0.021802413042332   0.018760777938030   
1.000000000000000   0.999048674522936   0.998097349045873   0.998097349045873   0.999048674522936   1.000000000000000   1.000000000000000   1.000000000000000   1.000000000000000   1.000000000000000   1.000000000000000   1.000000000000000   
PATCH 26 
2 1 
13 2 
0.000000000000000   0.000000000000000   0.000000000000000   0.250000000000000   0.250000000000000   0.375000000000000   0.375000000000000   0.500000000000000   0.500000000000000   0.750000000000000   0.750000000000000   0.875000000000000   0.875000000000000   1.000000000000000   1.000000000000000   1.000000000000000   
0.000000000000000   0.000000000000000   1.000000000000000   1.000000000000000   
0.024995454202774   0.026303429055879   0.027583497175380   0.028197399146844   0.028766974762597   0.029413040040369   0.030096353368778   0.031045671542687   0.031826762951812   0.032344942256298   0.032851254537893   0.033435543237229   0.034004219019227   0.014431900289095   0.014565745090996   0.014699589892897   0.014589415962600   0.014597302256699   0.014605188550797   0.014731135069291   0.015177391065034   0.015623647060778   0.013758938723882   0.013754217687487   0.013749496651092   0.015604762915197   
0.043293396637466   0.042423731211813   0.041517723764436   0.041026570358231   0.040476146395834   0.040035491318943   0.039642472768130   0.038326242834618   0.036856147965510   0.036287354798295   0.035709367201016   0.035218923537371   0.034710452687470   0.018760777938030   0.018306372193278   0.017851966448526   0.017695200950850   0.017679430416785   0.017663659882720   0.017788884312265   0.017190704313835   0.016592524315405   0.014518193207143   0.014452939973000   0.014387686738857   0.016331511378833   
1.000000000000000   0.998025626018778   0.997038439028167   0.996544845532861   0.996298048785208   0.996051252037556   0.996051252037556   0.996051252037556   0.997038439028167   0.997532032523472   0.998272422766431   0.999012813009389   1.000000000000000   1.000000000000000   1.000000000000000   1.000000000000000   0.992166044660926   0.992166044660926   0.992166044660926   1.000000000000000   1.000000000000000   1.000000000000000   0.878144392039409   0.878144392039409   0.878144392039409   1.000000000000000   
PATCH 27 
2 2 
6 4 
0.000000000000000   0.000000000000000   0.000000000000000   0.250000000000000   0.500000000000000   0.750000000000000   1.000000000000000   1.000000000000000   1.000000000000000   
0.000000000000000   0.000000000000000   0.000000000000000   0.500000000000000   1.000000000000000   1.000000000000000   1.000000000000000   
0.011474246373004   0.010578335498875   0.008786513750618   0.006994692002360   0.005202870254103   0.004306959379975   0.012213659852026   0.011317748977898   0.009525927229641   0.007734105481383   0.005942283733126   0.005046372858997   0.013692486810072   0.012796575935943   0.011004754187686   0.009212932439429   0.007421110691172   0.006525199817043   0.014431900289095   0.013535989414966   0.011744167666709   0.009952345918452   0.008160524170195   0.007264613296066   
0.017889603647074   0.020931238751376   0.027014508959980   0.033097779168584   0.039181049377188   0.042222684481489   0.018107397219813   0.021149032324115   0.027232302532719   0.033315572741323   0.039398842949926   0.042440478054228   0.018542984365291   0.021584619469593   0.027667889678197   0.033751159886800   0.039834430095404   0.042876065199706   0.018760777938030   0.021802413042332   0.027885683250936   0.033968953459539   0.040052223668143   0.043093858772445   
1.000000000000000   1.000000000000000   1.000000000000000   1.000000000000000   1.000000000000000   1.000000000000000   1.000000000000000   1.000000000000000   1.000000000000000   1.000000000000000   1.000000000000000   1.000000000000000   1.000000000000000   1.000000000000000   1.000000000000000   1.000000000000000   1.000000000000000   1.000000000000000   1.000000000000000   1.000000000000000   1.000000000000000   1.000000000000000   1.000000000000000   1.000000000000000   
PATCH 28 
2 2 
13 4 
0.000000000000000   0.000000000000000   0.000000000000000   0.250000000000000   0.250000000000000   0.375000000000000   0.375000000000000   0.500000000000000   0.500000000000000   0.750000000000000   0.750000000000000   0.875000000000000   0.875000000000000   1.000000000000000   1.000000000000000   1.000000000000000   
0.000000000000000   0.000000000000000   0.000000000000000   0.500000000000000   1.000000000000000   1.000000000000000   1.000000000000000   
0.011474246373004   0.011636541400426   0.011798836427848   0.011792087808031   0.011793310875882   0.011794533943733   0.011803728699252   0.012096706113495   0.012389683527739   0.010620615692097   0.012526875563719   0.010818207793287   0.012727847833592   0.012213659852026   0.012368842323068   0.012524024794110   0.012491419846674   0.012494308721086   0.012497197595499   0.012535580291762   0.012866877351380   0.013198174410998   0.011405196450044   0.012833711094661   0.011551030007738   0.013447076603993   0.013692486810072   0.013833444168353   0.013974401526635   0.013890083923958   0.013896304411495   0.013902524899031   0.013999283476781   0.014407219827150   0.014815156177518   0.012974357965936   0.013447382156545   0.013016674436641   0.014885534144796   0.014431900289095   0.014565745090996   0.014699589892897   0.014589415962600   0.014597302256699   0.014605188550797   0.014731135069291   0.015177391065034   0.015623647060778   0.013758938723882   0.013754217687487   0.013749496651092   0.015604762915197   
0.017889603647074   0.017338608825026   0.016787614002978   0.016770818970834   0.016765678446636   0.016760537922438   0.016767051906185   0.015163561106185   0.013560070306184   0.011501725291551   0.013405089162439   0.011440095986832   0.013454596297227   0.018107397219813   0.017580549667089   0.017053702114365   0.017001914465838   0.016994116439173   0.016986318412508   0.017022510007705   0.015670346908097   0.014318183808489   0.012255842270449   0.013667051865079   0.012176993674838   0.014173825067629   0.018542984365291   0.018064431351215   0.017585878337139   0.017464105455846   0.017450992424248   0.017437879392649   0.017533426210745   0.016683918511922   0.015834410813100   0.013764076228245   0.014190977270360   0.013650789050851   0.015612282608432   0.018760777938030   0.018306372193278   0.017851966448526   0.017695200950850   0.017679430416785   0.017663659882720   0.017788884312265   0.017190704313835   0.016592524315405   0.014518193207143   0.014452939973000   0.014387686738857   0.016331511378833   
1.000000000000000   1.000000000000000   1.000000000000000   0.999301489983739   0.999301489983739   0.999301489983739   1.000000000000000   1.000000000000000   1.000000000000000   0.855713117621973   1.000000000000000   0.855713117621973   1.000000000000000   1.000000000000000   1.000000000000000   1.000000000000000   0.997517628653036   0.997517628653036   0.997517628653036   1.000000000000000   1.000000000000000   1.000000000000000   0.861320936226332   0.969536098009852   0.861320936226332   1.000000000000000   1.000000000000000   1.000000000000000   1.000000000000000   0.993949905991629   0.993949905991629   0.993949905991629   1.000000000000000   1.000000000000000   1.000000000000000   0.872536573435050   0.908608294029557   0.872536573435050   1.000000000000000   1.000000000000000   1.000000000000000   1.000000000000000   0.992166044660926   0.992166044660926   0.992166044660926   1.000000000000000   1.000000000000000   1.000000000000000   0.878144392039409   0.878144392039409   0.878144392039409   1.000000000000000   
PATCH 29 
2 1 
13 2 
0.000000000000000   0.000000000000000   0.000000000000000   0.250000000000000   0.250000000000000   0.375000000000000   0.375000000000000   0.500000000000000   0.500000000000000   0.750000000000000   0.750000000000000   0.875000000000000   0.875000000000000   1.000000000000000   1.000000000000000   1.000000000000000   
0.000000000000000   0.000000000000000   1.000000000000000   1.000000000000000   
0.024995454202774   0.026303429055879   0.027583497175380   0.028197399146844   0.028766974762597   0.029413040040369   0.030096353368778   0.031045671542687   0.031826762951812   0.032344942256298   0.032851254537893   0.033435543237229   0.034004219019227   0.025250000000000   0.026178902508932   0.027094027156471   0.027551589480241   0.028005707338662   0.028459825197083   0.028910498590156   0.029811845376303   0.030699414301056   0.031143198763433   0.031583538760461   0.032023878757490   0.032460774289170   
0.043293396637466   0.042423731211813   0.041517723764436   0.041026570358231   0.040476146395834   0.040035491318943   0.039642472768130   0.038326242834618   0.036856147965510   0.036287354798295   0.035709367201016   0.035218923537371   0.034710452687470   0.043734282891114   0.043142506727484   0.042531053738569   0.042225327244111   0.041914681543332   0.041604035842553   0.041288470935453   0.040657341121252   0.040006534481766   0.039681131162023   0.039350808635958   0.039020486109894   0.038685244377508   
1.000000000000000   0.998025626018778   0.997038439028167   0.996544845532861   0.996298048785208   0.996051252037556   0.996051252037556   0.996051252037556   0.997038439028167   0.997532032523472   0.998272422766431   0.999012813009389   1.000000000000000   1.000000000000000   0.999048674522937   0.998573011784405   0.998335180415139   0.998216264730506   0.998097349045873   0.998097349045873   0.998097349045873   0.998573011784405   0.998810843153671   0.999167590207569   0.999524337261468   1.000000000000000   
PATCH 30 
2 1 
6 2 
0.000000000000000   0.000000000000000   0.000000000000000   0.250000000000000   0.500000000000000   0.750000000000000   1.000000000000000   1.000000000000000   1.000000000000000   
0.000000000000000   0.000000000000000   1.000000000000000   1.000000000000000   
0.011474246373004   0.010578335498875   0.008786513750618   0.006994692002360   0.005202870254103   0.004306959379975   0.000000000000000   0.000000000000000   0.000000000000000   0.000000000000000   0.000000000000000   0.000000000000000   
0.017889603647074   0.020931238751376   0.027014508959980   0.033097779168584   0.039181049377188   0.042222684481489   0.014550000000000   0.018009085560186   0.024927256680559   0.031845427800931   0.038763598921303   0.042222684481489   
1.000000000000000   1.000000000000000   1.000000000000000   1.000000000000000   1.000000000000000   1.000000000000000   1.000000000000000   1.000000000000000   1.000000000000000   1.000000000000000   1.000000000000000   1.000000000000000   
PATCH 31 
2 1 
13 2 
0.000000000000000   0.000000000000000   0.000000000000000   0.250000000000000   0.250000000000000   0.375000000000000   0.375000000000000   0.500000000000000   0.500000000000000   0.750000000000000   0.750000000000000   0.875000000000000   0.875000000000000   1.000000000000000   1.000000000000000   1.000000000000000   
0.000000000000000   0.000000000000000   1.000000000000000   1.000000000000000   
0.004306959379975   0.003765270379450   0.003223581378925   0.003213882104933   0.003212090650126   0.003210299195319   0.003216415559698   0.003107821839364   0.002999228119029   0.002697753162252   0.003057773190173   0.002820485082655   0.003220717397311   0.000000000000000   0.000000000000000   0.000000000000000   0.000000000000000   0.000000000000000   0.000000000000000   0.000000000000000   0.000000000000000   0.000000000000000   0.000000000000000   0.000000000000000   0.000000000000000   0.000000000000000   
0.042222684481489   0.044061729332030   0.045900774182571   0.045809242344744   0.045818417220610   0.045827592096475   0.045937473686034   0.047028438181581   0.048119402677127   0.043505344643290   0.048281577565651   0.043626444170692   0.048337946042509   0.042222684481489   0.043194848921303   0.044167013361117   0.044653095581024   0.045139177800931   0.045625260020838   0.046111342240745   0.047083506680559   0.048055671120372   0.048541753340279   0.049027835560186   0.049513917780093   0.050000000000000   
1.000000000000000   1.000000000000000   1.000000000000000   0.997810514717247   0.997810514717247   0.997810514717247   1.000000000000000   1.000000000000000   1.000000000000000   0.902329555154900   1.000000000000000   0.902329555154900   1.000000000000000   1.000000000000000   1.000000000000000   1.000000000000000   1.000000000000000   1.000000000000000   1.000000000000000   1.000000000000000   1.000000000000000   1.000000000000000   1.000000000000000   1.000000000000000   1.000000000000000   1.000000000000000   
PATCH 32 
2 1 
13 2 
0.000000000000000   0.000000000000000   0.000000000000000   0.250000000000000   0.250000000000000   0.375000000000000   0.375000000000000   0.500000000000000   0.500000000000000   0.750000000000000   0.750000000000000   0.875000000000000   0.875000000000000   1.000000000000000   1.000000000000000   1.000000000000000   
0.000000000000000   0.000000000000000   1.000000000000000   1.000000000000000   
0.000000000000000   0.001374723483848   0.002698467975556   0.003360340221411   0.004009467719230   0.004658595217050   0.005294977966834   0.006567743466404   0.007789529973834   0.008400423227549   0.008998571733230   0.009596720238910   0.010182123996555   0.011474246373004   0.011636541400426   0.011798836427848   0.011792087808031   0.011793310875882   0.011794533943733   0.011803728699252   0.012096706113495   0.012389683527739   0.010620615692097   0.012526875563719   0.010818207793287   0.012727847833592   
0.014550000000000   0.014280220533678   0.013885555589927   0.013688223118052   0.013459669276819   0.013231115435586   0.012971340224996   0.012451789803816   0.011807353905207   0.011485135955902   0.011131696637240   0.010778257318578   0.010393596630559   0.017889603647074   0.017338608825026   0.016787614002978   0.016770818970834   0.016765678446636   0.016760537922438   0.016767051906185   0.015163561106185   0.013560070306184   0.011501725291551   0.013405089162439   0.011440095986832   0.013454596297227   
1.000000000000000   0.981458455922896   0.972187683884345   0.967552297865069   0.965234604855431   0.962916911845793   0.962916911845793   0.962916911845793   0.972187683884345   0.976823069903620   0.983776148932534   0.990729227961448   1.000000000000000   1.000000000000000   1.000000000000000   1.000000000000000   0.999301489983739   0.999301489983739   0.999301489983739   1.000000000000000   1.000000000000000   1.000000000000000   0.855713117621973   1.000000000000000   0.855713117621973   1.000000000000000   
INTERFACE 1 
1 2 
5 1 
1 
INTERFACE 2 
1 3 
2 4 
1 
INTERFACE 3 
2 1 
13 2 
1 
INTERFACE 4 
2 2 
3 1 
1 
INTERFACE 5 
2 3 
4 2 
1 
INTERFACE 6 
3 2 
7 1 
-1 
INTERFACE 7 
3 3 
4 4 
-1 
INTERFACE 8 
3 4 
5 3 
1 
INTERFACE 9 
4 1 
9 2 
1 
INTERFACE 10 
4 3 
13 3 
1 
INTERFACE 11 
5 2 
6 1 
1 
INTERFACE 12 
6 2 
11 1 
1 
INTERFACE 13 
6 3 
7 3 
1 
INTERFACE 14 
7 2 
8 1 
1 
INTERFACE 15 
7 4 
9 4 
-1 
INTERFACE 16 
8 2 
15 1 
1 
INTERFACE 17 
8 3 
11 3 
1 
INTERFACE 18 
8 4 
10 4 
1 
INTERFACE 19 
9 1 
10 1 
1 
INTERFACE 20 
9 3 
12 3 
1 
INTERFACE 21 
10 2 
16 3 
1 
INTERFACE 22 
10 3 
14 4 
1 
INTERFACE 23 
11 2 
18 1 
1 
INTERFACE 24 
12 1 
14 1 
-1 
INTERFACE 25 
12 2 
13 1 
1 
INTERFACE 26 
14 2 
17 1 
-1 
INTERFACE 27 
15 2 
26 2 
1 
INTERFACE 28 
15 3 
18 3 
1 
INTERFACE 29 
15 4 
16 2 
1 
INTERFACE 30 
16 1 
17 3 
1 
INTERFACE 31 
16 4 
28 2 
1 
INTERFACE 32 
17 2 
32 2 
-1 
INTERFACE 33 
18 2 
29 2 
1 
INTERFACE 34 
19 2 
23 1 
1 
INTERFACE 35 
19 3 
20 4 
1 
INTERFACE 36 
20 1 
31 2 
1 
INTERFACE 37 
20 2 
21 1 
1 
INTERFACE 38 
20 3 
22 2 
1 
INTERFACE 39 
21 2 
25 1 
-1 
INTERFACE 40 
21 3 
22 4 
-1 
INTERFACE 41 
21 4 
23 3 
1 
INTERFACE 42 
22 1 
27 2 
1 
INTERFACE 43 
22 3 
31 3 
1 
INTERFACE 44 
23 2 
24 1 
1 
INTERFACE 45 
24 2 
29 1 
1 
INTERFACE 46 
24 3 
25 3 
1 
INTERFACE 47 
25 2 
26 1 
1 
INTERFACE 48 
25 4 
27 4 
-1 
INTERFACE 49 
26 3 
29 3 
1 
INTERFACE 50 
26 4 
28 4 
1 
INTERFACE 51 
27 1 
28 1 
1 
INTERFACE 52 
27 3 
30 3 
1 
INTERFACE 53 
28 3 
32 4 
1 
INTERFACE 54 
30 1 
32 1 
-1 
INTERFACE 55 
30 2 
31 1 
1 
BOUNDARY 1 
1 
1 1 
BOUNDARY 2 
1 
1 4 
BOUNDARY 3 
1 
5 4 
BOUNDARY 4 
1 
6 4 
BOUNDARY 5 
1 
11 4 
BOUNDARY 6 
1 
12 4 
BOUNDARY 7 
1 
13 4 
BOUNDARY 8 
1 
14 3 
BOUNDARY 9 
1 
17 4 
BOUNDARY 10 
1 
18 4 
BOUNDARY 11 
1 
19 1 
BOUNDARY 12 
1 
19 4 
BOUNDARY 13 
1 
23 4 
BOUNDARY 14 
1 
24 4 
BOUNDARY 15 
1 
29 4 
BOUNDARY 16 
1 
30 4 
BOUNDARY 17 
1 
31 4 
BOUNDARY 18 
1 
32 3 
