# nurbs mesh v.2.1
#
# 14-Jul-2024
#
2 2 32 55 0 
PATCH 1 
2 1 
4 2 
0.000000000000000   0.000000000000000   0.000000000000000   0.500000000000000   1.000000000000000   1.000000000000000   1.000000000000000   
0.000000000000000   0.000000000000000   1.000000000000000   1.000000000000000   
0.050000000000000   0.049904867452294   0.049525061277599   0.049240387650610   0.050500000000000   0.050403916126817   0.050020311890375   0.049732791527117   
0.000000000000000   0.002178893568691   0.006520098010365   0.008682408883347   0.000000000000000   0.002200682504378   0.006585298990468   0.008769232972180   
1.000000000000000   0.998097349045873   0.998097349045873   1.000000000000000   1.000000000000000   0.998097349045873   0.998097349045873   1.000000000000000   
PATCH 2 
2 1 
4 2 
0.000000000000000   0.000000000000000   0.000000000000000   0.500000000000000   1.000000000000000   1.000000000000000   1.000000000000000   
0.000000000000000   0.000000000000000   1.000000000000000   1.000000000000000   
0.048306680572634   0.048178963451813   0.047923529210172   0.047795812089351   0.050000000000000   0.049904867452294   0.049525061277599   0.049240387650610   
0.003831906943997   0.004863435694013   0.006926493194046   0.007958021944062   0.000000000000000   0.002178893568691   0.006520098010365   0.008682408883347   
1.000000000000000   1.000000000000000   1.000000000000000   1.000000000000000   1.000000000000000   0.998097349045873   0.998097349045873   1.000000000000000   
PATCH 3 
2 1 
13 2 
0.000000000000000   0.000000000000000   0.000000000000000   0.125000000000000   0.125000000000000   0.250000000000000   0.250000000000000   0.500000000000000   0.500000000000000   0.625000000000000   0.625000000000000   0.750000000000000   0.750000000000000   1.000000000000000   1.000000000000000   1.000000000000000   
0.000000000000000   0.000000000000000   1.000000000000000   1.000000000000000   
0.047795812089351   0.043844498523279   0.047715105566337   0.043715941521937   0.047559901312779   0.046489079496880   0.045418257680982   0.044665417976774   0.044640352138585   0.044615286300395   0.045317994328224   0.045082585951953   0.044847177575683   0.049240387650610   0.049122375608591   0.048281533560682   0.048255489279056   0.048041062079783   0.047670772546727   0.047371896244357   0.047279525161214   0.047230809928739   0.047221385091743   0.047172716434217   0.046928003500369   0.046629852520896   
0.007958021944062   0.007380682664186   0.008095089614333   0.007474353291902   0.008129913869790   0.007925925619285   0.007721937368781   0.007593435468124   0.007595084120642   0.007596732773161   0.007728531978854   0.007806438826946   0.007884345675038   0.008682408883347   0.009214726804819   0.009602881955209   0.010146056740643   0.010649399810254   0.011664438930931   0.012693261342606   0.013223252171464   0.013767191276888   0.014325321184191   0.014874577949951   0.015930454357270   0.016971878345829   
1.000000000000000   0.917533755882432   1.000000000000000   0.917533755882432   1.000000000000000   1.000000000000000   1.000000000000000   0.983967604823152   0.983967604823152   0.983967604823152   1.000000000000000   1.000000000000000   1.000000000000000   1.000000000000000   0.999524337261468   0.999167590207569   0.998810843153671   0.998573011784405   0.998097349045873   0.998097349045873   0.998097349045873   0.998216264730506   0.998335180415139   0.998573011784404   0.999048674522936   1.000000000000000   
PATCH 4 
2 2 
13 4 
0.000000000000000   0.000000000000000   0.000000000000000   0.250000000000000   0.250000000000000   0.375000000000000   0.375000000000000   0.500000000000000   0.500000000000000   0.750000000000000   0.750000000000000   0.875000000000000   0.875000000000000   1.000000000000000   1.000000000000000   1.000000000000000   
0.000000000000000   0.000000000000000   0.000000000000000   0.500000000000000   1.000000000000000   1.000000000000000   1.000000000000000   
0.043833962325298   0.045491809748995   0.047149657172691   0.047041786316615   0.047051511112069   0.047061235907524   0.047188556354509   0.047636407340174   0.048084258325839   0.043311067661476   0.048249844286777   0.043434783535213   0.048306680572634   0.044087266137894   0.045389503799734   0.046691741461574   0.046435161312560   0.046448721368698   0.046462281424836   0.046745981686127   0.047349575379351   0.047953169072574   0.043412286126591   0.048116159606667   0.043537212282229   0.048178963451813   0.044593873763087   0.045184891901214   0.045775910039341   0.045221911304450   0.045243141881956   0.045264372459461   0.045860832349364   0.046775911457704   0.047690990566044   0.043614723056822   0.047848790246447   0.043742069776262   0.047923529210172   0.044847177575683   0.045082585951953   0.045317994328224   0.044615286300395   0.044640352138585   0.044665417976774   0.045418257680982   0.046489079496880   0.047559901312779   0.043715941521937   0.047715105566337   0.043844498523279   0.047795812089351   
0.004822748873888   0.004274095213201   0.003725441552513   0.003713040184265   0.003710867701898   0.003708695219532   0.003716751623047   0.003662760621784   0.003608769620521   0.003233521031813   0.003666137696958   0.003357634646052   0.003831906943997   0.005588148074176   0.005157181116637   0.004726214159098   0.004683963331489   0.004681921806584   0.004679880281680   0.004718048059480   0.004728551871159   0.004739055682838   0.004293729096835   0.004773375676302   0.004363396650586   0.004863435694013   0.007118946474750   0.006923352923510   0.006727759372269   0.006625809625937   0.006624030015956   0.006622250405976   0.006720640932347   0.006860134369910   0.006999627807473   0.006414145226880   0.006987851634990   0.006374920659653   0.006926493194046   0.007884345675038   0.007806438826946   0.007728531978854   0.007596732773161   0.007595084120642   0.007593435468124   0.007721937368781   0.007925925619285   0.008129913869790   0.007474353291902   0.008095089614333   0.007380682664186   0.007958021944062   
1.000000000000000   1.000000000000000   1.000000000000000   0.997511524332189   0.997511524332189   0.997511524332189   1.000000000000000   1.000000000000000   1.000000000000000   0.898923638811226   1.000000000000000   0.898923638811226   1.000000000000000   1.000000000000000   1.000000000000000   1.000000000000000   0.994125544454930   0.994125544454930   0.994125544454930   1.000000000000000   1.000000000000000   1.000000000000000   0.903576168079028   1.000000000000000   0.903576168079028   1.000000000000000   1.000000000000000   1.000000000000000   1.000000000000000   0.987353584700411   0.987353584700411   0.987353584700411   1.000000000000000   1.000000000000000   1.000000000000000   0.912881226614631   1.000000000000000   0.912881226614631   1.000000000000000   1.000000000000000   1.000000000000000   1.000000000000000   0.983967604823152   0.983967604823152   0.983967604823152   1.000000000000000   1.000000000000000   1.000000000000000   0.917533755882432   1.000000000000000   0.917533755882432   1.000000000000000   
PATCH 5 
2 1 
13 2 
0.000000000000000   0.000000000000000   0.000000000000000   0.125000000000000   0.125000000000000   0.250000000000000   0.250000000000000   0.500000000000000   0.500000000000000   0.625000000000000   0.625000000000000   0.750000000000000   0.750000000000000   1.000000000000000   1.000000000000000   1.000000000000000   
0.000000000000000   0.000000000000000   1.000000000000000   1.000000000000000   
0.049240387650610   0.049122375608591   0.048281533560682   0.048255489279056   0.048041062079783   0.047670772546727   0.047371896244357   0.047279525161214   0.047230809928739   0.047221385091743   0.047172716434217   0.046928003500369   0.046629852520896   0.049732791527117   0.049613599364677   0.049488606583825   0.049363613802972   0.049232820403708   0.048971233605179   0.048686444333000   0.048544049696911   0.048395854442409   0.048247659187908   0.048093663314994   0.047785671569166   0.047454477349688   
0.008682408883347   0.009214726804819   0.009602881955209   0.010146056740643   0.010649399810254   0.011664438930931   0.012693261342606   0.013223252171464   0.013767191276888   0.014325321184191   0.014874577949951   0.015930454357270   0.016971878345829   0.008769232972180   0.009306874072867   0.009842960902535   0.010379047732203   0.010913580290852   0.011982645408149   0.013045493441370   0.013576917457981   0.014106787203572   0.014636656949163   0.015164972423735   0.016221603372879   0.017272017237946   
1.000000000000000   0.999524337261468   0.999167590207569   0.998810843153671   0.998573011784405   0.998097349045873   0.998097349045873   0.998097349045873   0.998216264730506   0.998335180415139   0.998573011784404   0.999048674522936   1.000000000000000   1.000000000000000   0.999524337261468   0.999167590207569   0.998810843153671   0.998573011784405   0.998097349045873   0.998097349045873   0.998097349045873   0.998216264730506   0.998335180415139   0.998573011784404   0.999048674522936   1.000000000000000   
PATCH 6 
2 1 
6 2 
0.000000000000000   0.000000000000000   0.000000000000000   0.250000000000000   0.500000000000000   0.750000000000000   1.000000000000000   1.000000000000000   1.000000000000000   
0.000000000000000   0.000000000000000   1.000000000000000   1.000000000000000   
0.046629852520896   0.046316289775932   0.045531070068057   0.044430399173266   0.043679510851495   0.043292653983610   0.047454477349688   0.047032993823604   0.046146485990198   0.045216437375554   0.044242847979673   0.043734282891114   
0.016971878345829   0.018010866093481   0.020033585717849   0.021911221967517   0.023963990608783   0.024995025431370   0.017272017237946   0.018289568482936   0.020304367573183   0.022298863263696   0.024273055554476   0.025250000000000   
1.000000000000000   0.999048674522936   0.998097349045873   0.998097349045873   0.999048674522936   1.000000000000000   1.000000000000000   0.999048674522936   0.998097349045873   0.998097349045873   0.999048674522936   1.000000000000000   
PATCH 7 
2 1 
6 2 
0.000000000000000   0.000000000000000   0.000000000000000   0.250000000000000   0.500000000000000   0.750000000000000   1.000000000000000   1.000000000000000   1.000000000000000   
0.000000000000000   0.000000000000000   1.000000000000000   1.000000000000000   
0.046629852520896   0.046316289775932   0.045531070068057   0.044430399173266   0.043679510851495   0.043292653983610   0.044847177575683   0.041782186846526   0.035652205388213   0.029522223929899   0.023392242471586   0.020327251742429   
0.016971878345829   0.018010866093481   0.020033585717849   0.021911221967517   0.023963990608783   0.024995025431370   0.007884345675038   0.008898684123492   0.010927361020399   0.012956037917307   0.014984714814215   0.015999053262669   
1.000000000000000   0.999048674522936   0.998097349045873   0.998097349045873   0.999048674522936   1.000000000000000   1.000000000000000   1.000000000000000   1.000000000000000   1.000000000000000   1.000000000000000   1.000000000000000   
PATCH 8 
2 1 
13 2 
0.000000000000000   0.000000000000000   0.000000000000000   0.250000000000000   0.250000000000000   0.375000000000000   0.375000000000000   0.500000000000000   0.500000000000000   0.750000000000000   0.750000000000000   0.875000000000000   0.875000000000000   1.000000000000000   1.000000000000000   1.000000000000000   
0.000000000000000   0.000000000000000   1.000000000000000   1.000000000000000   
0.043292653983610   0.042424482251482   0.041518425464713   0.041050340110328   0.040560374706412   0.040057370346703   0.039643162548120   0.038341760797142   0.036745944704427   0.036232617818004   0.035700012609486   0.035230248836891   0.034735611031591   0.020327251742429   0.019886305985271   0.019445360228113   0.019324621819850   0.019311434674075   0.019298247528301   0.019392611645015   0.018773808335130   0.018155005025244   0.015963097911837   0.015898846176403   0.015834594440969   0.017897998083508   
0.024995025431370   0.026303993332532   0.027584164343554   0.028213989972756   0.028827145018453   0.029429477224125   0.030097297991264   0.031058775685014   0.031732243463945   0.032296860643268   0.032843421876869   0.033447136686381   0.034029777521012   0.015999053262669   0.016144981350122   0.016290909437575   0.016206151011221   0.016212814709521   0.016219478407821   0.016317564230775   0.016755781430973   0.017193998631171   0.015205220569912   0.015199771518563   0.015194322467215   0.017172202425777   
1.000000000000000   0.998025414769247   0.997038122153870   0.996544475846182   0.996297652692338   0.996050829538494   0.996050829538494   0.996050829538494   0.997038122153870   0.997531768461558   0.998272237923091   0.999012707384623   1.000000000000000   1.000000000000000   1.000000000000000   1.000000000000000   0.994512242297588   0.994512242297588   0.994512242297588   1.000000000000000   1.000000000000000   1.000000000000000   0.882165616360649   0.882165616360649   0.882165616360649   1.000000000000000   
PATCH 9 
2 2 
6 4 
0.000000000000000   0.000000000000000   0.000000000000000   0.250000000000000   0.500000000000000   0.750000000000000   1.000000000000000   1.000000000000000   1.000000000000000   
0.000000000000000   0.000000000000000   0.000000000000000   0.500000000000000   1.000000000000000   1.000000000000000   1.000000000000000   
0.019314036492045   0.022379027221201   0.028509008679515   0.034638990137828   0.040768971596141   0.043833962325298   0.019567340304641   0.022632331033797   0.028762312492111   0.034892293950424   0.041022275408738   0.044087266137894   0.020073947929833   0.023138938658990   0.029268920117303   0.035398901575616   0.041528883033930   0.044593873763087   0.020327251742429   0.023392242471586   0.029522223929899   0.035652205388213   0.041782186846526   0.044847177575683   
0.012937456461519   0.011923118013066   0.009894441116158   0.007865764219250   0.005837087322342   0.004822748873888   0.013702855661807   0.012688517213353   0.010659840316445   0.008631163419537   0.006602486522630   0.005588148074176   0.015233654062381   0.014219315613928   0.012190638717020   0.010161961820112   0.008133284923204   0.007118946474750   0.015999053262669   0.014984714814215   0.012956037917307   0.010927361020399   0.008898684123492   0.007884345675038   
1.000000000000000   1.000000000000000   1.000000000000000   1.000000000000000   1.000000000000000   1.000000000000000   1.000000000000000   1.000000000000000   1.000000000000000   1.000000000000000   1.000000000000000   1.000000000000000   1.000000000000000   1.000000000000000   1.000000000000000   1.000000000000000   1.000000000000000   1.000000000000000   1.000000000000000   1.000000000000000   1.000000000000000   1.000000000000000   1.000000000000000   1.000000000000000   
PATCH 10 
2 2 
13 4 
0.000000000000000   0.000000000000000   0.000000000000000   0.250000000000000   0.250000000000000   0.375000000000000   0.375000000000000   0.500000000000000   0.500000000000000   0.750000000000000   0.750000000000000   0.875000000000000   0.875000000000000   1.000000000000000   1.000000000000000   1.000000000000000   
0.000000000000000   0.000000000000000   0.000000000000000   0.500000000000000   1.000000000000000   1.000000000000000   1.000000000000000   
0.019314036492045   0.018909222431433   0.018504408370821   0.018373101759148   0.018357500088210   0.018341898417271   0.018442001687067   0.016437180570250   0.014432359453433   0.011893355232652   0.014247931634545   0.011808601442397   0.014291368415841   0.019567340304641   0.019153493319892   0.018739646335144   0.018610981774324   0.018595983734676   0.018580985695029   0.018679654176554   0.017021337511470   0.015363020846385   0.012910790902448   0.014660660270009   0.012815099692040   0.015193025832758   0.020073947929833   0.019642035096812   0.019210122263790   0.019086741804674   0.019072951027609   0.019059160250543   0.019154959155528   0.018189651393910   0.017224343632291   0.014945662242041   0.015486117540938   0.014828096191326   0.016996340666591   0.020327251742429   0.019886305985271   0.019445360228113   0.019324621819850   0.019311434674075   0.019298247528301   0.019392611645015   0.018773808335130   0.018155005025244   0.015963097911837   0.015898846176403   0.015834594440969   0.017897998083508   
0.012937456461519   0.013071427002522   0.013205397543525   0.013127366826820   0.013129898622378   0.013132430417936   0.013215524725757   0.013219838295283   0.013224151864808   0.010999669625321   0.013347813541099   0.011204907598415   0.013565572758110   0.013702855661807   0.013839815589422   0.013976775517037   0.013897062872920   0.013900627644164   0.013904192415407   0.013991034602012   0.014103824079205   0.014216613556399   0.012051057361468   0.013810803035465   0.012202261315615   0.014467230175027   0.015233654062381   0.015376592763222   0.015519531464063   0.015436454965121   0.015442085687735   0.015447716410350   0.015542054354521   0.015871795647051   0.016201536939581   0.014153832833764   0.014736782024197   0.014196968750015   0.016270545008860   0.015999053262669   0.016144981350122   0.016290909437575   0.016206151011221   0.016212814709521   0.016219478407821   0.016317564230775   0.016755781430973   0.017193998631171   0.015205220569912   0.015199771518563   0.015194322467215   0.017172202425777   
1.000000000000000   1.000000000000000   1.000000000000000   0.993714944962602   0.993714944962602   0.993714944962602   1.000000000000000   1.000000000000000   1.000000000000000   0.831768332520023   1.000000000000000   0.831768332520023   1.000000000000000   1.000000000000000   1.000000000000000   1.000000000000000   0.993914269296349   0.993914269296349   0.993914269296349   1.000000000000000   1.000000000000000   1.000000000000000   0.844367653480180   0.970541404090162   0.844367653480180   1.000000000000000   1.000000000000000   1.000000000000000   1.000000000000000   0.994312917963841   0.994312917963841   0.994312917963841   1.000000000000000   1.000000000000000   1.000000000000000   0.869566295400493   0.911624212270487   0.869566295400493   1.000000000000000   1.000000000000000   1.000000000000000   1.000000000000000   0.994512242297588   0.994512242297588   0.994512242297588   1.000000000000000   1.000000000000000   1.000000000000000   0.882165616360649   0.882165616360649   0.882165616360649   1.000000000000000   
PATCH 11 
2 1 
13 2 
0.000000000000000   0.000000000000000   0.000000000000000   0.250000000000000   0.250000000000000   0.375000000000000   0.375000000000000   0.500000000000000   0.500000000000000   0.750000000000000   0.750000000000000   0.875000000000000   0.875000000000000   1.000000000000000   1.000000000000000   1.000000000000000   
0.000000000000000   0.000000000000000   1.000000000000000   1.000000000000000   
0.043292653983610   0.042424482251482   0.041518425464713   0.041050340110328   0.040560374706412   0.040057370346703   0.039643162548120   0.038341760797142   0.036745944704427   0.036232617818004   0.035700012609486   0.035230248836891   0.034735611031591   0.043734282891114   0.043142506727484   0.042531053738569   0.042225327244111   0.041914681543332   0.041604035842553   0.041288470935453   0.040657341121252   0.040006534481766   0.039681131162023   0.039350808635958   0.039020486109894   0.038685244377508   
0.024995025431370   0.026303993332532   0.027584164343554   0.028213989972756   0.028827145018453   0.029429477224125   0.030097297991264   0.031058775685014   0.031732243463945   0.032296860643268   0.032843421876869   0.033447136686381   0.034029777521012   0.025250000000000   0.026178902508932   0.027094027156471   0.027551589480241   0.028005707338662   0.028459825197083   0.028910498590156   0.029811845376303   0.030699414301056   0.031143198763433   0.031583538760461   0.032023878757490   0.032460774289170   
1.000000000000000   0.998025414769247   0.997038122153870   0.996544475846182   0.996297652692338   0.996050829538494   0.996050829538494   0.996050829538494   0.997038122153870   0.997531768461558   0.998272237923091   0.999012707384623   1.000000000000000   1.000000000000000   0.999048674522937   0.998573011784405   0.998335180415139   0.998216264730506   0.998097349045873   0.998097349045873   0.998097349045873   0.998573011784405   0.998810843153671   0.999167590207569   0.999524337261468   1.000000000000000   
PATCH 12 
2 1 
6 2 
0.000000000000000   0.000000000000000   0.000000000000000   0.250000000000000   0.500000000000000   0.750000000000000   1.000000000000000   1.000000000000000   1.000000000000000   
0.000000000000000   0.000000000000000   1.000000000000000   1.000000000000000   
0.019314036492045   0.022379027221201   0.028509008679515   0.034638990137828   0.040768971596141   0.043833962325298   0.014550000000000   0.018210495290662   0.025531485871987   0.032852476453311   0.040173467034636   0.043833962325298   
0.012937456461519   0.011923118013066   0.009894441116158   0.007865764219250   0.005837087322342   0.004822748873888   0.000000000000000   0.000000000000000   0.000000000000000   0.000000000000000   0.000000000000000   0.000000000000000   
1.000000000000000   1.000000000000000   1.000000000000000   1.000000000000000   1.000000000000000   1.000000000000000   1.000000000000000   1.000000000000000   1.000000000000000   1.000000000000000   1.000000000000000   1.000000000000000   
PATCH 13 
2 1 
13 2 
0.000000000000000   0.000000000000000   0.000000000000000   0.250000000000000   0.250000000000000   0.375000000000000   0.375000000000000   0.500000000000000   0.500000000000000   0.750000000000000   0.750000000000000   0.875000000000000   0.875000000000000   1.000000000000000   1.000000000000000   1.000000000000000   
0.000000000000000   0.000000000000000   1.000000000000000   1.000000000000000   
0.043833962325298   0.045491809748995   0.047149657172691   0.047041786316615   0.047051511112069   0.047061235907524   0.047188556354509   0.047636407340174   0.048084258325839   0.043311067661476   0.048249844286777   0.043434783535213   0.048306680572634   0.043833962325298   0.044604717034636   0.045375471743974   0.045760849098642   0.046146226453311   0.046531603807980   0.046916981162649   0.047687735871987   0.048458490581325   0.048843867935993   0.049229245290662   0.049614622645331   0.050000000000000   
0.004822748873888   0.004274095213201   0.003725441552513   0.003713040184265   0.003710867701898   0.003708695219532   0.003716751623047   0.003662760621784   0.003608769620521   0.003233521031813   0.003666137696958   0.003357634646052   0.003831906943997   0.000000000000000   0.000000000000000   0.000000000000000   0.000000000000000   0.000000000000000   0.000000000000000   0.000000000000000   0.000000000000000   0.000000000000000   0.000000000000000   0.000000000000000   0.000000000000000   0.000000000000000   
1.000000000000000   1.000000000000000   1.000000000000000   0.997511524332189   0.997511524332189   0.997511524332189   1.000000000000000   1.000000000000000   1.000000000000000   0.898923638811226   1.000000000000000   0.898923638811226   1.000000000000000   1.000000000000000   1.000000000000000   1.000000000000000   1.000000000000000   1.000000000000000   1.000000000000000   1.000000000000000   1.000000000000000   1.000000000000000   1.000000000000000   1.000000000000000   1.000000000000000   1.000000000000000   
PATCH 14 
2 1 
13 2 
0.000000000000000   0.000000000000000   0.000000000000000   0.250000000000000   0.250000000000000   0.375000000000000   0.375000000000000   0.500000000000000   0.500000000000000   0.750000000000000   0.750000000000000   0.875000000000000   0.875000000000000   1.000000000000000   1.000000000000000   1.000000000000000   
0.000000000000000   0.000000000000000   1.000000000000000   1.000000000000000   
0.014550000000000   0.014280211272578   0.013885533124050   0.013688194049786   0.013459632620245   0.013231071190704   0.012971287405886   0.012451719836251   0.011807262845508   0.011485034350137   0.011131583499489   0.010778132648841   0.010393459442917   0.019314036492045   0.018909222431433   0.018504408370821   0.018373101759148   0.018357500088210   0.018341898417271   0.018442001687067   0.016437180570250   0.014432359453433   0.011893355232652   0.014247931634545   0.011808601442397   0.014291368415841   
0.000000000000000   0.001374746170953   0.002698510758401   0.003360393052126   0.004009529949974   0.004658666847823   0.005295058349796   0.006567841353741   0.007789642774182   0.008400543484403   0.008998698798748   0.009596854113093   0.010182264031562   0.012937456461519   0.013071427002522   0.013205397543525   0.013127366826820   0.013129898622378   0.013132430417936   0.013215524725757   0.013219838295283   0.013224151864808   0.010999669625321   0.013347813541099   0.011204907598415   0.013565572758110   
1.000000000000000   0.981457819421192   0.972186729131789   0.967551183987087   0.965233411414736   0.962915638842385   0.962915638842385   0.962915638842385   0.972186729131789   0.976822274276491   0.983775591993543   0.990728909710596   1.000000000000000   1.000000000000000   1.000000000000000   1.000000000000000   0.993714944962602   0.993714944962602   0.993714944962602   1.000000000000000   1.000000000000000   1.000000000000000   0.831768332520023   1.000000000000000   0.831768332520023   1.000000000000000   
PATCH 15 
2 1 
4 2 
0.000000000000000   0.000000000000000   0.000000000000000   0.500000000000000   1.000000000000000   1.000000000000000   1.000000000000000   
0.000000000000000   0.000000000000000   1.000000000000000   1.000000000000000   
0.034735611031591   0.034573673404398   0.034220617650383   0.034029777521012   0.017897998083508   0.017716549169075   0.017353651340210   0.017172202425777   
0.034029777521012   0.034220617650383   0.034573673404398   0.034735611031591   0.017172202425777   0.017353651340210   0.017716549169075   0.017897998083508   
1.000000000000000   0.999973663114202   0.999973663114202   1.000000000000000   1.000000000000000   1.000000000000000   1.000000000000000   1.000000000000000   
PATCH 16 
2 2 
4 4 
0.000000000000000   0.000000000000000   0.000000000000000   0.500000000000000   1.000000000000000   1.000000000000000   1.000000000000000   
0.000000000000000   0.000000000000000   0.000000000000000   0.500000000000000   1.000000000000000   1.000000000000000   1.000000000000000   
0.014291368415841   0.015193025832758   0.016996340666591   0.017897998083508   0.014109919501408   0.015011576918325   0.016814891752159   0.017716549169075   0.013747021672543   0.014648679089459   0.016451993923293   0.017353651340210   0.013565572758110   0.014467230175027   0.016270545008860   0.017172202425777   
0.013565572758110   0.014467230175027   0.016270545008860   0.017172202425777   0.013747021672543   0.014648679089459   0.016451993923293   0.017353651340210   0.014109919501408   0.015011576918325   0.016814891752159   0.017716549169075   0.014291368415841   0.015193025832758   0.016996340666591   0.017897998083508   
1.000000000000000   1.000000000000000   1.000000000000000   1.000000000000000   1.000000000000000   1.000000000000000   1.000000000000000   1.000000000000000   1.000000000000000   1.000000000000000   1.000000000000000   1.000000000000000   1.000000000000000   1.000000000000000   1.000000000000000   1.000000000000000   
PATCH 17 
2 1 
4 2 
0.000000000000000   0.000000000000000   0.000000000000000   0.500000000000000   1.000000000000000   1.000000000000000   1.000000000000000   
0.000000000000000   0.000000000000000   1.000000000000000   1.000000000000000   
0.014291368415841   0.014109919501408   0.013747021672543   0.013565572758110   0.010393459442917   0.010340931554591   0.010235333848913   0.010182264031562   
0.013565572758110   0.013747021672543   0.014109919501408   0.014291368415841   0.010182264031562   0.010235333848913   0.010340931554591   0.010393459442917   
1.000000000000000   1.000000000000000   1.000000000000000   1.000000000000000   1.000000000000000   0.999973663114202   0.999973663114202   1.000000000000000   
PATCH 18 
2 1 
4 2 
0.000000000000000   0.000000000000000   0.000000000000000   0.500000000000000   1.000000000000000   1.000000000000000   1.000000000000000   
0.000000000000000   0.000000000000000   1.000000000000000   1.000000000000000   
0.034735611031591   0.034573673404398   0.034220617650383   0.034029777521012   0.038685244377508   0.037197068413715   0.034084833369545   0.032460774289170   
0.034029777521012   0.034220617650383   0.034573673404398   0.034735611031591   0.032460774289170   0.034084833369545   0.037197068413715   0.038685244377508   
1.000000000000000   0.999973663114202   0.999973663114202   1.000000000000000   1.000000000000000   0.998097349045873   0.998097349045873   1.000000000000000   
PATCH 19 
2 1 
4 2 
0.000000000000000   0.000000000000000   0.000000000000000   0.500000000000000   1.000000000000000   1.000000000000000   1.000000000000000   
0.000000000000000   0.000000000000000   1.000000000000000   1.000000000000000   
0.000000000000000   0.002178893568691   0.006520098010365   0.008682408883347   0.000000000000000   0.002200682504378   0.006585298990468   0.008769232972180   
0.050000000000000   0.049904867452294   0.049525061277599   0.049240387650610   0.050500000000000   0.050403916126817   0.050020311890375   0.049732791527117   
1.000000000000000   0.998097349045873   0.998097349045873   1.000000000000000   1.000000000000000   0.998097349045873   0.998097349045873   1.000000000000000   
PATCH 20 
2 1 
4 2 
0.000000000000000   0.000000000000000   0.000000000000000   0.500000000000000   1.000000000000000   1.000000000000000   1.000000000000000   
0.000000000000000   0.000000000000000   1.000000000000000   1.000000000000000   
0.003831906943997   0.004863435694013   0.006926493194046   0.007958021944062   0.000000000000000   0.002178893568691   0.006520098010365   0.008682408883347   
0.048306680572634   0.048178963451813   0.047923529210172   0.047795812089351   0.050000000000000   0.049904867452294   0.049525061277599   0.049240387650610   
1.000000000000000   1.000000000000000   1.000000000000000   1.000000000000000   1.000000000000000   0.998097349045873   0.998097349045873   1.000000000000000   
PATCH 21 
2 1 
13 2 
0.000000000000000   0.000000000000000   0.000000000000000   0.125000000000000   0.125000000000000   0.250000000000000   0.250000000000000   0.500000000000000   0.500000000000000   0.625000000000000   0.625000000000000   0.750000000000000   0.750000000000000   1.000000000000000   1.000000000000000   1.000000000000000   
0.000000000000000   0.000000000000000   1.000000000000000   1.000000000000000   
0.007958021944062   0.007380682664186   0.008095089614333   0.007474353291902   0.008129913869790   0.007925925619285   0.007721937368781   0.007593435468124   0.007595084120642   0.007596732773161   0.007728531978854   0.007806438826946   0.007884345675038   0.008682408883347   0.009214726804819   0.009602881955209   0.010146056740643   0.010649399810254   0.011664438930931   0.012693261342606   0.013223252171464   0.013767191276888   0.014325321184191   0.014874577949951   0.015930454357270   0.016971878345829   
0.047795812089351   0.043844498523279   0.047715105566337   0.043715941521937   0.047559901312779   0.046489079496880   0.045418257680982   0.044665417976774   0.044640352138585   0.044615286300395   0.045317994328224   0.045082585951953   0.044847177575683   0.049240387650610   0.049122375608591   0.048281533560682   0.048255489279056   0.048041062079783   0.047670772546727   0.047371896244357   0.047279525161214   0.047230809928739   0.047221385091743   0.047172716434217   0.046928003500369   0.046629852520896   
1.000000000000000   0.917533755882432   1.000000000000000   0.917533755882432   1.000000000000000   1.000000000000000   1.000000000000000   0.983967604823152   0.983967604823152   0.983967604823152   1.000000000000000   1.000000000000000   1.000000000000000   1.000000000000000   0.999524337261468   0.999167590207569   0.998810843153671   0.998573011784405   0.998097349045873   0.998097349045873   0.998097349045873   0.998216264730506   0.998335180415139   0.998573011784404   0.999048674522936   1.000000000000000   
PATCH 22 
2 2 
13 4 
0.000000000000000   0.000000000000000   0.000000000000000   0.250000000000000   0.250000000000000   0.375000000000000   0.375000000000000   0.500000000000000   0.500000000000000   0.750000000000000   0.750000000000000   0.875000000000000   0.875000000000000   1.000000000000000   1.000000000000000   1.000000000000000   
0.000000000000000   0.000000000000000   0.000000000000000   0.500000000000000   1.000000000000000   1.000000000000000   1.000000000000000   
0.004822748873888   0.004274095213201   0.003725441552513   0.003713040184265   0.003710867701898   0.003708695219532   0.003716751623047   0.003662760621784   0.003608769620521   0.003233521031813   0.003666137696958   0.003357634646052   0.003831906943997   0.005588148074176   0.005157181116637   0.004726214159098   0.004683963331489   0.004681921806584   0.004679880281680   0.004718048059480   0.004728551871159   0.004739055682838   0.004293729096835   0.004773375676302   0.004363396650586   0.004863435694013   0.007118946474750   0.006923352923510   0.006727759372269   0.006625809625937   0.006624030015956   0.006622250405976   0.006720640932347   0.006860134369910   0.006999627807473   0.006414145226880   0.006987851634990   0.006374920659653   0.006926493194046   0.007884345675038   0.007806438826946   0.007728531978854   0.007596732773161   0.007595084120642   0.007593435468124   0.007721937368781   0.007925925619285   0.008129913869790   0.007474353291902   0.008095089614333   0.007380682664186   0.007958021944062   
0.043833962325298   0.045491809748995   0.047149657172691   0.047041786316615   0.047051511112069   0.047061235907524   0.047188556354509   0.047636407340174   0.048084258325839   0.043311067661476   0.048249844286777   0.043434783535213   0.048306680572634   0.044087266137894   0.045389503799734   0.046691741461574   0.046435161312560   0.046448721368698   0.046462281424836   0.046745981686127   0.047349575379351   0.047953169072574   0.043412286126591   0.048116159606667   0.043537212282229   0.048178963451813   0.044593873763087   0.045184891901214   0.045775910039341   0.045221911304450   0.045243141881956   0.045264372459461   0.045860832349364   0.046775911457704   0.047690990566044   0.043614723056822   0.047848790246447   0.043742069776262   0.047923529210172   0.044847177575683   0.045082585951953   0.045317994328224   0.044615286300395   0.044640352138585   0.044665417976774   0.045418257680982   0.046489079496880   0.047559901312779   0.043715941521937   0.047715105566337   0.043844498523279   0.047795812089351   
1.000000000000000   1.000000000000000   1.000000000000000   0.997511524332189   0.997511524332189   0.997511524332189   1.000000000000000   1.000000000000000   1.000000000000000   0.898923638811226   1.000000000000000   0.898923638811226   1.000000000000000   1.000000000000000   1.000000000000000   1.000000000000000   0.994125544454930   0.994125544454930   0.994125544454930   1.000000000000000   1.000000000000000   1.000000000000000   0.903576168079028   1.000000000000000   0.903576168079028   1.000000000000000   1.000000000000000   1.000000000000000   1.000000000000000   0.987353584700411   0.987353584700411   0.987353584700411   1.000000000000000   1.000000000000000   1.000000000000000   0.912881226614631   1.000000000000000   0.912881226614631   1.000000000000000   1.000000000000000   1.000000000000000   1.000000000000000   0.983967604823152   0.983967604823152   0.983967604823152   1.000000000000000   1.000000000000000   1.000000000000000   0.917533755882432   1.000000000000000   0.917533755882432   1.000000000000000   
PATCH 23 
2 1 
13 2 
0.000000000000000   0.000000000000000   0.000000000000000   0.125000000000000   0.125000000000000   0.250000000000000   0.250000000000000   0.500000000000000   0.500000000000000   0.625000000000000   0.625000000000000   0.750000000000000   0.750000000000000   1.000000000000000   1.000000000000000   1.000000000000000   
0.000000000000000   0.000000000000000   1.000000000000000   1.000000000000000   
0.008682408883347   0.009214726804819   0.009602881955209   0.010146056740643   0.010649399810254   0.011664438930931   0.012693261342606   0.013223252171464   0.013767191276888   0.014325321184191   0.014874577949951   0.015930454357270   0.016971878345829   0.008769232972180   0.009306874072867   0.009842960902535   0.010379047732203   0.010913580290852   0.011982645408149   0.013045493441370   0.013576917457981   0.014106787203572   0.014636656949163   0.015164972423735   0.016221603372879   0.017272017237946   
0.049240387650610   0.049122375608591   0.048281533560682   0.048255489279056   0.048041062079783   0.047670772546727   0.047371896244357   0.047279525161214   0.047230809928739   0.047221385091743   0.047172716434217   0.046928003500369   0.046629852520896   0.049732791527117   0.049613599364677   0.049488606583825   0.049363613802972   0.049232820403708   0.048971233605179   0.048686444333000   0.048544049696911   0.048395854442409   0.048247659187908   0.048093663314994   0.047785671569166   0.047454477349688   
1.000000000000000   0.999524337261468   0.999167590207569   0.998810843153671   0.998573011784405   0.998097349045873   0.998097349045873   0.998097349045873   0.998216264730506   0.998335180415139   0.998573011784404   0.999048674522936   1.000000000000000   1.000000000000000   0.999524337261468   0.999167590207569   0.998810843153671   0.998573011784405   0.998097349045873   0.998097349045873   0.998097349045873   0.998216264730506   0.998335180415139   0.998573011784404   0.999048674522936   1.000000000000000   
PATCH 24 
2 1 
6 2 
0.000000000000000   0.000000000000000   0.000000000000000   0.250000000000000   0.500000000000000   0.750000000000000   1.000000000000000   1.000000000000000   1.000000000000000   
0.000000000000000   0.000000000000000   1.000000000000000   1.000000000000000   
0.016971878345829   0.018010866093481   0.020033585717849   0.021911221967517   0.023963990608783   0.024995025431370   0.017272017237946   0.018289568482936   0.020304367573183   0.022298863263696   0.024273055554476   0.025250000000000   
0.046629852520896   0.046316289775932   0.045531070068057   0.044430399173266   0.043679510851495   0.043292653983610   0.047454477349688   0.047032993823604   0.046146485990198   0.045216437375554   0.044242847979673   0.043734282891114   
1.000000000000000   0.999048674522936   0.998097349045873   0.998097349045873   0.999048674522936   1.000000000000000   1.000000000000000   0.999048674522936   0.998097349045873   0.998097349045873   0.999048674522936   1.000000000000000   
PATCH 25 
2 1 
6 2 
0.000000000000000   0.000000000000000   0.000000000000000   0.250000000000000   0.500000000000000   0.750000000000000   1.000000000000000   1.000000000000000   1.000000000000000   
0.000000000000000   0.000000000000000   1.000000000000000   1.000000000000000   
0.016971878345829   0.018010866093481   0.020033585717849   0.021911221967517   0.023963990608783   0.024995025431370   0.007884345675038   0.008898684123492   0.010927361020399   0.012956037917307   0.014984714814215   0.015999053262669   
0.046629852520896   0.046316289775932   0.045531070068057   0.044430399173266   0.043679510851495   0.043292653983610   0.044847177575683   0.041782186846526   0.035652205388213   0.029522223929899   0.023392242471586   0.020327251742429   
1.000000000000000   0.999048674522936   0.998097349045873   0.998097349045873   0.999048674522936   1.000000000000000   1.000000000000000   1.000000000000000   1.000000000000000   1.000000000000000   1.000000000000000   1.000000000000000   
PATCH 26 
2 1 
13 2 
0.000000000000000   0.000000000000000   0.000000000000000   0.250000000000000   0.250000000000000   0.375000000000000   0.375000000000000   0.500000000000000   0.500000000000000   0.750000000000000   0.750000000000000   0.875000000000000   0.875000000000000   1.000000000000000   1.000000000000000   1.000000000000000   
0.000000000000000   0.000000000000000   1.000000000000000   1.000000000000000   
0.024995025431370   0.026303993332532   0.027584164343554   0.028213989972756   0.028827145018453   0.029429477224125   0.030097297991264   0.031058775685014   0.031732243463945   0.032296860643268   0.032843421876869   0.033447136686381   0.034029777521012   0.015999053262669   0.016144981350122   0.016290909437575   0.016206151011221   0.016212814709521   0.016219478407821   0.016317564230775   0.016755781430973   0.017193998631171   0.015205220569912   0.015199771518563   0.015194322467215   0.017172202425777   
0.043292653983610   0.042424482251482   0.041518425464713   0.041050340110328   0.040560374706412   0.040057370346703   0.039643162548120   0.038341760797142   0.036745944704427   0.036232617818004   0.035700012609486   0.035230248836891   0.034735611031591   0.020327251742429   0.019886305985271   0.019445360228113   0.019324621819850   0.019311434674075   0.019298247528301   0.019392611645015   0.018773808335130   0.018155005025244   0.015963097911837   0.015898846176403   0.015834594440969   0.017897998083508   
1.000000000000000   0.998025414769247   0.997038122153870   0.996544475846182   0.996297652692338   0.996050829538494   0.996050829538494   0.996050829538494   0.997038122153870   0.997531768461558   0.998272237923091   0.999012707384623   1.000000000000000   1.000000000000000   1.000000000000000   1.000000000000000   0.994512242297588   0.994512242297588   0.994512242297588   1.000000000000000   1.000000000000000   1.000000000000000   0.882165616360649   0.882165616360649   0.882165616360649   1.000000000000000   
PATCH 27 
2 2 
6 4 
0.000000000000000   0.000000000000000   0.000000000000000   0.250000000000000   0.500000000000000   0.750000000000000   1.000000000000000   1.000000000000000   1.000000000000000   
0.000000000000000   0.000000000000000   0.000000000000000   0.500000000000000   1.000000000000000   1.000000000000000   1.000000000000000   
0.012937456461519   0.011923118013066   0.009894441116158   0.007865764219250   0.005837087322342   0.004822748873888   0.013702855661807   0.012688517213353   0.010659840316445   0.008631163419537   0.006602486522630   0.005588148074176   0.015233654062381   0.014219315613928   0.012190638717020   0.010161961820112   0.008133284923204   0.007118946474750   0.015999053262669   0.014984714814215   0.012956037917307   0.010927361020399   0.008898684123492   0.007884345675038   
0.019314036492045   0.022379027221201   0.028509008679515   0.034638990137828   0.040768971596141   0.043833962325298   0.019567340304641   0.022632331033797   0.028762312492111   0.034892293950424   0.041022275408738   0.044087266137894   0.020073947929833   0.023138938658990   0.029268920117303   0.035398901575616   0.041528883033930   0.044593873763087   0.020327251742429   0.023392242471586   0.029522223929899   0.035652205388213   0.041782186846526   0.044847177575683   
1.000000000000000   1.000000000000000   1.000000000000000   1.000000000000000   1.000000000000000   1.000000000000000   1.000000000000000   1.000000000000000   1.000000000000000   1.000000000000000   1.000000000000000   1.000000000000000   1.000000000000000   1.000000000000000   1.000000000000000   1.000000000000000   1.000000000000000   1.000000000000000   1.000000000000000   1.000000000000000   1.000000000000000   1.000000000000000   1.000000000000000   1.000000000000000   
PATCH 28 
2 2 
13 4 
0.000000000000000   0.000000000000000   0.000000000000000   0.250000000000000   0.250000000000000   0.375000000000000   0.375000000000000   0.500000000000000   0.500000000000000   0.750000000000000   0.750000000000000   0.875000000000000   0.875000000000000   1.000000000000000   1.000000000000000   1.000000000000000   
0.000000000000000   0.000000000000000   0.000000000000000   0.500000000000000   1.000000000000000   1.000000000000000   1.000000000000000   
0.012937456461519   0.013071427002522   0.013205397543525   0.013127366826820   0.013129898622378   0.013132430417936   0.013215524725757   0.013219838295283   0.013224151864808   0.010999669625321   0.013347813541099   0.011204907598415   0.013565572758110   0.013702855661807   0.013839815589422   0.013976775517037   0.013897062872920   0.013900627644164   0.013904192415407   0.013991034602012   0.014103824079205   0.014216613556399   0.012051057361468   0.013810803035465   0.012202261315615   0.014467230175027   0.015233654062381   0.015376592763222   0.015519531464063   0.015436454965121   0.015442085687735   0.015447716410350   0.015542054354521   0.015871795647051   0.016201536939581   0.014153832833764   0.014736782024197   0.014196968750015   0.016270545008860   0.015999053262669   0.016144981350122   0.016290909437575   0.016206151011221   0.016212814709521   0.016219478407821   0.016317564230775   0.016755781430973   0.017193998631171   0.015205220569912   0.015199771518563   0.015194322467215   0.017172202425777   
0.019314036492045   0.018909222431433   0.018504408370821   0.018373101759148   0.018357500088210   0.018341898417271   0.018442001687067   0.016437180570250   0.014432359453433   0.011893355232652   0.014247931634545   0.011808601442397   0.014291368415841   0.019567340304641   0.019153493319892   0.018739646335144   0.018610981774324   0.018595983734676   0.018580985695029   0.018679654176554   0.017021337511470   0.015363020846385   0.012910790902448   0.014660660270009   0.012815099692040   0.015193025832758   0.020073947929833   0.019642035096812   0.019210122263790   0.019086741804674   0.019072951027609   0.019059160250543   0.019154959155528   0.018189651393910   0.017224343632291   0.014945662242041   0.015486117540938   0.014828096191326   0.016996340666591   0.020327251742429   0.019886305985271   0.019445360228113   0.019324621819850   0.019311434674075   0.019298247528301   0.019392611645015   0.018773808335130   0.018155005025244   0.015963097911837   0.015898846176403   0.015834594440969   0.017897998083508   
1.000000000000000   1.000000000000000   1.000000000000000   0.993714944962602   0.993714944962602   0.993714944962602   1.000000000000000   1.000000000000000   1.000000000000000   0.831768332520023   1.000000000000000   0.831768332520023   1.000000000000000   1.000000000000000   1.000000000000000   1.000000000000000   0.993914269296349   0.993914269296349   0.993914269296349   1.000000000000000   1.000000000000000   1.000000000000000   0.844367653480180   0.970541404090162   0.844367653480180   1.000000000000000   1.000000000000000   1.000000000000000   1.000000000000000   0.994312917963841   0.994312917963841   0.994312917963841   1.000000000000000   1.000000000000000   1.000000000000000   0.869566295400493   0.911624212270487   0.869566295400493   1.000000000000000   1.000000000000000   1.000000000000000   1.000000000000000   0.994512242297588   0.994512242297588   0.994512242297588   1.000000000000000   1.000000000000000   1.000000000000000   0.882165616360649   0.882165616360649   0.882165616360649   1.000000000000000   
PATCH 29 
2 1 
13 2 
0.000000000000000   0.000000000000000   0.000000000000000   0.250000000000000   0.250000000000000   0.375000000000000   0.375000000000000   0.500000000000000   0.500000000000000   0.750000000000000   0.750000000000000   0.875000000000000   0.875000000000000   1.000000000000000   1.000000000000000   1.000000000000000   
0.000000000000000   0.000000000000000   1.000000000000000   1.000000000000000   
0.024995025431370   0.026303993332532   0.027584164343554   0.028213989972756   0.028827145018453   0.029429477224125   0.030097297991264   0.031058775685014   0.031732243463945   0.032296860643268   0.032843421876869   0.033447136686381   0.034029777521012   0.025250000000000   0.026178902508932   0.027094027156471   0.027551589480241   0.028005707338662   0.028459825197083   0.028910498590156   0.029811845376303   0.030699414301056   0.031143198763433   0.031583538760461   0.032023878757490   0.032460774289170   
0.043292653983610   0.042424482251482   0.041518425464713   0.041050340110328   0.040560374706412   0.040057370346703   0.039643162548120   0.038341760797142   0.036745944704427   0.036232617818004   0.035700012609486   0.035230248836891   0.034735611031591   0.043734282891114   0.043142506727484   0.042531053738569   0.042225327244111   0.041914681543332   0.041604035842553   0.041288470935453   0.040657341121252   0.040006534481766   0.039681131162023   0.039350808635958   0.039020486109894   0.038685244377508   
1.000000000000000   0.998025414769247   0.997038122153870   0.996544475846182   0.996297652692338   0.996050829538494   0.996050829538494   0.996050829538494   0.997038122153870   0.997531768461558   0.998272237923091   0.999012707384623   1.000000000000000   1.000000000000000   0.999048674522937   0.998573011784405   0.998335180415139   0.998216264730506   0.998097349045873   0.998097349045873   0.998097349045873   0.998573011784405   0.998810843153671   0.999167590207569   0.999524337261468   1.000000000000000   
PATCH 30 
2 1 
6 2 
0.000000000000000   0.000000000000000   0.000000000000000   0.250000000000000   0.500000000000000   0.750000000000000   1.000000000000000   1.000000000000000   1.000000000000000   
0.000000000000000   0.000000000000000   1.000000000000000   1.000000000000000   
0.012937456461519   0.011923118013066   0.009894441116158   0.007865764219250   0.005837087322342   0.004822748873888   0.000000000000000   0.000000000000000   0.000000000000000   0.000000000000000   0.000000000000000   0.000000000000000   
0.019314036492045   0.022379027221201   0.028509008679515   0.034638990137828   0.040768971596141   0.043833962325298   0.014550000000000   0.018210495290662   0.025531485871987   0.032852476453311   0.040173467034636   0.043833962325298   
1.000000000000000   1.000000000000000   1.000000000000000   1.000000000000000   1.000000000000000   1.000000000000000   1.000000000000000   1.000000000000000   1.000000000000000   1.000000000000000   1.000000000000000   1.000000000000000   
PATCH 31 
2 1 
13 2 
0.000000000000000   0.000000000000000   0.000000000000000   0.250000000000000   0.250000000000000   0.375000000000000   0.375000000000000   0.500000000000000   0.500000000000000   0.750000000000000   0.750000000000000   0.875000000000000   0.875000000000000   1.000000000000000   1.000000000000000   1.000000000000000   
0.000000000000000   0.000000000000000   1.000000000000000   1.000000000000000   
0.004822748873888   0.004274095213201   0.003725441552513   0.003713040184265   0.003710867701898   0.003708695219532   0.003716751623047   0.003662760621784   0.003608769620521   0.003233521031813   0.003666137696958   0.003357634646052   0.003831906943997   0.000000000000000   0.000000000000000   0.000000000000000   0.000000000000000   0.000000000000000   0.000000000000000   0.000000000000000   0.000000000000000   0.000000000000000   0.000000000000000   0.000000000000000   0.000000000000000   0.000000000000000   
0.043833962325298   0.045491809748995   0.047149657172691   0.047041786316615   0.047051511112069   0.047061235907524   0.047188556354509   0.047636407340174   0.048084258325839   0.043311067661476   0.048249844286777   0.043434783535213   0.048306680572634   0.043833962325298   0.044604717034636   0.045375471743974   0.045760849098642   0.046146226453311   0.046531603807980   0.046916981162649   0.047687735871987   0.048458490581325   0.048843867935993   0.049229245290662   0.049614622645331   0.050000000000000   
1.000000000000000   1.000000000000000   1.000000000000000   0.997511524332189   0.997511524332189   0.997511524332189   1.000000000000000   1.000000000000000   1.000000000000000   0.898923638811226   1.000000000000000   0.898923638811226   1.000000000000000   1.000000000000000   1.000000000000000   1.000000000000000   1.000000000000000   1.000000000000000   1.000000000000000   1.000000000000000   1.000000000000000   1.000000000000000   1.000000000000000   1.000000000000000   1.000000000000000   1.000000000000000   
PATCH 32 
2 1 
13 2 
0.000000000000000   0.000000000000000   0.000000000000000   0.250000000000000   0.250000000000000   0.375000000000000   0.375000000000000   0.500000000000000   0.500000000000000   0.750000000000000   0.750000000000000   0.875000000000000   0.875000000000000   1.000000000000000   1.000000000000000   1.000000000000000   
0.000000000000000   0.000000000000000   1.000000000000000   1.000000000000000   
0.000000000000000   0.001374746170953   0.002698510758401   0.003360393052126   0.004009529949974   0.004658666847823   0.005295058349796   0.006567841353741   0.007789642774182   0.008400543484403   0.008998698798748   0.009596854113093   0.010182264031562   0.012937456461519   0.013071427002522   0.013205397543525   0.013127366826820   0.013129898622378   0.013132430417936   0.013215524725757   0.013219838295283   0.013224151864808   0.010999669625321   0.013347813541099   0.011204907598415   0.013565572758110   
0.014550000000000   0.014280211272578   0.013885533124050   0.013688194049786   0.013459632620245   0.013231071190704   0.012971287405886   0.012451719836251   0.011807262845508   0.011485034350137   0.011131583499489   0.010778132648841   0.010393459442917   0.019314036492045   0.018909222431433   0.018504408370821   0.018373101759148   0.018357500088210   0.018341898417271   0.018442001687067   0.016437180570250   0.014432359453433   0.011893355232652   0.014247931634545   0.011808601442397   0.014291368415841   
1.000000000000000   0.981457819421192   0.972186729131789   0.967551183987087   0.965233411414736   0.962915638842385   0.962915638842385   0.962915638842385   0.972186729131789   0.976822274276491   0.983775591993543   0.990728909710596   1.000000000000000   1.000000000000000   1.000000000000000   1.000000000000000   0.993714944962602   0.993714944962602   0.993714944962602   1.000000000000000   1.000000000000000   1.000000000000000   0.831768332520023   1.000000000000000   0.831768332520023   1.000000000000000   
INTERFACE 1 
1 2 
5 1 
1 
INTERFACE 2 
1 3 
2 4 
1 
INTERFACE 3 
2 1 
13 2 
1 
INTERFACE 4 
2 2 
3 1 
1 
INTERFACE 5 
2 3 
4 2 
1 
INTERFACE 6 
3 2 
7 1 
-1 
INTERFACE 7 
3 3 
4 4 
-1 
INTERFACE 8 
3 4 
5 3 
1 
INTERFACE 9 
4 1 
9 2 
1 
INTERFACE 10 
4 3 
13 3 
1 
INTERFACE 11 
5 2 
6 1 
1 
INTERFACE 12 
6 2 
11 1 
1 
INTERFACE 13 
6 3 
7 3 
1 
INTERFACE 14 
7 2 
8 1 
1 
INTERFACE 15 
7 4 
9 4 
-1 
INTERFACE 16 
8 2 
15 1 
1 
INTERFACE 17 
8 3 
11 3 
1 
INTERFACE 18 
8 4 
10 4 
1 
INTERFACE 19 
9 1 
10 1 
1 
INTERFACE 20 
9 3 
12 3 
1 
INTERFACE 21 
10 2 
16 3 
1 
INTERFACE 22 
10 3 
14 4 
1 
INTERFACE 23 
11 2 
18 1 
1 
INTERFACE 24 
12 1 
14 1 
-1 
INTERFACE 25 
12 2 
13 1 
1 
INTERFACE 26 
14 2 
17 1 
-1 
INTERFACE 27 
15 2 
26 2 
1 
INTERFACE 28 
15 3 
18 3 
1 
INTERFACE 29 
15 4 
16 2 
1 
INTERFACE 30 
16 1 
17 3 
1 
INTERFACE 31 
16 4 
28 2 
1 
INTERFACE 32 
17 2 
32 2 
-1 
INTERFACE 33 
18 2 
29 2 
1 
INTERFACE 34 
19 2 
23 1 
1 
INTERFACE 35 
19 3 
20 4 
1 
INTERFACE 36 
20 1 
31 2 
1 
INTERFACE 37 
20 2 
21 1 
1 
INTERFACE 38 
20 3 
22 2 
1 
INTERFACE 39 
21 2 
25 1 
-1 
INTERFACE 40 
21 3 
22 4 
-1 
INTERFACE 41 
21 4 
23 3 
1 
INTERFACE 42 
22 1 
27 2 
1 
INTERFACE 43 
22 3 
31 3 
1 
INTERFACE 44 
23 2 
24 1 
1 
INTERFACE 45 
24 2 
29 1 
1 
INTERFACE 46 
24 3 
25 3 
1 
INTERFACE 47 
25 2 
26 1 
1 
INTERFACE 48 
25 4 
27 4 
-1 
INTERFACE 49 
26 3 
29 3 
1 
INTERFACE 50 
26 4 
28 4 
1 
INTERFACE 51 
27 1 
28 1 
1 
INTERFACE 52 
27 3 
30 3 
1 
INTERFACE 53 
28 3 
32 4 
1 
INTERFACE 54 
30 1 
32 1 
-1 
INTERFACE 55 
30 2 
31 1 
1 
BOUNDARY 1 
1 
1 1 
BOUNDARY 2 
1 
1 4 
BOUNDARY 3 
1 
5 4 
BOUNDARY 4 
1 
6 4 
BOUNDARY 5 
1 
11 4 
BOUNDARY 6 
1 
12 4 
BOUNDARY 7 
1 
13 4 
BOUNDARY 8 
1 
14 3 
BOUNDARY 9 
1 
17 4 
BOUNDARY 10 
1 
18 4 
BOUNDARY 11 
1 
19 1 
BOUNDARY 12 
1 
19 4 
BOUNDARY 13 
1 
23 4 
BOUNDARY 14 
1 
24 4 
BOUNDARY 15 
1 
29 4 
BOUNDARY 16 
1 
30 4 
BOUNDARY 17 
1 
31 4 
BOUNDARY 18 
1 
32 3 
