# nurbs mesh v.2.1
#
# 14-Jul-2024
#
2 2 32 55 0 
PATCH 1 
2 1 
4 2 
0.000000000000000   0.000000000000000   0.000000000000000   0.500000000000000   1.000000000000000   1.000000000000000   1.000000000000000   
0.000000000000000   0.000000000000000   1.000000000000000   1.000000000000000   
0.050000000000000   0.049904867452294   0.049525061277599   0.049240387650610   0.050500000000000   0.050403916126817   0.050020311890375   0.049732791527117   
0.000000000000000   0.002178893568691   0.006520098010365   0.008682408883347   0.000000000000000   0.002200682504378   0.006585298990468   0.008769232972180   
1.000000000000000   0.998097349045873   0.998097349045873   1.000000000000000   1.000000000000000   0.998097349045873   0.998097349045873   1.000000000000000   
PATCH 2 
2 1 
4 2 
0.000000000000000   0.000000000000000   0.000000000000000   0.500000000000000   1.000000000000000   1.000000000000000   1.000000000000000   
0.000000000000000   0.000000000000000   1.000000000000000   1.000000000000000   
0.048321467749645   0.048194924849611   0.047941839049542   0.047815296149508   0.050000000000000   0.049904867452294   0.049525061277599   0.049240387650610   
0.003278788056615   0.004424854265317   0.006716986682721   0.007863052891423   0.000000000000000   0.002178893568691   0.006520098010365   0.008682408883347   
1.000000000000000   1.000000000000000   1.000000000000000   1.000000000000000   1.000000000000000   0.998097349045873   0.998097349045873   1.000000000000000   
PATCH 3 
2 1 
13 2 
0.000000000000000   0.000000000000000   0.000000000000000   0.125000000000000   0.125000000000000   0.250000000000000   0.250000000000000   0.500000000000000   0.500000000000000   0.625000000000000   0.625000000000000   0.750000000000000   0.750000000000000   1.000000000000000   1.000000000000000   1.000000000000000   
0.000000000000000   0.000000000000000   1.000000000000000   1.000000000000000   
0.047815296149508   0.043457744989051   0.047729642431992   0.043320307988084   0.047565419663048   0.045541256325286   0.043517092987525   0.042768107939419   0.042742522122602   0.042716936305785   0.043414749720256   0.043178737167881   0.042942724615506   0.049240387650610   0.049122375608591   0.048470038321849   0.048467487824038   0.048244245251941   0.048006060554684   0.047805504870211   0.047672269164078   0.047584154291569   0.047508473161681   0.047416097398087   0.047150603102042   0.046877863681744   
0.007863052891423   0.007230803725610   0.008006026765454   0.007325086060886   0.008034469165850   0.007499713133897   0.006964957101944   0.006842505243199   0.006842516760922   0.006842528278645   0.006965003172835   0.007027581805101   0.007090160437366   0.008682408883347   0.009214726804819   0.009640374322082   0.010190630928957   0.010694440005898   0.011746479692684   0.012809446423735   0.013333095765937   0.013870186746096   0.014412413691156   0.014951321232769   0.016006019319124   0.017062147026144   
1.000000000000000   0.909058276528897   1.000000000000000   0.909058276528897   1.000000000000000   1.000000000000000   1.000000000000000   0.983357162074293   0.983357162074293   0.983357162074293   1.000000000000000   1.000000000000000   1.000000000000000   1.000000000000000   0.999524337261468   0.999167590207569   0.998810843153671   0.998573011784405   0.998097349045873   0.998097349045873   0.998097349045873   0.998216264730506   0.998335180415139   0.998573011784404   0.999048674522936   1.000000000000000   
PATCH 4 
2 2 
13 4 
0.000000000000000   0.000000000000000   0.000000000000000   0.250000000000000   0.250000000000000   0.375000000000000   0.375000000000000   0.500000000000000   0.500000000000000   0.750000000000000   0.750000000000000   0.875000000000000   0.875000000000000   1.000000000000000   1.000000000000000   1.000000000000000   
0.000000000000000   0.000000000000000   0.000000000000000   0.500000000000000   1.000000000000000   1.000000000000000   1.000000000000000   
0.042177515049780   0.044028477477692   0.045879439905605   0.045788552361262   0.045797746868716   0.045806941376170   0.045916217935421   0.047012206578909   0.048108195222398   0.043645234806840   0.048266724058431   0.043763003639673   0.048321467749645   0.042368817441211   0.043816042400239   0.045263267359268   0.045020648347392   0.045033940682187   0.045047233016982   0.045316436698447   0.046644469015504   0.047972501332561   0.043564003102151   0.048132453651821   0.043686688977017   0.048194924849611   0.042751422224075   0.043391172245334   0.044030922266593   0.043484840319654   0.043506328309131   0.043527816298607   0.044116874224499   0.045908993888692   0.047701113552886   0.043401539692773   0.047863912838602   0.043534059651706   0.047941839049542   0.042942724615506   0.043178737167881   0.043414749720256   0.042716936305785   0.042742522122602   0.042768107939419   0.043517092987525   0.045541256325286   0.047565419663048   0.043320307988084   0.047729642431992   0.043457744989051   0.047815296149508   
0.004204206299826   0.003713424364931   0.003222642430036   0.003213236135548   0.003211697315772   0.003210158495997   0.003216487150933   0.003136925256196   0.003057363361459   0.002762208179857   0.003118093659586   0.002884478629997   0.003278788056615   0.004925694834211   0.004541963724973   0.004158232615736   0.004120559171322   0.004119402177060   0.004118245182797   0.004153604638686   0.004227622225621   0.004301639812557   0.003902927650114   0.004340076936053   0.003971059903900   0.004424854265317   0.006368671902981   0.006199042445058   0.006029412987135   0.005935205242870   0.005934811899634   0.005934418556399   0.006027839614191   0.006409016164472   0.006790192714752   0.006184366590629   0.006784043488987   0.006144222451707   0.006716986682721   0.007090160437366   0.007027581805101   0.006965003172835   0.006842528278645   0.006842516760922   0.006842505243199   0.006964957101944   0.007499713133897   0.008034469165850   0.007325086060886   0.008006026765454   0.007230803725610   0.007863052891423   
1.000000000000000   1.000000000000000   1.000000000000000   0.997822585525618   0.997822585525618   0.997822585525618   1.000000000000000   1.000000000000000   1.000000000000000   0.905471006699130   1.000000000000000   0.905471006699130   1.000000000000000   1.000000000000000   1.000000000000000   1.000000000000000   0.994206229662787   0.994206229662787   0.994206229662787   1.000000000000000   1.000000000000000   1.000000000000000   0.906367824156572   1.000000000000000   0.906367824156572   1.000000000000000   1.000000000000000   1.000000000000000   1.000000000000000   0.986973517937125   0.986973517937125   0.986973517937125   1.000000000000000   1.000000000000000   1.000000000000000   0.908161459071456   1.000000000000000   0.908161459071456   1.000000000000000   1.000000000000000   1.000000000000000   1.000000000000000   0.983357162074293   0.983357162074293   0.983357162074293   1.000000000000000   1.000000000000000   1.000000000000000   0.909058276528897   1.000000000000000   0.909058276528897   1.000000000000000   
PATCH 5 
2 1 
13 2 
0.000000000000000   0.000000000000000   0.000000000000000   0.125000000000000   0.125000000000000   0.250000000000000   0.250000000000000   0.500000000000000   0.500000000000000   0.625000000000000   0.625000000000000   0.750000000000000   0.750000000000000   1.000000000000000   1.000000000000000   1.000000000000000   
0.000000000000000   0.000000000000000   1.000000000000000   1.000000000000000   
0.049240387650610   0.049122375608591   0.048470038321849   0.048467487824038   0.048244245251941   0.048006060554684   0.047805504870211   0.047672269164078   0.047584154291569   0.047508473161681   0.047416097398087   0.047150603102042   0.046877863681744   0.049732791527117   0.049613599364677   0.049488606583825   0.049363613802972   0.049232820403708   0.048971233605179   0.048686444333000   0.048544049696911   0.048395854442409   0.048247659187908   0.048093663314994   0.047785671569166   0.047454477349688   
0.008682408883347   0.009214726804819   0.009640374322082   0.010190630928957   0.010694440005898   0.011746479692684   0.012809446423735   0.013333095765937   0.013870186746096   0.014412413691156   0.014951321232769   0.016006019319124   0.017062147026144   0.008769232972180   0.009306874072867   0.009842960902535   0.010379047732203   0.010913580290852   0.011982645408149   0.013045493441370   0.013576917457981   0.014106787203572   0.014636656949163   0.015164972423735   0.016221603372879   0.017272017237946   
1.000000000000000   0.999524337261468   0.999167590207569   0.998810843153671   0.998573011784405   0.998097349045873   0.998097349045873   0.998097349045873   0.998216264730506   0.998335180415139   0.998573011784404   0.999048674522936   1.000000000000000   1.000000000000000   0.999524337261468   0.999167590207569   0.998810843153671   0.998573011784405   0.998097349045873   0.998097349045873   0.998097349045873   0.998216264730506   0.998335180415139   0.998573011784404   0.999048674522936   1.000000000000000   
PATCH 6 
2 1 
6 2 
0.000000000000000   0.000000000000000   0.000000000000000   0.250000000000000   0.500000000000000   0.750000000000000   1.000000000000000   1.000000000000000   1.000000000000000   
0.000000000000000   0.000000000000000   1.000000000000000   1.000000000000000   
0.046877863681744   0.046547144618851   0.045678291441125   0.044611438170150   0.043707623556329   0.043293507640374   0.047454477349688   0.047032993823604   0.046146485990198   0.045216437375554   0.044242847979673   0.043734282891114   
0.017062147026144   0.018100637871033   0.020098362846795   0.022000502858963   0.023979414146764   0.024995518290333   0.017272017237946   0.018289568482936   0.020304367573183   0.022298863263696   0.024273055554476   0.025250000000000   
1.000000000000000   0.999048674522936   0.998097349045873   0.998097349045873   0.999048674522936   1.000000000000000   1.000000000000000   0.999048674522936   0.998097349045873   0.998097349045873   0.999048674522936   1.000000000000000   
PATCH 7 
2 1 
6 2 
0.000000000000000   0.000000000000000   0.000000000000000   0.250000000000000   0.500000000000000   0.750000000000000   1.000000000000000   1.000000000000000   1.000000000000000   
0.000000000000000   0.000000000000000   1.000000000000000   1.000000000000000   
0.046877863681744   0.046547144618851   0.045678291441125   0.044611438170150   0.043707623556329   0.043293507640374   0.042942724615506   0.039828243378703   0.033599280905095   0.027370318431487   0.021141355957880   0.018026874721076   
0.017062147026144   0.018100637871033   0.020098362846795   0.022000502858963   0.023979414146764   0.024995518290333   0.007090160437366   0.007915963870511   0.009567570736800   0.011219177603089   0.012870784469379   0.013696587902523   
1.000000000000000   0.999048674522936   0.998097349045873   0.998097349045873   0.999048674522936   1.000000000000000   1.000000000000000   1.000000000000000   1.000000000000000   1.000000000000000   1.000000000000000   1.000000000000000   
PATCH 8 
2 1 
13 2 
0.000000000000000   0.000000000000000   0.000000000000000   0.250000000000000   0.250000000000000   0.375000000000000   0.375000000000000   0.500000000000000   0.500000000000000   0.750000000000000   0.750000000000000   0.875000000000000   0.875000000000000   1.000000000000000   1.000000000000000   1.000000000000000   
0.000000000000000   0.000000000000000   1.000000000000000   1.000000000000000   
0.043293507640374   0.042422367439340   0.041516850609257   0.041025905217498   0.040493199465386   0.040055429071047   0.039652473191722   0.038358273763981   0.036860579638760   0.036274377699276   0.035701460975089   0.035217664950878   0.034712682413574   0.018026874721076   0.017580329339906   0.017133783958736   0.016940217605273   0.016922251396372   0.016904285187471   0.017061919123132   0.016467309433804   0.015872699744475   0.013828255362866   0.013762119147672   0.013695982932478   0.015608154883698   
0.024995518290333   0.026302637359624   0.027583026842764   0.028197080618261   0.028779262497898   0.029427886159271   0.030104175631016   0.031071909439858   0.031830943184692   0.032333761880717   0.032844402640044   0.033434806997876   0.034006900175617   0.013696587902523   0.013814989228711   0.013933390554899   0.013796891767273   0.013805819465162   0.013814747163051   0.013969101346456   0.014433607943868   0.014898114541281   0.013068999742148   0.013064952826648   0.013060905911148   0.014881926879280   
1.000000000000000   0.998025510627564   0.997038265941346   0.996544643598237   0.996297832426683   0.996051021255128   0.996051021255128   0.996051021255128   0.997038265941346   0.997531888284455   0.998272321799119   0.999012755313782   1.000000000000000   1.000000000000000   1.000000000000000   1.000000000000000   0.989834450302513   0.989834450302513   0.989834450302513   1.000000000000000   1.000000000000000   1.000000000000000   0.874487099735188   0.874487099735188   0.874487099735188   1.000000000000000   
PATCH 9 
2 2 
6 4 
0.000000000000000   0.000000000000000   0.000000000000000   0.250000000000000   0.500000000000000   0.750000000000000   1.000000000000000   1.000000000000000   1.000000000000000   
0.000000000000000   0.000000000000000   0.000000000000000   0.500000000000000   1.000000000000000   1.000000000000000   1.000000000000000   
0.017261665155349   0.020376146392153   0.026605108865761   0.032834071339368   0.039063033812976   0.042177515049780   0.017452967546781   0.020567448783585   0.026796411257192   0.033025373730800   0.039254336204408   0.042368817441211   0.017835572329644   0.020950053566448   0.027179016040056   0.033407978513663   0.039636940987271   0.042751422224075   0.018026874721076   0.021141355957880   0.027370318431487   0.033599280905095   0.039828243378703   0.042942724615506   
0.010810633764983   0.009984830331838   0.008333223465549   0.006681616599260   0.005030009732970   0.004204206299826   0.011532122299368   0.010706318866223   0.009054711999934   0.007403105133645   0.005751498267356   0.004925694834211   0.012975099368138   0.012149295934994   0.010497689068704   0.008846082202415   0.007194475336126   0.006368671902981   0.013696587902523   0.012870784469379   0.011219177603089   0.009567570736800   0.007915963870511   0.007090160437366   
1.000000000000000   1.000000000000000   1.000000000000000   1.000000000000000   1.000000000000000   1.000000000000000   1.000000000000000   1.000000000000000   1.000000000000000   1.000000000000000   1.000000000000000   1.000000000000000   1.000000000000000   1.000000000000000   1.000000000000000   1.000000000000000   1.000000000000000   1.000000000000000   1.000000000000000   1.000000000000000   1.000000000000000   1.000000000000000   1.000000000000000   1.000000000000000   
PATCH 10 
2 2 
13 4 
0.000000000000000   0.000000000000000   0.000000000000000   0.250000000000000   0.250000000000000   0.375000000000000   0.375000000000000   0.500000000000000   0.500000000000000   0.750000000000000   0.750000000000000   0.875000000000000   0.875000000000000   1.000000000000000   1.000000000000000   1.000000000000000   
0.000000000000000   0.000000000000000   0.000000000000000   0.500000000000000   1.000000000000000   1.000000000000000   1.000000000000000   
0.017261665155349   0.016638430066238   0.016015194977126   0.015997699807243   0.015992458986086   0.015987218164928   0.015994231692498   0.014652383883633   0.013310536074767   0.011613317676551   0.013187067623549   0.011573962599470   0.013241336672094   0.017452967546781   0.016873904884655   0.016294842222529   0.016233329256750   0.016224907088657   0.016216484920564   0.016261153550156   0.015106115271175   0.013951076992194   0.012167052098130   0.013330830504579   0.012104467682722   0.013833041224995   0.017835572329644   0.017344854521489   0.016854136713334   0.016704588155765   0.016689803293800   0.016675018431835   0.016794997265474   0.016013578046261   0.015232158827048   0.013274520941287   0.013618356266641   0.013165477849226   0.015016450330797   0.018026874721076   0.017580329339906   0.017133783958736   0.016940217605273   0.016922251396372   0.016904285187471   0.017061919123132   0.016467309433804   0.015872699744475   0.013828255362866   0.013762119147672   0.013695982932478   0.015608154883698   
0.010810633764983   0.010975884295364   0.011141134825746   0.011134082124825   0.011135785911455   0.011137489698084   0.011147949972265   0.011667566310214   0.012187182648164   0.010748988551345   0.012332392451275   0.010935486603007   0.012515108667676   0.011532122299368   0.011685660528701   0.011839198758034   0.011799784535437   0.011803294299881   0.011806804064326   0.011853237815812   0.012359076718628   0.012864915621443   0.011328991349046   0.012515532545118   0.011466841430042   0.013106813220577   0.012975099368138   0.013105212995374   0.013235326622611   0.013131189356661   0.013138311076735   0.013145432796809   0.013263813502908   0.013742097535455   0.014220381568002   0.012488996944447   0.012881812732805   0.012529551084113   0.014290222326379   0.013696587902523   0.013814989228711   0.013933390554899   0.013796891767273   0.013805819465162   0.013814747163051   0.013969101346456   0.014433607943868   0.014898114541281   0.013068999742148   0.013064952826648   0.013060905911148   0.014881926879280   
1.000000000000000   1.000000000000000   1.000000000000000   0.999240195314829   0.999240195314829   0.999240195314829   1.000000000000000   1.000000000000000   1.000000000000000   0.879167413785543   1.000000000000000   0.879167413785543   1.000000000000000   1.000000000000000   1.000000000000000   1.000000000000000   0.996888759061750   0.996888759061750   0.996888759061750   1.000000000000000   1.000000000000000   1.000000000000000   0.877997335272954   0.968621774933797   0.877997335272954   1.000000000000000   1.000000000000000   1.000000000000000   1.000000000000000   0.992185886555592   0.992185886555592   0.992185886555592   1.000000000000000   1.000000000000000   1.000000000000000   0.875657178247777   0.905865324801391   0.875657178247777   1.000000000000000   1.000000000000000   1.000000000000000   1.000000000000000   0.989834450302513   0.989834450302513   0.989834450302513   1.000000000000000   1.000000000000000   1.000000000000000   0.874487099735188   0.874487099735188   0.874487099735188   1.000000000000000   
PATCH 11 
2 1 
13 2 
0.000000000000000   0.000000000000000   0.000000000000000   0.250000000000000   0.250000000000000   0.375000000000000   0.375000000000000   0.500000000000000   0.500000000000000   0.750000000000000   0.750000000000000   0.875000000000000   0.875000000000000   1.000000000000000   1.000000000000000   1.000000000000000   
0.000000000000000   0.000000000000000   1.000000000000000   1.000000000000000   
0.043293507640374   0.042422367439340   0.041516850609257   0.041025905217498   0.040493199465386   0.040055429071047   0.039652473191722   0.038358273763981   0.036860579638760   0.036274377699276   0.035701460975089   0.035217664950878   0.034712682413574   0.043734282891114   0.043142506727484   0.042531053738569   0.042225327244111   0.041914681543332   0.041604035842553   0.041288470935453   0.040657341121252   0.040006534481766   0.039681131162023   0.039350808635958   0.039020486109894   0.038685244377508   
0.024995518290333   0.026302637359624   0.027583026842764   0.028197080618261   0.028779262497898   0.029427886159271   0.030104175631016   0.031071909439858   0.031830943184692   0.032333761880717   0.032844402640044   0.033434806997876   0.034006900175617   0.025250000000000   0.026178902508932   0.027094027156471   0.027551589480241   0.028005707338662   0.028459825197083   0.028910498590156   0.029811845376303   0.030699414301056   0.031143198763433   0.031583538760461   0.032023878757490   0.032460774289170   
1.000000000000000   0.998025510627564   0.997038265941346   0.996544643598237   0.996297832426683   0.996051021255128   0.996051021255128   0.996051021255128   0.997038265941346   0.997531888284455   0.998272321799119   0.999012755313782   1.000000000000000   1.000000000000000   0.999048674522937   0.998573011784405   0.998335180415139   0.998216264730506   0.998097349045873   0.998097349045873   0.998097349045873   0.998573011784405   0.998810843153671   0.999167590207569   0.999524337261468   1.000000000000000   
PATCH 12 
2 1 
6 2 
0.000000000000000   0.000000000000000   0.000000000000000   0.250000000000000   0.500000000000000   0.750000000000000   1.000000000000000   1.000000000000000   1.000000000000000   
0.000000000000000   0.000000000000000   1.000000000000000   1.000000000000000   
0.017261665155349   0.020376146392153   0.026605108865761   0.032834071339368   0.039063033812976   0.042177515049780   0.014550000000000   0.018003439381222   0.024910318143667   0.031817196906112   0.038724075668557   0.042177515049780   
0.010810633764983   0.009984830331838   0.008333223465549   0.006681616599260   0.005030009732970   0.004204206299826   0.000000000000000   0.000000000000000   0.000000000000000   0.000000000000000   0.000000000000000   0.000000000000000   
1.000000000000000   1.000000000000000   1.000000000000000   1.000000000000000   1.000000000000000   1.000000000000000   1.000000000000000   1.000000000000000   1.000000000000000   1.000000000000000   1.000000000000000   1.000000000000000   
PATCH 13 
2 1 
13 2 
0.000000000000000   0.000000000000000   0.000000000000000   0.250000000000000   0.250000000000000   0.375000000000000   0.375000000000000   0.500000000000000   0.500000000000000   0.750000000000000   0.750000000000000   0.875000000000000   0.875000000000000   1.000000000000000   1.000000000000000   1.000000000000000   
0.000000000000000   0.000000000000000   1.000000000000000   1.000000000000000   
0.042177515049780   0.044028477477692   0.045879439905605   0.045788552361262   0.045797746868716   0.045806941376170   0.045916217935421   0.047012206578909   0.048108195222398   0.043645234806840   0.048266724058431   0.043763003639673   0.048321467749645   0.042177515049780   0.043155325668557   0.044133136287335   0.044622041596724   0.045110946906112   0.045599852215501   0.046088757524890   0.047066568143667   0.048044378762445   0.048533284071834   0.049022189381222   0.049511094690611   0.050000000000000   
0.004204206299826   0.003713424364931   0.003222642430036   0.003213236135548   0.003211697315772   0.003210158495997   0.003216487150933   0.003136925256196   0.003057363361459   0.002762208179857   0.003118093659586   0.002884478629997   0.003278788056615   0.000000000000000   0.000000000000000   0.000000000000000   0.000000000000000   0.000000000000000   0.000000000000000   0.000000000000000   0.000000000000000   0.000000000000000   0.000000000000000   0.000000000000000   0.000000000000000   0.000000000000000   
1.000000000000000   1.000000000000000   1.000000000000000   0.997822585525618   0.997822585525618   0.997822585525618   1.000000000000000   1.000000000000000   1.000000000000000   0.905471006699130   1.000000000000000   0.905471006699130   1.000000000000000   1.000000000000000   1.000000000000000   1.000000000000000   1.000000000000000   1.000000000000000   1.000000000000000   1.000000000000000   1.000000000000000   1.000000000000000   1.000000000000000   1.000000000000000   1.000000000000000   1.000000000000000   
PATCH 14 
2 1 
13 2 
0.000000000000000   0.000000000000000   0.000000000000000   0.250000000000000   0.250000000000000   0.375000000000000   0.375000000000000   0.500000000000000   0.500000000000000   0.750000000000000   0.750000000000000   0.875000000000000   0.875000000000000   1.000000000000000   1.000000000000000   1.000000000000000   
0.000000000000000   0.000000000000000   1.000000000000000   1.000000000000000   
0.014550000000000   0.014280215474929   0.013885543318245   0.013688207239903   0.013459649253658   0.013231091267413   0.012971311373266   0.012451751584970   0.011807304165062   0.011485080455107   0.011131634837250   0.010778189219393   0.010393521693633   0.017261665155349   0.016638430066238   0.016015194977126   0.015997699807243   0.015992458986086   0.015987218164928   0.015994231692498   0.014652383883633   0.013310536074767   0.011613317676551   0.013187067623549   0.011573962599470   0.013241336672094   
0.000000000000000   0.001374735876424   0.002698491345216   0.003360369079612   0.004009501712100   0.004658634344588   0.005295021875168   0.006567796936329   0.007789591589858   0.008400488916622   0.008998641141479   0.009596793366336   0.010182200489284   0.010810633764983   0.010975884295364   0.011141134825746   0.011134082124825   0.011135785911455   0.011137489698084   0.011147949972265   0.011667566310214   0.012187182648164   0.010748988551345   0.012332392451275   0.010935486603007   0.012515108667676   
1.000000000000000   0.981458108242517   0.972187162363776   0.967551689424405   0.965233952954720   0.962916216485035   0.962916216485035   0.962916216485035   0.972187162363776   0.976822635303147   0.983775844712203   0.990729054121259   1.000000000000000   1.000000000000000   1.000000000000000   1.000000000000000   0.999240195314829   0.999240195314829   0.999240195314829   1.000000000000000   1.000000000000000   1.000000000000000   0.879167413785543   1.000000000000000   0.879167413785543   1.000000000000000   
PATCH 15 
2 1 
4 2 
0.000000000000000   0.000000000000000   0.000000000000000   0.500000000000000   1.000000000000000   1.000000000000000   1.000000000000000   
0.000000000000000   0.000000000000000   1.000000000000000   1.000000000000000   
0.034712682413574   0.034550514667675   0.034197486944491   0.034006900175617   0.015608154883698   0.015426597882594   0.015063483880385   0.014881926879280   
0.034006900175617   0.034197486944491   0.034550514667675   0.034712682413574   0.014881926879280   0.015063483880385   0.015426597882594   0.015608154883698   
1.000000000000000   0.999973631730284   0.999973631730284   1.000000000000000   1.000000000000000   1.000000000000000   1.000000000000000   1.000000000000000   
PATCH 16 
2 2 
4 4 
0.000000000000000   0.000000000000000   0.000000000000000   0.500000000000000   1.000000000000000   1.000000000000000   1.000000000000000   
0.000000000000000   0.000000000000000   0.000000000000000   0.500000000000000   1.000000000000000   1.000000000000000   1.000000000000000   
0.013241336672094   0.013833041224995   0.015016450330797   0.015608154883698   0.013059779670990   0.013651484223891   0.014834893329693   0.015426597882594   0.012696665668781   0.013288370221682   0.014471779327484   0.015063483880385   0.012515108667676   0.013106813220577   0.014290222326379   0.014881926879280   
0.012515108667676   0.013106813220577   0.014290222326379   0.014881926879280   0.012696665668781   0.013288370221682   0.014471779327484   0.015063483880385   0.013059779670990   0.013651484223891   0.014834893329693   0.015426597882594   0.013241336672094   0.013833041224995   0.015016450330797   0.015608154883698   
1.000000000000000   1.000000000000000   1.000000000000000   1.000000000000000   1.000000000000000   1.000000000000000   1.000000000000000   1.000000000000000   1.000000000000000   1.000000000000000   1.000000000000000   1.000000000000000   1.000000000000000   1.000000000000000   1.000000000000000   1.000000000000000   
PATCH 17 
2 1 
4 2 
0.000000000000000   0.000000000000000   0.000000000000000   0.500000000000000   1.000000000000000   1.000000000000000   1.000000000000000   
0.000000000000000   0.000000000000000   1.000000000000000   1.000000000000000   
0.013241336672094   0.013059779670990   0.012696665668781   0.012515108667676   0.010393521693633   0.010340962679949   0.010235302077774   0.010182200489284   
0.012515108667676   0.012696665668781   0.013059779670990   0.013241336672094   0.010182200489284   0.010235302077774   0.010340962679949   0.010393521693633   
1.000000000000000   1.000000000000000   1.000000000000000   1.000000000000000   1.000000000000000   0.999973631730284   0.999973631730284   1.000000000000000   
PATCH 18 
2 1 
4 2 
0.000000000000000   0.000000000000000   0.000000000000000   0.500000000000000   1.000000000000000   1.000000000000000   1.000000000000000   
0.000000000000000   0.000000000000000   1.000000000000000   1.000000000000000   
0.034712682413574   0.034550514667675   0.034197486944491   0.034006900175617   0.038685244377508   0.037197068413715   0.034084833369545   0.032460774289170   
0.034006900175617   0.034197486944491   0.034550514667675   0.034712682413574   0.032460774289170   0.034084833369545   0.037197068413715   0.038685244377508   
1.000000000000000   0.999973631730284   0.999973631730284   1.000000000000000   1.000000000000000   0.998097349045873   0.998097349045873   1.000000000000000   
PATCH 19 
2 1 
4 2 
0.000000000000000   0.000000000000000   0.000000000000000   0.500000000000000   1.000000000000000   1.000000000000000   1.000000000000000   
0.000000000000000   0.000000000000000   1.000000000000000   1.000000000000000   
0.000000000000000   0.002178893568691   0.006520098010365   0.008682408883347   0.000000000000000   0.002200682504378   0.006585298990468   0.008769232972180   
0.050000000000000   0.049904867452294   0.049525061277599   0.049240387650610   0.050500000000000   0.050403916126817   0.050020311890375   0.049732791527117   
1.000000000000000   0.998097349045873   0.998097349045873   1.000000000000000   1.000000000000000   0.998097349045873   0.998097349045873   1.000000000000000   
PATCH 20 
2 1 
4 2 
0.000000000000000   0.000000000000000   0.000000000000000   0.500000000000000   1.000000000000000   1.000000000000000   1.000000000000000   
0.000000000000000   0.000000000000000   1.000000000000000   1.000000000000000   
0.003278788056615   0.004424854265317   0.006716986682721   0.007863052891423   0.000000000000000   0.002178893568691   0.006520098010365   0.008682408883347   
0.048321467749645   0.048194924849611   0.047941839049542   0.047815296149508   0.050000000000000   0.049904867452294   0.049525061277599   0.049240387650610   
1.000000000000000   1.000000000000000   1.000000000000000   1.000000000000000   1.000000000000000   0.998097349045873   0.998097349045873   1.000000000000000   
PATCH 21 
2 1 
13 2 
0.000000000000000   0.000000000000000   0.000000000000000   0.125000000000000   0.125000000000000   0.250000000000000   0.250000000000000   0.500000000000000   0.500000000000000   0.625000000000000   0.625000000000000   0.750000000000000   0.750000000000000   1.000000000000000   1.000000000000000   1.000000000000000   
0.000000000000000   0.000000000000000   1.000000000000000   1.000000000000000   
0.007863052891423   0.007230803725610   0.008006026765454   0.007325086060886   0.008034469165850   0.007499713133897   0.006964957101944   0.006842505243199   0.006842516760922   0.006842528278645   0.006965003172835   0.007027581805101   0.007090160437366   0.008682408883347   0.009214726804819   0.009640374322082   0.010190630928957   0.010694440005898   0.011746479692684   0.012809446423735   0.013333095765937   0.013870186746096   0.014412413691156   0.014951321232769   0.016006019319124   0.017062147026144   
0.047815296149508   0.043457744989051   0.047729642431992   0.043320307988084   0.047565419663048   0.045541256325286   0.043517092987525   0.042768107939419   0.042742522122602   0.042716936305785   0.043414749720256   0.043178737167881   0.042942724615506   0.049240387650610   0.049122375608591   0.048470038321849   0.048467487824038   0.048244245251941   0.048006060554684   0.047805504870211   0.047672269164078   0.047584154291569   0.047508473161681   0.047416097398087   0.047150603102042   0.046877863681744   
1.000000000000000   0.909058276528897   1.000000000000000   0.909058276528897   1.000000000000000   1.000000000000000   1.000000000000000   0.983357162074293   0.983357162074293   0.983357162074293   1.000000000000000   1.000000000000000   1.000000000000000   1.000000000000000   0.999524337261468   0.999167590207569   0.998810843153671   0.998573011784405   0.998097349045873   0.998097349045873   0.998097349045873   0.998216264730506   0.998335180415139   0.998573011784404   0.999048674522936   1.000000000000000   
PATCH 22 
2 2 
13 4 
0.000000000000000   0.000000000000000   0.000000000000000   0.250000000000000   0.250000000000000   0.375000000000000   0.375000000000000   0.500000000000000   0.500000000000000   0.750000000000000   0.750000000000000   0.875000000000000   0.875000000000000   1.000000000000000   1.000000000000000   1.000000000000000   
0.000000000000000   0.000000000000000   0.000000000000000   0.500000000000000   1.000000000000000   1.000000000000000   1.000000000000000   
0.004204206299826   0.003713424364931   0.003222642430036   0.003213236135548   0.003211697315772   0.003210158495997   0.003216487150933   0.003136925256196   0.003057363361459   0.002762208179857   0.003118093659586   0.002884478629997   0.003278788056615   0.004925694834211   0.004541963724973   0.004158232615736   0.004120559171322   0.004119402177060   0.004118245182797   0.004153604638686   0.004227622225621   0.004301639812557   0.003902927650114   0.004340076936053   0.003971059903900   0.004424854265317   0.006368671902981   0.006199042445058   0.006029412987135   0.005935205242870   0.005934811899634   0.005934418556399   0.006027839614191   0.006409016164472   0.006790192714752   0.006184366590629   0.006784043488987   0.006144222451707   0.006716986682721   0.007090160437366   0.007027581805101   0.006965003172835   0.006842528278645   0.006842516760922   0.006842505243199   0.006964957101944   0.007499713133897   0.008034469165850   0.007325086060886   0.008006026765454   0.007230803725610   0.007863052891423   
0.042177515049780   0.044028477477692   0.045879439905605   0.045788552361262   0.045797746868716   0.045806941376170   0.045916217935421   0.047012206578909   0.048108195222398   0.043645234806840   0.048266724058431   0.043763003639673   0.048321467749645   0.042368817441211   0.043816042400239   0.045263267359268   0.045020648347392   0.045033940682187   0.045047233016982   0.045316436698447   0.046644469015504   0.047972501332561   0.043564003102151   0.048132453651821   0.043686688977017   0.048194924849611   0.042751422224075   0.043391172245334   0.044030922266593   0.043484840319654   0.043506328309131   0.043527816298607   0.044116874224499   0.045908993888692   0.047701113552886   0.043401539692773   0.047863912838602   0.043534059651706   0.047941839049542   0.042942724615506   0.043178737167881   0.043414749720256   0.042716936305785   0.042742522122602   0.042768107939419   0.043517092987525   0.045541256325286   0.047565419663048   0.043320307988084   0.047729642431992   0.043457744989051   0.047815296149508   
1.000000000000000   1.000000000000000   1.000000000000000   0.997822585525618   0.997822585525618   0.997822585525618   1.000000000000000   1.000000000000000   1.000000000000000   0.905471006699130   1.000000000000000   0.905471006699130   1.000000000000000   1.000000000000000   1.000000000000000   1.000000000000000   0.994206229662787   0.994206229662787   0.994206229662787   1.000000000000000   1.000000000000000   1.000000000000000   0.906367824156572   1.000000000000000   0.906367824156572   1.000000000000000   1.000000000000000   1.000000000000000   1.000000000000000   0.986973517937125   0.986973517937125   0.986973517937125   1.000000000000000   1.000000000000000   1.000000000000000   0.908161459071456   1.000000000000000   0.908161459071456   1.000000000000000   1.000000000000000   1.000000000000000   1.000000000000000   0.983357162074293   0.983357162074293   0.983357162074293   1.000000000000000   1.000000000000000   1.000000000000000   0.909058276528897   1.000000000000000   0.909058276528897   1.000000000000000   
PATCH 23 
2 1 
13 2 
0.000000000000000   0.000000000000000   0.000000000000000   0.125000000000000   0.125000000000000   0.250000000000000   0.250000000000000   0.500000000000000   0.500000000000000   0.625000000000000   0.625000000000000   0.750000000000000   0.750000000000000   1.000000000000000   1.000000000000000   1.000000000000000   
0.000000000000000   0.000000000000000   1.000000000000000   1.000000000000000   
0.008682408883347   0.009214726804819   0.009640374322082   0.010190630928957   0.010694440005898   0.011746479692684   0.012809446423735   0.013333095765937   0.013870186746096   0.014412413691156   0.014951321232769   0.016006019319124   0.017062147026144   0.008769232972180   0.009306874072867   0.009842960902535   0.010379047732203   0.010913580290852   0.011982645408149   0.013045493441370   0.013576917457981   0.014106787203572   0.014636656949163   0.015164972423735   0.016221603372879   0.017272017237946   
0.049240387650610   0.049122375608591   0.048470038321849   0.048467487824038   0.048244245251941   0.048006060554684   0.047805504870211   0.047672269164078   0.047584154291569   0.047508473161681   0.047416097398087   0.047150603102042   0.046877863681744   0.049732791527117   0.049613599364677   0.049488606583825   0.049363613802972   0.049232820403708   0.048971233605179   0.048686444333000   0.048544049696911   0.048395854442409   0.048247659187908   0.048093663314994   0.047785671569166   0.047454477349688   
1.000000000000000   0.999524337261468   0.999167590207569   0.998810843153671   0.998573011784405   0.998097349045873   0.998097349045873   0.998097349045873   0.998216264730506   0.998335180415139   0.998573011784404   0.999048674522936   1.000000000000000   1.000000000000000   0.999524337261468   0.999167590207569   0.998810843153671   0.998573011784405   0.998097349045873   0.998097349045873   0.998097349045873   0.998216264730506   0.998335180415139   0.998573011784404   0.999048674522936   1.000000000000000   
PATCH 24 
2 1 
6 2 
0.000000000000000   0.000000000000000   0.000000000000000   0.250000000000000   0.500000000000000   0.750000000000000   1.000000000000000   1.000000000000000   1.000000000000000   
0.000000000000000   0.000000000000000   1.000000000000000   1.000000000000000   
0.017062147026144   0.018100637871033   0.020098362846795   0.022000502858963   0.023979414146764   0.024995518290333   0.017272017237946   0.018289568482936   0.020304367573183   0.022298863263696   0.024273055554476   0.025250000000000   
0.046877863681744   0.046547144618851   0.045678291441125   0.044611438170150   0.043707623556329   0.043293507640374   0.047454477349688   0.047032993823604   0.046146485990198   0.045216437375554   0.044242847979673   0.043734282891114   
1.000000000000000   0.999048674522936   0.998097349045873   0.998097349045873   0.999048674522936   1.000000000000000   1.000000000000000   0.999048674522936   0.998097349045873   0.998097349045873   0.999048674522936   1.000000000000000   
PATCH 25 
2 1 
6 2 
0.000000000000000   0.000000000000000   0.000000000000000   0.250000000000000   0.500000000000000   0.750000000000000   1.000000000000000   1.000000000000000   1.000000000000000   
0.000000000000000   0.000000000000000   1.000000000000000   1.000000000000000   
0.017062147026144   0.018100637871033   0.020098362846795   0.022000502858963   0.023979414146764   0.024995518290333   0.007090160437366   0.007915963870511   0.009567570736800   0.011219177603089   0.012870784469379   0.013696587902523   
0.046877863681744   0.046547144618851   0.045678291441125   0.044611438170150   0.043707623556329   0.043293507640374   0.042942724615506   0.039828243378703   0.033599280905095   0.027370318431487   0.021141355957880   0.018026874721076   
1.000000000000000   0.999048674522936   0.998097349045873   0.998097349045873   0.999048674522936   1.000000000000000   1.000000000000000   1.000000000000000   1.000000000000000   1.000000000000000   1.000000000000000   1.000000000000000   
PATCH 26 
2 1 
13 2 
0.000000000000000   0.000000000000000   0.000000000000000   0.250000000000000   0.250000000000000   0.375000000000000   0.375000000000000   0.500000000000000   0.500000000000000   0.750000000000000   0.750000000000000   0.875000000000000   0.875000000000000   1.000000000000000   1.000000000000000   1.000000000000000   
0.000000000000000   0.000000000000000   1.000000000000000   1.000000000000000   
0.024995518290333   0.026302637359624   0.027583026842764   0.028197080618261   0.028779262497898   0.029427886159271   0.030104175631016   0.031071909439858   0.031830943184692   0.032333761880717   0.032844402640044   0.033434806997876   0.034006900175617   0.013696587902523   0.013814989228711   0.013933390554899   0.013796891767273   0.013805819465162   0.013814747163051   0.013969101346456   0.014433607943868   0.014898114541281   0.013068999742148   0.013064952826648   0.013060905911148   0.014881926879280   
0.043293507640374   0.042422367439340   0.041516850609257   0.041025905217498   0.040493199465386   0.040055429071047   0.039652473191722   0.038358273763981   0.036860579638760   0.036274377699276   0.035701460975089   0.035217664950878   0.034712682413574   0.018026874721076   0.017580329339906   0.017133783958736   0.016940217605273   0.016922251396372   0.016904285187471   0.017061919123132   0.016467309433804   0.015872699744475   0.013828255362866   0.013762119147672   0.013695982932478   0.015608154883698   
1.000000000000000   0.998025510627564   0.997038265941346   0.996544643598237   0.996297832426683   0.996051021255128   0.996051021255128   0.996051021255128   0.997038265941346   0.997531888284455   0.998272321799119   0.999012755313782   1.000000000000000   1.000000000000000   1.000000000000000   1.000000000000000   0.989834450302513   0.989834450302513   0.989834450302513   1.000000000000000   1.000000000000000   1.000000000000000   0.874487099735188   0.874487099735188   0.874487099735188   1.000000000000000   
PATCH 27 
2 2 
6 4 
0.000000000000000   0.000000000000000   0.000000000000000   0.250000000000000   0.500000000000000   0.750000000000000   1.000000000000000   1.000000000000000   1.000000000000000   
0.000000000000000   0.000000000000000   0.000000000000000   0.500000000000000   1.000000000000000   1.000000000000000   1.000000000000000   
0.010810633764983   0.009984830331838   0.008333223465549   0.006681616599260   0.005030009732970   0.004204206299826   0.011532122299368   0.010706318866223   0.009054711999934   0.007403105133645   0.005751498267356   0.004925694834211   0.012975099368138   0.012149295934994   0.010497689068704   0.008846082202415   0.007194475336126   0.006368671902981   0.013696587902523   0.012870784469379   0.011219177603089   0.009567570736800   0.007915963870511   0.007090160437366   
0.017261665155349   0.020376146392153   0.026605108865761   0.032834071339368   0.039063033812976   0.042177515049780   0.017452967546781   0.020567448783585   0.026796411257192   0.033025373730800   0.039254336204408   0.042368817441211   0.017835572329644   0.020950053566448   0.027179016040056   0.033407978513663   0.039636940987271   0.042751422224075   0.018026874721076   0.021141355957880   0.027370318431487   0.033599280905095   0.039828243378703   0.042942724615506   
1.000000000000000   1.000000000000000   1.000000000000000   1.000000000000000   1.000000000000000   1.000000000000000   1.000000000000000   1.000000000000000   1.000000000000000   1.000000000000000   1.000000000000000   1.000000000000000   1.000000000000000   1.000000000000000   1.000000000000000   1.000000000000000   1.000000000000000   1.000000000000000   1.000000000000000   1.000000000000000   1.000000000000000   1.000000000000000   1.000000000000000   1.000000000000000   
PATCH 28 
2 2 
13 4 
0.000000000000000   0.000000000000000   0.000000000000000   0.250000000000000   0.250000000000000   0.375000000000000   0.375000000000000   0.500000000000000   0.500000000000000   0.750000000000000   0.750000000000000   0.875000000000000   0.875000000000000   1.000000000000000   1.000000000000000   1.000000000000000   
0.000000000000000   0.000000000000000   0.000000000000000   0.500000000000000   1.000000000000000   1.000000000000000   1.000000000000000   
0.010810633764983   0.010975884295364   0.011141134825746   0.011134082124825   0.011135785911455   0.011137489698084   0.011147949972265   0.011667566310214   0.012187182648164   0.010748988551345   0.012332392451275   0.010935486603007   0.012515108667676   0.011532122299368   0.011685660528701   0.011839198758034   0.011799784535437   0.011803294299881   0.011806804064326   0.011853237815812   0.012359076718628   0.012864915621443   0.011328991349046   0.012515532545118   0.011466841430042   0.013106813220577   0.012975099368138   0.013105212995374   0.013235326622611   0.013131189356661   0.013138311076735   0.013145432796809   0.013263813502908   0.013742097535455   0.014220381568002   0.012488996944447   0.012881812732805   0.012529551084113   0.014290222326379   0.013696587902523   0.013814989228711   0.013933390554899   0.013796891767273   0.013805819465162   0.013814747163051   0.013969101346456   0.014433607943868   0.014898114541281   0.013068999742148   0.013064952826648   0.013060905911148   0.014881926879280   
0.017261665155349   0.016638430066238   0.016015194977126   0.015997699807243   0.015992458986086   0.015987218164928   0.015994231692498   0.014652383883633   0.013310536074767   0.011613317676551   0.013187067623549   0.011573962599470   0.013241336672094   0.017452967546781   0.016873904884655   0.016294842222529   0.016233329256750   0.016224907088657   0.016216484920564   0.016261153550156   0.015106115271175   0.013951076992194   0.012167052098130   0.013330830504579   0.012104467682722   0.013833041224995   0.017835572329644   0.017344854521489   0.016854136713334   0.016704588155765   0.016689803293800   0.016675018431835   0.016794997265474   0.016013578046261   0.015232158827048   0.013274520941287   0.013618356266641   0.013165477849226   0.015016450330797   0.018026874721076   0.017580329339906   0.017133783958736   0.016940217605273   0.016922251396372   0.016904285187471   0.017061919123132   0.016467309433804   0.015872699744475   0.013828255362866   0.013762119147672   0.013695982932478   0.015608154883698   
1.000000000000000   1.000000000000000   1.000000000000000   0.999240195314829   0.999240195314829   0.999240195314829   1.000000000000000   1.000000000000000   1.000000000000000   0.879167413785543   1.000000000000000   0.879167413785543   1.000000000000000   1.000000000000000   1.000000000000000   1.000000000000000   0.996888759061750   0.996888759061750   0.996888759061750   1.000000000000000   1.000000000000000   1.000000000000000   0.877997335272954   0.968621774933797   0.877997335272954   1.000000000000000   1.000000000000000   1.000000000000000   1.000000000000000   0.992185886555592   0.992185886555592   0.992185886555592   1.000000000000000   1.000000000000000   1.000000000000000   0.875657178247777   0.905865324801391   0.875657178247777   1.000000000000000   1.000000000000000   1.000000000000000   1.000000000000000   0.989834450302513   0.989834450302513   0.989834450302513   1.000000000000000   1.000000000000000   1.000000000000000   0.874487099735188   0.874487099735188   0.874487099735188   1.000000000000000   
PATCH 29 
2 1 
13 2 
0.000000000000000   0.000000000000000   0.000000000000000   0.250000000000000   0.250000000000000   0.375000000000000   0.375000000000000   0.500000000000000   0.500000000000000   0.750000000000000   0.750000000000000   0.875000000000000   0.875000000000000   1.000000000000000   1.000000000000000   1.000000000000000   
0.000000000000000   0.000000000000000   1.000000000000000   1.000000000000000   
0.024995518290333   0.026302637359624   0.027583026842764   0.028197080618261   0.028779262497898   0.029427886159271   0.030104175631016   0.031071909439858   0.031830943184692   0.032333761880717   0.032844402640044   0.033434806997876   0.034006900175617   0.025250000000000   0.026178902508932   0.027094027156471   0.027551589480241   0.028005707338662   0.028459825197083   0.028910498590156   0.029811845376303   0.030699414301056   0.031143198763433   0.031583538760461   0.032023878757490   0.032460774289170   
0.043293507640374   0.042422367439340   0.041516850609257   0.041025905217498   0.040493199465386   0.040055429071047   0.039652473191722   0.038358273763981   0.036860579638760   0.036274377699276   0.035701460975089   0.035217664950878   0.034712682413574   0.043734282891114   0.043142506727484   0.042531053738569   0.042225327244111   0.041914681543332   0.041604035842553   0.041288470935453   0.040657341121252   0.040006534481766   0.039681131162023   0.039350808635958   0.039020486109894   0.038685244377508   
1.000000000000000   0.998025510627564   0.997038265941346   0.996544643598237   0.996297832426683   0.996051021255128   0.996051021255128   0.996051021255128   0.997038265941346   0.997531888284455   0.998272321799119   0.999012755313782   1.000000000000000   1.000000000000000   0.999048674522937   0.998573011784405   0.998335180415139   0.998216264730506   0.998097349045873   0.998097349045873   0.998097349045873   0.998573011784405   0.998810843153671   0.999167590207569   0.999524337261468   1.000000000000000   
PATCH 30 
2 1 
6 2 
0.000000000000000   0.000000000000000   0.000000000000000   0.250000000000000   0.500000000000000   0.750000000000000   1.000000000000000   1.000000000000000   1.000000000000000   
0.000000000000000   0.000000000000000   1.000000000000000   1.000000000000000   
0.010810633764983   0.009984830331838   0.008333223465549   0.006681616599260   0.005030009732970   0.004204206299826   0.000000000000000   0.000000000000000   0.000000000000000   0.000000000000000   0.000000000000000   0.000000000000000   
0.017261665155349   0.020376146392153   0.026605108865761   0.032834071339368   0.039063033812976   0.042177515049780   0.014550000000000   0.018003439381222   0.024910318143667   0.031817196906112   0.038724075668557   0.042177515049780   
1.000000000000000   1.000000000000000   1.000000000000000   1.000000000000000   1.000000000000000   1.000000000000000   1.000000000000000   1.000000000000000   1.000000000000000   1.000000000000000   1.000000000000000   1.000000000000000   
PATCH 31 
2 1 
13 2 
0.000000000000000   0.000000000000000   0.000000000000000   0.250000000000000   0.250000000000000   0.375000000000000   0.375000000000000   0.500000000000000   0.500000000000000   0.750000000000000   0.750000000000000   0.875000000000000   0.875000000000000   1.000000000000000   1.000000000000000   1.000000000000000   
0.000000000000000   0.000000000000000   1.000000000000000   1.000000000000000   
0.004204206299826   0.003713424364931   0.003222642430036   0.003213236135548   0.003211697315772   0.003210158495997   0.003216487150933   0.003136925256196   0.003057363361459   0.002762208179857   0.003118093659586   0.002884478629997   0.003278788056615   0.000000000000000   0.000000000000000   0.000000000000000   0.000000000000000   0.000000000000000   0.000000000000000   0.000000000000000   0.000000000000000   0.000000000000000   0.000000000000000   0.000000000000000   0.000000000000000   0.000000000000000   
0.042177515049780   0.044028477477692   0.045879439905605   0.045788552361262   0.045797746868716   0.045806941376170   0.045916217935421   0.047012206578909   0.048108195222398   0.043645234806840   0.048266724058431   0.043763003639673   0.048321467749645   0.042177515049780   0.043155325668557   0.044133136287335   0.044622041596724   0.045110946906112   0.045599852215501   0.046088757524890   0.047066568143667   0.048044378762445   0.048533284071834   0.049022189381222   0.049511094690611   0.050000000000000   
1.000000000000000   1.000000000000000   1.000000000000000   0.997822585525618   0.997822585525618   0.997822585525618   1.000000000000000   1.000000000000000   1.000000000000000   0.905471006699130   1.000000000000000   0.905471006699130   1.000000000000000   1.000000000000000   1.000000000000000   1.000000000000000   1.000000000000000   1.000000000000000   1.000000000000000   1.000000000000000   1.000000000000000   1.000000000000000   1.000000000000000   1.000000000000000   1.000000000000000   1.000000000000000   
PATCH 32 
2 1 
13 2 
0.000000000000000   0.000000000000000   0.000000000000000   0.250000000000000   0.250000000000000   0.375000000000000   0.375000000000000   0.500000000000000   0.500000000000000   0.750000000000000   0.750000000000000   0.875000000000000   0.875000000000000   1.000000000000000   1.000000000000000   1.000000000000000   
0.000000000000000   0.000000000000000   1.000000000000000   1.000000000000000   
0.000000000000000   0.001374735876424   0.002698491345216   0.003360369079612   0.004009501712100   0.004658634344588   0.005295021875168   0.006567796936329   0.007789591589858   0.008400488916622   0.008998641141479   0.009596793366336   0.010182200489284   0.010810633764983   0.010975884295364   0.011141134825746   0.011134082124825   0.011135785911455   0.011137489698084   0.011147949972265   0.011667566310214   0.012187182648164   0.010748988551345   0.012332392451275   0.010935486603007   0.012515108667676   
0.014550000000000   0.014280215474929   0.013885543318245   0.013688207239903   0.013459649253658   0.013231091267413   0.012971311373266   0.012451751584970   0.011807304165062   0.011485080455107   0.011131634837250   0.010778189219393   0.010393521693633   0.017261665155349   0.016638430066238   0.016015194977126   0.015997699807243   0.015992458986086   0.015987218164928   0.015994231692498   0.014652383883633   0.013310536074767   0.011613317676551   0.013187067623549   0.011573962599470   0.013241336672094   
1.000000000000000   0.981458108242517   0.972187162363776   0.967551689424405   0.965233952954720   0.962916216485035   0.962916216485035   0.962916216485035   0.972187162363776   0.976822635303147   0.983775844712203   0.990729054121259   1.000000000000000   1.000000000000000   1.000000000000000   1.000000000000000   0.999240195314829   0.999240195314829   0.999240195314829   1.000000000000000   1.000000000000000   1.000000000000000   0.879167413785543   1.000000000000000   0.879167413785543   1.000000000000000   
INTERFACE 1 
1 2 
5 1 
1 
INTERFACE 2 
1 3 
2 4 
1 
INTERFACE 3 
2 1 
13 2 
1 
INTERFACE 4 
2 2 
3 1 
1 
INTERFACE 5 
2 3 
4 2 
1 
INTERFACE 6 
3 2 
7 1 
-1 
INTERFACE 7 
3 3 
4 4 
-1 
INTERFACE 8 
3 4 
5 3 
1 
INTERFACE 9 
4 1 
9 2 
1 
INTERFACE 10 
4 3 
13 3 
1 
INTERFACE 11 
5 2 
6 1 
1 
INTERFACE 12 
6 2 
11 1 
1 
INTERFACE 13 
6 3 
7 3 
1 
INTERFACE 14 
7 2 
8 1 
1 
INTERFACE 15 
7 4 
9 4 
-1 
INTERFACE 16 
8 2 
15 1 
1 
INTERFACE 17 
8 3 
11 3 
1 
INTERFACE 18 
8 4 
10 4 
1 
INTERFACE 19 
9 1 
10 1 
1 
INTERFACE 20 
9 3 
12 3 
1 
INTERFACE 21 
10 2 
16 3 
1 
INTERFACE 22 
10 3 
14 4 
1 
INTERFACE 23 
11 2 
18 1 
1 
INTERFACE 24 
12 1 
14 1 
-1 
INTERFACE 25 
12 2 
13 1 
1 
INTERFACE 26 
14 2 
17 1 
-1 
INTERFACE 27 
15 2 
26 2 
1 
INTERFACE 28 
15 3 
18 3 
1 
INTERFACE 29 
15 4 
16 2 
1 
INTERFACE 30 
16 1 
17 3 
1 
INTERFACE 31 
16 4 
28 2 
1 
INTERFACE 32 
17 2 
32 2 
-1 
INTERFACE 33 
18 2 
29 2 
1 
INTERFACE 34 
19 2 
23 1 
1 
INTERFACE 35 
19 3 
20 4 
1 
INTERFACE 36 
20 1 
31 2 
1 
INTERFACE 37 
20 2 
21 1 
1 
INTERFACE 38 
20 3 
22 2 
1 
INTERFACE 39 
21 2 
25 1 
-1 
INTERFACE 40 
21 3 
22 4 
-1 
INTERFACE 41 
21 4 
23 3 
1 
INTERFACE 42 
22 1 
27 2 
1 
INTERFACE 43 
22 3 
31 3 
1 
INTERFACE 44 
23 2 
24 1 
1 
INTERFACE 45 
24 2 
29 1 
1 
INTERFACE 46 
24 3 
25 3 
1 
INTERFACE 47 
25 2 
26 1 
1 
INTERFACE 48 
25 4 
27 4 
-1 
INTERFACE 49 
26 3 
29 3 
1 
INTERFACE 50 
26 4 
28 4 
1 
INTERFACE 51 
27 1 
28 1 
1 
INTERFACE 52 
27 3 
30 3 
1 
INTERFACE 53 
28 3 
32 4 
1 
INTERFACE 54 
30 1 
32 1 
-1 
INTERFACE 55 
30 2 
31 1 
1 
BOUNDARY 1 
1 
1 1 
BOUNDARY 2 
1 
1 4 
BOUNDARY 3 
1 
5 4 
BOUNDARY 4 
1 
6 4 
BOUNDARY 5 
1 
11 4 
BOUNDARY 6 
1 
12 4 
BOUNDARY 7 
1 
13 4 
BOUNDARY 8 
1 
14 3 
BOUNDARY 9 
1 
17 4 
BOUNDARY 10 
1 
18 4 
BOUNDARY 11 
1 
19 1 
BOUNDARY 12 
1 
19 4 
BOUNDARY 13 
1 
23 4 
BOUNDARY 14 
1 
24 4 
BOUNDARY 15 
1 
29 4 
BOUNDARY 16 
1 
30 4 
BOUNDARY 17 
1 
31 4 
BOUNDARY 18 
1 
32 3 
