# nurbs mesh v.2.1
#
# 14-Jul-2024
#
2 2 32 55 0 
PATCH 1 
2 1 
4 2 
0.000000000000000   0.000000000000000   0.000000000000000   0.500000000000000   1.000000000000000   1.000000000000000   1.000000000000000   
0.000000000000000   0.000000000000000   1.000000000000000   1.000000000000000   
0.050000000000000   0.049904867452294   0.049525061277599   0.049240387650610   0.050500000000000   0.050403916126817   0.050020311890375   0.049732791527117   
0.000000000000000   0.002178893568691   0.006520098010365   0.008682408883347   0.000000000000000   0.002200682504378   0.006585298990468   0.008769232972180   
1.000000000000000   0.998097349045873   0.998097349045873   1.000000000000000   1.000000000000000   0.998097349045873   0.998097349045873   1.000000000000000   
PATCH 2 
2 1 
4 2 
0.000000000000000   0.000000000000000   0.000000000000000   0.500000000000000   1.000000000000000   1.000000000000000   1.000000000000000   
0.000000000000000   0.000000000000000   1.000000000000000   1.000000000000000   
0.048328134930125   0.048207028582217   0.047964815886399   0.047843709538491   0.050000000000000   0.049904867452294   0.049525061277599   0.049240387650610   
0.003466331629433   0.004559727981587   0.006746520685895   0.007839917038049   0.000000000000000   0.002178893568691   0.006520098010365   0.008682408883347   
1.000000000000000   1.000000000000000   1.000000000000000   1.000000000000000   1.000000000000000   0.998097349045873   0.998097349045873   1.000000000000000   
PATCH 3 
2 1 
13 2 
0.000000000000000   0.000000000000000   0.000000000000000   0.125000000000000   0.125000000000000   0.250000000000000   0.250000000000000   0.500000000000000   0.500000000000000   0.625000000000000   0.625000000000000   0.750000000000000   0.750000000000000   1.000000000000000   1.000000000000000   1.000000000000000   
0.000000000000000   0.000000000000000   1.000000000000000   1.000000000000000   
0.047843709538491   0.043316019298276   0.047755246400402   0.043174482482136   0.047587369321004   0.045540409319690   0.043493449318376   0.042731264041136   0.042705455249543   0.042679646457950   0.043390214152003   0.043168387560383   0.042946560968764   0.049240387650610   0.049122375608591   0.048471385431952   0.048537144492678   0.048308248642238   0.048076350982647   0.047861991409365   0.047717224007926   0.047614573384011   0.047539996784516   0.047449680673749   0.047202160673815   0.046872455583062   
0.007839917038049   0.007183844764295   0.007984720306613   0.007277445208013   0.008009438712719   0.007394345592622   0.006779252472526   0.006656875578388   0.006656082006917   0.006655288435445   0.006776078186641   0.006828118123745   0.006880158060848   0.008682408883347   0.009214726804819   0.009640642253491   0.010205276734500   0.010708627820717   0.011763678877019   0.012824581946285   0.013345668845605   0.013879053531670   0.014421976858800   0.014961910766072   0.016023521353786   0.017060178639199   
1.000000000000000   0.905560208560502   1.000000000000000   0.905560208560502   1.000000000000000   1.000000000000000   1.000000000000000   0.983044421373859   0.983044421373859   0.983044421373859   1.000000000000000   1.000000000000000   1.000000000000000   1.000000000000000   0.999524337261468   0.999167590207569   0.998810843153671   0.998573011784405   0.998097349045873   0.998097349045873   0.998097349045873   0.998216264730506   0.998335180415139   0.998573011784404   0.999048674522936   1.000000000000000   
PATCH 4 
2 2 
13 4 
0.000000000000000   0.000000000000000   0.000000000000000   0.250000000000000   0.250000000000000   0.375000000000000   0.375000000000000   0.500000000000000   0.500000000000000   0.750000000000000   0.750000000000000   0.875000000000000   0.875000000000000   1.000000000000000   1.000000000000000   1.000000000000000   
0.000000000000000   0.000000000000000   0.000000000000000   0.500000000000000   1.000000000000000   1.000000000000000   1.000000000000000   
0.042330107122637   0.044252413029482   0.046174718936327   0.046092369077941   0.046101149464439   0.046109929850937   0.046209840482319   0.047164316644494   0.048118792806669   0.043752144259029   0.048274778691915   0.043867483081932   0.048328134930125   0.042484220584169   0.043981406662207   0.045478592740246   0.045239188422943   0.045252225910715   0.045265263398487   0.045530742691333   0.046758339813293   0.047985936935253   0.043607728814806   0.048144895619036   0.043729617136018   0.048207028582217   0.042792447507232   0.043439393927658   0.044086340348084   0.043532827112947   0.043554378803267   0.043575930493586   0.044172547109362   0.045946386150891   0.047720225192420   0.043318897926359   0.047885129473280   0.043453885244190   0.047964815886399   0.042946560968764   0.043168387560383   0.043390214152003   0.042679646457950   0.042705455249543   0.042731264041136   0.043493449318376   0.045540409319690   0.047587369321004   0.043174482482136   0.047755246400402   0.043316019298276   0.047843709538491   
0.004252448205914   0.003801480277518   0.003350512349121   0.003341884668045   0.003340632792554   0.003339380917063   0.003345504847157   0.003295048829871   0.003244592812584   0.002940063760463   0.003307016241759   0.003062232646998   0.003466331629433   0.004909375669648   0.004558139739074   0.004206903808501   0.004170235609895   0.004169495096145   0.004168754582394   0.004203941753499   0.004319873020558   0.004435804287618   0.004024409122351   0.004476442257973   0.004092635676322   0.004559727981587   0.006223230597115   0.006071458662188   0.005919686727261   0.005826937493595   0.005827219703326   0.005827501913057   0.005920815566184   0.006369521401934   0.006818227237685   0.006193099846126   0.006815294290400   0.006153441734971   0.006746520685895   0.006880158060848   0.006828118123745   0.006776078186641   0.006655288435445   0.006656082006917   0.006656875578388   0.006779252472526   0.007394345592622   0.008009438712719   0.007277445208013   0.007984720306613   0.007183844764295   0.007839917038049   
1.000000000000000   1.000000000000000   1.000000000000000   0.998029557875294   0.998029557875294   0.998029557875294   1.000000000000000   1.000000000000000   1.000000000000000   0.907509363224030   1.000000000000000   0.907509363224030   1.000000000000000   1.000000000000000   1.000000000000000   1.000000000000000   0.994283273749935   0.994283273749935   0.994283273749935   1.000000000000000   1.000000000000000   1.000000000000000   0.907022074558148   1.000000000000000   0.907022074558148   1.000000000000000   1.000000000000000   1.000000000000000   1.000000000000000   0.986790705499218   0.986790705499218   0.986790705499218   1.000000000000000   1.000000000000000   1.000000000000000   0.906047497226384   1.000000000000000   0.906047497226384   1.000000000000000   1.000000000000000   1.000000000000000   1.000000000000000   0.983044421373859   0.983044421373859   0.983044421373859   1.000000000000000   1.000000000000000   1.000000000000000   0.905560208560502   1.000000000000000   0.905560208560502   1.000000000000000   
PATCH 5 
2 1 
13 2 
0.000000000000000   0.000000000000000   0.000000000000000   0.125000000000000   0.125000000000000   0.250000000000000   0.250000000000000   0.500000000000000   0.500000000000000   0.625000000000000   0.625000000000000   0.750000000000000   0.750000000000000   1.000000000000000   1.000000000000000   1.000000000000000   
0.000000000000000   0.000000000000000   1.000000000000000   1.000000000000000   
0.049240387650610   0.049122375608591   0.048471385431952   0.048537144492678   0.048308248642238   0.048076350982647   0.047861991409365   0.047717224007926   0.047614573384011   0.047539996784516   0.047449680673749   0.047202160673815   0.046872455583062   0.049732791527117   0.049613599364677   0.049488606583825   0.049363613802972   0.049232820403708   0.048971233605179   0.048686444333000   0.048544049696911   0.048395854442409   0.048247659187908   0.048093663314994   0.047785671569166   0.047454477349688   
0.008682408883347   0.009214726804819   0.009640642253491   0.010205276734500   0.010708627820717   0.011763678877019   0.012824581946285   0.013345668845605   0.013879053531670   0.014421976858800   0.014961910766072   0.016023521353786   0.017060178639199   0.008769232972180   0.009306874072867   0.009842960902535   0.010379047732203   0.010913580290852   0.011982645408149   0.013045493441370   0.013576917457981   0.014106787203572   0.014636656949163   0.015164972423735   0.016221603372879   0.017272017237946   
1.000000000000000   0.999524337261468   0.999167590207569   0.998810843153671   0.998573011784405   0.998097349045873   0.998097349045873   0.998097349045873   0.998216264730506   0.998335180415139   0.998573011784404   0.999048674522936   1.000000000000000   1.000000000000000   0.999524337261468   0.999167590207569   0.998810843153671   0.998573011784405   0.998097349045873   0.998097349045873   0.998097349045873   0.998216264730506   0.998335180415139   0.998573011784404   0.999048674522936   1.000000000000000   
PATCH 6 
2 1 
6 2 
0.000000000000000   0.000000000000000   0.000000000000000   0.250000000000000   0.500000000000000   0.750000000000000   1.000000000000000   1.000000000000000   1.000000000000000   
0.000000000000000   0.000000000000000   1.000000000000000   1.000000000000000   
0.046872455583062   0.046563692412042   0.045687997806850   0.044608813049918   0.043700414812016   0.043299602779532   0.047454477349688   0.047032993823604   0.046146485990198   0.045216437375554   0.044242847979673   0.043734282891114   
0.017060178639199   0.018107072757954   0.020102633629570   0.021999208259023   0.023975459196774   0.024999037320567   0.017272017237946   0.018289568482936   0.020304367573183   0.022298863263696   0.024273055554476   0.025250000000000   
1.000000000000000   0.999048674522936   0.998097349045873   0.998097349045873   0.999048674522936   1.000000000000000   1.000000000000000   0.999048674522936   0.998097349045873   0.998097349045873   0.999048674522936   1.000000000000000   
PATCH 7 
2 1 
6 2 
0.000000000000000   0.000000000000000   0.000000000000000   0.250000000000000   0.500000000000000   0.750000000000000   1.000000000000000   1.000000000000000   1.000000000000000   
0.000000000000000   0.000000000000000   1.000000000000000   1.000000000000000   
0.046872455583062   0.046563692412042   0.045687997806850   0.044608813049918   0.043700414812016   0.043299602779532   0.042946560968764   0.039726552924409   0.033286536835698   0.026846520746988   0.020406504658277   0.017186496613922   
0.017060178639199   0.018107072757954   0.020102633629570   0.021999208259023   0.023975459196774   0.024999037320567   0.006880158060848   0.007635563510112   0.009146374408640   0.010657185307168   0.012167996205696   0.012923401654960   
1.000000000000000   0.999048674522936   0.998097349045873   0.998097349045873   0.999048674522936   1.000000000000000   1.000000000000000   1.000000000000000   1.000000000000000   1.000000000000000   1.000000000000000   1.000000000000000   
PATCH 8 
2 1 
13 2 
0.000000000000000   0.000000000000000   0.000000000000000   0.250000000000000   0.250000000000000   0.375000000000000   0.375000000000000   0.500000000000000   0.500000000000000   0.750000000000000   0.750000000000000   0.875000000000000   0.875000000000000   1.000000000000000   1.000000000000000   1.000000000000000   
0.000000000000000   0.000000000000000   1.000000000000000   1.000000000000000   
0.043299602779532   0.042428993020280   0.041520189869923   0.041057516639846   0.040536834293914   0.040107815535414   0.039660007174863   0.038428541459960   0.036801224346872   0.036198867463677   0.035642773662190   0.035155728876465   0.034653708231939   0.017186496613922   0.016914519056587   0.016642541499251   0.016415334372017   0.016395468535531   0.016375602699044   0.016563078153305   0.015866695039569   0.015170311925833   0.013181705749233   0.013115064746395   0.013048423743557   0.014903747914482   
0.024999037320567   0.026308277652541   0.027588367856713   0.028222753857114   0.028815058004790   0.029472026097922   0.030116438965743   0.031137161806044   0.031789785682624   0.032277515728053   0.032802478601808   0.033389132989129   0.033963346384193   0.012923401654960   0.012987206877201   0.013051012099442   0.012894754316160   0.012904430068732   0.012914105821305   0.013089715109732   0.013648313156960   0.014206911204189   0.012435108481757   0.012431461163959   0.012427813846161   0.014192321932996   
1.000000000000000   0.998022227452072   0.997033341178107   0.996538898041125   0.996291676472634   0.996044454904143   0.996044454904143   0.996044454904143   0.997033341178107   0.997527784315089   0.998269449020563   0.999011113726036   1.000000000000000   1.000000000000000   1.000000000000000   1.000000000000000   0.987640450353677   0.987640450353677   0.987640450353677   1.000000000000000   1.000000000000000   1.000000000000000   0.872346405033597   0.872346405033597   0.872346405033597   1.000000000000000   
PATCH 9 
2 2 
6 4 
0.000000000000000   0.000000000000000   0.000000000000000   0.250000000000000   0.500000000000000   0.750000000000000   1.000000000000000   1.000000000000000   1.000000000000000   
0.000000000000000   0.000000000000000   0.000000000000000   0.500000000000000   1.000000000000000   1.000000000000000   1.000000000000000   
0.016570042767795   0.019790050812150   0.026230066900861   0.032670082989571   0.039110099078282   0.042330107122637   0.016724156229327   0.019944164273682   0.026384180362393   0.032824196451103   0.039264212539813   0.042484220584169   0.017032383152390   0.020252391196745   0.026692407285456   0.033132423374166   0.039572439462877   0.042792447507232   0.017186496613922   0.020406504658277   0.026846520746988   0.033286536835698   0.039726552924409   0.042946560968764   
0.010295691800026   0.009540286350762   0.008029475452234   0.006518664553706   0.005007853655178   0.004252448205914   0.010952619263759   0.010197213814495   0.008686402915967   0.007175592017439   0.005664781118912   0.004909375669648   0.012266474191226   0.011511068741962   0.010000257843434   0.008489446944906   0.006978636046379   0.006223230597115   0.012923401654960   0.012167996205696   0.010657185307168   0.009146374408640   0.007635563510112   0.006880158060848   
1.000000000000000   1.000000000000000   1.000000000000000   1.000000000000000   1.000000000000000   1.000000000000000   1.000000000000000   1.000000000000000   1.000000000000000   1.000000000000000   1.000000000000000   1.000000000000000   1.000000000000000   1.000000000000000   1.000000000000000   1.000000000000000   1.000000000000000   1.000000000000000   1.000000000000000   1.000000000000000   1.000000000000000   1.000000000000000   1.000000000000000   1.000000000000000   
PATCH 10 
2 2 
13 4 
0.000000000000000   0.000000000000000   0.000000000000000   0.250000000000000   0.250000000000000   0.375000000000000   0.375000000000000   0.500000000000000   0.500000000000000   0.750000000000000   0.750000000000000   0.875000000000000   0.875000000000000   1.000000000000000   1.000000000000000   1.000000000000000   
0.000000000000000   0.000000000000000   0.000000000000000   0.500000000000000   1.000000000000000   1.000000000000000   1.000000000000000   
0.016570042767795   0.015737684398076   0.014905326028356   0.014763556378092   0.014746913844962   0.014730271311832   0.014838755895834   0.013922317349398   0.013005878802961   0.011696154530399   0.012919025388133   0.011680032452622   0.012976706888413   0.016724156229327   0.016031893062703   0.015339629896080   0.015176500876574   0.015159052517604   0.015141604158635   0.015269836460202   0.014408411771940   0.013546987083679   0.012067542335108   0.012968035227699   0.012022130275356   0.013458467144930   0.017032383152390   0.016620310391959   0.016208237631527   0.016002389873536   0.015983329862889   0.015964269852241   0.016131997588937   0.015380600617026   0.014629203645115   0.012810317944524   0.013066054906830   0.012706325920824   0.014421987657965   0.017186496613922   0.016914519056587   0.016642541499251   0.016415334372017   0.016395468535531   0.016375602699044   0.016563078153305   0.015866695039569   0.015170311925833   0.013181705749233   0.013115064746395   0.013048423743557   0.014903747914482   
0.010295691800026   0.010490960892390   0.010686229984754   0.010601423491589   0.010608719490172   0.010616015488754   0.010715413979085   0.011336871943193   0.011958329907301   0.010866752756393   0.012104937274744   0.011036391532810   0.012265280906927   0.010952619263759   0.011115022388592   0.011277425513426   0.011174756197732   0.011182647134812   0.011190538071892   0.011308989261746   0.011914732246634   0.012520475231523   0.011258841687734   0.012186568247048   0.011384247111148   0.012747041163444   0.012266474191226   0.012363145380998   0.012459816570770   0.012321421610017   0.012330502424092   0.012339583238167   0.012496139827070   0.013070452853518   0.013644765879967   0.012043019550416   0.012349830191655   0.012079958267823   0.013710561676479   0.012923401654960   0.012987206877201   0.013051012099442   0.012894754316160   0.012904430068732   0.012914105821305   0.013089715109732   0.013648313156960   0.014206911204189   0.012435108481757   0.012431461163959   0.012427813846161   0.014192321932996   
1.000000000000000   1.000000000000000   1.000000000000000   0.991675566193878   0.991675566193878   0.991675566193878   1.000000000000000   1.000000000000000   1.000000000000000   0.904719445961200   1.000000000000000   0.904719445961200   1.000000000000000   1.000000000000000   1.000000000000000   1.000000000000000   0.990666787233828   0.990666787233828   0.990666787233828   1.000000000000000   1.000000000000000   1.000000000000000   0.896626185729299   0.968086601258399   0.896626185729299   1.000000000000000   1.000000000000000   1.000000000000000   1.000000000000000   0.988649229313727   0.988649229313727   0.988649229313727   1.000000000000000   1.000000000000000   1.000000000000000   0.880439665265498   0.904259803775197   0.880439665265498   1.000000000000000   1.000000000000000   1.000000000000000   1.000000000000000   0.987640450353677   0.987640450353677   0.987640450353677   1.000000000000000   1.000000000000000   1.000000000000000   0.872346405033597   0.872346405033597   0.872346405033597   1.000000000000000   
PATCH 11 
2 1 
13 2 
0.000000000000000   0.000000000000000   0.000000000000000   0.250000000000000   0.250000000000000   0.375000000000000   0.375000000000000   0.500000000000000   0.500000000000000   0.750000000000000   0.750000000000000   0.875000000000000   0.875000000000000   1.000000000000000   1.000000000000000   1.000000000000000   
0.000000000000000   0.000000000000000   1.000000000000000   1.000000000000000   
0.043299602779532   0.042428993020280   0.041520189869923   0.041057516639846   0.040536834293914   0.040107815535414   0.039660007174863   0.038428541459960   0.036801224346872   0.036198867463677   0.035642773662190   0.035155728876465   0.034653708231939   0.043734282891114   0.043142506727484   0.042531053738569   0.042225327244111   0.041914681543332   0.041604035842553   0.041288470935453   0.040657341121252   0.040006534481766   0.039681131162023   0.039350808635958   0.039020486109894   0.038685244377508   
0.024999037320567   0.026308277652541   0.027588367856713   0.028222753857114   0.028815058004790   0.029472026097922   0.030116438965743   0.031137161806044   0.031789785682624   0.032277515728053   0.032802478601808   0.033389132989129   0.033963346384193   0.025250000000000   0.026178902508932   0.027094027156471   0.027551589480241   0.028005707338662   0.028459825197083   0.028910498590156   0.029811845376303   0.030699414301056   0.031143198763433   0.031583538760461   0.032023878757490   0.032460774289170   
1.000000000000000   0.998022227452072   0.997033341178107   0.996538898041125   0.996291676472634   0.996044454904143   0.996044454904143   0.996044454904143   0.997033341178107   0.997527784315089   0.998269449020563   0.999011113726036   1.000000000000000   1.000000000000000   0.999048674522937   0.998573011784405   0.998335180415139   0.998216264730506   0.998097349045873   0.998097349045873   0.998097349045873   0.998573011784405   0.998810843153671   0.999167590207569   0.999524337261468   1.000000000000000   
PATCH 12 
2 1 
6 2 
0.000000000000000   0.000000000000000   0.000000000000000   0.250000000000000   0.500000000000000   0.750000000000000   1.000000000000000   1.000000000000000   1.000000000000000   
0.000000000000000   0.000000000000000   1.000000000000000   1.000000000000000   
0.016570042767795   0.019790050812150   0.026230066900861   0.032670082989571   0.039110099078282   0.042330107122637   0.014550000000000   0.018022513390330   0.024967540170989   0.031912566951648   0.038857593732307   0.042330107122637   
0.010295691800026   0.009540286350762   0.008029475452234   0.006518664553706   0.005007853655178   0.004252448205914   -0.000000000000000   0.000000000000000   0.000000000000000   0.000000000000000   0.000000000000000   0.000000000000000   
1.000000000000000   1.000000000000000   1.000000000000000   1.000000000000000   1.000000000000000   1.000000000000000   1.000000000000000   1.000000000000000   1.000000000000000   1.000000000000000   1.000000000000000   1.000000000000000   
PATCH 13 
2 1 
13 2 
0.000000000000000   0.000000000000000   0.000000000000000   0.250000000000000   0.250000000000000   0.375000000000000   0.375000000000000   0.500000000000000   0.500000000000000   0.750000000000000   0.750000000000000   0.875000000000000   0.875000000000000   1.000000000000000   1.000000000000000   1.000000000000000   
0.000000000000000   0.000000000000000   1.000000000000000   1.000000000000000   
0.042330107122637   0.044252413029482   0.046174718936327   0.046092369077941   0.046101149464439   0.046109929850937   0.046209840482319   0.047164316644494   0.048118792806669   0.043752144259029   0.048274778691915   0.043867483081932   0.048328134930125   0.042330107122637   0.043288843732307   0.044247580341978   0.044726948646813   0.045206316951648   0.045685685256483   0.046165053561319   0.047123790170989   0.048082526780659   0.048561895085494   0.049041263390330   0.049520631695165   0.050000000000000   
0.004252448205914   0.003801480277518   0.003350512349121   0.003341884668045   0.003340632792554   0.003339380917063   0.003345504847157   0.003295048829871   0.003244592812584   0.002940063760463   0.003307016241759   0.003062232646998   0.003466331629433   0.000000000000000   0.000000000000000   0.000000000000000   0.000000000000000   0.000000000000000   0.000000000000000   0.000000000000000   0.000000000000000   0.000000000000000   0.000000000000000   0.000000000000000   0.000000000000000   0.000000000000000   
1.000000000000000   1.000000000000000   1.000000000000000   0.998029557875294   0.998029557875294   0.998029557875294   1.000000000000000   1.000000000000000   1.000000000000000   0.907509363224030   1.000000000000000   0.907509363224030   1.000000000000000   1.000000000000000   1.000000000000000   1.000000000000000   1.000000000000000   1.000000000000000   1.000000000000000   1.000000000000000   1.000000000000000   1.000000000000000   1.000000000000000   1.000000000000000   1.000000000000000   1.000000000000000   
PATCH 14 
2 1 
13 2 
0.000000000000000   0.000000000000000   0.000000000000000   0.250000000000000   0.250000000000000   0.375000000000000   0.375000000000000   0.500000000000000   0.500000000000000   0.750000000000000   0.750000000000000   0.875000000000000   0.875000000000000   1.000000000000000   1.000000000000000   1.000000000000000   
0.000000000000000   0.000000000000000   1.000000000000000   1.000000000000000   
0.014550000000000   0.014280071583101   0.013885194263629   0.013687755603893   0.013459079718514   0.013230403833135   0.012970490722112   0.012450664500067   0.011805889375449   0.011483501813140   0.011129877025187   0.010776252237235   0.010391390223639   0.016570042767795   0.015737684398076   0.014905326028356   0.014763556378092   0.014746913844962   0.014730271311832   0.014838755895834   0.013922317349398   0.013005878802961   0.011696154530399   0.012919025388133   0.011680032452622   0.012976706888413   
-0.000000000000000   0.001375088318141   0.002699155960982   0.003361189782403   0.004010468434998   0.004659747087593   0.005296270571363   0.006569317538904   0.007791343831143   0.008402356977263   0.009000614954558   0.009598872931852   0.010184375740322   0.010295691800026   0.010490960892390   0.010686229984754   0.010601423491589   0.010608719490172   0.010616015488754   0.010715413979085   0.011336871943193   0.011958329907301   0.010866752756393   0.012104937274744   0.011036391532810   0.012265280906927   
1.000000000000000   0.981448218769844   0.972172328154766   0.967534382847226   0.965215410193457   0.962896437539687   0.962896437539688   0.962896437539687   0.972172328154766   0.976810273462305   0.983767191423613   0.990724109384922   1.000000000000000   1.000000000000000   1.000000000000000   1.000000000000000   0.991675566193878   0.991675566193878   0.991675566193878   1.000000000000000   1.000000000000000   1.000000000000000   0.904719445961200   1.000000000000000   0.904719445961200   1.000000000000000   
PATCH 15 
2 1 
4 2 
0.000000000000000   0.000000000000000   0.000000000000000   0.500000000000000   1.000000000000000   1.000000000000000   1.000000000000000   
0.000000000000000   0.000000000000000   1.000000000000000   1.000000000000000   
0.034653708231939   0.034488895316564   0.034143645226843   0.033963346384193   0.014903747914482   0.014725891419110   0.014370178428367   0.014192321932996   
0.033963346384193   0.034143645226843   0.034488895316564   0.034653708231939   0.014192321932996   0.014370178428367   0.014725891419110   0.014903747914482   
1.000000000000000   0.999974695574715   0.999974695574715   1.000000000000000   1.000000000000000   1.000000000000000   1.000000000000000   1.000000000000000   
PATCH 16 
2 2 
4 4 
0.000000000000000   0.000000000000000   0.000000000000000   0.500000000000000   1.000000000000000   1.000000000000000   1.000000000000000   
0.000000000000000   0.000000000000000   0.000000000000000   0.500000000000000   1.000000000000000   1.000000000000000   1.000000000000000   
0.012976706888413   0.013458467144930   0.014421987657965   0.014903747914482   0.012798850393041   0.013280610649559   0.014244131162593   0.014725891419110   0.012443137402298   0.012924897658816   0.013888418171850   0.014370178428367   0.012265280906927   0.012747041163444   0.013710561676479   0.014192321932996   
0.012265280906927   0.012747041163444   0.013710561676479   0.014192321932996   0.012443137402298   0.012924897658816   0.013888418171850   0.014370178428367   0.012798850393041   0.013280610649559   0.014244131162593   0.014725891419110   0.012976706888413   0.013458467144930   0.014421987657965   0.014903747914482   
1.000000000000000   1.000000000000000   1.000000000000000   1.000000000000000   1.000000000000000   1.000000000000000   1.000000000000000   1.000000000000000   1.000000000000000   1.000000000000000   1.000000000000000   1.000000000000000   1.000000000000000   1.000000000000000   1.000000000000000   1.000000000000000   
PATCH 17 
2 1 
4 2 
0.000000000000000   0.000000000000000   0.000000000000000   0.500000000000000   1.000000000000000   1.000000000000000   1.000000000000000   
0.000000000000000   0.000000000000000   1.000000000000000   1.000000000000000   
0.012976706888413   0.012798850393041   0.012443137402298   0.012265280906927   0.010391390223639   0.010339896944952   0.010236389703293   0.010184375740322   
0.012265280906927   0.012443137402298   0.012798850393041   0.012976706888413   0.010184375740322   0.010236389703293   0.010339896944952   0.010391390223639   
1.000000000000000   1.000000000000000   1.000000000000000   1.000000000000000   1.000000000000000   0.999974695574715   0.999974695574715   1.000000000000000   
PATCH 18 
2 1 
4 2 
0.000000000000000   0.000000000000000   0.000000000000000   0.500000000000000   1.000000000000000   1.000000000000000   1.000000000000000   
0.000000000000000   0.000000000000000   1.000000000000000   1.000000000000000   
0.034653708231939   0.034488895316564   0.034143645226843   0.033963346384193   0.038685244377508   0.037197068413715   0.034084833369545   0.032460774289170   
0.033963346384193   0.034143645226843   0.034488895316564   0.034653708231939   0.032460774289170   0.034084833369545   0.037197068413715   0.038685244377508   
1.000000000000000   0.999974695574715   0.999974695574715   1.000000000000000   1.000000000000000   0.998097349045873   0.998097349045873   1.000000000000000   
PATCH 19 
2 1 
4 2 
0.000000000000000   0.000000000000000   0.000000000000000   0.500000000000000   1.000000000000000   1.000000000000000   1.000000000000000   
0.000000000000000   0.000000000000000   1.000000000000000   1.000000000000000   
0.000000000000000   0.002178893568691   0.006520098010365   0.008682408883347   0.000000000000000   0.002200682504378   0.006585298990468   0.008769232972180   
0.050000000000000   0.049904867452294   0.049525061277599   0.049240387650610   0.050500000000000   0.050403916126817   0.050020311890375   0.049732791527117   
1.000000000000000   0.998097349045873   0.998097349045873   1.000000000000000   1.000000000000000   0.998097349045873   0.998097349045873   1.000000000000000   
PATCH 20 
2 1 
4 2 
0.000000000000000   0.000000000000000   0.000000000000000   0.500000000000000   1.000000000000000   1.000000000000000   1.000000000000000   
0.000000000000000   0.000000000000000   1.000000000000000   1.000000000000000   
0.003466331629433   0.004559727981587   0.006746520685895   0.007839917038049   0.000000000000000   0.002178893568691   0.006520098010365   0.008682408883347   
0.048328134930125   0.048207028582217   0.047964815886399   0.047843709538491   0.050000000000000   0.049904867452294   0.049525061277599   0.049240387650610   
1.000000000000000   1.000000000000000   1.000000000000000   1.000000000000000   1.000000000000000   0.998097349045873   0.998097349045873   1.000000000000000   
PATCH 21 
2 1 
13 2 
0.000000000000000   0.000000000000000   0.000000000000000   0.125000000000000   0.125000000000000   0.250000000000000   0.250000000000000   0.500000000000000   0.500000000000000   0.625000000000000   0.625000000000000   0.750000000000000   0.750000000000000   1.000000000000000   1.000000000000000   1.000000000000000   
0.000000000000000   0.000000000000000   1.000000000000000   1.000000000000000   
0.007839917038049   0.007183844764295   0.007984720306613   0.007277445208013   0.008009438712719   0.007394345592622   0.006779252472526   0.006656875578388   0.006656082006917   0.006655288435445   0.006776078186641   0.006828118123745   0.006880158060848   0.008682408883347   0.009214726804819   0.009640642253491   0.010205276734500   0.010708627820717   0.011763678877019   0.012824581946285   0.013345668845605   0.013879053531670   0.014421976858800   0.014961910766072   0.016023521353786   0.017060178639199   
0.047843709538491   0.043316019298276   0.047755246400402   0.043174482482136   0.047587369321004   0.045540409319690   0.043493449318376   0.042731264041136   0.042705455249543   0.042679646457950   0.043390214152003   0.043168387560383   0.042946560968764   0.049240387650610   0.049122375608591   0.048471385431952   0.048537144492678   0.048308248642238   0.048076350982647   0.047861991409365   0.047717224007926   0.047614573384011   0.047539996784516   0.047449680673749   0.047202160673815   0.046872455583062   
1.000000000000000   0.905560208560502   1.000000000000000   0.905560208560502   1.000000000000000   1.000000000000000   1.000000000000000   0.983044421373859   0.983044421373859   0.983044421373859   1.000000000000000   1.000000000000000   1.000000000000000   1.000000000000000   0.999524337261468   0.999167590207569   0.998810843153671   0.998573011784405   0.998097349045873   0.998097349045873   0.998097349045873   0.998216264730506   0.998335180415139   0.998573011784404   0.999048674522936   1.000000000000000   
PATCH 22 
2 2 
13 4 
0.000000000000000   0.000000000000000   0.000000000000000   0.250000000000000   0.250000000000000   0.375000000000000   0.375000000000000   0.500000000000000   0.500000000000000   0.750000000000000   0.750000000000000   0.875000000000000   0.875000000000000   1.000000000000000   1.000000000000000   1.000000000000000   
0.000000000000000   0.000000000000000   0.000000000000000   0.500000000000000   1.000000000000000   1.000000000000000   1.000000000000000   
0.004252448205914   0.003801480277518   0.003350512349121   0.003341884668045   0.003340632792554   0.003339380917063   0.003345504847157   0.003295048829871   0.003244592812584   0.002940063760463   0.003307016241759   0.003062232646998   0.003466331629433   0.004909375669648   0.004558139739074   0.004206903808501   0.004170235609895   0.004169495096145   0.004168754582394   0.004203941753499   0.004319873020558   0.004435804287618   0.004024409122351   0.004476442257973   0.004092635676322   0.004559727981587   0.006223230597115   0.006071458662188   0.005919686727261   0.005826937493595   0.005827219703326   0.005827501913057   0.005920815566184   0.006369521401934   0.006818227237685   0.006193099846126   0.006815294290400   0.006153441734971   0.006746520685895   0.006880158060848   0.006828118123745   0.006776078186641   0.006655288435445   0.006656082006917   0.006656875578388   0.006779252472526   0.007394345592622   0.008009438712719   0.007277445208013   0.007984720306613   0.007183844764295   0.007839917038049   
0.042330107122637   0.044252413029482   0.046174718936327   0.046092369077941   0.046101149464439   0.046109929850937   0.046209840482319   0.047164316644494   0.048118792806669   0.043752144259029   0.048274778691915   0.043867483081932   0.048328134930125   0.042484220584169   0.043981406662207   0.045478592740246   0.045239188422943   0.045252225910715   0.045265263398487   0.045530742691333   0.046758339813293   0.047985936935253   0.043607728814806   0.048144895619036   0.043729617136018   0.048207028582217   0.042792447507232   0.043439393927658   0.044086340348084   0.043532827112947   0.043554378803267   0.043575930493586   0.044172547109362   0.045946386150891   0.047720225192420   0.043318897926359   0.047885129473280   0.043453885244190   0.047964815886399   0.042946560968764   0.043168387560383   0.043390214152003   0.042679646457950   0.042705455249543   0.042731264041136   0.043493449318376   0.045540409319690   0.047587369321004   0.043174482482136   0.047755246400402   0.043316019298276   0.047843709538491   
1.000000000000000   1.000000000000000   1.000000000000000   0.998029557875294   0.998029557875294   0.998029557875294   1.000000000000000   1.000000000000000   1.000000000000000   0.907509363224030   1.000000000000000   0.907509363224030   1.000000000000000   1.000000000000000   1.000000000000000   1.000000000000000   0.994283273749935   0.994283273749935   0.994283273749935   1.000000000000000   1.000000000000000   1.000000000000000   0.907022074558148   1.000000000000000   0.907022074558148   1.000000000000000   1.000000000000000   1.000000000000000   1.000000000000000   0.986790705499218   0.986790705499218   0.986790705499218   1.000000000000000   1.000000000000000   1.000000000000000   0.906047497226384   1.000000000000000   0.906047497226384   1.000000000000000   1.000000000000000   1.000000000000000   1.000000000000000   0.983044421373859   0.983044421373859   0.983044421373859   1.000000000000000   1.000000000000000   1.000000000000000   0.905560208560502   1.000000000000000   0.905560208560502   1.000000000000000   
PATCH 23 
2 1 
13 2 
0.000000000000000   0.000000000000000   0.000000000000000   0.125000000000000   0.125000000000000   0.250000000000000   0.250000000000000   0.500000000000000   0.500000000000000   0.625000000000000   0.625000000000000   0.750000000000000   0.750000000000000   1.000000000000000   1.000000000000000   1.000000000000000   
0.000000000000000   0.000000000000000   1.000000000000000   1.000000000000000   
0.008682408883347   0.009214726804819   0.009640642253491   0.010205276734500   0.010708627820717   0.011763678877019   0.012824581946285   0.013345668845605   0.013879053531670   0.014421976858800   0.014961910766072   0.016023521353786   0.017060178639199   0.008769232972180   0.009306874072867   0.009842960902535   0.010379047732203   0.010913580290852   0.011982645408149   0.013045493441370   0.013576917457981   0.014106787203572   0.014636656949163   0.015164972423735   0.016221603372879   0.017272017237946   
0.049240387650610   0.049122375608591   0.048471385431952   0.048537144492678   0.048308248642238   0.048076350982647   0.047861991409365   0.047717224007926   0.047614573384011   0.047539996784516   0.047449680673749   0.047202160673815   0.046872455583062   0.049732791527117   0.049613599364677   0.049488606583825   0.049363613802972   0.049232820403708   0.048971233605179   0.048686444333000   0.048544049696911   0.048395854442409   0.048247659187908   0.048093663314994   0.047785671569166   0.047454477349688   
1.000000000000000   0.999524337261468   0.999167590207569   0.998810843153671   0.998573011784405   0.998097349045873   0.998097349045873   0.998097349045873   0.998216264730506   0.998335180415139   0.998573011784404   0.999048674522936   1.000000000000000   1.000000000000000   0.999524337261468   0.999167590207569   0.998810843153671   0.998573011784405   0.998097349045873   0.998097349045873   0.998097349045873   0.998216264730506   0.998335180415139   0.998573011784404   0.999048674522936   1.000000000000000   
PATCH 24 
2 1 
6 2 
0.000000000000000   0.000000000000000   0.000000000000000   0.250000000000000   0.500000000000000   0.750000000000000   1.000000000000000   1.000000000000000   1.000000000000000   
0.000000000000000   0.000000000000000   1.000000000000000   1.000000000000000   
0.017060178639199   0.018107072757954   0.020102633629570   0.021999208259023   0.023975459196774   0.024999037320567   0.017272017237946   0.018289568482936   0.020304367573183   0.022298863263696   0.024273055554476   0.025250000000000   
0.046872455583062   0.046563692412042   0.045687997806850   0.044608813049918   0.043700414812016   0.043299602779532   0.047454477349688   0.047032993823604   0.046146485990198   0.045216437375554   0.044242847979673   0.043734282891114   
1.000000000000000   0.999048674522936   0.998097349045873   0.998097349045873   0.999048674522936   1.000000000000000   1.000000000000000   0.999048674522936   0.998097349045873   0.998097349045873   0.999048674522936   1.000000000000000   
PATCH 25 
2 1 
6 2 
0.000000000000000   0.000000000000000   0.000000000000000   0.250000000000000   0.500000000000000   0.750000000000000   1.000000000000000   1.000000000000000   1.000000000000000   
0.000000000000000   0.000000000000000   1.000000000000000   1.000000000000000   
0.017060178639199   0.018107072757954   0.020102633629570   0.021999208259023   0.023975459196774   0.024999037320567   0.006880158060848   0.007635563510112   0.009146374408640   0.010657185307168   0.012167996205696   0.012923401654960   
0.046872455583062   0.046563692412042   0.045687997806850   0.044608813049918   0.043700414812016   0.043299602779532   0.042946560968764   0.039726552924409   0.033286536835698   0.026846520746988   0.020406504658277   0.017186496613922   
1.000000000000000   0.999048674522936   0.998097349045873   0.998097349045873   0.999048674522936   1.000000000000000   1.000000000000000   1.000000000000000   1.000000000000000   1.000000000000000   1.000000000000000   1.000000000000000   
PATCH 26 
2 1 
13 2 
0.000000000000000   0.000000000000000   0.000000000000000   0.250000000000000   0.250000000000000   0.375000000000000   0.375000000000000   0.500000000000000   0.500000000000000   0.750000000000000   0.750000000000000   0.875000000000000   0.875000000000000   1.000000000000000   1.000000000000000   1.000000000000000   
0.000000000000000   0.000000000000000   1.000000000000000   1.000000000000000   
0.024999037320567   0.026308277652541   0.027588367856713   0.028222753857114   0.028815058004790   0.029472026097922   0.030116438965743   0.031137161806044   0.031789785682624   0.032277515728053   0.032802478601808   0.033389132989129   0.033963346384193   0.012923401654960   0.012987206877201   0.013051012099442   0.012894754316160   0.012904430068732   0.012914105821305   0.013089715109732   0.013648313156960   0.014206911204189   0.012435108481757   0.012431461163959   0.012427813846161   0.014192321932996   
0.043299602779532   0.042428993020280   0.041520189869923   0.041057516639846   0.040536834293914   0.040107815535414   0.039660007174863   0.038428541459960   0.036801224346872   0.036198867463677   0.035642773662190   0.035155728876465   0.034653708231939   0.017186496613922   0.016914519056587   0.016642541499251   0.016415334372017   0.016395468535531   0.016375602699044   0.016563078153305   0.015866695039569   0.015170311925833   0.013181705749233   0.013115064746395   0.013048423743557   0.014903747914482   
1.000000000000000   0.998022227452072   0.997033341178107   0.996538898041125   0.996291676472634   0.996044454904143   0.996044454904143   0.996044454904143   0.997033341178107   0.997527784315089   0.998269449020563   0.999011113726036   1.000000000000000   1.000000000000000   1.000000000000000   1.000000000000000   0.987640450353677   0.987640450353677   0.987640450353677   1.000000000000000   1.000000000000000   1.000000000000000   0.872346405033597   0.872346405033597   0.872346405033597   1.000000000000000   
PATCH 27 
2 2 
6 4 
0.000000000000000   0.000000000000000   0.000000000000000   0.250000000000000   0.500000000000000   0.750000000000000   1.000000000000000   1.000000000000000   1.000000000000000   
0.000000000000000   0.000000000000000   0.000000000000000   0.500000000000000   1.000000000000000   1.000000000000000   1.000000000000000   
0.010295691800026   0.009540286350762   0.008029475452234   0.006518664553706   0.005007853655178   0.004252448205914   0.010952619263759   0.010197213814495   0.008686402915967   0.007175592017439   0.005664781118912   0.004909375669648   0.012266474191226   0.011511068741962   0.010000257843434   0.008489446944906   0.006978636046379   0.006223230597115   0.012923401654960   0.012167996205696   0.010657185307168   0.009146374408640   0.007635563510112   0.006880158060848   
0.016570042767795   0.019790050812150   0.026230066900861   0.032670082989571   0.039110099078282   0.042330107122637   0.016724156229327   0.019944164273682   0.026384180362393   0.032824196451103   0.039264212539813   0.042484220584169   0.017032383152390   0.020252391196745   0.026692407285456   0.033132423374166   0.039572439462877   0.042792447507232   0.017186496613922   0.020406504658277   0.026846520746988   0.033286536835698   0.039726552924409   0.042946560968764   
1.000000000000000   1.000000000000000   1.000000000000000   1.000000000000000   1.000000000000000   1.000000000000000   1.000000000000000   1.000000000000000   1.000000000000000   1.000000000000000   1.000000000000000   1.000000000000000   1.000000000000000   1.000000000000000   1.000000000000000   1.000000000000000   1.000000000000000   1.000000000000000   1.000000000000000   1.000000000000000   1.000000000000000   1.000000000000000   1.000000000000000   1.000000000000000   
PATCH 28 
2 2 
13 4 
0.000000000000000   0.000000000000000   0.000000000000000   0.250000000000000   0.250000000000000   0.375000000000000   0.375000000000000   0.500000000000000   0.500000000000000   0.750000000000000   0.750000000000000   0.875000000000000   0.875000000000000   1.000000000000000   1.000000000000000   1.000000000000000   
0.000000000000000   0.000000000000000   0.000000000000000   0.500000000000000   1.000000000000000   1.000000000000000   1.000000000000000   
0.010295691800026   0.010490960892390   0.010686229984754   0.010601423491589   0.010608719490172   0.010616015488754   0.010715413979085   0.011336871943193   0.011958329907301   0.010866752756393   0.012104937274744   0.011036391532810   0.012265280906927   0.010952619263759   0.011115022388592   0.011277425513426   0.011174756197732   0.011182647134812   0.011190538071892   0.011308989261746   0.011914732246634   0.012520475231523   0.011258841687734   0.012186568247048   0.011384247111148   0.012747041163444   0.012266474191226   0.012363145380998   0.012459816570770   0.012321421610017   0.012330502424092   0.012339583238167   0.012496139827070   0.013070452853518   0.013644765879967   0.012043019550416   0.012349830191655   0.012079958267823   0.013710561676479   0.012923401654960   0.012987206877201   0.013051012099442   0.012894754316160   0.012904430068732   0.012914105821305   0.013089715109732   0.013648313156960   0.014206911204189   0.012435108481757   0.012431461163959   0.012427813846161   0.014192321932996   
0.016570042767795   0.015737684398076   0.014905326028356   0.014763556378092   0.014746913844962   0.014730271311832   0.014838755895834   0.013922317349398   0.013005878802961   0.011696154530399   0.012919025388133   0.011680032452622   0.012976706888413   0.016724156229327   0.016031893062703   0.015339629896080   0.015176500876574   0.015159052517604   0.015141604158635   0.015269836460202   0.014408411771940   0.013546987083679   0.012067542335108   0.012968035227699   0.012022130275356   0.013458467144930   0.017032383152390   0.016620310391959   0.016208237631527   0.016002389873536   0.015983329862889   0.015964269852241   0.016131997588937   0.015380600617026   0.014629203645115   0.012810317944524   0.013066054906830   0.012706325920824   0.014421987657965   0.017186496613922   0.016914519056587   0.016642541499251   0.016415334372017   0.016395468535531   0.016375602699044   0.016563078153305   0.015866695039569   0.015170311925833   0.013181705749233   0.013115064746395   0.013048423743557   0.014903747914482   
1.000000000000000   1.000000000000000   1.000000000000000   0.991675566193878   0.991675566193878   0.991675566193878   1.000000000000000   1.000000000000000   1.000000000000000   0.904719445961200   1.000000000000000   0.904719445961200   1.000000000000000   1.000000000000000   1.000000000000000   1.000000000000000   0.990666787233828   0.990666787233828   0.990666787233828   1.000000000000000   1.000000000000000   1.000000000000000   0.896626185729299   0.968086601258399   0.896626185729299   1.000000000000000   1.000000000000000   1.000000000000000   1.000000000000000   0.988649229313727   0.988649229313727   0.988649229313727   1.000000000000000   1.000000000000000   1.000000000000000   0.880439665265498   0.904259803775197   0.880439665265498   1.000000000000000   1.000000000000000   1.000000000000000   1.000000000000000   0.987640450353677   0.987640450353677   0.987640450353677   1.000000000000000   1.000000000000000   1.000000000000000   0.872346405033597   0.872346405033597   0.872346405033597   1.000000000000000   
PATCH 29 
2 1 
13 2 
0.000000000000000   0.000000000000000   0.000000000000000   0.250000000000000   0.250000000000000   0.375000000000000   0.375000000000000   0.500000000000000   0.500000000000000   0.750000000000000   0.750000000000000   0.875000000000000   0.875000000000000   1.000000000000000   1.000000000000000   1.000000000000000   
0.000000000000000   0.000000000000000   1.000000000000000   1.000000000000000   
0.024999037320567   0.026308277652541   0.027588367856713   0.028222753857114   0.028815058004790   0.029472026097922   0.030116438965743   0.031137161806044   0.031789785682624   0.032277515728053   0.032802478601808   0.033389132989129   0.033963346384193   0.025250000000000   0.026178902508932   0.027094027156471   0.027551589480241   0.028005707338662   0.028459825197083   0.028910498590156   0.029811845376303   0.030699414301056   0.031143198763433   0.031583538760461   0.032023878757490   0.032460774289170   
0.043299602779532   0.042428993020280   0.041520189869923   0.041057516639846   0.040536834293914   0.040107815535414   0.039660007174863   0.038428541459960   0.036801224346872   0.036198867463677   0.035642773662190   0.035155728876465   0.034653708231939   0.043734282891114   0.043142506727484   0.042531053738569   0.042225327244111   0.041914681543332   0.041604035842553   0.041288470935453   0.040657341121252   0.040006534481766   0.039681131162023   0.039350808635958   0.039020486109894   0.038685244377508   
1.000000000000000   0.998022227452072   0.997033341178107   0.996538898041125   0.996291676472634   0.996044454904143   0.996044454904143   0.996044454904143   0.997033341178107   0.997527784315089   0.998269449020563   0.999011113726036   1.000000000000000   1.000000000000000   0.999048674522937   0.998573011784405   0.998335180415139   0.998216264730506   0.998097349045873   0.998097349045873   0.998097349045873   0.998573011784405   0.998810843153671   0.999167590207569   0.999524337261468   1.000000000000000   
PATCH 30 
2 1 
6 2 
0.000000000000000   0.000000000000000   0.000000000000000   0.250000000000000   0.500000000000000   0.750000000000000   1.000000000000000   1.000000000000000   1.000000000000000   
0.000000000000000   0.000000000000000   1.000000000000000   1.000000000000000   
0.010295691800026   0.009540286350762   0.008029475452234   0.006518664553706   0.005007853655178   0.004252448205914   0.000000000000000   0.000000000000000   0.000000000000000   0.000000000000000   0.000000000000000   0.000000000000000   
0.016570042767795   0.019790050812150   0.026230066900861   0.032670082989571   0.039110099078282   0.042330107122637   0.014550000000000   0.018022513390330   0.024967540170989   0.031912566951648   0.038857593732307   0.042330107122637   
1.000000000000000   1.000000000000000   1.000000000000000   1.000000000000000   1.000000000000000   1.000000000000000   1.000000000000000   1.000000000000000   1.000000000000000   1.000000000000000   1.000000000000000   1.000000000000000   
PATCH 31 
2 1 
13 2 
0.000000000000000   0.000000000000000   0.000000000000000   0.250000000000000   0.250000000000000   0.375000000000000   0.375000000000000   0.500000000000000   0.500000000000000   0.750000000000000   0.750000000000000   0.875000000000000   0.875000000000000   1.000000000000000   1.000000000000000   1.000000000000000   
0.000000000000000   0.000000000000000   1.000000000000000   1.000000000000000   
0.004252448205914   0.003801480277518   0.003350512349121   0.003341884668045   0.003340632792554   0.003339380917063   0.003345504847157   0.003295048829871   0.003244592812584   0.002940063760463   0.003307016241759   0.003062232646998   0.003466331629433   0.000000000000000   0.000000000000000   0.000000000000000   0.000000000000000   0.000000000000000   0.000000000000000   0.000000000000000   0.000000000000000   0.000000000000000   0.000000000000000   0.000000000000000   0.000000000000000   0.000000000000000   
0.042330107122637   0.044252413029482   0.046174718936327   0.046092369077941   0.046101149464439   0.046109929850937   0.046209840482319   0.047164316644494   0.048118792806669   0.043752144259029   0.048274778691915   0.043867483081932   0.048328134930125   0.042330107122637   0.043288843732307   0.044247580341978   0.044726948646813   0.045206316951648   0.045685685256483   0.046165053561319   0.047123790170989   0.048082526780659   0.048561895085494   0.049041263390330   0.049520631695165   0.050000000000000   
1.000000000000000   1.000000000000000   1.000000000000000   0.998029557875294   0.998029557875294   0.998029557875294   1.000000000000000   1.000000000000000   1.000000000000000   0.907509363224030   1.000000000000000   0.907509363224030   1.000000000000000   1.000000000000000   1.000000000000000   1.000000000000000   1.000000000000000   1.000000000000000   1.000000000000000   1.000000000000000   1.000000000000000   1.000000000000000   1.000000000000000   1.000000000000000   1.000000000000000   1.000000000000000   
PATCH 32 
2 1 
13 2 
0.000000000000000   0.000000000000000   0.000000000000000   0.250000000000000   0.250000000000000   0.375000000000000   0.375000000000000   0.500000000000000   0.500000000000000   0.750000000000000   0.750000000000000   0.875000000000000   0.875000000000000   1.000000000000000   1.000000000000000   1.000000000000000   
0.000000000000000   0.000000000000000   1.000000000000000   1.000000000000000   
0.000000000000000   0.001375088318141   0.002699155960982   0.003361189782403   0.004010468434998   0.004659747087593   0.005296270571363   0.006569317538904   0.007791343831143   0.008402356977263   0.009000614954558   0.009598872931852   0.010184375740322   0.010295691800026   0.010490960892390   0.010686229984754   0.010601423491589   0.010608719490172   0.010616015488754   0.010715413979085   0.011336871943193   0.011958329907301   0.010866752756393   0.012104937274744   0.011036391532810   0.012265280906927   
0.014550000000000   0.014280071583101   0.013885194263629   0.013687755603893   0.013459079718514   0.013230403833135   0.012970490722112   0.012450664500067   0.011805889375449   0.011483501813140   0.011129877025187   0.010776252237235   0.010391390223639   0.016570042767795   0.015737684398076   0.014905326028356   0.014763556378092   0.014746913844962   0.014730271311832   0.014838755895834   0.013922317349398   0.013005878802961   0.011696154530399   0.012919025388133   0.011680032452622   0.012976706888413   
1.000000000000000   0.981448218769844   0.972172328154766   0.967534382847226   0.965215410193457   0.962896437539687   0.962896437539688   0.962896437539687   0.972172328154766   0.976810273462305   0.983767191423613   0.990724109384922   1.000000000000000   1.000000000000000   1.000000000000000   1.000000000000000   0.991675566193878   0.991675566193878   0.991675566193878   1.000000000000000   1.000000000000000   1.000000000000000   0.904719445961200   1.000000000000000   0.904719445961200   1.000000000000000   
INTERFACE 1 
1 2 
5 1 
1 
INTERFACE 2 
1 3 
2 4 
1 
INTERFACE 3 
2 1 
13 2 
1 
INTERFACE 4 
2 2 
3 1 
1 
INTERFACE 5 
2 3 
4 2 
1 
INTERFACE 6 
3 2 
7 1 
-1 
INTERFACE 7 
3 3 
4 4 
-1 
INTERFACE 8 
3 4 
5 3 
1 
INTERFACE 9 
4 1 
9 2 
1 
INTERFACE 10 
4 3 
13 3 
1 
INTERFACE 11 
5 2 
6 1 
1 
INTERFACE 12 
6 2 
11 1 
1 
INTERFACE 13 
6 3 
7 3 
1 
INTERFACE 14 
7 2 
8 1 
1 
INTERFACE 15 
7 4 
9 4 
-1 
INTERFACE 16 
8 2 
15 1 
1 
INTERFACE 17 
8 3 
11 3 
1 
INTERFACE 18 
8 4 
10 4 
1 
INTERFACE 19 
9 1 
10 1 
1 
INTERFACE 20 
9 3 
12 3 
1 
INTERFACE 21 
10 2 
16 3 
1 
INTERFACE 22 
10 3 
14 4 
1 
INTERFACE 23 
11 2 
18 1 
1 
INTERFACE 24 
12 1 
14 1 
-1 
INTERFACE 25 
12 2 
13 1 
1 
INTERFACE 26 
14 2 
17 1 
-1 
INTERFACE 27 
15 2 
26 2 
1 
INTERFACE 28 
15 3 
18 3 
1 
INTERFACE 29 
15 4 
16 2 
1 
INTERFACE 30 
16 1 
17 3 
1 
INTERFACE 31 
16 4 
28 2 
1 
INTERFACE 32 
17 2 
32 2 
-1 
INTERFACE 33 
18 2 
29 2 
1 
INTERFACE 34 
19 2 
23 1 
1 
INTERFACE 35 
19 3 
20 4 
1 
INTERFACE 36 
20 1 
31 2 
1 
INTERFACE 37 
20 2 
21 1 
1 
INTERFACE 38 
20 3 
22 2 
1 
INTERFACE 39 
21 2 
25 1 
-1 
INTERFACE 40 
21 3 
22 4 
-1 
INTERFACE 41 
21 4 
23 3 
1 
INTERFACE 42 
22 1 
27 2 
1 
INTERFACE 43 
22 3 
31 3 
1 
INTERFACE 44 
23 2 
24 1 
1 
INTERFACE 45 
24 2 
29 1 
1 
INTERFACE 46 
24 3 
25 3 
1 
INTERFACE 47 
25 2 
26 1 
1 
INTERFACE 48 
25 4 
27 4 
-1 
INTERFACE 49 
26 3 
29 3 
1 
INTERFACE 50 
26 4 
28 4 
1 
INTERFACE 51 
27 1 
28 1 
1 
INTERFACE 52 
27 3 
30 3 
1 
INTERFACE 53 
28 3 
32 4 
1 
INTERFACE 54 
30 1 
32 1 
-1 
INTERFACE 55 
30 2 
31 1 
1 
BOUNDARY 1 
1 
1 1 
BOUNDARY 2 
1 
1 4 
BOUNDARY 3 
1 
5 4 
BOUNDARY 4 
1 
6 4 
BOUNDARY 5 
1 
11 4 
BOUNDARY 6 
1 
12 4 
BOUNDARY 7 
1 
13 4 
BOUNDARY 8 
1 
14 3 
BOUNDARY 9 
1 
17 4 
BOUNDARY 10 
1 
18 4 
BOUNDARY 11 
1 
19 1 
BOUNDARY 12 
1 
19 4 
BOUNDARY 13 
1 
23 4 
BOUNDARY 14 
1 
24 4 
BOUNDARY 15 
1 
29 4 
BOUNDARY 16 
1 
30 4 
BOUNDARY 17 
1 
31 4 
BOUNDARY 18 
1 
32 3 
