# nurbs mesh v.2.1
#
# 14-Jul-2024
#
2 2 32 55 0 
PATCH 1 
2 1 
4 2 
0.000000000000000   0.000000000000000   0.000000000000000   0.500000000000000   1.000000000000000   1.000000000000000   1.000000000000000   
0.000000000000000   0.000000000000000   1.000000000000000   1.000000000000000   
0.050000000000000   0.049904867452294   0.049525061277599   0.049240387650610   0.050500000000000   0.050403916126817   0.050020311890375   0.049732791527117   
0.000000000000000   0.002178893568691   0.006520098010365   0.008682408883347   0.000000000000000   0.002200682504378   0.006585298990468   0.008769232972180   
1.000000000000000   0.998097349045873   0.998097349045873   1.000000000000000   1.000000000000000   0.998097349045873   0.998097349045873   1.000000000000000   
PATCH 2 
2 1 
4 2 
0.000000000000000   0.000000000000000   0.000000000000000   0.500000000000000   1.000000000000000   1.000000000000000   1.000000000000000   
0.000000000000000   0.000000000000000   1.000000000000000   1.000000000000000   
0.048302329693844   0.048175927183106   0.047923122161629   0.047796719650891   0.050000000000000   0.049904867452294   0.049525061277599   0.049240387650610   
0.003884683412166   0.004898013230218   0.006924672866322   0.007938002684374   0.000000000000000   0.002178893568691   0.006520098010365   0.008682408883347   
1.000000000000000   1.000000000000000   1.000000000000000   1.000000000000000   1.000000000000000   0.998097349045873   0.998097349045873   1.000000000000000   
PATCH 3 
2 1 
13 2 
0.000000000000000   0.000000000000000   0.000000000000000   0.125000000000000   0.125000000000000   0.250000000000000   0.250000000000000   0.500000000000000   0.500000000000000   0.625000000000000   0.625000000000000   0.750000000000000   0.750000000000000   1.000000000000000   1.000000000000000   1.000000000000000   
0.000000000000000   0.000000000000000   1.000000000000000   1.000000000000000   
0.047796719650891   0.043853344519746   0.047716025599075   0.043724907816674   0.047560986229055   0.046546289156830   0.045531592084604   0.044780240510242   0.044755230064712   0.044730219619182   0.045431550302485   0.045195575039867   0.044959599777249   0.049240387650610   0.049122375608591   0.048247057954414   0.048227108917316   0.048055583571978   0.047702341353884   0.047370406361190   0.047274354103989   0.047204301729561   0.047201821018054   0.047170383043834   0.046930316886753   0.046606345307271   
0.007938002684374   0.007363569141748   0.008074896609559   0.007457139917393   0.008109742993795   0.007917274949198   0.007724806904600   0.007596840906285   0.007598491401213   0.007600141896141   0.007731408884312   0.007809411358606   0.007887413832900   0.008682408883347   0.009214726804819   0.009596024982099   0.010140089569553   0.010652618831015   0.011672163421296   0.012692862129615   0.013221805917648   0.013759464467861   0.014319386126616   0.014873842181486   0.015931239672933   0.016963322419779   
1.000000000000000   0.917702713468618   1.000000000000000   0.917702713468618   1.000000000000000   1.000000000000000   1.000000000000000   0.984039086254807   0.984039086254807   0.984039086254807   1.000000000000000   1.000000000000000   1.000000000000000   1.000000000000000   0.999524337261468   0.999167590207569   0.998810843153671   0.998573011784405   0.998097349045873   0.998097349045873   0.998097349045873   0.998216264730506   0.998335180415139   0.998573011784404   0.999048674522936   1.000000000000000   
PATCH 4 
2 2 
13 4 
0.000000000000000   0.000000000000000   0.000000000000000   0.250000000000000   0.250000000000000   0.375000000000000   0.375000000000000   0.500000000000000   0.500000000000000   0.750000000000000   0.750000000000000   0.875000000000000   0.875000000000000   1.000000000000000   1.000000000000000   1.000000000000000   
0.000000000000000   0.000000000000000   0.000000000000000   0.500000000000000   1.000000000000000   1.000000000000000   1.000000000000000   
0.043951691388319   0.045554448931575   0.047157206474830   0.047052302309200   0.047061895572870   0.047071488836540   0.047195579529508   0.047637525033221   0.048079470536933   0.043289879888187   0.048245416911818   0.043413887566900   0.048302329693844   0.044203668485552   0.045464730458648   0.046725792431744   0.046471781636696   0.046485229195831   0.046498676754965   0.046779582668282   0.047364716064123   0.047949849459964   0.043398636870309   0.048113069083632   0.043523751805111   0.048175927183106   0.044707622680017   0.045285293512794   0.045862964345571   0.045310740291687   0.045331896441752   0.045353052591816   0.045947588945830   0.046819098125927   0.047690607306024   0.043616150834552   0.047848373427261   0.043743480281534   0.047923122161629   0.044959599777249   0.045195575039867   0.045431550302485   0.044730219619182   0.044755230064712   0.044780240510242   0.045531592084604   0.046546289156830   0.047560986229055   0.043724907816674   0.047716025599075   0.043853344519746   0.047796719650891   
0.004838261239653   0.004308463952090   0.003778666664527   0.003766427016809   0.003764274032017   0.003762121047225   0.003770054725359   0.003715737842832   0.003661420960304   0.003279336748059   0.003718633867398   0.003403568836088   0.003884683412166   0.005600549387964   0.005183700803719   0.004766852219473   0.004724855736642   0.004722828374316   0.004720801011990   0.004758742770169   0.004766122119423   0.004773501468677   0.004323787540393   0.004807699552938   0.004393568912503   0.004898013230218   0.007125125684588   0.006934174506977   0.006743223329366   0.006641713176308   0.006639937058914   0.006638160941520   0.006736118859790   0.006866890672606   0.006997662485423   0.006412689125059   0.006985830924018   0.006373569065333   0.006924672866322   0.007887413832900   0.007809411358606   0.007731408884312   0.007600141896141   0.007598491401213   0.007596840906285   0.007724806904600   0.007917274949198   0.008109742993795   0.007457139917393   0.008074896609559   0.007363569141748   0.007938002684374   
1.000000000000000   1.000000000000000   1.000000000000000   0.997577480113669   0.997577480113669   0.997577480113669   1.000000000000000   1.000000000000000   1.000000000000000   0.898569988664020   1.000000000000000   0.898569988664020   1.000000000000000   1.000000000000000   1.000000000000000   1.000000000000000   0.994192881648953   0.994192881648953   0.994192881648953   1.000000000000000   1.000000000000000   1.000000000000000   0.903353169865169   1.000000000000000   0.903353169865169   1.000000000000000   1.000000000000000   1.000000000000000   1.000000000000000   0.987423684719522   0.987423684719522   0.987423684719522   1.000000000000000   1.000000000000000   1.000000000000000   0.912919532267469   1.000000000000000   0.912919532267469   1.000000000000000   1.000000000000000   1.000000000000000   1.000000000000000   0.984039086254807   0.984039086254807   0.984039086254807   1.000000000000000   1.000000000000000   1.000000000000000   0.917702713468618   1.000000000000000   0.917702713468618   1.000000000000000   
PATCH 5 
2 1 
13 2 
0.000000000000000   0.000000000000000   0.000000000000000   0.125000000000000   0.125000000000000   0.250000000000000   0.250000000000000   0.500000000000000   0.500000000000000   0.625000000000000   0.625000000000000   0.750000000000000   0.750000000000000   1.000000000000000   1.000000000000000   1.000000000000000   
0.000000000000000   0.000000000000000   1.000000000000000   1.000000000000000   
0.049240387650610   0.049122375608591   0.048247057954414   0.048227108917316   0.048055583571978   0.047702341353884   0.047370406361190   0.047274354103989   0.047204301729561   0.047201821018054   0.047170383043834   0.046930316886753   0.046606345307271   0.049732791527117   0.049613599364677   0.049488606583825   0.049363613802972   0.049232820403708   0.048971233605179   0.048686444333000   0.048544049696911   0.048395854442409   0.048247659187908   0.048093663314994   0.047785671569166   0.047454477349688   
0.008682408883347   0.009214726804819   0.009596024982099   0.010140089569553   0.010652618831015   0.011672163421296   0.012692862129615   0.013221805917648   0.013759464467861   0.014319386126616   0.014873842181486   0.015931239672933   0.016963322419779   0.008769232972180   0.009306874072867   0.009842960902535   0.010379047732203   0.010913580290852   0.011982645408149   0.013045493441370   0.013576917457981   0.014106787203572   0.014636656949163   0.015164972423735   0.016221603372879   0.017272017237946   
1.000000000000000   0.999524337261468   0.999167590207569   0.998810843153671   0.998573011784405   0.998097349045873   0.998097349045873   0.998097349045873   0.998216264730506   0.998335180415139   0.998573011784404   0.999048674522936   1.000000000000000   1.000000000000000   0.999524337261468   0.999167590207569   0.998810843153671   0.998573011784405   0.998097349045873   0.998097349045873   0.998097349045873   0.998216264730506   0.998335180415139   0.998573011784404   0.999048674522936   1.000000000000000   
PATCH 6 
2 1 
6 2 
0.000000000000000   0.000000000000000   0.000000000000000   0.250000000000000   0.500000000000000   0.750000000000000   1.000000000000000   1.000000000000000   1.000000000000000   
0.000000000000000   0.000000000000000   1.000000000000000   1.000000000000000   
0.046606345307271   0.046324023289182   0.045513943979295   0.044433345853657   0.043657314276193   0.043291149089615   0.047454477349688   0.047032993823604   0.046146485990198   0.045216437375554   0.044242847979673   0.043734282891114   
0.016963322419779   0.018013873399814   0.020026050270808   0.021912675147531   0.023951812850568   0.024994156580417   0.017272017237946   0.018289568482936   0.020304367573183   0.022298863263696   0.024273055554476   0.025250000000000   
1.000000000000000   0.999048674522936   0.998097349045873   0.998097349045873   0.999048674522936   1.000000000000000   1.000000000000000   0.999048674522936   0.998097349045873   0.998097349045873   0.999048674522936   1.000000000000000   
PATCH 7 
2 1 
6 2 
0.000000000000000   0.000000000000000   0.000000000000000   0.250000000000000   0.500000000000000   0.750000000000000   1.000000000000000   1.000000000000000   1.000000000000000   
0.000000000000000   0.000000000000000   1.000000000000000   1.000000000000000   
0.046606345307271   0.046324023289182   0.045513943979295   0.044433345853657   0.043657314276193   0.043291149089615   0.044959599777249   0.041883491622723   0.035731275313671   0.029579059004619   0.023426842695566   0.020350734541040   
0.016963322419779   0.018013873399814   0.020026050270808   0.021912675147531   0.023951812850568   0.024994156580417   0.007887413832900   0.008904232479848   0.010937869773743   0.012971507067639   0.015005144361534   0.016021963008482   
1.000000000000000   0.999048674522936   0.998097349045873   0.998097349045873   0.999048674522936   1.000000000000000   1.000000000000000   1.000000000000000   1.000000000000000   1.000000000000000   1.000000000000000   1.000000000000000   
PATCH 8 
2 1 
13 2 
0.000000000000000   0.000000000000000   0.000000000000000   0.250000000000000   0.250000000000000   0.375000000000000   0.375000000000000   0.500000000000000   0.500000000000000   0.750000000000000   0.750000000000000   0.875000000000000   0.875000000000000   1.000000000000000   1.000000000000000   1.000000000000000   
0.000000000000000   0.000000000000000   1.000000000000000   1.000000000000000   
0.043291149089615   0.042424145750268   0.041518719813074   0.041051576840117   0.040564929716718   0.040055476350377   0.039641655345242   0.038333239798599   0.036741577966389   0.036228177484372   0.035695996100153   0.035227312639331   0.034732535463389   0.020350734541040   0.019870313325047   0.019389892109053   0.019258367992326   0.019244601356206   0.019230834720087   0.019334825564575   0.018755900520342   0.018176975476109   0.015941790667149   0.015876976120486   0.015812161573823   0.017917717289458   
0.024994156580417   0.026303790858819   0.027584372468519   0.028214855841603   0.028830401567551   0.029428108274491   0.030096179978396   0.031051905359958   0.031728508594773   0.032292942050902   0.032839769516286   0.033444395788849   0.034026815076612   0.016021963008482   0.016180767974455   0.016339572940429   0.016245980948943   0.016253054615043   0.016260128281144   0.016367867604831   0.016790013613033   0.017212159621235   0.015183659700515   0.015178615100374   0.015173570500234   0.017191981220672   
1.000000000000000   0.998025401557222   0.997038102335834   0.996544452725139   0.996297627919792   0.996050803114445   0.996050803114445   0.996050803114445   0.997038102335834   0.997531751946528   0.998272226362570   0.999012700778611   1.000000000000000   1.000000000000000   1.000000000000000   1.000000000000000   0.993974771062577   0.993974771062577   0.993974771062577   1.000000000000000   1.000000000000000   1.000000000000000   0.879921917974908   0.879921917974908   0.879921917974908   1.000000000000000   
PATCH 9 
2 2 
6 4 
0.000000000000000   0.000000000000000   0.000000000000000   0.250000000000000   0.500000000000000   0.750000000000000   1.000000000000000   1.000000000000000   1.000000000000000   
0.000000000000000   0.000000000000000   0.000000000000000   0.500000000000000   1.000000000000000   1.000000000000000   1.000000000000000   
0.019342826152110   0.022418934306636   0.028571150615689   0.034723366924741   0.040875583233793   0.043951691388319   0.019594803249343   0.022670911403869   0.028823127712921   0.034975344021973   0.041127560331026   0.044203668485552   0.020098757443808   0.023174865598334   0.029327081907386   0.035479298216438   0.041631514525491   0.044707622680017   0.020350734541040   0.023426842695566   0.029579059004619   0.035731275313671   0.041883491622723   0.044959599777249   
0.012972810415234   0.011955991768287   0.009922354474391   0.007888717180496   0.005855079886600   0.004838261239653   0.013735098563546   0.012718279916598   0.010684642622703   0.008651005328808   0.006617368034912   0.005600549387964   0.015259674860170   0.014242856213222   0.012209218919327   0.010175581625431   0.008141944331536   0.007125125684588   0.016021963008482   0.015005144361534   0.012971507067639   0.010937869773743   0.008904232479848   0.007887413832900   
1.000000000000000   1.000000000000000   1.000000000000000   1.000000000000000   1.000000000000000   1.000000000000000   1.000000000000000   1.000000000000000   1.000000000000000   1.000000000000000   1.000000000000000   1.000000000000000   1.000000000000000   1.000000000000000   1.000000000000000   1.000000000000000   1.000000000000000   1.000000000000000   1.000000000000000   1.000000000000000   1.000000000000000   1.000000000000000   1.000000000000000   1.000000000000000   
PATCH 10 
2 2 
13 4 
0.000000000000000   0.000000000000000   0.000000000000000   0.250000000000000   0.250000000000000   0.375000000000000   0.375000000000000   0.500000000000000   0.500000000000000   0.750000000000000   0.750000000000000   0.875000000000000   0.875000000000000   1.000000000000000   1.000000000000000   1.000000000000000   
0.000000000000000   0.000000000000000   0.000000000000000   0.500000000000000   1.000000000000000   1.000000000000000   1.000000000000000   
0.019342826152110   0.018891921844483   0.018441017536855   0.018299393811946   0.018283113990339   0.018266834168732   0.018375898250427   0.016410823868063   0.014445749485699   0.011875990018927   0.014259077234494   0.011789364118094   0.014301979128969   0.019594803249343   0.019136519714624   0.018678236179905   0.018539137357041   0.018523485831806   0.018507834306571   0.018615630078964   0.016997093031133   0.015378555983301   0.012892440180982   0.014663551955992   0.012795063482026   0.015205913669091   0.020098757443808   0.019625715454906   0.019152673466004   0.019018624447231   0.019004229514740   0.018989834582248   0.019095093736038   0.018169631357272   0.017244168978507   0.014925340505093   0.015472501398988   0.014806462209891   0.017013782749336   0.020350734541040   0.019870313325047   0.019389892109053   0.019258367992326   0.019244601356206   0.019230834720087   0.019334825564575   0.018755900520342   0.018176975476109   0.015941790667149   0.015876976120486   0.015812161573823   0.017917717289458   
0.012972810415234   0.013121858460671   0.013270906506108   0.013185415190818   0.013187938136772   0.013190461082726   0.013280998289922   0.013257916894426   0.013234835498930   0.010981414971811   0.013357201221812   0.011187123145716   0.013576243060183   0.013735098563546   0.013886585839117   0.014038073114688   0.013950556630350   0.013954217256340   0.013957877882330   0.014052715618649   0.014140941074078   0.014229166529506   0.012031976153987   0.013812554691453   0.012183734984345   0.014480177600305   0.015259674860170   0.015416040596009   0.015572406331849   0.015480839509412   0.015486775495476   0.015492711481539   0.015596150276104   0.015906989433381   0.016217828590659   0.014133098518339   0.014723261630734   0.014176958661604   0.016288046680549   0.016021963008482   0.016180767974455   0.016339572940429   0.016245980948943   0.016253054615043   0.016260128281144   0.016367867604831   0.016790013613033   0.017212159621235   0.015183659700515   0.015178615100374   0.015173570500234   0.017191981220672   
1.000000000000000   1.000000000000000   1.000000000000000   0.993168382810513   0.993168382810513   0.993168382810513   1.000000000000000   1.000000000000000   1.000000000000000   0.829834699252932   1.000000000000000   0.829834699252932   1.000000000000000   1.000000000000000   1.000000000000000   1.000000000000000   0.993369979873529   0.993369979873529   0.993369979873529   1.000000000000000   1.000000000000000   1.000000000000000   0.842356503933426   0.969980479493727   0.842356503933426   1.000000000000000   1.000000000000000   1.000000000000000   1.000000000000000   0.993773173999561   0.993773173999561   0.993773173999561   1.000000000000000   1.000000000000000   1.000000000000000   0.867400113294414   0.909941438481181   0.867400113294414   1.000000000000000   1.000000000000000   1.000000000000000   1.000000000000000   0.993974771062577   0.993974771062577   0.993974771062577   1.000000000000000   1.000000000000000   1.000000000000000   0.879921917974908   0.879921917974908   0.879921917974908   1.000000000000000   
PATCH 11 
2 1 
13 2 
0.000000000000000   0.000000000000000   0.000000000000000   0.250000000000000   0.250000000000000   0.375000000000000   0.375000000000000   0.500000000000000   0.500000000000000   0.750000000000000   0.750000000000000   0.875000000000000   0.875000000000000   1.000000000000000   1.000000000000000   1.000000000000000   
0.000000000000000   0.000000000000000   1.000000000000000   1.000000000000000   
0.043291149089615   0.042424145750268   0.041518719813074   0.041051576840117   0.040564929716718   0.040055476350377   0.039641655345242   0.038333239798599   0.036741577966389   0.036228177484372   0.035695996100153   0.035227312639331   0.034732535463389   0.043734282891114   0.043142506727484   0.042531053738569   0.042225327244111   0.041914681543332   0.041604035842553   0.041288470935453   0.040657341121252   0.040006534481766   0.039681131162023   0.039350808635958   0.039020486109894   0.038685244377508   
0.024994156580417   0.026303790858819   0.027584372468519   0.028214855841603   0.028830401567551   0.029428108274491   0.030096179978396   0.031051905359958   0.031728508594773   0.032292942050902   0.032839769516286   0.033444395788849   0.034026815076612   0.025250000000000   0.026178902508932   0.027094027156471   0.027551589480241   0.028005707338662   0.028459825197083   0.028910498590156   0.029811845376303   0.030699414301056   0.031143198763433   0.031583538760461   0.032023878757490   0.032460774289170   
1.000000000000000   0.998025401557222   0.997038102335834   0.996544452725139   0.996297627919792   0.996050803114445   0.996050803114445   0.996050803114445   0.997038102335834   0.997531751946528   0.998272226362570   0.999012700778611   1.000000000000000   1.000000000000000   0.999048674522937   0.998573011784405   0.998335180415139   0.998216264730506   0.998097349045873   0.998097349045873   0.998097349045873   0.998573011784405   0.998810843153671   0.999167590207569   0.999524337261468   1.000000000000000   
PATCH 12 
2 1 
6 2 
0.000000000000000   0.000000000000000   0.000000000000000   0.250000000000000   0.500000000000000   0.750000000000000   1.000000000000000   1.000000000000000   1.000000000000000   
0.000000000000000   0.000000000000000   1.000000000000000   1.000000000000000   
0.019342826152110   0.022418934306636   0.028571150615689   0.034723366924741   0.040875583233793   0.043951691388319   0.014550000000000   0.018225211423540   0.025575634270620   0.032926057117699   0.040276479964779   0.043951691388319   
0.012972810415234   0.011955991768287   0.009922354474391   0.007888717180496   0.005855079886600   0.004838261239653   0.000000000000000   0.000000000000000   0.000000000000000   0.000000000000000   0.000000000000000   0.000000000000000   
1.000000000000000   1.000000000000000   1.000000000000000   1.000000000000000   1.000000000000000   1.000000000000000   1.000000000000000   1.000000000000000   1.000000000000000   1.000000000000000   1.000000000000000   1.000000000000000   
PATCH 13 
2 1 
13 2 
0.000000000000000   0.000000000000000   0.000000000000000   0.250000000000000   0.250000000000000   0.375000000000000   0.375000000000000   0.500000000000000   0.500000000000000   0.750000000000000   0.750000000000000   0.875000000000000   0.875000000000000   1.000000000000000   1.000000000000000   1.000000000000000   
0.000000000000000   0.000000000000000   1.000000000000000   1.000000000000000   
0.043951691388319   0.045554448931575   0.047157206474830   0.047052302309200   0.047061895572870   0.047071488836540   0.047195579529508   0.047637525033221   0.048079470536933   0.043289879888187   0.048245416911818   0.043413887566900   0.048302329693844   0.043951691388319   0.044707729964779   0.045463768541239   0.045841787829469   0.046219807117699   0.046597826405930   0.046975845694160   0.047731884270620   0.048487922847080   0.048865942135310   0.049243961423540   0.049621980711770   0.050000000000000   
0.004838261239653   0.004308463952090   0.003778666664527   0.003766427016809   0.003764274032017   0.003762121047225   0.003770054725359   0.003715737842832   0.003661420960304   0.003279336748059   0.003718633867398   0.003403568836088   0.003884683412166   0.000000000000000   0.000000000000000   0.000000000000000   0.000000000000000   0.000000000000000   0.000000000000000   0.000000000000000   0.000000000000000   0.000000000000000   0.000000000000000   0.000000000000000   0.000000000000000   0.000000000000000   
1.000000000000000   1.000000000000000   1.000000000000000   0.997577480113669   0.997577480113669   0.997577480113669   1.000000000000000   1.000000000000000   1.000000000000000   0.898569988664020   1.000000000000000   0.898569988664020   1.000000000000000   1.000000000000000   1.000000000000000   1.000000000000000   1.000000000000000   1.000000000000000   1.000000000000000   1.000000000000000   1.000000000000000   1.000000000000000   1.000000000000000   1.000000000000000   1.000000000000000   1.000000000000000   
PATCH 14 
2 1 
13 2 
0.000000000000000   0.000000000000000   0.000000000000000   0.250000000000000   0.250000000000000   0.375000000000000   0.375000000000000   0.500000000000000   0.500000000000000   0.750000000000000   0.750000000000000   0.875000000000000   0.875000000000000   1.000000000000000   1.000000000000000   1.000000000000000   
0.000000000000000   0.000000000000000   1.000000000000000   1.000000000000000   
0.014550000000000   0.014280210693379   0.013885531719011   0.013688192231827   0.013459630327706   0.013231068423585   0.012971284102527   0.012451715460411   0.011807257150547   0.011485027995615   0.011131576423746   0.010778124851877   0.010393450863071   0.019342826152110   0.018891921844483   0.018441017536855   0.018299393811946   0.018283113990339   0.018266834168732   0.018375898250427   0.016410823868063   0.014445749485699   0.011875990018927   0.014259077234494   0.011789364118094   0.014301979128969   
0.000000000000000   0.001374747589813   0.002698513434055   0.003360396356176   0.004009533841904   0.004658671327631   0.005295063376966   0.006567847475636   0.007789649828735   0.008400551005284   0.008998706745440   0.009596862485596   0.010182272789359   0.012972810415234   0.013121858460671   0.013270906506108   0.013185415190818   0.013187938136772   0.013190461082726   0.013280998289922   0.013257916894426   0.013234835498930   0.010981414971811   0.013357201221812   0.011187123145716   0.013576243060183   
1.000000000000000   0.981457779613711   0.972186669420567   0.967551114323995   0.965233336775709   0.962915559227422   0.962915559227422   0.962915559227422   0.972186669420567   0.976822224517139   0.983775557161997   0.990728889806856   1.000000000000000   1.000000000000000   1.000000000000000   1.000000000000000   0.993168382810513   0.993168382810513   0.993168382810513   1.000000000000000   1.000000000000000   1.000000000000000   0.829834699252932   1.000000000000000   0.829834699252932   1.000000000000000   
PATCH 15 
2 1 
4 2 
0.000000000000000   0.000000000000000   0.000000000000000   0.500000000000000   1.000000000000000   1.000000000000000   1.000000000000000   
0.000000000000000   0.000000000000000   1.000000000000000   1.000000000000000   
0.034732535463389   0.034569647736978   0.034216658588496   0.034026815076612   0.017917717289458   0.017736283272261   0.017373415237868   0.017191981220672   
0.034026815076612   0.034216658588496   0.034569647736978   0.034732535463389   0.017191981220672   0.017373415237868   0.017736283272261   0.017917717289458   
1.000000000000000   0.999973667438281   0.999973667438281   1.000000000000000   1.000000000000000   1.000000000000000   1.000000000000000   1.000000000000000   
PATCH 16 
2 2 
4 4 
0.000000000000000   0.000000000000000   0.000000000000000   0.500000000000000   1.000000000000000   1.000000000000000   1.000000000000000   
0.000000000000000   0.000000000000000   0.000000000000000   0.500000000000000   1.000000000000000   1.000000000000000   1.000000000000000   
0.014301979128969   0.015205913669091   0.017013782749336   0.017917717289458   0.014120545111773   0.015024479651895   0.016832348732139   0.017736283272261   0.013757677077379   0.014661611617502   0.016469480697746   0.017373415237868   0.013576243060183   0.014480177600305   0.016288046680549   0.017191981220672   
0.013576243060183   0.014480177600305   0.016288046680549   0.017191981220672   0.013757677077379   0.014661611617502   0.016469480697746   0.017373415237868   0.014120545111773   0.015024479651895   0.016832348732139   0.017736283272261   0.014301979128969   0.015205913669091   0.017013782749336   0.017917717289458   
1.000000000000000   1.000000000000000   1.000000000000000   1.000000000000000   1.000000000000000   1.000000000000000   1.000000000000000   1.000000000000000   1.000000000000000   1.000000000000000   1.000000000000000   1.000000000000000   1.000000000000000   1.000000000000000   1.000000000000000   1.000000000000000   
PATCH 17 
2 1 
4 2 
0.000000000000000   0.000000000000000   0.000000000000000   0.500000000000000   1.000000000000000   1.000000000000000   1.000000000000000   
0.000000000000000   0.000000000000000   1.000000000000000   1.000000000000000   
0.014301979128969   0.014120545111773   0.013757677077379   0.013576243060183   0.010393450863071   0.010340927264668   0.010235338227812   0.010182272789359   
0.013576243060183   0.013757677077379   0.014120545111773   0.014301979128969   0.010182272789359   0.010235338227812   0.010340927264668   0.010393450863071   
1.000000000000000   1.000000000000000   1.000000000000000   1.000000000000000   1.000000000000000   0.999973667438281   0.999973667438281   1.000000000000000   
PATCH 18 
2 1 
4 2 
0.000000000000000   0.000000000000000   0.000000000000000   0.500000000000000   1.000000000000000   1.000000000000000   1.000000000000000   
0.000000000000000   0.000000000000000   1.000000000000000   1.000000000000000   
0.034732535463389   0.034569647736978   0.034216658588496   0.034026815076612   0.038685244377508   0.037197068413715   0.034084833369545   0.032460774289170   
0.034026815076612   0.034216658588496   0.034569647736978   0.034732535463389   0.032460774289170   0.034084833369545   0.037197068413715   0.038685244377508   
1.000000000000000   0.999973667438281   0.999973667438281   1.000000000000000   1.000000000000000   0.998097349045873   0.998097349045873   1.000000000000000   
PATCH 19 
2 1 
4 2 
0.000000000000000   0.000000000000000   0.000000000000000   0.500000000000000   1.000000000000000   1.000000000000000   1.000000000000000   
0.000000000000000   0.000000000000000   1.000000000000000   1.000000000000000   
0.000000000000000   0.002178893568691   0.006520098010365   0.008682408883347   0.000000000000000   0.002200682504378   0.006585298990468   0.008769232972180   
0.050000000000000   0.049904867452294   0.049525061277599   0.049240387650610   0.050500000000000   0.050403916126817   0.050020311890375   0.049732791527117   
1.000000000000000   0.998097349045873   0.998097349045873   1.000000000000000   1.000000000000000   0.998097349045873   0.998097349045873   1.000000000000000   
PATCH 20 
2 1 
4 2 
0.000000000000000   0.000000000000000   0.000000000000000   0.500000000000000   1.000000000000000   1.000000000000000   1.000000000000000   
0.000000000000000   0.000000000000000   1.000000000000000   1.000000000000000   
0.003884683412166   0.004898013230218   0.006924672866322   0.007938002684374   0.000000000000000   0.002178893568691   0.006520098010365   0.008682408883347   
0.048302329693844   0.048175927183106   0.047923122161629   0.047796719650891   0.050000000000000   0.049904867452294   0.049525061277599   0.049240387650610   
1.000000000000000   1.000000000000000   1.000000000000000   1.000000000000000   1.000000000000000   0.998097349045873   0.998097349045873   1.000000000000000   
PATCH 21 
2 1 
13 2 
0.000000000000000   0.000000000000000   0.000000000000000   0.125000000000000   0.125000000000000   0.250000000000000   0.250000000000000   0.500000000000000   0.500000000000000   0.625000000000000   0.625000000000000   0.750000000000000   0.750000000000000   1.000000000000000   1.000000000000000   1.000000000000000   
0.000000000000000   0.000000000000000   1.000000000000000   1.000000000000000   
0.007938002684374   0.007363569141748   0.008074896609559   0.007457139917393   0.008109742993795   0.007917274949198   0.007724806904600   0.007596840906285   0.007598491401213   0.007600141896141   0.007731408884312   0.007809411358606   0.007887413832900   0.008682408883347   0.009214726804819   0.009596024982099   0.010140089569553   0.010652618831015   0.011672163421296   0.012692862129615   0.013221805917648   0.013759464467861   0.014319386126616   0.014873842181486   0.015931239672933   0.016963322419779   
0.047796719650891   0.043853344519746   0.047716025599075   0.043724907816674   0.047560986229055   0.046546289156830   0.045531592084604   0.044780240510242   0.044755230064712   0.044730219619182   0.045431550302485   0.045195575039867   0.044959599777249   0.049240387650610   0.049122375608591   0.048247057954414   0.048227108917316   0.048055583571978   0.047702341353884   0.047370406361190   0.047274354103989   0.047204301729561   0.047201821018054   0.047170383043834   0.046930316886753   0.046606345307271   
1.000000000000000   0.917702713468618   1.000000000000000   0.917702713468618   1.000000000000000   1.000000000000000   1.000000000000000   0.984039086254807   0.984039086254807   0.984039086254807   1.000000000000000   1.000000000000000   1.000000000000000   1.000000000000000   0.999524337261468   0.999167590207569   0.998810843153671   0.998573011784405   0.998097349045873   0.998097349045873   0.998097349045873   0.998216264730506   0.998335180415139   0.998573011784404   0.999048674522936   1.000000000000000   
PATCH 22 
2 2 
13 4 
0.000000000000000   0.000000000000000   0.000000000000000   0.250000000000000   0.250000000000000   0.375000000000000   0.375000000000000   0.500000000000000   0.500000000000000   0.750000000000000   0.750000000000000   0.875000000000000   0.875000000000000   1.000000000000000   1.000000000000000   1.000000000000000   
0.000000000000000   0.000000000000000   0.000000000000000   0.500000000000000   1.000000000000000   1.000000000000000   1.000000000000000   
0.004838261239653   0.004308463952090   0.003778666664527   0.003766427016809   0.003764274032017   0.003762121047225   0.003770054725359   0.003715737842832   0.003661420960304   0.003279336748059   0.003718633867398   0.003403568836088   0.003884683412166   0.005600549387964   0.005183700803719   0.004766852219473   0.004724855736642   0.004722828374316   0.004720801011990   0.004758742770169   0.004766122119423   0.004773501468677   0.004323787540393   0.004807699552938   0.004393568912503   0.004898013230218   0.007125125684588   0.006934174506977   0.006743223329366   0.006641713176308   0.006639937058914   0.006638160941520   0.006736118859790   0.006866890672606   0.006997662485423   0.006412689125059   0.006985830924018   0.006373569065333   0.006924672866322   0.007887413832900   0.007809411358606   0.007731408884312   0.007600141896141   0.007598491401213   0.007596840906285   0.007724806904600   0.007917274949198   0.008109742993795   0.007457139917393   0.008074896609559   0.007363569141748   0.007938002684374   
0.043951691388319   0.045554448931575   0.047157206474830   0.047052302309200   0.047061895572870   0.047071488836540   0.047195579529508   0.047637525033221   0.048079470536933   0.043289879888187   0.048245416911818   0.043413887566900   0.048302329693844   0.044203668485552   0.045464730458648   0.046725792431744   0.046471781636696   0.046485229195831   0.046498676754965   0.046779582668282   0.047364716064123   0.047949849459964   0.043398636870309   0.048113069083632   0.043523751805111   0.048175927183106   0.044707622680017   0.045285293512794   0.045862964345571   0.045310740291687   0.045331896441752   0.045353052591816   0.045947588945830   0.046819098125927   0.047690607306024   0.043616150834552   0.047848373427261   0.043743480281534   0.047923122161629   0.044959599777249   0.045195575039867   0.045431550302485   0.044730219619182   0.044755230064712   0.044780240510242   0.045531592084604   0.046546289156830   0.047560986229055   0.043724907816674   0.047716025599075   0.043853344519746   0.047796719650891   
1.000000000000000   1.000000000000000   1.000000000000000   0.997577480113669   0.997577480113669   0.997577480113669   1.000000000000000   1.000000000000000   1.000000000000000   0.898569988664020   1.000000000000000   0.898569988664020   1.000000000000000   1.000000000000000   1.000000000000000   1.000000000000000   0.994192881648953   0.994192881648953   0.994192881648953   1.000000000000000   1.000000000000000   1.000000000000000   0.903353169865169   1.000000000000000   0.903353169865169   1.000000000000000   1.000000000000000   1.000000000000000   1.000000000000000   0.987423684719522   0.987423684719522   0.987423684719522   1.000000000000000   1.000000000000000   1.000000000000000   0.912919532267469   1.000000000000000   0.912919532267469   1.000000000000000   1.000000000000000   1.000000000000000   1.000000000000000   0.984039086254807   0.984039086254807   0.984039086254807   1.000000000000000   1.000000000000000   1.000000000000000   0.917702713468618   1.000000000000000   0.917702713468618   1.000000000000000   
PATCH 23 
2 1 
13 2 
0.000000000000000   0.000000000000000   0.000000000000000   0.125000000000000   0.125000000000000   0.250000000000000   0.250000000000000   0.500000000000000   0.500000000000000   0.625000000000000   0.625000000000000   0.750000000000000   0.750000000000000   1.000000000000000   1.000000000000000   1.000000000000000   
0.000000000000000   0.000000000000000   1.000000000000000   1.000000000000000   
0.008682408883347   0.009214726804819   0.009596024982099   0.010140089569553   0.010652618831015   0.011672163421296   0.012692862129615   0.013221805917648   0.013759464467861   0.014319386126616   0.014873842181486   0.015931239672933   0.016963322419779   0.008769232972180   0.009306874072867   0.009842960902535   0.010379047732203   0.010913580290852   0.011982645408149   0.013045493441370   0.013576917457981   0.014106787203572   0.014636656949163   0.015164972423735   0.016221603372879   0.017272017237946   
0.049240387650610   0.049122375608591   0.048247057954414   0.048227108917316   0.048055583571978   0.047702341353884   0.047370406361190   0.047274354103989   0.047204301729561   0.047201821018054   0.047170383043834   0.046930316886753   0.046606345307271   0.049732791527117   0.049613599364677   0.049488606583825   0.049363613802972   0.049232820403708   0.048971233605179   0.048686444333000   0.048544049696911   0.048395854442409   0.048247659187908   0.048093663314994   0.047785671569166   0.047454477349688   
1.000000000000000   0.999524337261468   0.999167590207569   0.998810843153671   0.998573011784405   0.998097349045873   0.998097349045873   0.998097349045873   0.998216264730506   0.998335180415139   0.998573011784404   0.999048674522936   1.000000000000000   1.000000000000000   0.999524337261468   0.999167590207569   0.998810843153671   0.998573011784405   0.998097349045873   0.998097349045873   0.998097349045873   0.998216264730506   0.998335180415139   0.998573011784404   0.999048674522936   1.000000000000000   
PATCH 24 
2 1 
6 2 
0.000000000000000   0.000000000000000   0.000000000000000   0.250000000000000   0.500000000000000   0.750000000000000   1.000000000000000   1.000000000000000   1.000000000000000   
0.000000000000000   0.000000000000000   1.000000000000000   1.000000000000000   
0.016963322419779   0.018013873399814   0.020026050270808   0.021912675147531   0.023951812850568   0.024994156580417   0.017272017237946   0.018289568482936   0.020304367573183   0.022298863263696   0.024273055554476   0.025250000000000   
0.046606345307271   0.046324023289182   0.045513943979295   0.044433345853657   0.043657314276193   0.043291149089615   0.047454477349688   0.047032993823604   0.046146485990198   0.045216437375554   0.044242847979673   0.043734282891114   
1.000000000000000   0.999048674522936   0.998097349045873   0.998097349045873   0.999048674522936   1.000000000000000   1.000000000000000   0.999048674522936   0.998097349045873   0.998097349045873   0.999048674522936   1.000000000000000   
PATCH 25 
2 1 
6 2 
0.000000000000000   0.000000000000000   0.000000000000000   0.250000000000000   0.500000000000000   0.750000000000000   1.000000000000000   1.000000000000000   1.000000000000000   
0.000000000000000   0.000000000000000   1.000000000000000   1.000000000000000   
0.016963322419779   0.018013873399814   0.020026050270808   0.021912675147531   0.023951812850568   0.024994156580417   0.007887413832900   0.008904232479848   0.010937869773743   0.012971507067639   0.015005144361534   0.016021963008482   
0.046606345307271   0.046324023289182   0.045513943979295   0.044433345853657   0.043657314276193   0.043291149089615   0.044959599777249   0.041883491622723   0.035731275313671   0.029579059004619   0.023426842695566   0.020350734541040   
1.000000000000000   0.999048674522936   0.998097349045873   0.998097349045873   0.999048674522936   1.000000000000000   1.000000000000000   1.000000000000000   1.000000000000000   1.000000000000000   1.000000000000000   1.000000000000000   
PATCH 26 
2 1 
13 2 
0.000000000000000   0.000000000000000   0.000000000000000   0.250000000000000   0.250000000000000   0.375000000000000   0.375000000000000   0.500000000000000   0.500000000000000   0.750000000000000   0.750000000000000   0.875000000000000   0.875000000000000   1.000000000000000   1.000000000000000   1.000000000000000   
0.000000000000000   0.000000000000000   1.000000000000000   1.000000000000000   
0.024994156580417   0.026303790858819   0.027584372468519   0.028214855841603   0.028830401567551   0.029428108274491   0.030096179978396   0.031051905359958   0.031728508594773   0.032292942050902   0.032839769516286   0.033444395788849   0.034026815076612   0.016021963008482   0.016180767974455   0.016339572940429   0.016245980948943   0.016253054615043   0.016260128281144   0.016367867604831   0.016790013613033   0.017212159621235   0.015183659700515   0.015178615100374   0.015173570500234   0.017191981220672   
0.043291149089615   0.042424145750268   0.041518719813074   0.041051576840117   0.040564929716718   0.040055476350377   0.039641655345242   0.038333239798599   0.036741577966389   0.036228177484372   0.035695996100153   0.035227312639331   0.034732535463389   0.020350734541040   0.019870313325047   0.019389892109053   0.019258367992326   0.019244601356206   0.019230834720087   0.019334825564575   0.018755900520342   0.018176975476109   0.015941790667149   0.015876976120486   0.015812161573823   0.017917717289458   
1.000000000000000   0.998025401557222   0.997038102335834   0.996544452725139   0.996297627919792   0.996050803114445   0.996050803114445   0.996050803114445   0.997038102335834   0.997531751946528   0.998272226362570   0.999012700778611   1.000000000000000   1.000000000000000   1.000000000000000   1.000000000000000   0.993974771062577   0.993974771062577   0.993974771062577   1.000000000000000   1.000000000000000   1.000000000000000   0.879921917974908   0.879921917974908   0.879921917974908   1.000000000000000   
PATCH 27 
2 2 
6 4 
0.000000000000000   0.000000000000000   0.000000000000000   0.250000000000000   0.500000000000000   0.750000000000000   1.000000000000000   1.000000000000000   1.000000000000000   
0.000000000000000   0.000000000000000   0.000000000000000   0.500000000000000   1.000000000000000   1.000000000000000   1.000000000000000   
0.012972810415234   0.011955991768287   0.009922354474391   0.007888717180496   0.005855079886600   0.004838261239653   0.013735098563546   0.012718279916598   0.010684642622703   0.008651005328808   0.006617368034912   0.005600549387964   0.015259674860170   0.014242856213222   0.012209218919327   0.010175581625431   0.008141944331536   0.007125125684588   0.016021963008482   0.015005144361534   0.012971507067639   0.010937869773743   0.008904232479848   0.007887413832900   
0.019342826152110   0.022418934306636   0.028571150615689   0.034723366924741   0.040875583233793   0.043951691388319   0.019594803249343   0.022670911403869   0.028823127712921   0.034975344021973   0.041127560331026   0.044203668485552   0.020098757443808   0.023174865598334   0.029327081907386   0.035479298216438   0.041631514525491   0.044707622680017   0.020350734541040   0.023426842695566   0.029579059004619   0.035731275313671   0.041883491622723   0.044959599777249   
1.000000000000000   1.000000000000000   1.000000000000000   1.000000000000000   1.000000000000000   1.000000000000000   1.000000000000000   1.000000000000000   1.000000000000000   1.000000000000000   1.000000000000000   1.000000000000000   1.000000000000000   1.000000000000000   1.000000000000000   1.000000000000000   1.000000000000000   1.000000000000000   1.000000000000000   1.000000000000000   1.000000000000000   1.000000000000000   1.000000000000000   1.000000000000000   
PATCH 28 
2 2 
13 4 
0.000000000000000   0.000000000000000   0.000000000000000   0.250000000000000   0.250000000000000   0.375000000000000   0.375000000000000   0.500000000000000   0.500000000000000   0.750000000000000   0.750000000000000   0.875000000000000   0.875000000000000   1.000000000000000   1.000000000000000   1.000000000000000   
0.000000000000000   0.000000000000000   0.000000000000000   0.500000000000000   1.000000000000000   1.000000000000000   1.000000000000000   
0.012972810415234   0.013121858460671   0.013270906506108   0.013185415190818   0.013187938136772   0.013190461082726   0.013280998289922   0.013257916894426   0.013234835498930   0.010981414971811   0.013357201221812   0.011187123145716   0.013576243060183   0.013735098563546   0.013886585839117   0.014038073114688   0.013950556630350   0.013954217256340   0.013957877882330   0.014052715618649   0.014140941074078   0.014229166529506   0.012031976153987   0.013812554691453   0.012183734984345   0.014480177600305   0.015259674860170   0.015416040596009   0.015572406331849   0.015480839509412   0.015486775495476   0.015492711481539   0.015596150276104   0.015906989433381   0.016217828590659   0.014133098518339   0.014723261630734   0.014176958661604   0.016288046680549   0.016021963008482   0.016180767974455   0.016339572940429   0.016245980948943   0.016253054615043   0.016260128281144   0.016367867604831   0.016790013613033   0.017212159621235   0.015183659700515   0.015178615100374   0.015173570500234   0.017191981220672   
0.019342826152110   0.018891921844483   0.018441017536855   0.018299393811946   0.018283113990339   0.018266834168732   0.018375898250427   0.016410823868063   0.014445749485699   0.011875990018927   0.014259077234494   0.011789364118094   0.014301979128969   0.019594803249343   0.019136519714624   0.018678236179905   0.018539137357041   0.018523485831806   0.018507834306571   0.018615630078964   0.016997093031133   0.015378555983301   0.012892440180982   0.014663551955992   0.012795063482026   0.015205913669091   0.020098757443808   0.019625715454906   0.019152673466004   0.019018624447231   0.019004229514740   0.018989834582248   0.019095093736038   0.018169631357272   0.017244168978507   0.014925340505093   0.015472501398988   0.014806462209891   0.017013782749336   0.020350734541040   0.019870313325047   0.019389892109053   0.019258367992326   0.019244601356206   0.019230834720087   0.019334825564575   0.018755900520342   0.018176975476109   0.015941790667149   0.015876976120486   0.015812161573823   0.017917717289458   
1.000000000000000   1.000000000000000   1.000000000000000   0.993168382810513   0.993168382810513   0.993168382810513   1.000000000000000   1.000000000000000   1.000000000000000   0.829834699252932   1.000000000000000   0.829834699252932   1.000000000000000   1.000000000000000   1.000000000000000   1.000000000000000   0.993369979873529   0.993369979873529   0.993369979873529   1.000000000000000   1.000000000000000   1.000000000000000   0.842356503933426   0.969980479493727   0.842356503933426   1.000000000000000   1.000000000000000   1.000000000000000   1.000000000000000   0.993773173999561   0.993773173999561   0.993773173999561   1.000000000000000   1.000000000000000   1.000000000000000   0.867400113294414   0.909941438481181   0.867400113294414   1.000000000000000   1.000000000000000   1.000000000000000   1.000000000000000   0.993974771062577   0.993974771062577   0.993974771062577   1.000000000000000   1.000000000000000   1.000000000000000   0.879921917974908   0.879921917974908   0.879921917974908   1.000000000000000   
PATCH 29 
2 1 
13 2 
0.000000000000000   0.000000000000000   0.000000000000000   0.250000000000000   0.250000000000000   0.375000000000000   0.375000000000000   0.500000000000000   0.500000000000000   0.750000000000000   0.750000000000000   0.875000000000000   0.875000000000000   1.000000000000000   1.000000000000000   1.000000000000000   
0.000000000000000   0.000000000000000   1.000000000000000   1.000000000000000   
0.024994156580417   0.026303790858819   0.027584372468519   0.028214855841603   0.028830401567551   0.029428108274491   0.030096179978396   0.031051905359958   0.031728508594773   0.032292942050902   0.032839769516286   0.033444395788849   0.034026815076612   0.025250000000000   0.026178902508932   0.027094027156471   0.027551589480241   0.028005707338662   0.028459825197083   0.028910498590156   0.029811845376303   0.030699414301056   0.031143198763433   0.031583538760461   0.032023878757490   0.032460774289170   
0.043291149089615   0.042424145750268   0.041518719813074   0.041051576840117   0.040564929716718   0.040055476350377   0.039641655345242   0.038333239798599   0.036741577966389   0.036228177484372   0.035695996100153   0.035227312639331   0.034732535463389   0.043734282891114   0.043142506727484   0.042531053738569   0.042225327244111   0.041914681543332   0.041604035842553   0.041288470935453   0.040657341121252   0.040006534481766   0.039681131162023   0.039350808635958   0.039020486109894   0.038685244377508   
1.000000000000000   0.998025401557222   0.997038102335834   0.996544452725139   0.996297627919792   0.996050803114445   0.996050803114445   0.996050803114445   0.997038102335834   0.997531751946528   0.998272226362570   0.999012700778611   1.000000000000000   1.000000000000000   0.999048674522937   0.998573011784405   0.998335180415139   0.998216264730506   0.998097349045873   0.998097349045873   0.998097349045873   0.998573011784405   0.998810843153671   0.999167590207569   0.999524337261468   1.000000000000000   
PATCH 30 
2 1 
6 2 
0.000000000000000   0.000000000000000   0.000000000000000   0.250000000000000   0.500000000000000   0.750000000000000   1.000000000000000   1.000000000000000   1.000000000000000   
0.000000000000000   0.000000000000000   1.000000000000000   1.000000000000000   
0.012972810415234   0.011955991768287   0.009922354474391   0.007888717180496   0.005855079886600   0.004838261239653   0.000000000000000   0.000000000000000   0.000000000000000   0.000000000000000   0.000000000000000   0.000000000000000   
0.019342826152110   0.022418934306636   0.028571150615689   0.034723366924741   0.040875583233793   0.043951691388319   0.014550000000000   0.018225211423540   0.025575634270620   0.032926057117699   0.040276479964779   0.043951691388319   
1.000000000000000   1.000000000000000   1.000000000000000   1.000000000000000   1.000000000000000   1.000000000000000   1.000000000000000   1.000000000000000   1.000000000000000   1.000000000000000   1.000000000000000   1.000000000000000   
PATCH 31 
2 1 
13 2 
0.000000000000000   0.000000000000000   0.000000000000000   0.250000000000000   0.250000000000000   0.375000000000000   0.375000000000000   0.500000000000000   0.500000000000000   0.750000000000000   0.750000000000000   0.875000000000000   0.875000000000000   1.000000000000000   1.000000000000000   1.000000000000000   
0.000000000000000   0.000000000000000   1.000000000000000   1.000000000000000   
0.004838261239653   0.004308463952090   0.003778666664527   0.003766427016809   0.003764274032017   0.003762121047225   0.003770054725359   0.003715737842832   0.003661420960304   0.003279336748059   0.003718633867398   0.003403568836088   0.003884683412166   0.000000000000000   0.000000000000000   0.000000000000000   0.000000000000000   0.000000000000000   0.000000000000000   0.000000000000000   0.000000000000000   0.000000000000000   0.000000000000000   0.000000000000000   0.000000000000000   0.000000000000000   
0.043951691388319   0.045554448931575   0.047157206474830   0.047052302309200   0.047061895572870   0.047071488836540   0.047195579529508   0.047637525033221   0.048079470536933   0.043289879888187   0.048245416911818   0.043413887566900   0.048302329693844   0.043951691388319   0.044707729964779   0.045463768541239   0.045841787829469   0.046219807117699   0.046597826405930   0.046975845694160   0.047731884270620   0.048487922847080   0.048865942135310   0.049243961423540   0.049621980711770   0.050000000000000   
1.000000000000000   1.000000000000000   1.000000000000000   0.997577480113669   0.997577480113669   0.997577480113669   1.000000000000000   1.000000000000000   1.000000000000000   0.898569988664020   1.000000000000000   0.898569988664020   1.000000000000000   1.000000000000000   1.000000000000000   1.000000000000000   1.000000000000000   1.000000000000000   1.000000000000000   1.000000000000000   1.000000000000000   1.000000000000000   1.000000000000000   1.000000000000000   1.000000000000000   1.000000000000000   
PATCH 32 
2 1 
13 2 
0.000000000000000   0.000000000000000   0.000000000000000   0.250000000000000   0.250000000000000   0.375000000000000   0.375000000000000   0.500000000000000   0.500000000000000   0.750000000000000   0.750000000000000   0.875000000000000   0.875000000000000   1.000000000000000   1.000000000000000   1.000000000000000   
0.000000000000000   0.000000000000000   1.000000000000000   1.000000000000000   
0.000000000000000   0.001374747589813   0.002698513434055   0.003360396356176   0.004009533841904   0.004658671327631   0.005295063376966   0.006567847475636   0.007789649828735   0.008400551005284   0.008998706745440   0.009596862485596   0.010182272789359   0.012972810415234   0.013121858460671   0.013270906506108   0.013185415190818   0.013187938136772   0.013190461082726   0.013280998289922   0.013257916894426   0.013234835498930   0.010981414971811   0.013357201221812   0.011187123145716   0.013576243060183   
0.014550000000000   0.014280210693379   0.013885531719011   0.013688192231827   0.013459630327706   0.013231068423585   0.012971284102527   0.012451715460411   0.011807257150547   0.011485027995615   0.011131576423746   0.010778124851877   0.010393450863071   0.019342826152110   0.018891921844483   0.018441017536855   0.018299393811946   0.018283113990339   0.018266834168732   0.018375898250427   0.016410823868063   0.014445749485699   0.011875990018927   0.014259077234494   0.011789364118094   0.014301979128969   
1.000000000000000   0.981457779613711   0.972186669420567   0.967551114323995   0.965233336775709   0.962915559227422   0.962915559227422   0.962915559227422   0.972186669420567   0.976822224517139   0.983775557161997   0.990728889806856   1.000000000000000   1.000000000000000   1.000000000000000   1.000000000000000   0.993168382810513   0.993168382810513   0.993168382810513   1.000000000000000   1.000000000000000   1.000000000000000   0.829834699252932   1.000000000000000   0.829834699252932   1.000000000000000   
INTERFACE 1 
1 2 
5 1 
1 
INTERFACE 2 
1 3 
2 4 
1 
INTERFACE 3 
2 1 
13 2 
1 
INTERFACE 4 
2 2 
3 1 
1 
INTERFACE 5 
2 3 
4 2 
1 
INTERFACE 6 
3 2 
7 1 
-1 
INTERFACE 7 
3 3 
4 4 
-1 
INTERFACE 8 
3 4 
5 3 
1 
INTERFACE 9 
4 1 
9 2 
1 
INTERFACE 10 
4 3 
13 3 
1 
INTERFACE 11 
5 2 
6 1 
1 
INTERFACE 12 
6 2 
11 1 
1 
INTERFACE 13 
6 3 
7 3 
1 
INTERFACE 14 
7 2 
8 1 
1 
INTERFACE 15 
7 4 
9 4 
-1 
INTERFACE 16 
8 2 
15 1 
1 
INTERFACE 17 
8 3 
11 3 
1 
INTERFACE 18 
8 4 
10 4 
1 
INTERFACE 19 
9 1 
10 1 
1 
INTERFACE 20 
9 3 
12 3 
1 
INTERFACE 21 
10 2 
16 3 
1 
INTERFACE 22 
10 3 
14 4 
1 
INTERFACE 23 
11 2 
18 1 
1 
INTERFACE 24 
12 1 
14 1 
-1 
INTERFACE 25 
12 2 
13 1 
1 
INTERFACE 26 
14 2 
17 1 
-1 
INTERFACE 27 
15 2 
26 2 
1 
INTERFACE 28 
15 3 
18 3 
1 
INTERFACE 29 
15 4 
16 2 
1 
INTERFACE 30 
16 1 
17 3 
1 
INTERFACE 31 
16 4 
28 2 
1 
INTERFACE 32 
17 2 
32 2 
-1 
INTERFACE 33 
18 2 
29 2 
1 
INTERFACE 34 
19 2 
23 1 
1 
INTERFACE 35 
19 3 
20 4 
1 
INTERFACE 36 
20 1 
31 2 
1 
INTERFACE 37 
20 2 
21 1 
1 
INTERFACE 38 
20 3 
22 2 
1 
INTERFACE 39 
21 2 
25 1 
-1 
INTERFACE 40 
21 3 
22 4 
-1 
INTERFACE 41 
21 4 
23 3 
1 
INTERFACE 42 
22 1 
27 2 
1 
INTERFACE 43 
22 3 
31 3 
1 
INTERFACE 44 
23 2 
24 1 
1 
INTERFACE 45 
24 2 
29 1 
1 
INTERFACE 46 
24 3 
25 3 
1 
INTERFACE 47 
25 2 
26 1 
1 
INTERFACE 48 
25 4 
27 4 
-1 
INTERFACE 49 
26 3 
29 3 
1 
INTERFACE 50 
26 4 
28 4 
1 
INTERFACE 51 
27 1 
28 1 
1 
INTERFACE 52 
27 3 
30 3 
1 
INTERFACE 53 
28 3 
32 4 
1 
INTERFACE 54 
30 1 
32 1 
-1 
INTERFACE 55 
30 2 
31 1 
1 
BOUNDARY 1 
1 
1 1 
BOUNDARY 2 
1 
1 4 
BOUNDARY 3 
1 
5 4 
BOUNDARY 4 
1 
6 4 
BOUNDARY 5 
1 
11 4 
BOUNDARY 6 
1 
12 4 
BOUNDARY 7 
1 
13 4 
BOUNDARY 8 
1 
14 3 
BOUNDARY 9 
1 
17 4 
BOUNDARY 10 
1 
18 4 
BOUNDARY 11 
1 
19 1 
BOUNDARY 12 
1 
19 4 
BOUNDARY 13 
1 
23 4 
BOUNDARY 14 
1 
24 4 
BOUNDARY 15 
1 
29 4 
BOUNDARY 16 
1 
30 4 
BOUNDARY 17 
1 
31 4 
BOUNDARY 18 
1 
32 3 
