# nurbs mesh v.2.1
#
# 14-Jul-2024
#
2 2 32 55 0 
PATCH 1 
2 1 
4 2 
0.000000000000000   0.000000000000000   0.000000000000000   0.500000000000000   1.000000000000000   1.000000000000000   1.000000000000000   
0.000000000000000   0.000000000000000   1.000000000000000   1.000000000000000   
0.050000000000000   0.049904867452294   0.049525061277599   0.049240387650610   0.050500000000000   0.050403916126817   0.050020311890375   0.049732791527117   
0.000000000000000   0.002178893568691   0.006520098010365   0.008682408883347   0.000000000000000   0.002200682504378   0.006585298990468   0.008769232972180   
1.000000000000000   0.998097349045873   0.998097349045873   1.000000000000000   1.000000000000000   0.998097349045873   0.998097349045873   1.000000000000000   
PATCH 2 
2 1 
4 2 
0.000000000000000   0.000000000000000   0.000000000000000   0.500000000000000   1.000000000000000   1.000000000000000   1.000000000000000   
0.000000000000000   0.000000000000000   1.000000000000000   1.000000000000000   
0.048311561426762   0.048185159359605   0.047932355225291   0.047805953158134   0.050000000000000   0.049904867452294   0.049525061277599   0.049240387650610   
0.003677618589775   0.004743620301678   0.006875623725483   0.007941625437386   0.000000000000000   0.002178893568691   0.006520098010365   0.008682408883347   
1.000000000000000   1.000000000000000   1.000000000000000   1.000000000000000   1.000000000000000   0.998097349045873   0.998097349045873   1.000000000000000   
PATCH 3 
2 1 
13 2 
0.000000000000000   0.000000000000000   0.000000000000000   0.125000000000000   0.125000000000000   0.250000000000000   0.250000000000000   0.500000000000000   0.500000000000000   0.625000000000000   0.625000000000000   0.750000000000000   0.750000000000000   1.000000000000000   1.000000000000000   1.000000000000000   
0.000000000000000   0.000000000000000   1.000000000000000   1.000000000000000   
0.047805953158134   0.043759674878705   0.047724358736872   0.043629209005968   0.047567054882595   0.046296770671694   0.045026486460792   0.044273533501487   0.044248339285695   0.044223145069902   0.044925709597621   0.044690672093572   0.044455634589523   0.049240387650610   0.049122375608591   0.048303574318128   0.048262740278808   0.048053751872332   0.047713190802219   0.047475057737495   0.047371333091133   0.047312168577839   0.047289495344623   0.047211102384545   0.046982535735179   0.046662591365050   
0.007941625437386   0.007350899994817   0.008080271655864   0.007445022678218   0.008113975081643   0.007852722697910   0.007591470314177   0.007463606453998   0.007464922929098   0.007466239404198   0.007596736214578   0.007671312471125   0.007745888727672   0.008682408883347   0.009214726804819   0.009607265718034   0.010147581314448   0.010652212792909   0.011674818144951   0.012720903381383   0.013248929235785   0.013790906307095   0.014345983459271   0.014886681870469   0.015948966188433   0.016983794310605   
1.000000000000000   0.915558492535142   1.000000000000000   0.915558492535142   1.000000000000000   1.000000000000000   1.000000000000000   0.983826373400155   0.983826373400155   0.983826373400155   1.000000000000000   1.000000000000000   1.000000000000000   1.000000000000000   0.999524337261468   0.999167590207569   0.998810843153671   0.998573011784405   0.998097349045873   0.998097349045873   0.998097349045873   0.998216264730506   0.998335180415139   0.998573011784404   0.999048674522936   1.000000000000000   
PATCH 4 
2 2 
13 4 
0.000000000000000   0.000000000000000   0.000000000000000   0.250000000000000   0.250000000000000   0.375000000000000   0.375000000000000   0.500000000000000   0.500000000000000   0.750000000000000   0.750000000000000   0.875000000000000   0.875000000000000   1.000000000000000   1.000000000000000   1.000000000000000   
0.000000000000000   0.000000000000000   0.000000000000000   0.500000000000000   1.000000000000000   1.000000000000000   1.000000000000000   
0.043488609926433   0.045267222981475   0.047045836036517   0.046935247808867   0.046945131015272   0.046955014221678   0.047085368862139   0.047588683631695   0.048091998401250   0.043422982570291   0.048255294622181   0.043544810181972   0.048311561426762   0.043730366092205   0.045123085259499   0.046515804426793   0.046257222124126   0.046270933082878   0.046284644041630   0.046570648261802   0.047265705391694   0.047960762521586   0.043474539179210   0.048122560650854   0.043598526356156   0.048185159359605   0.044213878423751   0.044834809815548   0.045455741207345   0.044901170754643   0.044922537218089   0.044943903681535   0.045541207061129   0.046619748911694   0.047698290762259   0.043577652397049   0.047857092708199   0.043705958704522   0.047932355225291   0.044455634589523   0.044690672093572   0.044925709597621   0.044223145069902   0.044248339285695   0.044273533501487   0.045026486460792   0.046296770671694   0.047567054882595   0.043629209005968   0.047724358736872   0.043759674878705   0.047805953158134   
0.004698175236943   0.004133829967759   0.003569484698575   0.003557310224247   0.003555243893830   0.003553177563413   0.003561219376908   0.003508194261750   0.003455169146592   0.003104443013313   0.003513573546100   0.003227872194159   0.003677618589775   0.005460103609625   0.005018200593601   0.004576297577576   0.004534542519235   0.004532663652647   0.004530784786059   0.004568782111226   0.004594326370790   0.004619870630355   0.004189587929540   0.004655248073541   0.004258629144323   0.004743620301678   0.006983960354990   0.006786941845283   0.006589923335577   0.006489007109210   0.006487503170281   0.006485999231352   0.006583907579860   0.006766590588870   0.006949273597880   0.006359877761992   0.006938597128423   0.006320143044652   0.006875623725483   0.007745888727672   0.007671312471125   0.007596736214578   0.007466239404198   0.007464922929098   0.007463606453998   0.007591470314177   0.007852722697910   0.008113975081643   0.007445022678218   0.008080271655864   0.007350899994817   0.007941625437386   
1.000000000000000   1.000000000000000   1.000000000000000   0.997444783613114   0.997444783613114   0.997444783613114   1.000000000000000   1.000000000000000   1.000000000000000   0.901121767395531   1.000000000000000   0.901121767395531   1.000000000000000   1.000000000000000   1.000000000000000   1.000000000000000   0.994040181059874   0.994040181059874   0.994040181059874   1.000000000000000   1.000000000000000   1.000000000000000   0.904730948680434   1.000000000000000   0.904730948680434   1.000000000000000   1.000000000000000   1.000000000000000   1.000000000000000   0.987230975953395   0.987230975953395   0.987230975953395   1.000000000000000   1.000000000000000   1.000000000000000   0.911949311250239   1.000000000000000   0.911949311250239   1.000000000000000   1.000000000000000   1.000000000000000   1.000000000000000   0.983826373400155   0.983826373400155   0.983826373400155   1.000000000000000   1.000000000000000   1.000000000000000   0.915558492535142   1.000000000000000   0.915558492535142   1.000000000000000   
PATCH 5 
2 1 
13 2 
0.000000000000000   0.000000000000000   0.000000000000000   0.125000000000000   0.125000000000000   0.250000000000000   0.250000000000000   0.500000000000000   0.500000000000000   0.625000000000000   0.625000000000000   0.750000000000000   0.750000000000000   1.000000000000000   1.000000000000000   1.000000000000000   
0.000000000000000   0.000000000000000   1.000000000000000   1.000000000000000   
0.049240387650610   0.049122375608591   0.048303574318128   0.048262740278808   0.048053751872332   0.047713190802219   0.047475057737495   0.047371333091133   0.047312168577839   0.047289495344623   0.047211102384545   0.046982535735179   0.046662591365050   0.049732791527117   0.049613599364677   0.049488606583825   0.049363613802972   0.049232820403708   0.048971233605179   0.048686444333000   0.048544049696911   0.048395854442409   0.048247659187908   0.048093663314994   0.047785671569166   0.047454477349688   
0.008682408883347   0.009214726804819   0.009607265718034   0.010147581314448   0.010652212792909   0.011674818144951   0.012720903381383   0.013248929235785   0.013790906307095   0.014345983459271   0.014886681870469   0.015948966188433   0.016983794310605   0.008769232972180   0.009306874072867   0.009842960902535   0.010379047732203   0.010913580290852   0.011982645408149   0.013045493441370   0.013576917457981   0.014106787203572   0.014636656949163   0.015164972423735   0.016221603372879   0.017272017237946   
1.000000000000000   0.999524337261468   0.999167590207569   0.998810843153671   0.998573011784405   0.998097349045873   0.998097349045873   0.998097349045873   0.998216264730506   0.998335180415139   0.998573011784404   0.999048674522936   1.000000000000000   1.000000000000000   0.999524337261468   0.999167590207569   0.998810843153671   0.998573011784405   0.998097349045873   0.998097349045873   0.998097349045873   0.998216264730506   0.998335180415139   0.998573011784404   0.999048674522936   1.000000000000000   
PATCH 6 
2 1 
6 2 
0.000000000000000   0.000000000000000   0.000000000000000   0.250000000000000   0.500000000000000   0.750000000000000   1.000000000000000   1.000000000000000   1.000000000000000   
0.000000000000000   0.000000000000000   1.000000000000000   1.000000000000000   
0.046662591365050   0.046377811449702   0.045554263228118   0.044481376842858   0.043695481762097   0.043293681636247   0.047454477349688   0.047032993823604   0.046146485990198   0.045216437375554   0.044242847979673   0.043734282891114   
0.016983794310605   0.018034789828164   0.020043790664921   0.021936362030505   0.023972752766239   0.024995618746897   0.017272017237946   0.018289568482936   0.020304367573183   0.022298863263696   0.024273055554476   0.025250000000000   
1.000000000000000   0.999048674522936   0.998097349045873   0.998097349045873   0.999048674522936   1.000000000000000   1.000000000000000   0.999048674522936   0.998097349045873   0.998097349045873   0.999048674522936   1.000000000000000   
PATCH 7 
2 1 
6 2 
0.000000000000000   0.000000000000000   0.000000000000000   0.250000000000000   0.500000000000000   0.750000000000000   1.000000000000000   1.000000000000000   1.000000000000000   
0.000000000000000   0.000000000000000   1.000000000000000   1.000000000000000   
0.046662591365050   0.046377811449702   0.045554263228118   0.044481376842858   0.043695481762097   0.043293681636247   0.044455634589523   0.041383373162049   0.035238850307101   0.029094327452154   0.022949804597206   0.019877543169732   
0.016983794310605   0.018034789828164   0.020043790664921   0.021936362030505   0.023972752766239   0.024995618746897   0.007745888727672   0.008720702331663   0.010670329539645   0.012619956747627   0.014569583955608   0.015544397559599   
1.000000000000000   0.999048674522936   0.998097349045873   0.998097349045873   0.999048674522936   1.000000000000000   1.000000000000000   1.000000000000000   1.000000000000000   1.000000000000000   1.000000000000000   1.000000000000000   
PATCH 8 
2 1 
13 2 
0.000000000000000   0.000000000000000   0.000000000000000   0.250000000000000   0.250000000000000   0.375000000000000   0.375000000000000   0.500000000000000   0.500000000000000   0.750000000000000   0.750000000000000   0.875000000000000   0.875000000000000   1.000000000000000   1.000000000000000   1.000000000000000   
0.000000000000000   0.000000000000000   1.000000000000000   1.000000000000000   
0.043293681636247   0.042423667796872   0.041518789426518   0.041049068965884   0.040557266150845   0.040051380444755   0.039639091685131   0.038325934161555   0.036842925807750   0.036269828036670   0.035704584489454   0.035222362707262   0.034718476103592   0.019877543169732   0.019406373892784   0.018935204615836   0.018796586011232   0.018782236002090   0.018767885992947   0.018877804579266   0.018288303255393   0.017698801931520   0.015520139890266   0.015455312737219   0.015390485584171   0.017439493319330   
0.024995618746897   0.026303375385485   0.027584175938812   0.028212825354557   0.028824582759497   0.029424660157808   0.030093725113949   0.031045341205576   0.031815243245212   0.032329207192650   0.032846731167857   0.033438674016223   0.034011933694871   0.015544397559599   0.015693897278876   0.015843396998153   0.015745106063819   0.015752373803246   0.015759641542673   0.015872467955860   0.016302607927353   0.016732747898847   0.014760989427246   0.014755954022560   0.014750918617875   0.016712606280106   
1.000000000000000   0.998025656741856   0.997038485112784   0.996544899298248   0.996298106390980   0.996051313483712   0.996051313483712   0.996051313483712   0.997038485112784   0.997532070927320   0.998272449649124   0.999012828370928   1.000000000000000   1.000000000000000   1.000000000000000   1.000000000000000   0.993489037396858   0.993489037396858   0.993489037396858   1.000000000000000   1.000000000000000   1.000000000000000   0.879871192886997   0.879871192886997   0.879871192886997   1.000000000000000   
PATCH 9 
2 2 
6 4 
0.000000000000000   0.000000000000000   0.000000000000000   0.250000000000000   0.500000000000000   0.750000000000000   1.000000000000000   1.000000000000000   1.000000000000000   
0.000000000000000   0.000000000000000   0.000000000000000   0.500000000000000   1.000000000000000   1.000000000000000   1.000000000000000   
0.018910518506641   0.021982779934115   0.028127302789063   0.034271825644011   0.040416348498959   0.043488609926433   0.019152274672414   0.022224536099888   0.028369058954836   0.034513581809783   0.040658104664731   0.043730366092205   0.019635787003959   0.022708048431433   0.028852571286381   0.034997094141329   0.041141616996277   0.044213878423751   0.019877543169732   0.022949804597206   0.029094327452154   0.035238850307101   0.041383373162049   0.044455634589523   
0.012496684068871   0.011521870464880   0.009572243256898   0.007622616048916   0.005672988840934   0.004698175236943   0.013258612441553   0.012283798837562   0.010334171629580   0.008384544421598   0.006434917213616   0.005460103609625   0.014782469186917   0.013807655582926   0.011858028374944   0.009908401166963   0.007958773958981   0.006983960354990   0.015544397559599   0.014569583955608   0.012619956747627   0.010670329539645   0.008720702331663   0.007745888727672   
1.000000000000000   1.000000000000000   1.000000000000000   1.000000000000000   1.000000000000000   1.000000000000000   1.000000000000000   1.000000000000000   1.000000000000000   1.000000000000000   1.000000000000000   1.000000000000000   1.000000000000000   1.000000000000000   1.000000000000000   1.000000000000000   1.000000000000000   1.000000000000000   1.000000000000000   1.000000000000000   1.000000000000000   1.000000000000000   1.000000000000000   1.000000000000000   
PATCH 10 
2 2 
13 4 
0.000000000000000   0.000000000000000   0.000000000000000   0.250000000000000   0.250000000000000   0.375000000000000   0.375000000000000   0.500000000000000   0.500000000000000   0.750000000000000   0.750000000000000   0.875000000000000   0.875000000000000   1.000000000000000   1.000000000000000   1.000000000000000   
0.000000000000000   0.000000000000000   0.000000000000000   0.500000000000000   1.000000000000000   1.000000000000000   1.000000000000000   
0.018910518506641   0.018442928749589   0.017975338992537   0.017861850006263   0.017847207649922   0.017832565293581   0.017916769567173   0.015982221764422   0.014047673961672   0.011588179950265   0.013864451014763   0.011504424116616   0.013908170399453   0.019152274672414   0.018683790035388   0.018215305398361   0.018095534007505   0.018080964737964   0.018066395468423   0.018157028320196   0.016558742137165   0.014960455954134   0.012571169935265   0.014262166445377   0.012475939483504   0.014791001129423   0.019635787003959   0.019165512606985   0.018695238210011   0.018562902009990   0.018548478914048   0.018534055818106   0.018637545826243   0.017711782882650   0.016786019939058   0.014537149905266   0.015057597306605   0.014418970217282   0.016556662589361   0.019877543169732   0.019406373892784   0.018935204615836   0.018796586011232   0.018782236002090   0.018767885992947   0.018877804579266   0.018288303255393   0.017698801931520   0.015520139890266   0.015455312737219   0.015390485584171   0.017439493319330   
0.012496684068871   0.012645048023899   0.012793411978927   0.012727183296808   0.012729522514875   0.012731861732942   0.012802768851195   0.012821320025117   0.012839871199038   0.010694094550268   0.012964212112725   0.010899073259943   0.013181283360229   0.013258612441553   0.013407260337643   0.013555908233734   0.013481663988561   0.013485235336968   0.013488806685374   0.013570193627361   0.013691642000676   0.013813090373990   0.011710818269512   0.013412147590184   0.011862034599426   0.014064114090198   0.014782469186917   0.014931684965132   0.015080900743346   0.014990625372066   0.014996660981153   0.015002696590240   0.015105043179694   0.015432285951794   0.015759528723895   0.013744265708001   0.014308018545101   0.013787957278392   0.015829775550137   0.015544397559599   0.015693897278876   0.015843396998153   0.015745106063819   0.015752373803246   0.015759641542673   0.015872467955860   0.016302607927353   0.016732747898847   0.014760989427246   0.014755954022560   0.014750918617875   0.016712606280106   
1.000000000000000   1.000000000000000   1.000000000000000   0.994472685282506   0.994472685282506   0.994472685282506   1.000000000000000   1.000000000000000   1.000000000000000   0.832799078820068   1.000000000000000   0.832799078820068   1.000000000000000   1.000000000000000   1.000000000000000   1.000000000000000   0.994226773311094   0.994226773311094   0.994226773311094   1.000000000000000   1.000000000000000   1.000000000000000   0.844567107336800   0.969967798221749   0.844567107336800   1.000000000000000   1.000000000000000   1.000000000000000   1.000000000000000   0.993734949368270   0.993734949368270   0.993734949368270   1.000000000000000   1.000000000000000   1.000000000000000   0.868103164370265   0.909903394665248   0.868103164370265   1.000000000000000   1.000000000000000   1.000000000000000   1.000000000000000   0.993489037396858   0.993489037396858   0.993489037396858   1.000000000000000   1.000000000000000   1.000000000000000   0.879871192886997   0.879871192886997   0.879871192886997   1.000000000000000   
PATCH 11 
2 1 
13 2 
0.000000000000000   0.000000000000000   0.000000000000000   0.250000000000000   0.250000000000000   0.375000000000000   0.375000000000000   0.500000000000000   0.500000000000000   0.750000000000000   0.750000000000000   0.875000000000000   0.875000000000000   1.000000000000000   1.000000000000000   1.000000000000000   
0.000000000000000   0.000000000000000   1.000000000000000   1.000000000000000   
0.043293681636247   0.042423667796872   0.041518789426518   0.041049068965884   0.040557266150845   0.040051380444755   0.039639091685131   0.038325934161555   0.036842925807750   0.036269828036670   0.035704584489454   0.035222362707262   0.034718476103592   0.043734282891114   0.043142506727484   0.042531053738569   0.042225327244111   0.041914681543332   0.041604035842553   0.041288470935453   0.040657341121252   0.040006534481766   0.039681131162023   0.039350808635958   0.039020486109894   0.038685244377508   
0.024995618746897   0.026303375385485   0.027584175938812   0.028212825354557   0.028824582759497   0.029424660157808   0.030093725113949   0.031045341205576   0.031815243245212   0.032329207192650   0.032846731167857   0.033438674016223   0.034011933694871   0.025250000000000   0.026178902508932   0.027094027156471   0.027551589480241   0.028005707338662   0.028459825197083   0.028910498590156   0.029811845376303   0.030699414301056   0.031143198763433   0.031583538760461   0.032023878757490   0.032460774289170   
1.000000000000000   0.998025656741856   0.997038485112784   0.996544899298248   0.996298106390980   0.996051313483712   0.996051313483712   0.996051313483712   0.997038485112784   0.997532070927320   0.998272449649124   0.999012828370928   1.000000000000000   1.000000000000000   0.999048674522937   0.998573011784405   0.998335180415139   0.998216264730506   0.998097349045873   0.998097349045873   0.998097349045873   0.998573011784405   0.998810843153671   0.999167590207569   0.999524337261468   1.000000000000000   
PATCH 12 
2 1 
6 2 
0.000000000000000   0.000000000000000   0.000000000000000   0.250000000000000   0.500000000000000   0.750000000000000   1.000000000000000   1.000000000000000   1.000000000000000   
0.000000000000000   0.000000000000000   1.000000000000000   1.000000000000000   
0.018910518506641   0.021982779934115   0.028127302789063   0.034271825644011   0.040416348498959   0.043488609926433   0.014550000000000   0.018167326240804   0.025401978722412   0.032636631204020   0.039871283685629   0.043488609926433   
0.012496684068871   0.011521870464880   0.009572243256898   0.007622616048916   0.005672988840934   0.004698175236943   0.000000000000000   0.000000000000000   0.000000000000000   0.000000000000000   0.000000000000000   0.000000000000000   
1.000000000000000   1.000000000000000   1.000000000000000   1.000000000000000   1.000000000000000   1.000000000000000   1.000000000000000   1.000000000000000   1.000000000000000   1.000000000000000   1.000000000000000   1.000000000000000   
PATCH 13 
2 1 
13 2 
0.000000000000000   0.000000000000000   0.000000000000000   0.250000000000000   0.250000000000000   0.375000000000000   0.375000000000000   0.500000000000000   0.500000000000000   0.750000000000000   0.750000000000000   0.875000000000000   0.875000000000000   1.000000000000000   1.000000000000000   1.000000000000000   
0.000000000000000   0.000000000000000   1.000000000000000   1.000000000000000   
0.043488609926433   0.045267222981475   0.047045836036517   0.046935247808867   0.046945131015272   0.046955014221678   0.047085368862139   0.047588683631695   0.048091998401250   0.043422982570291   0.048255294622181   0.043544810181972   0.048311561426762   0.043488609926433   0.044302533685629   0.045116457444824   0.045523419324422   0.045930381204020   0.046337343083618   0.046744304963216   0.047558228722412   0.048372152481608   0.048779114361206   0.049186076240804   0.049593038120402   0.050000000000000   
0.004698175236943   0.004133829967759   0.003569484698575   0.003557310224247   0.003555243893830   0.003553177563413   0.003561219376908   0.003508194261750   0.003455169146592   0.003104443013313   0.003513573546100   0.003227872194159   0.003677618589775   0.000000000000000   0.000000000000000   0.000000000000000   0.000000000000000   0.000000000000000   0.000000000000000   0.000000000000000   0.000000000000000   0.000000000000000   0.000000000000000   0.000000000000000   0.000000000000000   0.000000000000000   
1.000000000000000   1.000000000000000   1.000000000000000   0.997444783613114   0.997444783613114   0.997444783613114   1.000000000000000   1.000000000000000   1.000000000000000   0.901121767395531   1.000000000000000   0.901121767395531   1.000000000000000   1.000000000000000   1.000000000000000   1.000000000000000   1.000000000000000   1.000000000000000   1.000000000000000   1.000000000000000   1.000000000000000   1.000000000000000   1.000000000000000   1.000000000000000   1.000000000000000   1.000000000000000   
PATCH 14 
2 1 
13 2 
0.000000000000000   0.000000000000000   0.000000000000000   0.250000000000000   0.250000000000000   0.375000000000000   0.375000000000000   0.500000000000000   0.500000000000000   0.750000000000000   0.750000000000000   0.875000000000000   0.875000000000000   1.000000000000000   1.000000000000000   1.000000000000000   
0.000000000000000   0.000000000000000   1.000000000000000   1.000000000000000   
0.014550000000000   0.014280221880595   0.013885558857323   0.013688227345687   0.013459674608085   0.013231121870483   0.012971347906914   0.012451799979776   0.011807367148772   0.011485150733270   0.011131713091801   0.010778275450332   0.010393616582897   0.018910518506641   0.018442928749589   0.017975338992537   0.017861850006263   0.017847207649922   0.017832565293581   0.017916769567173   0.015982221764422   0.014047673961672   0.011588179950265   0.013864451014763   0.011504424116616   0.013908170399453   
0.000000000000000   0.001374720184243   0.002698461753226   0.003360332537717   0.004009458668394   0.004658584799070   0.005294966275932   0.006567729229655   0.007789513568119   0.008400405737351   0.008998553252768   0.009596700768185   0.010182103629787   0.012496684068871   0.012645048023899   0.012793411978927   0.012727183296808   0.012729522514875   0.012731861732942   0.012802768851195   0.012821320025117   0.012839871199038   0.010694094550268   0.012964212112725   0.010899073259943   0.013181283360229   
1.000000000000000   0.981458548494479   0.972187822741719   0.967552459865339   0.965234778427149   0.962917096988958   0.962917096988959   0.962917096988958   0.972187822741719   0.976823185618099   0.983776229932669   0.990729274247240   1.000000000000000   1.000000000000000   1.000000000000000   1.000000000000000   0.994472685282506   0.994472685282506   0.994472685282506   1.000000000000000   1.000000000000000   1.000000000000000   0.832799078820068   1.000000000000000   0.832799078820068   1.000000000000000   
PATCH 15 
2 1 
4 2 
0.000000000000000   0.000000000000000   0.000000000000000   0.500000000000000   1.000000000000000   1.000000000000000   1.000000000000000   
0.000000000000000   0.000000000000000   1.000000000000000   1.000000000000000   
0.034718476103592   0.034554640177509   0.034201247428169   0.034011933694871   0.017439493319330   0.017257771559524   0.016894328039912   0.016712606280106   
0.034011933694871   0.034201247428169   0.034554640177509   0.034718476103592   0.016712606280106   0.016894328039912   0.017257771559524   0.017439493319330   
1.000000000000000   0.999973583855196   0.999973583855196   1.000000000000000   1.000000000000000   1.000000000000000   1.000000000000000   1.000000000000000   
PATCH 16 
2 2 
4 4 
0.000000000000000   0.000000000000000   0.000000000000000   0.500000000000000   1.000000000000000   1.000000000000000   1.000000000000000   
0.000000000000000   0.000000000000000   0.000000000000000   0.500000000000000   1.000000000000000   1.000000000000000   1.000000000000000   
0.013908170399453   0.014791001129423   0.016556662589361   0.017439493319330   0.013726448639647   0.014609279369616   0.016374940829555   0.017257771559524   0.013363005120035   0.014245835850004   0.016011497309943   0.016894328039912   0.013181283360229   0.014064114090198   0.015829775550137   0.016712606280106   
0.013181283360229   0.014064114090198   0.015829775550137   0.016712606280106   0.013363005120035   0.014245835850004   0.016011497309943   0.016894328039912   0.013726448639647   0.014609279369616   0.016374940829555   0.017257771559524   0.013908170399453   0.014791001129423   0.016556662589361   0.017439493319330   
1.000000000000000   1.000000000000000   1.000000000000000   1.000000000000000   1.000000000000000   1.000000000000000   1.000000000000000   1.000000000000000   1.000000000000000   1.000000000000000   1.000000000000000   1.000000000000000   1.000000000000000   1.000000000000000   1.000000000000000   1.000000000000000   
PATCH 17 
2 1 
4 2 
0.000000000000000   0.000000000000000   0.000000000000000   0.500000000000000   1.000000000000000   1.000000000000000   1.000000000000000   
0.000000000000000   0.000000000000000   1.000000000000000   1.000000000000000   
0.013908170399453   0.013726448639647   0.013363005120035   0.013181283360229   0.010393616582897   0.010341010124581   0.010235253648026   0.010182103629787   
0.013181283360229   0.013363005120035   0.013726448639647   0.013908170399453   0.010182103629787   0.010235253648026   0.010341010124581   0.010393616582897   
1.000000000000000   1.000000000000000   1.000000000000000   1.000000000000000   1.000000000000000   0.999973583855196   0.999973583855196   1.000000000000000   
PATCH 18 
2 1 
4 2 
0.000000000000000   0.000000000000000   0.000000000000000   0.500000000000000   1.000000000000000   1.000000000000000   1.000000000000000   
0.000000000000000   0.000000000000000   1.000000000000000   1.000000000000000   
0.034718476103592   0.034554640177509   0.034201247428169   0.034011933694871   0.038685244377508   0.037197068413715   0.034084833369545   0.032460774289170   
0.034011933694871   0.034201247428169   0.034554640177509   0.034718476103592   0.032460774289170   0.034084833369545   0.037197068413715   0.038685244377508   
1.000000000000000   0.999973583855196   0.999973583855196   1.000000000000000   1.000000000000000   0.998097349045873   0.998097349045873   1.000000000000000   
PATCH 19 
2 1 
4 2 
0.000000000000000   0.000000000000000   0.000000000000000   0.500000000000000   1.000000000000000   1.000000000000000   1.000000000000000   
0.000000000000000   0.000000000000000   1.000000000000000   1.000000000000000   
0.000000000000000   0.002178893568691   0.006520098010365   0.008682408883347   0.000000000000000   0.002200682504378   0.006585298990468   0.008769232972180   
0.050000000000000   0.049904867452294   0.049525061277599   0.049240387650610   0.050500000000000   0.050403916126817   0.050020311890375   0.049732791527117   
1.000000000000000   0.998097349045873   0.998097349045873   1.000000000000000   1.000000000000000   0.998097349045873   0.998097349045873   1.000000000000000   
PATCH 20 
2 1 
4 2 
0.000000000000000   0.000000000000000   0.000000000000000   0.500000000000000   1.000000000000000   1.000000000000000   1.000000000000000   
0.000000000000000   0.000000000000000   1.000000000000000   1.000000000000000   
0.003677618589775   0.004743620301678   0.006875623725483   0.007941625437386   0.000000000000000   0.002178893568691   0.006520098010365   0.008682408883347   
0.048311561426762   0.048185159359605   0.047932355225291   0.047805953158134   0.050000000000000   0.049904867452294   0.049525061277599   0.049240387650610   
1.000000000000000   1.000000000000000   1.000000000000000   1.000000000000000   1.000000000000000   0.998097349045873   0.998097349045873   1.000000000000000   
PATCH 21 
2 1 
13 2 
0.000000000000000   0.000000000000000   0.000000000000000   0.125000000000000   0.125000000000000   0.250000000000000   0.250000000000000   0.500000000000000   0.500000000000000   0.625000000000000   0.625000000000000   0.750000000000000   0.750000000000000   1.000000000000000   1.000000000000000   1.000000000000000   
0.000000000000000   0.000000000000000   1.000000000000000   1.000000000000000   
0.007941625437386   0.007350899994817   0.008080271655864   0.007445022678218   0.008113975081643   0.007852722697910   0.007591470314177   0.007463606453998   0.007464922929098   0.007466239404198   0.007596736214578   0.007671312471125   0.007745888727672   0.008682408883347   0.009214726804819   0.009607265718034   0.010147581314448   0.010652212792909   0.011674818144951   0.012720903381383   0.013248929235785   0.013790906307095   0.014345983459271   0.014886681870469   0.015948966188433   0.016983794310605   
0.047805953158134   0.043759674878705   0.047724358736872   0.043629209005968   0.047567054882595   0.046296770671694   0.045026486460792   0.044273533501487   0.044248339285695   0.044223145069902   0.044925709597621   0.044690672093572   0.044455634589523   0.049240387650610   0.049122375608591   0.048303574318128   0.048262740278808   0.048053751872332   0.047713190802219   0.047475057737495   0.047371333091133   0.047312168577839   0.047289495344623   0.047211102384545   0.046982535735179   0.046662591365050   
1.000000000000000   0.915558492535142   1.000000000000000   0.915558492535142   1.000000000000000   1.000000000000000   1.000000000000000   0.983826373400155   0.983826373400155   0.983826373400155   1.000000000000000   1.000000000000000   1.000000000000000   1.000000000000000   0.999524337261468   0.999167590207569   0.998810843153671   0.998573011784405   0.998097349045873   0.998097349045873   0.998097349045873   0.998216264730506   0.998335180415139   0.998573011784404   0.999048674522936   1.000000000000000   
PATCH 22 
2 2 
13 4 
0.000000000000000   0.000000000000000   0.000000000000000   0.250000000000000   0.250000000000000   0.375000000000000   0.375000000000000   0.500000000000000   0.500000000000000   0.750000000000000   0.750000000000000   0.875000000000000   0.875000000000000   1.000000000000000   1.000000000000000   1.000000000000000   
0.000000000000000   0.000000000000000   0.000000000000000   0.500000000000000   1.000000000000000   1.000000000000000   1.000000000000000   
0.004698175236943   0.004133829967759   0.003569484698575   0.003557310224247   0.003555243893830   0.003553177563413   0.003561219376908   0.003508194261750   0.003455169146592   0.003104443013313   0.003513573546100   0.003227872194159   0.003677618589775   0.005460103609625   0.005018200593601   0.004576297577576   0.004534542519235   0.004532663652647   0.004530784786059   0.004568782111226   0.004594326370790   0.004619870630355   0.004189587929540   0.004655248073541   0.004258629144323   0.004743620301678   0.006983960354990   0.006786941845283   0.006589923335577   0.006489007109210   0.006487503170281   0.006485999231352   0.006583907579860   0.006766590588870   0.006949273597880   0.006359877761992   0.006938597128423   0.006320143044652   0.006875623725483   0.007745888727672   0.007671312471125   0.007596736214578   0.007466239404198   0.007464922929098   0.007463606453998   0.007591470314177   0.007852722697910   0.008113975081643   0.007445022678218   0.008080271655864   0.007350899994817   0.007941625437386   
0.043488609926433   0.045267222981475   0.047045836036517   0.046935247808867   0.046945131015272   0.046955014221678   0.047085368862139   0.047588683631695   0.048091998401250   0.043422982570291   0.048255294622181   0.043544810181972   0.048311561426762   0.043730366092205   0.045123085259499   0.046515804426793   0.046257222124126   0.046270933082878   0.046284644041630   0.046570648261802   0.047265705391694   0.047960762521586   0.043474539179210   0.048122560650854   0.043598526356156   0.048185159359605   0.044213878423751   0.044834809815548   0.045455741207345   0.044901170754643   0.044922537218089   0.044943903681535   0.045541207061129   0.046619748911694   0.047698290762259   0.043577652397049   0.047857092708199   0.043705958704522   0.047932355225291   0.044455634589523   0.044690672093572   0.044925709597621   0.044223145069902   0.044248339285695   0.044273533501487   0.045026486460792   0.046296770671694   0.047567054882595   0.043629209005968   0.047724358736872   0.043759674878705   0.047805953158134   
1.000000000000000   1.000000000000000   1.000000000000000   0.997444783613114   0.997444783613114   0.997444783613114   1.000000000000000   1.000000000000000   1.000000000000000   0.901121767395531   1.000000000000000   0.901121767395531   1.000000000000000   1.000000000000000   1.000000000000000   1.000000000000000   0.994040181059874   0.994040181059874   0.994040181059874   1.000000000000000   1.000000000000000   1.000000000000000   0.904730948680434   1.000000000000000   0.904730948680434   1.000000000000000   1.000000000000000   1.000000000000000   1.000000000000000   0.987230975953395   0.987230975953395   0.987230975953395   1.000000000000000   1.000000000000000   1.000000000000000   0.911949311250239   1.000000000000000   0.911949311250239   1.000000000000000   1.000000000000000   1.000000000000000   1.000000000000000   0.983826373400155   0.983826373400155   0.983826373400155   1.000000000000000   1.000000000000000   1.000000000000000   0.915558492535142   1.000000000000000   0.915558492535142   1.000000000000000   
PATCH 23 
2 1 
13 2 
0.000000000000000   0.000000000000000   0.000000000000000   0.125000000000000   0.125000000000000   0.250000000000000   0.250000000000000   0.500000000000000   0.500000000000000   0.625000000000000   0.625000000000000   0.750000000000000   0.750000000000000   1.000000000000000   1.000000000000000   1.000000000000000   
0.000000000000000   0.000000000000000   1.000000000000000   1.000000000000000   
0.008682408883347   0.009214726804819   0.009607265718034   0.010147581314448   0.010652212792909   0.011674818144951   0.012720903381383   0.013248929235785   0.013790906307095   0.014345983459271   0.014886681870469   0.015948966188433   0.016983794310605   0.008769232972180   0.009306874072867   0.009842960902535   0.010379047732203   0.010913580290852   0.011982645408149   0.013045493441370   0.013576917457981   0.014106787203572   0.014636656949163   0.015164972423735   0.016221603372879   0.017272017237946   
0.049240387650610   0.049122375608591   0.048303574318128   0.048262740278808   0.048053751872332   0.047713190802219   0.047475057737495   0.047371333091133   0.047312168577839   0.047289495344623   0.047211102384545   0.046982535735179   0.046662591365050   0.049732791527117   0.049613599364677   0.049488606583825   0.049363613802972   0.049232820403708   0.048971233605179   0.048686444333000   0.048544049696911   0.048395854442409   0.048247659187908   0.048093663314994   0.047785671569166   0.047454477349688   
1.000000000000000   0.999524337261468   0.999167590207569   0.998810843153671   0.998573011784405   0.998097349045873   0.998097349045873   0.998097349045873   0.998216264730506   0.998335180415139   0.998573011784404   0.999048674522936   1.000000000000000   1.000000000000000   0.999524337261468   0.999167590207569   0.998810843153671   0.998573011784405   0.998097349045873   0.998097349045873   0.998097349045873   0.998216264730506   0.998335180415139   0.998573011784404   0.999048674522936   1.000000000000000   
PATCH 24 
2 1 
6 2 
0.000000000000000   0.000000000000000   0.000000000000000   0.250000000000000   0.500000000000000   0.750000000000000   1.000000000000000   1.000000000000000   1.000000000000000   
0.000000000000000   0.000000000000000   1.000000000000000   1.000000000000000   
0.016983794310605   0.018034789828164   0.020043790664921   0.021936362030505   0.023972752766239   0.024995618746897   0.017272017237946   0.018289568482936   0.020304367573183   0.022298863263696   0.024273055554476   0.025250000000000   
0.046662591365050   0.046377811449702   0.045554263228118   0.044481376842858   0.043695481762097   0.043293681636247   0.047454477349688   0.047032993823604   0.046146485990198   0.045216437375554   0.044242847979673   0.043734282891114   
1.000000000000000   0.999048674522936   0.998097349045873   0.998097349045873   0.999048674522936   1.000000000000000   1.000000000000000   0.999048674522936   0.998097349045873   0.998097349045873   0.999048674522936   1.000000000000000   
PATCH 25 
2 1 
6 2 
0.000000000000000   0.000000000000000   0.000000000000000   0.250000000000000   0.500000000000000   0.750000000000000   1.000000000000000   1.000000000000000   1.000000000000000   
0.000000000000000   0.000000000000000   1.000000000000000   1.000000000000000   
0.016983794310605   0.018034789828164   0.020043790664921   0.021936362030505   0.023972752766239   0.024995618746897   0.007745888727672   0.008720702331663   0.010670329539645   0.012619956747627   0.014569583955608   0.015544397559599   
0.046662591365050   0.046377811449702   0.045554263228118   0.044481376842858   0.043695481762097   0.043293681636247   0.044455634589523   0.041383373162049   0.035238850307101   0.029094327452154   0.022949804597206   0.019877543169732   
1.000000000000000   0.999048674522936   0.998097349045873   0.998097349045873   0.999048674522936   1.000000000000000   1.000000000000000   1.000000000000000   1.000000000000000   1.000000000000000   1.000000000000000   1.000000000000000   
PATCH 26 
2 1 
13 2 
0.000000000000000   0.000000000000000   0.000000000000000   0.250000000000000   0.250000000000000   0.375000000000000   0.375000000000000   0.500000000000000   0.500000000000000   0.750000000000000   0.750000000000000   0.875000000000000   0.875000000000000   1.000000000000000   1.000000000000000   1.000000000000000   
0.000000000000000   0.000000000000000   1.000000000000000   1.000000000000000   
0.024995618746897   0.026303375385485   0.027584175938812   0.028212825354557   0.028824582759497   0.029424660157808   0.030093725113949   0.031045341205576   0.031815243245212   0.032329207192650   0.032846731167857   0.033438674016223   0.034011933694871   0.015544397559599   0.015693897278876   0.015843396998153   0.015745106063819   0.015752373803246   0.015759641542673   0.015872467955860   0.016302607927353   0.016732747898847   0.014760989427246   0.014755954022560   0.014750918617875   0.016712606280106   
0.043293681636247   0.042423667796872   0.041518789426518   0.041049068965884   0.040557266150845   0.040051380444755   0.039639091685131   0.038325934161555   0.036842925807750   0.036269828036670   0.035704584489454   0.035222362707262   0.034718476103592   0.019877543169732   0.019406373892784   0.018935204615836   0.018796586011232   0.018782236002090   0.018767885992947   0.018877804579266   0.018288303255393   0.017698801931520   0.015520139890266   0.015455312737219   0.015390485584171   0.017439493319330   
1.000000000000000   0.998025656741856   0.997038485112784   0.996544899298248   0.996298106390980   0.996051313483712   0.996051313483712   0.996051313483712   0.997038485112784   0.997532070927320   0.998272449649124   0.999012828370928   1.000000000000000   1.000000000000000   1.000000000000000   1.000000000000000   0.993489037396858   0.993489037396858   0.993489037396858   1.000000000000000   1.000000000000000   1.000000000000000   0.879871192886997   0.879871192886997   0.879871192886997   1.000000000000000   
PATCH 27 
2 2 
6 4 
0.000000000000000   0.000000000000000   0.000000000000000   0.250000000000000   0.500000000000000   0.750000000000000   1.000000000000000   1.000000000000000   1.000000000000000   
0.000000000000000   0.000000000000000   0.000000000000000   0.500000000000000   1.000000000000000   1.000000000000000   1.000000000000000   
0.012496684068871   0.011521870464880   0.009572243256898   0.007622616048916   0.005672988840934   0.004698175236943   0.013258612441553   0.012283798837562   0.010334171629580   0.008384544421598   0.006434917213616   0.005460103609625   0.014782469186917   0.013807655582926   0.011858028374944   0.009908401166963   0.007958773958981   0.006983960354990   0.015544397559599   0.014569583955608   0.012619956747627   0.010670329539645   0.008720702331663   0.007745888727672   
0.018910518506641   0.021982779934115   0.028127302789063   0.034271825644011   0.040416348498959   0.043488609926433   0.019152274672414   0.022224536099888   0.028369058954836   0.034513581809783   0.040658104664731   0.043730366092205   0.019635787003959   0.022708048431433   0.028852571286381   0.034997094141329   0.041141616996277   0.044213878423751   0.019877543169732   0.022949804597206   0.029094327452154   0.035238850307101   0.041383373162049   0.044455634589523   
1.000000000000000   1.000000000000000   1.000000000000000   1.000000000000000   1.000000000000000   1.000000000000000   1.000000000000000   1.000000000000000   1.000000000000000   1.000000000000000   1.000000000000000   1.000000000000000   1.000000000000000   1.000000000000000   1.000000000000000   1.000000000000000   1.000000000000000   1.000000000000000   1.000000000000000   1.000000000000000   1.000000000000000   1.000000000000000   1.000000000000000   1.000000000000000   
PATCH 28 
2 2 
13 4 
0.000000000000000   0.000000000000000   0.000000000000000   0.250000000000000   0.250000000000000   0.375000000000000   0.375000000000000   0.500000000000000   0.500000000000000   0.750000000000000   0.750000000000000   0.875000000000000   0.875000000000000   1.000000000000000   1.000000000000000   1.000000000000000   
0.000000000000000   0.000000000000000   0.000000000000000   0.500000000000000   1.000000000000000   1.000000000000000   1.000000000000000   
0.012496684068871   0.012645048023899   0.012793411978927   0.012727183296808   0.012729522514875   0.012731861732942   0.012802768851195   0.012821320025117   0.012839871199038   0.010694094550268   0.012964212112725   0.010899073259943   0.013181283360229   0.013258612441553   0.013407260337643   0.013555908233734   0.013481663988561   0.013485235336968   0.013488806685374   0.013570193627361   0.013691642000676   0.013813090373990   0.011710818269512   0.013412147590184   0.011862034599426   0.014064114090198   0.014782469186917   0.014931684965132   0.015080900743346   0.014990625372066   0.014996660981153   0.015002696590240   0.015105043179694   0.015432285951794   0.015759528723895   0.013744265708001   0.014308018545102   0.013787957278392   0.015829775550137   0.015544397559599   0.015693897278876   0.015843396998153   0.015745106063819   0.015752373803246   0.015759641542673   0.015872467955860   0.016302607927353   0.016732747898847   0.014760989427246   0.014755954022560   0.014750918617875   0.016712606280106   
0.018910518506641   0.018442928749589   0.017975338992537   0.017861850006263   0.017847207649922   0.017832565293581   0.017916769567173   0.015982221764422   0.014047673961672   0.011588179950265   0.013864451014763   0.011504424116616   0.013908170399453   0.019152274672414   0.018683790035388   0.018215305398361   0.018095534007505   0.018080964737964   0.018066395468423   0.018157028320196   0.016558742137165   0.014960455954134   0.012571169935265   0.014262166445377   0.012475939483504   0.014791001129423   0.019635787003959   0.019165512606985   0.018695238210011   0.018562902009990   0.018548478914048   0.018534055818106   0.018637545826243   0.017711782882650   0.016786019939058   0.014537149905266   0.015057597306605   0.014418970217282   0.016556662589361   0.019877543169732   0.019406373892784   0.018935204615836   0.018796586011232   0.018782236002090   0.018767885992947   0.018877804579266   0.018288303255393   0.017698801931520   0.015520139890266   0.015455312737219   0.015390485584171   0.017439493319330   
1.000000000000000   1.000000000000000   1.000000000000000   0.994472685282506   0.994472685282506   0.994472685282506   1.000000000000000   1.000000000000000   1.000000000000000   0.832799078820068   1.000000000000000   0.832799078820068   1.000000000000000   1.000000000000000   1.000000000000000   1.000000000000000   0.994226773311094   0.994226773311094   0.994226773311094   1.000000000000000   1.000000000000000   1.000000000000000   0.844567107336800   0.969967798221749   0.844567107336800   1.000000000000000   1.000000000000000   1.000000000000000   1.000000000000000   0.993734949368270   0.993734949368270   0.993734949368270   1.000000000000000   1.000000000000000   1.000000000000000   0.868103164370265   0.909903394665248   0.868103164370265   1.000000000000000   1.000000000000000   1.000000000000000   1.000000000000000   0.993489037396858   0.993489037396858   0.993489037396858   1.000000000000000   1.000000000000000   1.000000000000000   0.879871192886997   0.879871192886997   0.879871192886997   1.000000000000000   
PATCH 29 
2 1 
13 2 
0.000000000000000   0.000000000000000   0.000000000000000   0.250000000000000   0.250000000000000   0.375000000000000   0.375000000000000   0.500000000000000   0.500000000000000   0.750000000000000   0.750000000000000   0.875000000000000   0.875000000000000   1.000000000000000   1.000000000000000   1.000000000000000   
0.000000000000000   0.000000000000000   1.000000000000000   1.000000000000000   
0.024995618746897   0.026303375385485   0.027584175938812   0.028212825354557   0.028824582759497   0.029424660157808   0.030093725113949   0.031045341205576   0.031815243245212   0.032329207192650   0.032846731167857   0.033438674016223   0.034011933694871   0.025250000000000   0.026178902508932   0.027094027156471   0.027551589480241   0.028005707338662   0.028459825197083   0.028910498590156   0.029811845376303   0.030699414301056   0.031143198763433   0.031583538760461   0.032023878757490   0.032460774289170   
0.043293681636247   0.042423667796872   0.041518789426518   0.041049068965884   0.040557266150845   0.040051380444755   0.039639091685131   0.038325934161555   0.036842925807750   0.036269828036670   0.035704584489454   0.035222362707262   0.034718476103592   0.043734282891114   0.043142506727484   0.042531053738569   0.042225327244111   0.041914681543332   0.041604035842553   0.041288470935453   0.040657341121252   0.040006534481766   0.039681131162023   0.039350808635958   0.039020486109894   0.038685244377508   
1.000000000000000   0.998025656741856   0.997038485112784   0.996544899298248   0.996298106390980   0.996051313483712   0.996051313483712   0.996051313483712   0.997038485112784   0.997532070927320   0.998272449649124   0.999012828370928   1.000000000000000   1.000000000000000   0.999048674522937   0.998573011784405   0.998335180415139   0.998216264730506   0.998097349045873   0.998097349045873   0.998097349045873   0.998573011784405   0.998810843153671   0.999167590207569   0.999524337261468   1.000000000000000   
PATCH 30 
2 1 
6 2 
0.000000000000000   0.000000000000000   0.000000000000000   0.250000000000000   0.500000000000000   0.750000000000000   1.000000000000000   1.000000000000000   1.000000000000000   
0.000000000000000   0.000000000000000   1.000000000000000   1.000000000000000   
0.012496684068871   0.011521870464880   0.009572243256898   0.007622616048916   0.005672988840934   0.004698175236943   0.000000000000000   0.000000000000000   0.000000000000000   0.000000000000000   0.000000000000000   0.000000000000000   
0.018910518506641   0.021982779934115   0.028127302789063   0.034271825644011   0.040416348498959   0.043488609926433   0.014550000000000   0.018167326240804   0.025401978722412   0.032636631204020   0.039871283685629   0.043488609926433   
1.000000000000000   1.000000000000000   1.000000000000000   1.000000000000000   1.000000000000000   1.000000000000000   1.000000000000000   1.000000000000000   1.000000000000000   1.000000000000000   1.000000000000000   1.000000000000000   
PATCH 31 
2 1 
13 2 
0.000000000000000   0.000000000000000   0.000000000000000   0.250000000000000   0.250000000000000   0.375000000000000   0.375000000000000   0.500000000000000   0.500000000000000   0.750000000000000   0.750000000000000   0.875000000000000   0.875000000000000   1.000000000000000   1.000000000000000   1.000000000000000   
0.000000000000000   0.000000000000000   1.000000000000000   1.000000000000000   
0.004698175236943   0.004133829967759   0.003569484698575   0.003557310224247   0.003555243893830   0.003553177563413   0.003561219376908   0.003508194261750   0.003455169146592   0.003104443013313   0.003513573546100   0.003227872194159   0.003677618589775   0.000000000000000   0.000000000000000   0.000000000000000   0.000000000000000   0.000000000000000   0.000000000000000   0.000000000000000   0.000000000000000   0.000000000000000   0.000000000000000   0.000000000000000   0.000000000000000   0.000000000000000   
0.043488609926433   0.045267222981475   0.047045836036517   0.046935247808867   0.046945131015272   0.046955014221678   0.047085368862139   0.047588683631695   0.048091998401250   0.043422982570291   0.048255294622181   0.043544810181972   0.048311561426762   0.043488609926433   0.044302533685629   0.045116457444824   0.045523419324422   0.045930381204020   0.046337343083618   0.046744304963216   0.047558228722412   0.048372152481608   0.048779114361206   0.049186076240804   0.049593038120402   0.050000000000000   
1.000000000000000   1.000000000000000   1.000000000000000   0.997444783613114   0.997444783613114   0.997444783613114   1.000000000000000   1.000000000000000   1.000000000000000   0.901121767395531   1.000000000000000   0.901121767395531   1.000000000000000   1.000000000000000   1.000000000000000   1.000000000000000   1.000000000000000   1.000000000000000   1.000000000000000   1.000000000000000   1.000000000000000   1.000000000000000   1.000000000000000   1.000000000000000   1.000000000000000   1.000000000000000   
PATCH 32 
2 1 
13 2 
0.000000000000000   0.000000000000000   0.000000000000000   0.250000000000000   0.250000000000000   0.375000000000000   0.375000000000000   0.500000000000000   0.500000000000000   0.750000000000000   0.750000000000000   0.875000000000000   0.875000000000000   1.000000000000000   1.000000000000000   1.000000000000000   
0.000000000000000   0.000000000000000   1.000000000000000   1.000000000000000   
0.000000000000000   0.001374720184243   0.002698461753226   0.003360332537717   0.004009458668394   0.004658584799070   0.005294966275932   0.006567729229655   0.007789513568119   0.008400405737351   0.008998553252768   0.009596700768185   0.010182103629787   0.012496684068871   0.012645048023899   0.012793411978927   0.012727183296808   0.012729522514875   0.012731861732942   0.012802768851195   0.012821320025117   0.012839871199038   0.010694094550268   0.012964212112725   0.010899073259943   0.013181283360229   
0.014550000000000   0.014280221880595   0.013885558857323   0.013688227345687   0.013459674608085   0.013231121870483   0.012971347906914   0.012451799979776   0.011807367148772   0.011485150733270   0.011131713091801   0.010778275450332   0.010393616582897   0.018910518506641   0.018442928749589   0.017975338992537   0.017861850006263   0.017847207649922   0.017832565293581   0.017916769567173   0.015982221764422   0.014047673961672   0.011588179950265   0.013864451014763   0.011504424116616   0.013908170399453   
1.000000000000000   0.981458548494479   0.972187822741719   0.967552459865339   0.965234778427149   0.962917096988958   0.962917096988959   0.962917096988958   0.972187822741719   0.976823185618099   0.983776229932669   0.990729274247240   1.000000000000000   1.000000000000000   1.000000000000000   1.000000000000000   0.994472685282506   0.994472685282506   0.994472685282506   1.000000000000000   1.000000000000000   1.000000000000000   0.832799078820068   1.000000000000000   0.832799078820068   1.000000000000000   
INTERFACE 1 
1 2 
5 1 
1 
INTERFACE 2 
1 3 
2 4 
1 
INTERFACE 3 
2 1 
13 2 
1 
INTERFACE 4 
2 2 
3 1 
1 
INTERFACE 5 
2 3 
4 2 
1 
INTERFACE 6 
3 2 
7 1 
-1 
INTERFACE 7 
3 3 
4 4 
-1 
INTERFACE 8 
3 4 
5 3 
1 
INTERFACE 9 
4 1 
9 2 
1 
INTERFACE 10 
4 3 
13 3 
1 
INTERFACE 11 
5 2 
6 1 
1 
INTERFACE 12 
6 2 
11 1 
1 
INTERFACE 13 
6 3 
7 3 
1 
INTERFACE 14 
7 2 
8 1 
1 
INTERFACE 15 
7 4 
9 4 
-1 
INTERFACE 16 
8 2 
15 1 
1 
INTERFACE 17 
8 3 
11 3 
1 
INTERFACE 18 
8 4 
10 4 
1 
INTERFACE 19 
9 1 
10 1 
1 
INTERFACE 20 
9 3 
12 3 
1 
INTERFACE 21 
10 2 
16 3 
1 
INTERFACE 22 
10 3 
14 4 
1 
INTERFACE 23 
11 2 
18 1 
1 
INTERFACE 24 
12 1 
14 1 
-1 
INTERFACE 25 
12 2 
13 1 
1 
INTERFACE 26 
14 2 
17 1 
-1 
INTERFACE 27 
15 2 
26 2 
1 
INTERFACE 28 
15 3 
18 3 
1 
INTERFACE 29 
15 4 
16 2 
1 
INTERFACE 30 
16 1 
17 3 
1 
INTERFACE 31 
16 4 
28 2 
1 
INTERFACE 32 
17 2 
32 2 
-1 
INTERFACE 33 
18 2 
29 2 
1 
INTERFACE 34 
19 2 
23 1 
1 
INTERFACE 35 
19 3 
20 4 
1 
INTERFACE 36 
20 1 
31 2 
1 
INTERFACE 37 
20 2 
21 1 
1 
INTERFACE 38 
20 3 
22 2 
1 
INTERFACE 39 
21 2 
25 1 
-1 
INTERFACE 40 
21 3 
22 4 
-1 
INTERFACE 41 
21 4 
23 3 
1 
INTERFACE 42 
22 1 
27 2 
1 
INTERFACE 43 
22 3 
31 3 
1 
INTERFACE 44 
23 2 
24 1 
1 
INTERFACE 45 
24 2 
29 1 
1 
INTERFACE 46 
24 3 
25 3 
1 
INTERFACE 47 
25 2 
26 1 
1 
INTERFACE 48 
25 4 
27 4 
-1 
INTERFACE 49 
26 3 
29 3 
1 
INTERFACE 50 
26 4 
28 4 
1 
INTERFACE 51 
27 1 
28 1 
1 
INTERFACE 52 
27 3 
30 3 
1 
INTERFACE 53 
28 3 
32 4 
1 
INTERFACE 54 
30 1 
32 1 
-1 
INTERFACE 55 
30 2 
31 1 
1 
BOUNDARY 1 
1 
1 1 
BOUNDARY 2 
1 
1 4 
BOUNDARY 3 
1 
5 4 
BOUNDARY 4 
1 
6 4 
BOUNDARY 5 
1 
11 4 
BOUNDARY 6 
1 
12 4 
BOUNDARY 7 
1 
13 4 
BOUNDARY 8 
1 
14 3 
BOUNDARY 9 
1 
17 4 
BOUNDARY 10 
1 
18 4 
BOUNDARY 11 
1 
19 1 
BOUNDARY 12 
1 
19 4 
BOUNDARY 13 
1 
23 4 
BOUNDARY 14 
1 
24 4 
BOUNDARY 15 
1 
29 4 
BOUNDARY 16 
1 
30 4 
BOUNDARY 17 
1 
31 4 
BOUNDARY 18 
1 
32 3 
