# nurbs mesh v.2.1
#
# 14-Jul-2024
#
2 2 32 55 0 
PATCH 1 
2 1 
4 2 
0.000000000000000   0.000000000000000   0.000000000000000   0.500000000000000   1.000000000000000   1.000000000000000   1.000000000000000   
0.000000000000000   0.000000000000000   1.000000000000000   1.000000000000000   
0.050000000000000   0.049904867452294   0.049525061277599   0.049240387650610   0.050500000000000   0.050403916126817   0.050020311890375   0.049732791527117   
0.000000000000000   0.002178893568691   0.006520098010365   0.008682408883347   0.000000000000000   0.002200682504378   0.006585298990468   0.008769232972180   
1.000000000000000   0.998097349045873   0.998097349045873   1.000000000000000   1.000000000000000   0.998097349045873   0.998097349045873   1.000000000000000   
PATCH 2 
2 1 
4 2 
0.000000000000000   0.000000000000000   0.000000000000000   0.500000000000000   1.000000000000000   1.000000000000000   1.000000000000000   
0.000000000000000   0.000000000000000   1.000000000000000   1.000000000000000   
0.048240220605664   0.048108819850094   0.047846018338955   0.047714617583385   0.050000000000000   0.049904867452294   0.049525061277599   0.049240387650610   
0.003679257217697   0.004722442543636   0.006808813195513   0.007851998521452   0.000000000000000   0.002178893568691   0.006520098010365   0.008682408883347   
1.000000000000000   1.000000000000000   1.000000000000000   1.000000000000000   1.000000000000000   0.998097349045873   0.998097349045873   1.000000000000000   
PATCH 3 
2 1 
13 2 
0.000000000000000   0.000000000000000   0.000000000000000   0.125000000000000   0.125000000000000   0.250000000000000   0.250000000000000   0.500000000000000   0.500000000000000   0.625000000000000   0.625000000000000   0.750000000000000   0.750000000000000   1.000000000000000   1.000000000000000   1.000000000000000   
0.000000000000000   0.000000000000000   1.000000000000000   1.000000000000000   
0.047714617583385   0.044049034874833   0.047638410425370   0.043927489377112   0.047490152696070   0.046606536125667   0.045722919555263   0.045085336218557   0.045062421588428   0.045039506958298   0.045631261034746   0.045329441608478   0.045027622182210   0.049240387650610   0.049122375608591   0.048172519121878   0.048122942224871   0.047905167805137   0.047613101337875   0.047305093917960   0.047210586479954   0.047135103511894   0.047125038846884   0.047115393407558   0.046866275163001   0.046575743291493   
0.007851998521452   0.007326539461196   0.007985310740766   0.007420381726381   0.008025302295553   0.007909300008992   0.007793297722431   0.007685518522239   0.007687861484350   0.007690204446460   0.007802669570872   0.007907509711993   0.008012349853114   0.008682408883347   0.009214726804819   0.009581199694724   0.010118187788268   0.010619275737222   0.011650327510919   0.012675361713196   0.013203971234027   0.013739294051557   0.014296093093998   0.014856502759612   0.015909499695071   0.016952184196927   
1.000000000000000   0.923378041651588   1.000000000000000   0.923378041651588   1.000000000000000   1.000000000000000   1.000000000000000   0.986554988017324   0.986554988017324   0.986554988017324   1.000000000000000   1.000000000000000   1.000000000000000   1.000000000000000   0.999524337261468   0.999167590207569   0.998810843153671   0.998573011784405   0.998097349045873   0.998097349045873   0.998097349045873   0.998216264730506   0.998335180415139   0.998573011784404   0.999048674522936   1.000000000000000   
PATCH 4 
2 2 
13 4 
0.000000000000000   0.000000000000000   0.000000000000000   0.250000000000000   0.250000000000000   0.375000000000000   0.375000000000000   0.500000000000000   0.500000000000000   0.750000000000000   0.750000000000000   0.875000000000000   0.875000000000000   1.000000000000000   1.000000000000000   1.000000000000000   
0.000000000000000   0.000000000000000   0.000000000000000   0.500000000000000   1.000000000000000   1.000000000000000   1.000000000000000   
0.043805014351600   0.045091211981469   0.046377409611338   0.046207065908857   0.046219303735118   0.046231541561380   0.046426360916383   0.047225737582442   0.048025114248502   0.043435994843209   0.048186136807709   0.043555146565861   0.048240220605664   0.044110666309252   0.045150769388221   0.046190872467190   0.045915176171218   0.045930083198446   0.045944990225674   0.046250500576103   0.047070937218249   0.047891373860394   0.043558868476685   0.048049205212125   0.043678618643104   0.048108819850094   0.044721970224557   0.045269884201726   0.045817798178894   0.045331396695938   0.045351642125100   0.045371887554263   0.045898779895543   0.046761336489861   0.047623893084178   0.043804615743636   0.047775342020955   0.043925562797590   0.047846018338955   0.045027622182210   0.045329441608478   0.045631261034746   0.045039506958298   0.045062421588428   0.045085336218557   0.045722919555263   0.046606536125667   0.047490152696070   0.043927489377112   0.047638410425370   0.044049034874833   0.047714617583385   
0.004492640798545   0.004045866571014   0.003599092343482   0.003580851042153   0.003578256775615   0.003575662509076   0.003588715277328   0.003521837039749   0.003454958802170   0.003111467997671   0.003515829878257   0.003235711385690   0.003679257217697   0.005372568062188   0.005011277356259   0.004649986650330   0.004608189393230   0.004605657952799   0.004603126512367   0.004639860888604   0.004618702782060   0.004597544675516   0.004188696429848   0.004633200093884   0.004258418404566   0.004722442543636   0.007132422589472   0.006942098926748   0.006751775264025   0.006662866095383   0.006660460307166   0.006658054518949   0.006742152111156   0.006812434266681   0.006882716422207   0.006343153294203   0.006867940525139   0.006303832442319   0.006808813195513   0.008012349853114   0.007907509711993   0.007802669570872   0.007690204446460   0.007687861484350   0.007685518522239   0.007793297722431   0.007909300008992   0.008025302295553   0.007420381726381   0.007985310740766   0.007326539461196   0.007851998521452   
1.000000000000000   1.000000000000000   1.000000000000000   0.996072207181806   0.996072207181806   0.996072207181806   1.000000000000000   1.000000000000000   1.000000000000000   0.902657353049644   1.000000000000000   0.902657353049644   1.000000000000000   1.000000000000000   1.000000000000000   1.000000000000000   0.993692902390685   0.993692902390685   0.993692902390685   1.000000000000000   1.000000000000000   1.000000000000000   0.907837525200130   1.000000000000000   0.907837525200130   1.000000000000000   1.000000000000000   1.000000000000000   1.000000000000000   0.988934292808444   0.988934292808444   0.988934292808444   1.000000000000000   1.000000000000000   1.000000000000000   0.918197869501102   1.000000000000000   0.918197869501102   1.000000000000000   1.000000000000000   1.000000000000000   1.000000000000000   0.986554988017324   0.986554988017324   0.986554988017324   1.000000000000000   1.000000000000000   1.000000000000000   0.923378041651588   1.000000000000000   0.923378041651588   1.000000000000000   
PATCH 5 
2 1 
13 2 
0.000000000000000   0.000000000000000   0.000000000000000   0.125000000000000   0.125000000000000   0.250000000000000   0.250000000000000   0.500000000000000   0.500000000000000   0.625000000000000   0.625000000000000   0.750000000000000   0.750000000000000   1.000000000000000   1.000000000000000   1.000000000000000   
0.000000000000000   0.000000000000000   1.000000000000000   1.000000000000000   
0.049240387650610   0.049122375608591   0.048172519121878   0.048122942224871   0.047905167805137   0.047613101337875   0.047305093917960   0.047210586479954   0.047135103511894   0.047125038846884   0.047115393407558   0.046866275163001   0.046575743291493   0.049732791527117   0.049613599364677   0.049488606583825   0.049363613802972   0.049232820403708   0.048971233605179   0.048686444333000   0.048544049696911   0.048395854442409   0.048247659187908   0.048093663314994   0.047785671569166   0.047454477349688   
0.008682408883347   0.009214726804819   0.009581199694724   0.010118187788268   0.010619275737222   0.011650327510919   0.012675361713196   0.013203971234027   0.013739294051557   0.014296093093998   0.014856502759612   0.015909499695071   0.016952184196927   0.008769232972180   0.009306874072867   0.009842960902535   0.010379047732203   0.010913580290852   0.011982645408149   0.013045493441370   0.013576917457981   0.014106787203572   0.014636656949163   0.015164972423735   0.016221603372879   0.017272017237946   
1.000000000000000   0.999524337261468   0.999167590207569   0.998810843153671   0.998573011784405   0.998097349045873   0.998097349045873   0.998097349045873   0.998216264730506   0.998335180415139   0.998573011784404   0.999048674522936   1.000000000000000   1.000000000000000   0.999524337261468   0.999167590207569   0.998810843153671   0.998573011784405   0.998097349045873   0.998097349045873   0.998097349045873   0.998216264730506   0.998335180415139   0.998573011784404   0.999048674522936   1.000000000000000   
PATCH 6 
2 1 
6 2 
0.000000000000000   0.000000000000000   0.000000000000000   0.250000000000000   0.500000000000000   0.750000000000000   1.000000000000000   1.000000000000000   1.000000000000000   
0.000000000000000   0.000000000000000   1.000000000000000   1.000000000000000   
0.046575743291493   0.046376161573044   0.045473680208317   0.044455449182495   0.043620685870395   0.043260072211223   0.047454477349688   0.047032993823604   0.046146485990198   0.045216437375554   0.044242847979673   0.043734282891114   
0.016952184196927   0.018034148245954   0.020008334286844   0.021923575588522   0.023931717323959   0.024976214336312   0.017272017237946   0.018289568482936   0.020304367573183   0.022298863263696   0.024273055554476   0.025250000000000   
1.000000000000000   0.999048674522936   0.998097349045873   0.998097349045873   0.999048674522936   1.000000000000000   1.000000000000000   0.999048674522936   0.998097349045873   0.998097349045873   0.999048674522936   1.000000000000000   
PATCH 7 
2 1 
6 2 
0.000000000000000   0.000000000000000   0.000000000000000   0.250000000000000   0.500000000000000   0.750000000000000   1.000000000000000   1.000000000000000   1.000000000000000   
0.000000000000000   0.000000000000000   1.000000000000000   1.000000000000000   
0.046575743291493   0.046376161573044   0.045473680208317   0.044455449182495   0.043620685870395   0.043260072211223   0.045027622182210   0.042016373330683   0.035993875627629   0.029971377924575   0.023948880221521   0.020937631369994   
0.016952184196927   0.018034148245954   0.020008334286844   0.021923575588522   0.023931717323959   0.024976214336312   0.008012349853114   0.009058338702964   0.011150316402663   0.013242294102362   0.015334271802061   0.016380260651910   
1.000000000000000   0.999048674522936   0.998097349045873   0.998097349045873   0.999048674522936   1.000000000000000   1.000000000000000   1.000000000000000   1.000000000000000   1.000000000000000   1.000000000000000   1.000000000000000   
PATCH 8 
2 1 
13 2 
0.000000000000000   0.000000000000000   0.000000000000000   0.250000000000000   0.250000000000000   0.375000000000000   0.375000000000000   0.500000000000000   0.500000000000000   0.750000000000000   0.750000000000000   0.875000000000000   0.875000000000000   1.000000000000000   1.000000000000000   1.000000000000000   
0.000000000000000   0.000000000000000   1.000000000000000   1.000000000000000   
0.043260072211223   0.042399661810519   0.041508944756415   0.041008163204895   0.040523755257360   0.039969704717994   0.039576765741026   0.038196176416816   0.036882305905348   0.036391464076760   0.035830772127771   0.035366619307737   0.034859780080624   0.020937631369994   0.020360987499362   0.019784343628730   0.019766043240909   0.019761225772359   0.019756408303810   0.019765073754533   0.019080324706792   0.018395575659050   0.016674746416967   0.016618167197432   0.016561587977898   0.018169258780911   
0.024976214336312   0.026283184849875   0.027566818531371   0.028171052372018   0.028784198461489   0.029345138993991   0.030023786064333   0.030911548531872   0.031814208567169   0.032399132808787   0.032920830465362   0.033529919897576   0.034100851791389   0.016380260651910   0.016580563944250   0.016780867236590   0.016771218626648   0.016773178364293   0.016775138101937   0.016788706187167   0.017109722644787   0.017430739102407   0.015873831014467   0.015863914431792   0.015853997849116   0.017391072771705   
1.000000000000000   0.998037013600413   0.997055520400620   0.996564773800723   0.996319400500774   0.996074027200826   0.996074027200826   0.996074027200826   0.997055520400619   0.997546267000516   0.998282386900361   0.999018506800206   1.000000000000000   1.000000000000000   1.000000000000000   1.000000000000000   0.999323327743213   0.999323327743213   0.999323327743213   1.000000000000000   1.000000000000000   1.000000000000000   0.909281483360569   0.909281483360569   0.909281483360569   1.000000000000000   
PATCH 9 
2 2 
6 4 
0.000000000000000   0.000000000000000   0.000000000000000   0.250000000000000   0.500000000000000   0.750000000000000   1.000000000000000   1.000000000000000   1.000000000000000   
0.000000000000000   0.000000000000000   0.000000000000000   0.500000000000000   1.000000000000000   1.000000000000000   1.000000000000000   
0.019715023539383   0.022726272390910   0.028748770093964   0.034771267797019   0.040793765500073   0.043805014351600   0.020020675497036   0.023031924348563   0.029054422051617   0.035076919754671   0.041099417457725   0.044110666309252   0.020631979412341   0.023643228263868   0.029665725966922   0.035688223669976   0.041710721373030   0.044721970224557   0.020937631369994   0.023948880221521   0.029971377924575   0.035993875627629   0.042016373330683   0.045027622182210   
0.012860551597342   0.011814562747492   0.009722585047793   0.007630607348094   0.005538629648395   0.004492640798545   0.013740478860984   0.012694490011134   0.010602512311435   0.008510534611736   0.006418556912037   0.005372568062188   0.015500333388268   0.014454344538419   0.012362366838720   0.010270389139021   0.008178411439321   0.007132422589472   0.016380260651910   0.015334271802061   0.013242294102362   0.011150316402663   0.009058338702964   0.008012349853114   
1.000000000000000   1.000000000000000   1.000000000000000   1.000000000000000   1.000000000000000   1.000000000000000   1.000000000000000   1.000000000000000   1.000000000000000   1.000000000000000   1.000000000000000   1.000000000000000   1.000000000000000   1.000000000000000   1.000000000000000   1.000000000000000   1.000000000000000   1.000000000000000   1.000000000000000   1.000000000000000   1.000000000000000   1.000000000000000   1.000000000000000   1.000000000000000   
PATCH 10 
2 2 
13 4 
0.000000000000000   0.000000000000000   0.000000000000000   0.250000000000000   0.250000000000000   0.375000000000000   0.375000000000000   0.500000000000000   0.500000000000000   0.750000000000000   0.750000000000000   0.875000000000000   0.875000000000000   1.000000000000000   1.000000000000000   1.000000000000000   
0.000000000000000   0.000000000000000   0.000000000000000   0.500000000000000   1.000000000000000   1.000000000000000   1.000000000000000   
0.019715023539383   0.019158030656309   0.018601037773234   0.018576372738410   0.018570268894321   0.018564165050232   0.018576622396877   0.016880393310998   0.015184164225119   0.012945531777696   0.015033664642012   0.012887212777156   0.015083953140229   0.020020675497036   0.019458769867072   0.018896864237108   0.018873790364035   0.018868008113831   0.018862225863626   0.018873735236291   0.017430376159946   0.015987017083601   0.013877835437514   0.015429790280867   0.013805806577341   0.015855279550400   0.020631979412341   0.020060248288599   0.019488517164856   0.019468625615284   0.019463486552850   0.019458347490416   0.019467960915119   0.018530341857843   0.017592722800567   0.015742442757149   0.016222041558577   0.015642994177712   0.017397932370741   0.020937631369994   0.020360987499362   0.019784343628730   0.019766043240909   0.019761225772359   0.019756408303810   0.019765073754533   0.019080324706792   0.018395575659050   0.016674746416967   0.016618167197432   0.016561587977898   0.018169258780911   
0.012860551597342   0.013054028913189   0.013247506229036   0.013236280547211   0.013237975946766   0.013239671346321   0.013254287827257   0.013611462683153   0.013968637539048   0.012022427483522   0.014107360410830   0.012218623950989   0.014305767131023   0.013740478860984   0.013935662670954   0.014130846480925   0.014120015067070   0.014121776551148   0.014123538035225   0.014137892417235   0.014486027673561   0.014834162929888   0.012985278366258   0.014546498916070   0.013127467425521   0.015077093541193   0.015500333388268   0.015698930186485   0.015897526984701   0.015887484106789   0.015889377759911   0.015891271413033   0.015905101597190   0.016235157654378   0.016565213711567   0.014910980131731   0.015424775926551   0.014945154374584   0.016619746361534   0.016380260651910   0.016580563944250   0.016780867236590   0.016771218626648   0.016773178364293   0.016775138101937   0.016788706187167   0.017109722644787   0.017430739102407   0.015873831014467   0.015863914431792   0.015853997849116   0.017391072771705   
1.000000000000000   1.000000000000000   1.000000000000000   0.998995709091826   0.998995709091826   0.998995709091826   1.000000000000000   1.000000000000000   1.000000000000000   0.859163256930093   1.000000000000000   0.859163256930093   1.000000000000000   1.000000000000000   1.000000000000000   1.000000000000000   0.999077613754673   0.999077613754673   0.999077613754673   1.000000000000000   1.000000000000000   1.000000000000000   0.871692813537712   0.977320370840142   0.871692813537712   1.000000000000000   1.000000000000000   1.000000000000000   1.000000000000000   0.999241423080366   0.999241423080366   0.999241423080366   1.000000000000000   1.000000000000000   1.000000000000000   0.896751926752950   0.931961112520427   0.896751926752950   1.000000000000000   1.000000000000000   1.000000000000000   1.000000000000000   0.999323327743213   0.999323327743213   0.999323327743213   1.000000000000000   1.000000000000000   1.000000000000000   0.909281483360569   0.909281483360569   0.909281483360569   1.000000000000000   
PATCH 11 
2 1 
13 2 
0.000000000000000   0.000000000000000   0.000000000000000   0.250000000000000   0.250000000000000   0.375000000000000   0.375000000000000   0.500000000000000   0.500000000000000   0.750000000000000   0.750000000000000   0.875000000000000   0.875000000000000   1.000000000000000   1.000000000000000   1.000000000000000   
0.000000000000000   0.000000000000000   1.000000000000000   1.000000000000000   
0.043260072211223   0.042399661810519   0.041508944756415   0.041008163204895   0.040523755257360   0.039969704717994   0.039576765741026   0.038196176416816   0.036882305905348   0.036391464076760   0.035830772127771   0.035366619307737   0.034859780080624   0.043734282891114   0.043142506727484   0.042531053738569   0.042225327244111   0.041914681543332   0.041604035842553   0.041288470935453   0.040657341121252   0.040006534481766   0.039681131162023   0.039350808635958   0.039020486109894   0.038685244377508   
0.024976214336312   0.026283184849875   0.027566818531371   0.028171052372018   0.028784198461489   0.029345138993991   0.030023786064333   0.030911548531872   0.031814208567169   0.032399132808787   0.032920830465362   0.033529919897576   0.034100851791389   0.025250000000000   0.026178902508932   0.027094027156471   0.027551589480241   0.028005707338662   0.028459825197083   0.028910498590156   0.029811845376303   0.030699414301056   0.031143198763433   0.031583538760461   0.032023878757490   0.032460774289170   
1.000000000000000   0.998037013600413   0.997055520400620   0.996564773800723   0.996319400500774   0.996074027200826   0.996074027200826   0.996074027200826   0.997055520400619   0.997546267000516   0.998282386900361   0.999018506800206   1.000000000000000   1.000000000000000   0.999048674522937   0.998573011784405   0.998335180415139   0.998216264730506   0.998097349045873   0.998097349045873   0.998097349045873   0.998573011784405   0.998810843153671   0.999167590207569   0.999524337261468   1.000000000000000   
PATCH 12 
2 1 
6 2 
0.000000000000000   0.000000000000000   0.000000000000000   0.250000000000000   0.500000000000000   0.750000000000000   1.000000000000000   1.000000000000000   1.000000000000000   
0.000000000000000   0.000000000000000   1.000000000000000   1.000000000000000   
0.019715023539383   0.022726272390910   0.028748770093964   0.034771267797019   0.040793765500073   0.043805014351600   0.014550000000000   0.018206876793950   0.025520630381850   0.032834383969750   0.040148137557650   0.043805014351600   
0.012860551597342   0.011814562747492   0.009722585047793   0.007630607348094   0.005538629648395   0.004492640798545   0.000000000000000   0.000000000000000   0.000000000000000   0.000000000000000   0.000000000000000   0.000000000000000   
1.000000000000000   1.000000000000000   1.000000000000000   1.000000000000000   1.000000000000000   1.000000000000000   1.000000000000000   1.000000000000000   1.000000000000000   1.000000000000000   1.000000000000000   1.000000000000000   
PATCH 13 
2 1 
13 2 
0.000000000000000   0.000000000000000   0.000000000000000   0.250000000000000   0.250000000000000   0.375000000000000   0.375000000000000   0.500000000000000   0.500000000000000   0.750000000000000   0.750000000000000   0.875000000000000   0.875000000000000   1.000000000000000   1.000000000000000   1.000000000000000   
0.000000000000000   0.000000000000000   1.000000000000000   1.000000000000000   
0.043805014351600   0.045091211981469   0.046377409611338   0.046207065908857   0.046219303735118   0.046231541561380   0.046426360916383   0.047225737582442   0.048025114248502   0.043435994843209   0.048186136807709   0.043555146565861   0.048240220605664   0.043805014351600   0.044579387557650   0.045353760763700   0.045740947366725   0.046128133969750   0.046515320572775   0.046902507175800   0.047676880381850   0.048451253587900   0.048838440190925   0.049225626793950   0.049612813396975   0.050000000000000   
0.004492640798545   0.004045866571014   0.003599092343482   0.003580851042153   0.003578256775615   0.003575662509076   0.003588715277328   0.003521837039749   0.003454958802170   0.003111467997671   0.003515829878257   0.003235711385690   0.003679257217697   0.000000000000000   0.000000000000000   0.000000000000000   0.000000000000000   0.000000000000000   0.000000000000000   0.000000000000000   0.000000000000000   0.000000000000000   0.000000000000000   0.000000000000000   0.000000000000000   0.000000000000000   
1.000000000000000   1.000000000000000   1.000000000000000   0.996072207181806   0.996072207181806   0.996072207181806   1.000000000000000   1.000000000000000   1.000000000000000   0.902657353049644   1.000000000000000   0.902657353049644   1.000000000000000   1.000000000000000   1.000000000000000   1.000000000000000   1.000000000000000   1.000000000000000   1.000000000000000   1.000000000000000   1.000000000000000   1.000000000000000   1.000000000000000   1.000000000000000   1.000000000000000   1.000000000000000   
PATCH 14 
2 1 
13 2 
0.000000000000000   0.000000000000000   0.000000000000000   0.250000000000000   0.250000000000000   0.375000000000000   0.375000000000000   0.500000000000000   0.500000000000000   0.750000000000000   0.750000000000000   0.875000000000000   0.875000000000000   1.000000000000000   1.000000000000000   1.000000000000000   
0.000000000000000   0.000000000000000   1.000000000000000   1.000000000000000   
0.014550000000000   0.014280720266509   0.013886767893058   0.013689791706333   0.013461647359618   0.013233503012903   0.012974190506198   0.012455565492787   0.011812267839418   0.011490619012733   0.011137802026059   0.010784985039384   0.010400999892719   0.019715023539383   0.019158030656309   0.018601037773234   0.018576372738410   0.018570268894321   0.018564165050232   0.018576622396877   0.016880393310998   0.015184164225119   0.012945531777696   0.015033664642012   0.012887212777156   0.015083953140229   
0.000000000000000   0.001373498629879   0.002696158037077   0.003357487740676   0.004006107638604   0.004654727536533   0.005290637628791   0.006562457813308   0.007783438775144   0.008393929256062   0.008991709931310   0.009589490606558   0.010174561476135   0.012860551597342   0.013054028913189   0.013247506229036   0.013236280547211   0.013237975946766   0.013239671346321   0.013254287827257   0.013611462683153   0.013968637539048   0.012022427483522   0.014107360410830   0.012218623950989   0.014305767131023   
1.000000000000000   0.981492801821914   0.972239202732870   0.967612403188349   0.965299003416088   0.962985603643827   0.962985603643827   0.962985603643827   0.972239202732870   0.976866002277392   0.983806201594174   0.990746400910957   1.000000000000000   1.000000000000000   1.000000000000000   1.000000000000000   0.998995709091826   0.998995709091826   0.998995709091826   1.000000000000000   1.000000000000000   1.000000000000000   0.859163256930093   1.000000000000000   0.859163256930093   1.000000000000000   
PATCH 15 
2 1 
4 2 
0.000000000000000   0.000000000000000   0.000000000000000   0.500000000000000   1.000000000000000   1.000000000000000   1.000000000000000   
0.000000000000000   0.000000000000000   1.000000000000000   1.000000000000000   
0.034859780080624   0.034689945907810   0.034310275433086   0.034100851791389   0.018169258780911   0.017974712278610   0.017585619274007   0.017391072771705   
0.034100851791389   0.034310275433086   0.034689945907810   0.034859780080624   0.017391072771705   0.017585619274007   0.017974712278610   0.018169258780911   
1.000000000000000   0.999969724076870   0.999969724076870   1.000000000000000   1.000000000000000   1.000000000000000   1.000000000000000   1.000000000000000   
PATCH 16 
2 2 
4 4 
0.000000000000000   0.000000000000000   0.000000000000000   0.500000000000000   1.000000000000000   1.000000000000000   1.000000000000000   
0.000000000000000   0.000000000000000   0.000000000000000   0.500000000000000   1.000000000000000   1.000000000000000   1.000000000000000   
0.015083953140229   0.015855279550400   0.017397932370741   0.018169258780911   0.014889406637927   0.015660733048098   0.017203385868439   0.017974712278610   0.014500313633324   0.015271640043495   0.016814292863836   0.017585619274007   0.014305767131023   0.015077093541193   0.016619746361534   0.017391072771705   
0.014305767131023   0.015077093541193   0.016619746361534   0.017391072771705   0.014500313633324   0.015271640043495   0.016814292863836   0.017585619274007   0.014889406637927   0.015660733048098   0.017203385868439   0.017974712278610   0.015083953140229   0.015855279550400   0.017397932370741   0.018169258780911   
1.000000000000000   1.000000000000000   1.000000000000000   1.000000000000000   1.000000000000000   1.000000000000000   1.000000000000000   1.000000000000000   1.000000000000000   1.000000000000000   1.000000000000000   1.000000000000000   1.000000000000000   1.000000000000000   1.000000000000000   1.000000000000000   
PATCH 17 
2 1 
4 2 
0.000000000000000   0.000000000000000   0.000000000000000   0.500000000000000   1.000000000000000   1.000000000000000   1.000000000000000   
0.000000000000000   0.000000000000000   1.000000000000000   1.000000000000000   
0.015083953140229   0.014889406637927   0.014500313633324   0.014305767131023   0.010400999892719   0.010344701779492   0.010231482571200   0.010174561476135   
0.014305767131023   0.014500313633324   0.014889406637927   0.015083953140229   0.010174561476135   0.010231482571200   0.010344701779492   0.010400999892719   
1.000000000000000   1.000000000000000   1.000000000000000   1.000000000000000   1.000000000000000   0.999969724076870   0.999969724076870   1.000000000000000   
PATCH 18 
2 1 
4 2 
0.000000000000000   0.000000000000000   0.000000000000000   0.500000000000000   1.000000000000000   1.000000000000000   1.000000000000000   
0.000000000000000   0.000000000000000   1.000000000000000   1.000000000000000   
0.034859780080624   0.034689945907810   0.034310275433086   0.034100851791389   0.038685244377508   0.037197068413715   0.034084833369545   0.032460774289170   
0.034100851791389   0.034310275433086   0.034689945907810   0.034859780080624   0.032460774289170   0.034084833369545   0.037197068413715   0.038685244377508   
1.000000000000000   0.999969724076870   0.999969724076870   1.000000000000000   1.000000000000000   0.998097349045873   0.998097349045873   1.000000000000000   
PATCH 19 
2 1 
4 2 
0.000000000000000   0.000000000000000   0.000000000000000   0.500000000000000   1.000000000000000   1.000000000000000   1.000000000000000   
0.000000000000000   0.000000000000000   1.000000000000000   1.000000000000000   
0.000000000000000   0.002178893568691   0.006520098010365   0.008682408883347   0.000000000000000   0.002200682504378   0.006585298990468   0.008769232972180   
0.050000000000000   0.049904867452294   0.049525061277599   0.049240387650610   0.050500000000000   0.050403916126817   0.050020311890375   0.049732791527117   
1.000000000000000   0.998097349045873   0.998097349045873   1.000000000000000   1.000000000000000   0.998097349045873   0.998097349045873   1.000000000000000   
PATCH 20 
2 1 
4 2 
0.000000000000000   0.000000000000000   0.000000000000000   0.500000000000000   1.000000000000000   1.000000000000000   1.000000000000000   
0.000000000000000   0.000000000000000   1.000000000000000   1.000000000000000   
0.003679257217697   0.004722442543636   0.006808813195513   0.007851998521452   0.000000000000000   0.002178893568691   0.006520098010365   0.008682408883347   
0.048240220605664   0.048108819850094   0.047846018338955   0.047714617583385   0.050000000000000   0.049904867452294   0.049525061277599   0.049240387650610   
1.000000000000000   1.000000000000000   1.000000000000000   1.000000000000000   1.000000000000000   0.998097349045873   0.998097349045873   1.000000000000000   
PATCH 21 
2 1 
13 2 
0.000000000000000   0.000000000000000   0.000000000000000   0.125000000000000   0.125000000000000   0.250000000000000   0.250000000000000   0.500000000000000   0.500000000000000   0.625000000000000   0.625000000000000   0.750000000000000   0.750000000000000   1.000000000000000   1.000000000000000   1.000000000000000   
0.000000000000000   0.000000000000000   1.000000000000000   1.000000000000000   
0.007851998521452   0.007326539461196   0.007985310740766   0.007420381726381   0.008025302295553   0.007909300008992   0.007793297722431   0.007685518522239   0.007687861484350   0.007690204446460   0.007802669570872   0.007907509711993   0.008012349853114   0.008682408883347   0.009214726804819   0.009581199694724   0.010118187788268   0.010619275737222   0.011650327510919   0.012675361713196   0.013203971234027   0.013739294051557   0.014296093093998   0.014856502759612   0.015909499695071   0.016952184196927   
0.047714617583385   0.044049034874833   0.047638410425370   0.043927489377112   0.047490152696070   0.046606536125667   0.045722919555263   0.045085336218557   0.045062421588428   0.045039506958298   0.045631261034746   0.045329441608478   0.045027622182210   0.049240387650610   0.049122375608591   0.048172519121878   0.048122942224871   0.047905167805137   0.047613101337875   0.047305093917960   0.047210586479954   0.047135103511894   0.047125038846884   0.047115393407558   0.046866275163001   0.046575743291493   
1.000000000000000   0.923378041651588   1.000000000000000   0.923378041651588   1.000000000000000   1.000000000000000   1.000000000000000   0.986554988017324   0.986554988017324   0.986554988017324   1.000000000000000   1.000000000000000   1.000000000000000   1.000000000000000   0.999524337261468   0.999167590207569   0.998810843153671   0.998573011784405   0.998097349045873   0.998097349045873   0.998097349045873   0.998216264730506   0.998335180415139   0.998573011784404   0.999048674522936   1.000000000000000   
PATCH 22 
2 2 
13 4 
0.000000000000000   0.000000000000000   0.000000000000000   0.250000000000000   0.250000000000000   0.375000000000000   0.375000000000000   0.500000000000000   0.500000000000000   0.750000000000000   0.750000000000000   0.875000000000000   0.875000000000000   1.000000000000000   1.000000000000000   1.000000000000000   
0.000000000000000   0.000000000000000   0.000000000000000   0.500000000000000   1.000000000000000   1.000000000000000   1.000000000000000   
0.004492640798545   0.004045866571014   0.003599092343482   0.003580851042153   0.003578256775615   0.003575662509076   0.003588715277328   0.003521837039749   0.003454958802170   0.003111467997671   0.003515829878257   0.003235711385690   0.003679257217697   0.005372568062188   0.005011277356259   0.004649986650330   0.004608189393230   0.004605657952799   0.004603126512367   0.004639860888604   0.004618702782060   0.004597544675516   0.004188696429848   0.004633200093884   0.004258418404566   0.004722442543636   0.007132422589472   0.006942098926748   0.006751775264025   0.006662866095383   0.006660460307166   0.006658054518949   0.006742152111156   0.006812434266681   0.006882716422207   0.006343153294203   0.006867940525139   0.006303832442319   0.006808813195513   0.008012349853114   0.007907509711993   0.007802669570872   0.007690204446460   0.007687861484350   0.007685518522239   0.007793297722431   0.007909300008992   0.008025302295553   0.007420381726381   0.007985310740766   0.007326539461196   0.007851998521452   
0.043805014351600   0.045091211981469   0.046377409611338   0.046207065908857   0.046219303735118   0.046231541561380   0.046426360916383   0.047225737582442   0.048025114248502   0.043435994843209   0.048186136807709   0.043555146565861   0.048240220605664   0.044110666309252   0.045150769388221   0.046190872467190   0.045915176171218   0.045930083198446   0.045944990225674   0.046250500576103   0.047070937218249   0.047891373860394   0.043558868476685   0.048049205212125   0.043678618643104   0.048108819850094   0.044721970224557   0.045269884201726   0.045817798178894   0.045331396695938   0.045351642125100   0.045371887554263   0.045898779895543   0.046761336489861   0.047623893084178   0.043804615743636   0.047775342020955   0.043925562797590   0.047846018338955   0.045027622182210   0.045329441608478   0.045631261034746   0.045039506958298   0.045062421588428   0.045085336218557   0.045722919555263   0.046606536125667   0.047490152696070   0.043927489377112   0.047638410425370   0.044049034874833   0.047714617583385   
1.000000000000000   1.000000000000000   1.000000000000000   0.996072207181806   0.996072207181806   0.996072207181806   1.000000000000000   1.000000000000000   1.000000000000000   0.902657353049644   1.000000000000000   0.902657353049644   1.000000000000000   1.000000000000000   1.000000000000000   1.000000000000000   0.993692902390685   0.993692902390685   0.993692902390685   1.000000000000000   1.000000000000000   1.000000000000000   0.907837525200130   1.000000000000000   0.907837525200130   1.000000000000000   1.000000000000000   1.000000000000000   1.000000000000000   0.988934292808444   0.988934292808444   0.988934292808444   1.000000000000000   1.000000000000000   1.000000000000000   0.918197869501102   1.000000000000000   0.918197869501102   1.000000000000000   1.000000000000000   1.000000000000000   1.000000000000000   0.986554988017324   0.986554988017324   0.986554988017324   1.000000000000000   1.000000000000000   1.000000000000000   0.923378041651588   1.000000000000000   0.923378041651588   1.000000000000000   
PATCH 23 
2 1 
13 2 
0.000000000000000   0.000000000000000   0.000000000000000   0.125000000000000   0.125000000000000   0.250000000000000   0.250000000000000   0.500000000000000   0.500000000000000   0.625000000000000   0.625000000000000   0.750000000000000   0.750000000000000   1.000000000000000   1.000000000000000   1.000000000000000   
0.000000000000000   0.000000000000000   1.000000000000000   1.000000000000000   
0.008682408883347   0.009214726804819   0.009581199694724   0.010118187788268   0.010619275737222   0.011650327510919   0.012675361713196   0.013203971234027   0.013739294051557   0.014296093093998   0.014856502759612   0.015909499695071   0.016952184196927   0.008769232972180   0.009306874072867   0.009842960902535   0.010379047732203   0.010913580290852   0.011982645408149   0.013045493441370   0.013576917457981   0.014106787203572   0.014636656949163   0.015164972423735   0.016221603372879   0.017272017237946   
0.049240387650610   0.049122375608591   0.048172519121878   0.048122942224871   0.047905167805137   0.047613101337875   0.047305093917960   0.047210586479954   0.047135103511894   0.047125038846884   0.047115393407558   0.046866275163001   0.046575743291493   0.049732791527117   0.049613599364677   0.049488606583825   0.049363613802972   0.049232820403708   0.048971233605179   0.048686444333000   0.048544049696911   0.048395854442409   0.048247659187908   0.048093663314994   0.047785671569166   0.047454477349688   
1.000000000000000   0.999524337261468   0.999167590207569   0.998810843153671   0.998573011784405   0.998097349045873   0.998097349045873   0.998097349045873   0.998216264730506   0.998335180415139   0.998573011784404   0.999048674522936   1.000000000000000   1.000000000000000   0.999524337261468   0.999167590207569   0.998810843153671   0.998573011784405   0.998097349045873   0.998097349045873   0.998097349045873   0.998216264730506   0.998335180415139   0.998573011784404   0.999048674522936   1.000000000000000   
PATCH 24 
2 1 
6 2 
0.000000000000000   0.000000000000000   0.000000000000000   0.250000000000000   0.500000000000000   0.750000000000000   1.000000000000000   1.000000000000000   1.000000000000000   
0.000000000000000   0.000000000000000   1.000000000000000   1.000000000000000   
0.016952184196927   0.018034148245954   0.020008334286844   0.021923575588522   0.023931717323959   0.024976214336312   0.017272017237946   0.018289568482936   0.020304367573183   0.022298863263696   0.024273055554476   0.025250000000000   
0.046575743291493   0.046376161573044   0.045473680208317   0.044455449182495   0.043620685870395   0.043260072211223   0.047454477349688   0.047032993823604   0.046146485990198   0.045216437375554   0.044242847979673   0.043734282891114   
1.000000000000000   0.999048674522936   0.998097349045873   0.998097349045873   0.999048674522936   1.000000000000000   1.000000000000000   0.999048674522936   0.998097349045873   0.998097349045873   0.999048674522936   1.000000000000000   
PATCH 25 
2 1 
6 2 
0.000000000000000   0.000000000000000   0.000000000000000   0.250000000000000   0.500000000000000   0.750000000000000   1.000000000000000   1.000000000000000   1.000000000000000   
0.000000000000000   0.000000000000000   1.000000000000000   1.000000000000000   
0.016952184196927   0.018034148245954   0.020008334286844   0.021923575588522   0.023931717323959   0.024976214336312   0.008012349853114   0.009058338702964   0.011150316402663   0.013242294102362   0.015334271802061   0.016380260651910   
0.046575743291493   0.046376161573044   0.045473680208317   0.044455449182495   0.043620685870395   0.043260072211223   0.045027622182210   0.042016373330683   0.035993875627629   0.029971377924575   0.023948880221521   0.020937631369994   
1.000000000000000   0.999048674522936   0.998097349045873   0.998097349045873   0.999048674522936   1.000000000000000   1.000000000000000   1.000000000000000   1.000000000000000   1.000000000000000   1.000000000000000   1.000000000000000   
PATCH 26 
2 1 
13 2 
0.000000000000000   0.000000000000000   0.000000000000000   0.250000000000000   0.250000000000000   0.375000000000000   0.375000000000000   0.500000000000000   0.500000000000000   0.750000000000000   0.750000000000000   0.875000000000000   0.875000000000000   1.000000000000000   1.000000000000000   1.000000000000000   
0.000000000000000   0.000000000000000   1.000000000000000   1.000000000000000   
0.024976214336312   0.026283184849875   0.027566818531371   0.028171052372018   0.028784198461489   0.029345138993991   0.030023786064333   0.030911548531872   0.031814208567169   0.032399132808787   0.032920830465362   0.033529919897576   0.034100851791389   0.016380260651910   0.016580563944250   0.016780867236590   0.016771218626648   0.016773178364293   0.016775138101937   0.016788706187167   0.017109722644787   0.017430739102407   0.015873831014467   0.015863914431792   0.015853997849116   0.017391072771705   
0.043260072211223   0.042399661810519   0.041508944756415   0.041008163204895   0.040523755257360   0.039969704717994   0.039576765741026   0.038196176416816   0.036882305905348   0.036391464076760   0.035830772127771   0.035366619307737   0.034859780080624   0.020937631369994   0.020360987499362   0.019784343628730   0.019766043240909   0.019761225772359   0.019756408303810   0.019765073754533   0.019080324706792   0.018395575659050   0.016674746416967   0.016618167197432   0.016561587977898   0.018169258780911   
1.000000000000000   0.998037013600413   0.997055520400620   0.996564773800723   0.996319400500774   0.996074027200826   0.996074027200826   0.996074027200826   0.997055520400619   0.997546267000516   0.998282386900361   0.999018506800206   1.000000000000000   1.000000000000000   1.000000000000000   1.000000000000000   0.999323327743213   0.999323327743213   0.999323327743213   1.000000000000000   1.000000000000000   1.000000000000000   0.909281483360569   0.909281483360569   0.909281483360569   1.000000000000000   
PATCH 27 
2 2 
6 4 
0.000000000000000   0.000000000000000   0.000000000000000   0.250000000000000   0.500000000000000   0.750000000000000   1.000000000000000   1.000000000000000   1.000000000000000   
0.000000000000000   0.000000000000000   0.000000000000000   0.500000000000000   1.000000000000000   1.000000000000000   1.000000000000000   
0.012860551597342   0.011814562747492   0.009722585047793   0.007630607348094   0.005538629648395   0.004492640798545   0.013740478860984   0.012694490011134   0.010602512311435   0.008510534611736   0.006418556912037   0.005372568062188   0.015500333388268   0.014454344538419   0.012362366838720   0.010270389139021   0.008178411439321   0.007132422589472   0.016380260651910   0.015334271802061   0.013242294102362   0.011150316402663   0.009058338702964   0.008012349853114   
0.019715023539383   0.022726272390910   0.028748770093964   0.034771267797019   0.040793765500073   0.043805014351600   0.020020675497036   0.023031924348563   0.029054422051617   0.035076919754671   0.041099417457725   0.044110666309252   0.020631979412341   0.023643228263868   0.029665725966922   0.035688223669976   0.041710721373030   0.044721970224557   0.020937631369994   0.023948880221521   0.029971377924575   0.035993875627629   0.042016373330683   0.045027622182210   
1.000000000000000   1.000000000000000   1.000000000000000   1.000000000000000   1.000000000000000   1.000000000000000   1.000000000000000   1.000000000000000   1.000000000000000   1.000000000000000   1.000000000000000   1.000000000000000   1.000000000000000   1.000000000000000   1.000000000000000   1.000000000000000   1.000000000000000   1.000000000000000   1.000000000000000   1.000000000000000   1.000000000000000   1.000000000000000   1.000000000000000   1.000000000000000   
PATCH 28 
2 2 
13 4 
0.000000000000000   0.000000000000000   0.000000000000000   0.250000000000000   0.250000000000000   0.375000000000000   0.375000000000000   0.500000000000000   0.500000000000000   0.750000000000000   0.750000000000000   0.875000000000000   0.875000000000000   1.000000000000000   1.000000000000000   1.000000000000000   
0.000000000000000   0.000000000000000   0.000000000000000   0.500000000000000   1.000000000000000   1.000000000000000   1.000000000000000   
0.012860551597342   0.013054028913189   0.013247506229036   0.013236280547211   0.013237975946766   0.013239671346321   0.013254287827257   0.013611462683153   0.013968637539048   0.012022427483522   0.014107360410830   0.012218623950989   0.014305767131023   0.013740478860984   0.013935662670954   0.014130846480925   0.014120015067070   0.014121776551148   0.014123538035225   0.014137892417235   0.014486027673561   0.014834162929888   0.012985278366258   0.014546498916070   0.013127467425521   0.015077093541193   0.015500333388268   0.015698930186485   0.015897526984701   0.015887484106789   0.015889377759911   0.015891271413033   0.015905101597190   0.016235157654378   0.016565213711567   0.014910980131731   0.015424775926551   0.014945154374584   0.016619746361534   0.016380260651910   0.016580563944250   0.016780867236590   0.016771218626648   0.016773178364293   0.016775138101937   0.016788706187167   0.017109722644787   0.017430739102407   0.015873831014467   0.015863914431792   0.015853997849116   0.017391072771705   
0.019715023539383   0.019158030656309   0.018601037773234   0.018576372738410   0.018570268894321   0.018564165050232   0.018576622396877   0.016880393310998   0.015184164225119   0.012945531777696   0.015033664642012   0.012887212777156   0.015083953140229   0.020020675497036   0.019458769867072   0.018896864237108   0.018873790364035   0.018868008113831   0.018862225863626   0.018873735236291   0.017430376159946   0.015987017083601   0.013877835437514   0.015429790280867   0.013805806577341   0.015855279550400   0.020631979412341   0.020060248288599   0.019488517164856   0.019468625615284   0.019463486552850   0.019458347490416   0.019467960915119   0.018530341857843   0.017592722800567   0.015742442757149   0.016222041558577   0.015642994177712   0.017397932370741   0.020937631369994   0.020360987499362   0.019784343628730   0.019766043240909   0.019761225772359   0.019756408303810   0.019765073754533   0.019080324706792   0.018395575659050   0.016674746416967   0.016618167197432   0.016561587977898   0.018169258780911   
1.000000000000000   1.000000000000000   1.000000000000000   0.998995709091826   0.998995709091826   0.998995709091826   1.000000000000000   1.000000000000000   1.000000000000000   0.859163256930093   1.000000000000000   0.859163256930093   1.000000000000000   1.000000000000000   1.000000000000000   1.000000000000000   0.999077613754673   0.999077613754673   0.999077613754673   1.000000000000000   1.000000000000000   1.000000000000000   0.871692813537712   0.977320370840142   0.871692813537712   1.000000000000000   1.000000000000000   1.000000000000000   1.000000000000000   0.999241423080366   0.999241423080366   0.999241423080366   1.000000000000000   1.000000000000000   1.000000000000000   0.896751926752950   0.931961112520427   0.896751926752950   1.000000000000000   1.000000000000000   1.000000000000000   1.000000000000000   0.999323327743213   0.999323327743213   0.999323327743213   1.000000000000000   1.000000000000000   1.000000000000000   0.909281483360569   0.909281483360569   0.909281483360569   1.000000000000000   
PATCH 29 
2 1 
13 2 
0.000000000000000   0.000000000000000   0.000000000000000   0.250000000000000   0.250000000000000   0.375000000000000   0.375000000000000   0.500000000000000   0.500000000000000   0.750000000000000   0.750000000000000   0.875000000000000   0.875000000000000   1.000000000000000   1.000000000000000   1.000000000000000   
0.000000000000000   0.000000000000000   1.000000000000000   1.000000000000000   
0.024976214336312   0.026283184849875   0.027566818531371   0.028171052372018   0.028784198461489   0.029345138993991   0.030023786064333   0.030911548531872   0.031814208567169   0.032399132808787   0.032920830465362   0.033529919897576   0.034100851791389   0.025250000000000   0.026178902508932   0.027094027156471   0.027551589480241   0.028005707338662   0.028459825197083   0.028910498590156   0.029811845376303   0.030699414301056   0.031143198763433   0.031583538760461   0.032023878757490   0.032460774289170   
0.043260072211223   0.042399661810519   0.041508944756415   0.041008163204895   0.040523755257360   0.039969704717994   0.039576765741026   0.038196176416816   0.036882305905348   0.036391464076760   0.035830772127771   0.035366619307737   0.034859780080624   0.043734282891114   0.043142506727484   0.042531053738569   0.042225327244111   0.041914681543332   0.041604035842553   0.041288470935453   0.040657341121252   0.040006534481766   0.039681131162023   0.039350808635958   0.039020486109894   0.038685244377508   
1.000000000000000   0.998037013600413   0.997055520400620   0.996564773800723   0.996319400500774   0.996074027200826   0.996074027200826   0.996074027200826   0.997055520400619   0.997546267000516   0.998282386900361   0.999018506800206   1.000000000000000   1.000000000000000   0.999048674522937   0.998573011784405   0.998335180415139   0.998216264730506   0.998097349045873   0.998097349045873   0.998097349045873   0.998573011784405   0.998810843153671   0.999167590207569   0.999524337261468   1.000000000000000   
PATCH 30 
2 1 
6 2 
0.000000000000000   0.000000000000000   0.000000000000000   0.250000000000000   0.500000000000000   0.750000000000000   1.000000000000000   1.000000000000000   1.000000000000000   
0.000000000000000   0.000000000000000   1.000000000000000   1.000000000000000   
0.012860551597342   0.011814562747492   0.009722585047793   0.007630607348094   0.005538629648395   0.004492640798545   0.000000000000000   0.000000000000000   0.000000000000000   0.000000000000000   0.000000000000000   0.000000000000000   
0.019715023539383   0.022726272390910   0.028748770093964   0.034771267797019   0.040793765500073   0.043805014351600   0.014550000000000   0.018206876793950   0.025520630381850   0.032834383969750   0.040148137557650   0.043805014351600   
1.000000000000000   1.000000000000000   1.000000000000000   1.000000000000000   1.000000000000000   1.000000000000000   1.000000000000000   1.000000000000000   1.000000000000000   1.000000000000000   1.000000000000000   1.000000000000000   
PATCH 31 
2 1 
13 2 
0.000000000000000   0.000000000000000   0.000000000000000   0.250000000000000   0.250000000000000   0.375000000000000   0.375000000000000   0.500000000000000   0.500000000000000   0.750000000000000   0.750000000000000   0.875000000000000   0.875000000000000   1.000000000000000   1.000000000000000   1.000000000000000   
0.000000000000000   0.000000000000000   1.000000000000000   1.000000000000000   
0.004492640798545   0.004045866571014   0.003599092343482   0.003580851042153   0.003578256775615   0.003575662509076   0.003588715277328   0.003521837039749   0.003454958802170   0.003111467997671   0.003515829878257   0.003235711385690   0.003679257217697   0.000000000000000   0.000000000000000   0.000000000000000   0.000000000000000   0.000000000000000   0.000000000000000   0.000000000000000   0.000000000000000   0.000000000000000   0.000000000000000   0.000000000000000   0.000000000000000   0.000000000000000   
0.043805014351600   0.045091211981469   0.046377409611338   0.046207065908857   0.046219303735118   0.046231541561380   0.046426360916383   0.047225737582442   0.048025114248502   0.043435994843209   0.048186136807709   0.043555146565861   0.048240220605664   0.043805014351600   0.044579387557650   0.045353760763700   0.045740947366725   0.046128133969750   0.046515320572775   0.046902507175800   0.047676880381850   0.048451253587900   0.048838440190925   0.049225626793950   0.049612813396975   0.050000000000000   
1.000000000000000   1.000000000000000   1.000000000000000   0.996072207181806   0.996072207181806   0.996072207181806   1.000000000000000   1.000000000000000   1.000000000000000   0.902657353049644   1.000000000000000   0.902657353049644   1.000000000000000   1.000000000000000   1.000000000000000   1.000000000000000   1.000000000000000   1.000000000000000   1.000000000000000   1.000000000000000   1.000000000000000   1.000000000000000   1.000000000000000   1.000000000000000   1.000000000000000   1.000000000000000   
PATCH 32 
2 1 
13 2 
0.000000000000000   0.000000000000000   0.000000000000000   0.250000000000000   0.250000000000000   0.375000000000000   0.375000000000000   0.500000000000000   0.500000000000000   0.750000000000000   0.750000000000000   0.875000000000000   0.875000000000000   1.000000000000000   1.000000000000000   1.000000000000000   
0.000000000000000   0.000000000000000   1.000000000000000   1.000000000000000   
0.000000000000000   0.001373498629879   0.002696158037077   0.003357487740676   0.004006107638604   0.004654727536533   0.005290637628791   0.006562457813308   0.007783438775144   0.008393929256062   0.008991709931310   0.009589490606558   0.010174561476135   0.012860551597342   0.013054028913189   0.013247506229036   0.013236280547211   0.013237975946766   0.013239671346321   0.013254287827257   0.013611462683153   0.013968637539048   0.012022427483522   0.014107360410830   0.012218623950989   0.014305767131023   
0.014550000000000   0.014280720266509   0.013886767893058   0.013689791706333   0.013461647359618   0.013233503012903   0.012974190506198   0.012455565492787   0.011812267839418   0.011490619012733   0.011137802026059   0.010784985039384   0.010400999892719   0.019715023539383   0.019158030656309   0.018601037773234   0.018576372738410   0.018570268894321   0.018564165050232   0.018576622396877   0.016880393310998   0.015184164225119   0.012945531777696   0.015033664642012   0.012887212777156   0.015083953140229   
1.000000000000000   0.981492801821914   0.972239202732870   0.967612403188349   0.965299003416088   0.962985603643827   0.962985603643827   0.962985603643827   0.972239202732870   0.976866002277392   0.983806201594174   0.990746400910957   1.000000000000000   1.000000000000000   1.000000000000000   1.000000000000000   0.998995709091826   0.998995709091826   0.998995709091826   1.000000000000000   1.000000000000000   1.000000000000000   0.859163256930093   1.000000000000000   0.859163256930093   1.000000000000000   
INTERFACE 1 
1 2 
5 1 
1 
INTERFACE 2 
1 3 
2 4 
1 
INTERFACE 3 
2 1 
13 2 
1 
INTERFACE 4 
2 2 
3 1 
1 
INTERFACE 5 
2 3 
4 2 
1 
INTERFACE 6 
3 2 
7 1 
-1 
INTERFACE 7 
3 3 
4 4 
-1 
INTERFACE 8 
3 4 
5 3 
1 
INTERFACE 9 
4 1 
9 2 
1 
INTERFACE 10 
4 3 
13 3 
1 
INTERFACE 11 
5 2 
6 1 
1 
INTERFACE 12 
6 2 
11 1 
1 
INTERFACE 13 
6 3 
7 3 
1 
INTERFACE 14 
7 2 
8 1 
1 
INTERFACE 15 
7 4 
9 4 
-1 
INTERFACE 16 
8 2 
15 1 
1 
INTERFACE 17 
8 3 
11 3 
1 
INTERFACE 18 
8 4 
10 4 
1 
INTERFACE 19 
9 1 
10 1 
1 
INTERFACE 20 
9 3 
12 3 
1 
INTERFACE 21 
10 2 
16 3 
1 
INTERFACE 22 
10 3 
14 4 
1 
INTERFACE 23 
11 2 
18 1 
1 
INTERFACE 24 
12 1 
14 1 
-1 
INTERFACE 25 
12 2 
13 1 
1 
INTERFACE 26 
14 2 
17 1 
-1 
INTERFACE 27 
15 2 
26 2 
1 
INTERFACE 28 
15 3 
18 3 
1 
INTERFACE 29 
15 4 
16 2 
1 
INTERFACE 30 
16 1 
17 3 
1 
INTERFACE 31 
16 4 
28 2 
1 
INTERFACE 32 
17 2 
32 2 
-1 
INTERFACE 33 
18 2 
29 2 
1 
INTERFACE 34 
19 2 
23 1 
1 
INTERFACE 35 
19 3 
20 4 
1 
INTERFACE 36 
20 1 
31 2 
1 
INTERFACE 37 
20 2 
21 1 
1 
INTERFACE 38 
20 3 
22 2 
1 
INTERFACE 39 
21 2 
25 1 
-1 
INTERFACE 40 
21 3 
22 4 
-1 
INTERFACE 41 
21 4 
23 3 
1 
INTERFACE 42 
22 1 
27 2 
1 
INTERFACE 43 
22 3 
31 3 
1 
INTERFACE 44 
23 2 
24 1 
1 
INTERFACE 45 
24 2 
29 1 
1 
INTERFACE 46 
24 3 
25 3 
1 
INTERFACE 47 
25 2 
26 1 
1 
INTERFACE 48 
25 4 
27 4 
-1 
INTERFACE 49 
26 3 
29 3 
1 
INTERFACE 50 
26 4 
28 4 
1 
INTERFACE 51 
27 1 
28 1 
1 
INTERFACE 52 
27 3 
30 3 
1 
INTERFACE 53 
28 3 
32 4 
1 
INTERFACE 54 
30 1 
32 1 
-1 
INTERFACE 55 
30 2 
31 1 
1 
BOUNDARY 1 
1 
1 1 
BOUNDARY 2 
1 
1 4 
BOUNDARY 3 
1 
5 4 
BOUNDARY 4 
1 
6 4 
BOUNDARY 5 
1 
11 4 
BOUNDARY 6 
1 
12 4 
BOUNDARY 7 
1 
13 4 
BOUNDARY 8 
1 
14 3 
BOUNDARY 9 
1 
17 4 
BOUNDARY 10 
1 
18 4 
BOUNDARY 11 
1 
19 1 
BOUNDARY 12 
1 
19 4 
BOUNDARY 13 
1 
23 4 
BOUNDARY 14 
1 
24 4 
BOUNDARY 15 
1 
29 4 
BOUNDARY 16 
1 
30 4 
BOUNDARY 17 
1 
31 4 
BOUNDARY 18 
1 
32 3 
