# nurbs mesh v.2.1
#
# 14-Jul-2024
#
2 2 32 55 0 
PATCH 1 
2 1 
4 2 
0.000000000000000   0.000000000000000   0.000000000000000   0.500000000000000   1.000000000000000   1.000000000000000   1.000000000000000   
0.000000000000000   0.000000000000000   1.000000000000000   1.000000000000000   
0.050000000000000   0.049904867452294   0.049525061277599   0.049240387650610   0.050500000000000   0.050403916126817   0.050020311890375   0.049732791527117   
0.000000000000000   0.002178893568691   0.006520098010365   0.008682408883347   0.000000000000000   0.002200682504378   0.006585298990468   0.008769232972180   
1.000000000000000   0.998097349045873   0.998097349045873   1.000000000000000   1.000000000000000   0.998097349045873   0.998097349045873   1.000000000000000   
PATCH 2 
2 1 
4 2 
0.000000000000000   0.000000000000000   0.000000000000000   0.500000000000000   1.000000000000000   1.000000000000000   1.000000000000000   
0.000000000000000   0.000000000000000   1.000000000000000   1.000000000000000   
0.048240110974876   0.048108756499948   0.047846047550094   0.047714693075166   0.050000000000000   0.049904867452294   0.049525061277599   0.049240387650610   
0.003680851426441   0.004723777714837   0.006809630291629   0.007852556580025   0.000000000000000   0.002178893568691   0.006520098010365   0.008682408883347   
1.000000000000000   1.000000000000000   1.000000000000000   1.000000000000000   1.000000000000000   0.998097349045873   0.998097349045873   1.000000000000000   
PATCH 3 
2 1 
13 2 
0.000000000000000   0.000000000000000   0.000000000000000   0.125000000000000   0.125000000000000   0.250000000000000   0.250000000000000   0.500000000000000   0.500000000000000   0.625000000000000   0.625000000000000   0.750000000000000   0.750000000000000   1.000000000000000   1.000000000000000   1.000000000000000   
0.000000000000000   0.000000000000000   1.000000000000000   1.000000000000000   
0.047714693075166   0.044043355635567   0.047638388386970   0.043921660891094   0.047489981858619   0.046605778335608   0.045721574812596   0.045084267374633   0.045061354333677   0.045038441292721   0.045629922648772   0.045327299856248   0.045024677063724   0.049240387650610   0.049122375608591   0.048171988158863   0.048120634879393   0.047901889978714   0.047610032465480   0.047301583233960   0.047206561913605   0.047130605234108   0.047122316653454   0.047113578831590   0.046863494973767   0.046575660793100   
0.007852556580025   0.007326167209194   0.007985946360639   0.007420005517899   0.008025830459674   0.007908635004000   0.007791439548326   0.007683700123558   0.007686013104714   0.007688326085870   0.007800691472951   0.007905357974917   0.008010024476883   0.008682408883347   0.009214726804819   0.009581094089645   0.010117702652618   0.010618549132052   0.011649576596412   0.012674421028253   0.013202845633558   0.013737982859757   0.014295267275460   0.014855930584556   0.015908555915784   0.016952154169968   
1.000000000000000   0.923257686764253   1.000000000000000   0.923257686764253   1.000000000000000   1.000000000000000   1.000000000000000   0.986560445174009   0.986560445174009   0.986560445174009   1.000000000000000   1.000000000000000   1.000000000000000   1.000000000000000   0.999524337261468   0.999167590207569   0.998810843153671   0.998573011784405   0.998097349045873   0.998097349045873   0.998097349045873   0.998216264730506   0.998335180415139   0.998573011784404   0.999048674522936   1.000000000000000   
PATCH 4 
2 2 
13 4 
0.000000000000000   0.000000000000000   0.000000000000000   0.250000000000000   0.250000000000000   0.375000000000000   0.375000000000000   0.500000000000000   0.500000000000000   0.750000000000000   0.750000000000000   0.875000000000000   0.875000000000000   1.000000000000000   1.000000000000000   1.000000000000000   
0.000000000000000   0.000000000000000   0.000000000000000   0.500000000000000   1.000000000000000   1.000000000000000   1.000000000000000   
0.043806850433125   0.045094604747393   0.046382359061660   0.046212073796584   0.046224312505788   0.046236551214993   0.046431313898478   0.047228287044889   0.048025260191300   0.043442775544904   0.048186114799230   0.043561767314550   0.048240110974876   0.044111307090775   0.045152778524606   0.046194249958438   0.045918665670618   0.045933572962760   0.045948480254903   0.046253879127007   0.047072659867568   0.047891440608130   0.043562496881451   0.048049183196165   0.043682164394804   0.048108756499948   0.044720220406074   0.045269126079034   0.045818031751994   0.045331849418687   0.045352093876705   0.045372338334723   0.045899009584067   0.046761405512928   0.047623801441789   0.043801939554546   0.047775319990035   0.043922958555313   0.047846047550094   0.045024677063724   0.045327299856248   0.045629922648772   0.045038441292721   0.045061354333677   0.045084267374633   0.045721574812596   0.046605778335608   0.047489981858619   0.043921660891094   0.047638388386970   0.044043355635567   0.047714693075166   
0.004488916110408   0.004043527518420   0.003598138926432   0.003579923796109   0.003577346086783   0.003574768377458   0.003587828089129   0.003522181206695   0.003456534324260   0.003113487174615   0.003517518404735   0.003237721717799   0.003680851426441   0.005369193202027   0.005008985132544   0.004648777063062   0.004607024368549   0.004604512841266   0.004602001313983   0.004638730953928   0.004618794656021   0.004598858358114   0.004190116760436   0.004634625393711   0.004259833090648   0.004723777714837   0.007129747385264   0.006939900360793   0.006750053336321   0.006661225513430   0.006658846350231   0.006656467187033   0.006740536683527   0.006812021554674   0.006883506425820   0.006343375932078   0.006868839371663   0.006304055836345   0.006809630291629   0.008010024476883   0.007905357974917   0.007800691472951   0.007688326085870   0.007686013104714   0.007683700123558   0.007791439548326   0.007908635004000   0.008025830459674   0.007420005517899   0.007985946360639   0.007326167209194   0.007852556580025   
1.000000000000000   1.000000000000000   1.000000000000000   0.996073820404777   0.996073820404777   0.996073820404777   1.000000000000000   1.000000000000000   1.000000000000000   0.902796824582803   1.000000000000000   0.902796824582803   1.000000000000000   1.000000000000000   1.000000000000000   1.000000000000000   0.993695476597085   0.993695476597085   0.993695476597085   1.000000000000000   1.000000000000000   1.000000000000000   0.907912040128166   1.000000000000000   0.907912040128166   1.000000000000000   1.000000000000000   1.000000000000000   1.000000000000000   0.988938788981701   0.988938788981701   0.988938788981701   1.000000000000000   1.000000000000000   1.000000000000000   0.918142471218890   1.000000000000000   0.918142471218890   1.000000000000000   1.000000000000000   1.000000000000000   1.000000000000000   0.986560445174009   0.986560445174009   0.986560445174009   1.000000000000000   1.000000000000000   1.000000000000000   0.923257686764253   1.000000000000000   0.923257686764253   1.000000000000000   
PATCH 5 
2 1 
13 2 
0.000000000000000   0.000000000000000   0.000000000000000   0.125000000000000   0.125000000000000   0.250000000000000   0.250000000000000   0.500000000000000   0.500000000000000   0.625000000000000   0.625000000000000   0.750000000000000   0.750000000000000   1.000000000000000   1.000000000000000   1.000000000000000   
0.000000000000000   0.000000000000000   1.000000000000000   1.000000000000000   
0.049240387650610   0.049122375608591   0.048171988158863   0.048120634879393   0.047901889978714   0.047610032465480   0.047301583233960   0.047206561913605   0.047130605234108   0.047122316653454   0.047113578831590   0.046863494973767   0.046575660793100   0.049732791527117   0.049613599364677   0.049488606583825   0.049363613802972   0.049232820403708   0.048971233605179   0.048686444333000   0.048544049696911   0.048395854442409   0.048247659187908   0.048093663314994   0.047785671569166   0.047454477349688   
0.008682408883347   0.009214726804819   0.009581094089645   0.010117702652618   0.010618549132052   0.011649576596412   0.012674421028253   0.013202845633558   0.013737982859757   0.014295267275460   0.014855930584556   0.015908555915784   0.016952154169968   0.008769232972180   0.009306874072867   0.009842960902535   0.010379047732203   0.010913580290852   0.011982645408149   0.013045493441370   0.013576917457981   0.014106787203572   0.014636656949163   0.015164972423735   0.016221603372879   0.017272017237946   
1.000000000000000   0.999524337261468   0.999167590207569   0.998810843153671   0.998573011784405   0.998097349045873   0.998097349045873   0.998097349045873   0.998216264730506   0.998335180415139   0.998573011784404   0.999048674522936   1.000000000000000   1.000000000000000   0.999524337261468   0.999167590207569   0.998810843153671   0.998573011784405   0.998097349045873   0.998097349045873   0.998097349045873   0.998216264730506   0.998335180415139   0.998573011784404   0.999048674522936   1.000000000000000   
PATCH 6 
2 1 
6 2 
0.000000000000000   0.000000000000000   0.000000000000000   0.250000000000000   0.500000000000000   0.750000000000000   1.000000000000000   1.000000000000000   1.000000000000000   
0.000000000000000   0.000000000000000   1.000000000000000   1.000000000000000   
0.046575660793100   0.046375339420302   0.045472827228681   0.044453920317411   0.043620818986015   0.043259916362419   0.047454477349688   0.047032993823604   0.046146485990198   0.045216437375554   0.044242847979673   0.043734282891114   
0.016952154169968   0.018033828538071   0.020007958977398   0.021922821615953   0.023931790355489   0.024976124356964   0.017272017237946   0.018289568482936   0.020304367573183   0.022298863263696   0.024273055554476   0.025250000000000   
1.000000000000000   0.999048674522936   0.998097349045873   0.998097349045873   0.999048674522936   1.000000000000000   1.000000000000000   0.999048674522936   0.998097349045873   0.998097349045873   0.999048674522936   1.000000000000000   
PATCH 7 
2 1 
6 2 
0.000000000000000   0.000000000000000   0.000000000000000   0.250000000000000   0.500000000000000   0.750000000000000   1.000000000000000   1.000000000000000   1.000000000000000   
0.000000000000000   0.000000000000000   1.000000000000000   1.000000000000000   
0.046575660793100   0.046375339420302   0.045472827228681   0.044453920317411   0.043620818986015   0.043259916362419   0.045024677063724   0.042010162358670   0.035981132948562   0.029952103538455   0.023923074128347   0.020908559423293   
0.016952154169968   0.018033828538071   0.020007958977398   0.021922821615953   0.023931790355489   0.024976124356964   0.008010024476883   0.009052638308681   0.011137865972276   0.013223093635871   0.015308321299466   0.016350935131263   
1.000000000000000   0.999048674522936   0.998097349045873   0.998097349045873   0.999048674522936   1.000000000000000   1.000000000000000   1.000000000000000   1.000000000000000   1.000000000000000   1.000000000000000   1.000000000000000   
PATCH 8 
2 1 
13 2 
0.000000000000000   0.000000000000000   0.000000000000000   0.250000000000000   0.250000000000000   0.375000000000000   0.375000000000000   0.500000000000000   0.500000000000000   0.750000000000000   0.750000000000000   0.875000000000000   0.875000000000000   1.000000000000000   1.000000000000000   1.000000000000000   
0.000000000000000   0.000000000000000   1.000000000000000   1.000000000000000   
0.043259916362419   0.042399630932754   0.041508990989081   0.041008163195648   0.040522196407530   0.039968465976876   0.039576326918215   0.038193753734025   0.036881540133705   0.036391813292661   0.035831592451170   0.035367180084899   0.034859404164867   0.020908559423293   0.020331969268887   0.019755379114480   0.019736395300471   0.019731471827431   0.019726548354391   0.019735685222321   0.019051123755662   0.018366562289003   0.016645851606763   0.016589229473705   0.016532607340647   0.018140073756771   
0.024976124356964   0.026283140245389   0.027566797344601   0.028170986792979   0.028783011638497   0.029344135661675   0.030023344509013   0.030909449055835   0.031813377336397   0.032399256172903   0.032921379339107   0.033530228711775   0.034100242646936   0.016350935131263   0.016550357237002   0.016749779342741   0.016739679701902   0.016741681450718   0.016743683199533   0.016757786338002   0.017079506900554   0.017401227463106   0.015844692390916   0.015834795951303   0.015824899511690   0.017361641704654   
1.000000000000000   0.998037067991746   0.997055601987619   0.996564868985556   0.996319502484524   0.996074135983492   0.996074135983492   0.996074135983492   0.997055601987619   0.997546334989683   0.998282434492778   0.999018533995873   1.000000000000000   1.000000000000000   1.000000000000000   1.000000000000000   0.999293310963241   0.999293310963241   0.999293310963241   1.000000000000000   1.000000000000000   1.000000000000000   0.909145283821492   0.909145283821492   0.909145283821492   1.000000000000000   
PATCH 9 
2 2 
6 4 
0.000000000000000   0.000000000000000   0.000000000000000   0.250000000000000   0.500000000000000   0.750000000000000   1.000000000000000   1.000000000000000   1.000000000000000   
0.000000000000000   0.000000000000000   0.000000000000000   0.500000000000000   1.000000000000000   1.000000000000000   1.000000000000000   
0.019690732792695   0.022705247497749   0.028734276907856   0.034763306317964   0.040792335728072   0.043806850433125   0.019995189450344   0.023009704155398   0.029038733565506   0.035067762975614   0.041096792385721   0.044111307090775   0.020604102765643   0.023618617470697   0.029647646880805   0.035676676290913   0.041705705701020   0.044720220406074   0.020908559423293   0.023923074128347   0.029952103538455   0.035981132948562   0.042010162358670   0.045024677063724   
0.012829826764788   0.011787212932991   0.009701985269396   0.007616757605801   0.005531529942205   0.004488916110408   0.013710103856407   0.012667490024609   0.010582262361014   0.008497034697419   0.006411807033824   0.005369193202027   0.015470658039645   0.014428044207847   0.012342816544252   0.010257588880657   0.008172361217062   0.007129747385264   0.016350935131263   0.015308321299466   0.013223093635871   0.011137865972276   0.009052638308681   0.008010024476883   
1.000000000000000   1.000000000000000   1.000000000000000   1.000000000000000   1.000000000000000   1.000000000000000   1.000000000000000   1.000000000000000   1.000000000000000   1.000000000000000   1.000000000000000   1.000000000000000   1.000000000000000   1.000000000000000   1.000000000000000   1.000000000000000   1.000000000000000   1.000000000000000   1.000000000000000   1.000000000000000   1.000000000000000   1.000000000000000   1.000000000000000   1.000000000000000   
PATCH 10 
2 2 
13 4 
0.000000000000000   0.000000000000000   0.000000000000000   0.250000000000000   0.250000000000000   0.375000000000000   0.375000000000000   0.500000000000000   0.500000000000000   0.750000000000000   0.750000000000000   0.875000000000000   0.875000000000000   1.000000000000000   1.000000000000000   1.000000000000000   
0.000000000000000   0.000000000000000   0.000000000000000   0.500000000000000   1.000000000000000   1.000000000000000   1.000000000000000   
0.019690732792695   0.019132666449052   0.018574600105409   0.018551096345113   0.018545155167137   0.018539213989162   0.018550835393508   0.016854995937830   0.015159156482153   0.012928120580515   0.015008997298866   0.012870050968599   0.015059343697850   0.019995189450344   0.019432492154010   0.018869794857677   0.018847421083952   0.018841734332211   0.018836047580469   0.018847047850711   0.017404027892288   0.015961007933865   0.013857553337077   0.015404055342576   0.013785690061611   0.015829526212580   0.020604102765643   0.020032143563928   0.019460184362212   0.019440070561631   0.019434892662357   0.019429714763084   0.019439472765117   0.018502091801204   0.017564710837290   0.015716418850201   0.016194171429995   0.015616968247635   0.017369891242040   0.020908559423293   0.020331969268887   0.019755379114480   0.019736395300471   0.019731471827431   0.019726548354391   0.019735685222321   0.019051123755662   0.018366562289003   0.016645851606763   0.016589229473705   0.016532607340647   0.018140073756771   
0.012829826764788   0.013022842140685   0.013215857516582   0.013205296850354   0.013206949308404   0.013208601766453   0.013222467348779   0.013583166848063   0.013943866347347   0.012004960124893   0.014082700078566   0.012201048129170   0.014280911645733   0.013710103856407   0.013904720914764   0.014099337973122   0.014088892563241   0.014090632343982   0.014092372124723   0.014106297096085   0.014457251861186   0.014808206626287   0.012964893191399   0.014520724046750   0.013107010974800   0.015051094160463   0.015470658039645   0.015668478462923   0.015866298886201   0.015856083989015   0.015857998415139   0.015859912841263   0.015873956590697   0.016205421887431   0.016536887184166   0.014884759324410   0.015396771983118   0.014918936666060   0.016591459189923   0.016350935131263   0.016550357237002   0.016749779342741   0.016739679701902   0.016741681450718   0.016743683199533   0.016757786338002   0.017079506900554   0.017401227463106   0.015844692390916   0.015834795951303   0.015824899511690   0.017361641704654   
1.000000000000000   1.000000000000000   1.000000000000000   0.999048389103240   0.999048389103240   0.999048389103240   1.000000000000000   1.000000000000000   1.000000000000000   0.859423552267002   1.000000000000000   0.859423552267002   1.000000000000000   1.000000000000000   1.000000000000000   1.000000000000000   0.999109619568241   0.999109619568241   0.999109619568241   1.000000000000000   1.000000000000000   1.000000000000000   0.871853985155624   0.977286320955373   0.871853985155624   1.000000000000000   1.000000000000000   1.000000000000000   1.000000000000000   0.999232080498241   0.999232080498241   0.999232080498241   1.000000000000000   1.000000000000000   1.000000000000000   0.896714850932869   0.931858962866119   0.896714850932869   1.000000000000000   1.000000000000000   1.000000000000000   1.000000000000000   0.999293310963241   0.999293310963241   0.999293310963241   1.000000000000000   1.000000000000000   1.000000000000000   0.909145283821492   0.909145283821492   0.909145283821492   1.000000000000000   
PATCH 11 
2 1 
13 2 
0.000000000000000   0.000000000000000   0.000000000000000   0.250000000000000   0.250000000000000   0.375000000000000   0.375000000000000   0.500000000000000   0.500000000000000   0.750000000000000   0.750000000000000   0.875000000000000   0.875000000000000   1.000000000000000   1.000000000000000   1.000000000000000   
0.000000000000000   0.000000000000000   1.000000000000000   1.000000000000000   
0.043259916362419   0.042399630932754   0.041508990989081   0.041008163195648   0.040522196407530   0.039968465976876   0.039576326918215   0.038193753734025   0.036881540133705   0.036391813292661   0.035831592451170   0.035367180084899   0.034859404164867   0.043734282891114   0.043142506727484   0.042531053738569   0.042225327244111   0.041914681543332   0.041604035842553   0.041288470935453   0.040657341121252   0.040006534481766   0.039681131162023   0.039350808635958   0.039020486109894   0.038685244377508   
0.024976124356964   0.026283140245389   0.027566797344601   0.028170986792979   0.028783011638497   0.029344135661675   0.030023344509013   0.030909449055835   0.031813377336397   0.032399256172903   0.032921379339107   0.033530228711775   0.034100242646936   0.025250000000000   0.026178902508932   0.027094027156471   0.027551589480241   0.028005707338662   0.028459825197083   0.028910498590156   0.029811845376303   0.030699414301056   0.031143198763433   0.031583538760461   0.032023878757490   0.032460774289170   
1.000000000000000   0.998037067991746   0.997055601987619   0.996564868985556   0.996319502484524   0.996074135983492   0.996074135983492   0.996074135983492   0.997055601987619   0.997546334989683   0.998282434492778   0.999018533995873   1.000000000000000   1.000000000000000   0.999048674522937   0.998573011784405   0.998335180415139   0.998216264730506   0.998097349045873   0.998097349045873   0.998097349045873   0.998573011784405   0.998810843153671   0.999167590207569   0.999524337261468   1.000000000000000   
PATCH 12 
2 1 
6 2 
0.000000000000000   0.000000000000000   0.000000000000000   0.250000000000000   0.500000000000000   0.750000000000000   1.000000000000000   1.000000000000000   1.000000000000000   
0.000000000000000   0.000000000000000   1.000000000000000   1.000000000000000   
0.019690732792695   0.022705247497749   0.028734276907856   0.034763306317964   0.040792335728072   0.043806850433125   0.014550000000000   0.018207106304141   0.025521318912422   0.032835531520703   0.040149744128985   0.043806850433125   
0.012829826764788   0.011787212932991   0.009701985269396   0.007616757605801   0.005531529942205   0.004488916110408   0.000000000000000   0.000000000000000   0.000000000000000   0.000000000000000   0.000000000000000   0.000000000000000   
1.000000000000000   1.000000000000000   1.000000000000000   1.000000000000000   1.000000000000000   1.000000000000000   1.000000000000000   1.000000000000000   1.000000000000000   1.000000000000000   1.000000000000000   1.000000000000000   
PATCH 13 
2 1 
13 2 
0.000000000000000   0.000000000000000   0.000000000000000   0.250000000000000   0.250000000000000   0.375000000000000   0.375000000000000   0.500000000000000   0.500000000000000   0.750000000000000   0.750000000000000   0.875000000000000   0.875000000000000   1.000000000000000   1.000000000000000   1.000000000000000   
0.000000000000000   0.000000000000000   1.000000000000000   1.000000000000000   
0.043806850433125   0.045094604747393   0.046382359061660   0.046212073796584   0.046224312505788   0.046236551214993   0.046431313898478   0.047228287044889   0.048025260191300   0.043442775544904   0.048186114799230   0.043561767314550   0.048240110974876   0.043806850433125   0.044580994128985   0.045355137824844   0.045742209672774   0.046129281520703   0.046516353368633   0.046903425216563   0.047677568912422   0.048451712608281   0.048838784456211   0.049225856304141   0.049612928152070   0.050000000000000   
0.004488916110408   0.004043527518420   0.003598138926432   0.003579923796109   0.003577346086783   0.003574768377458   0.003587828089129   0.003522181206695   0.003456534324260   0.003113487174615   0.003517518404735   0.003237721717799   0.003680851426441   0.000000000000000   0.000000000000000   0.000000000000000   0.000000000000000   0.000000000000000   0.000000000000000   0.000000000000000   0.000000000000000   0.000000000000000   0.000000000000000   0.000000000000000   0.000000000000000   0.000000000000000   
1.000000000000000   1.000000000000000   1.000000000000000   0.996073820404777   0.996073820404777   0.996073820404777   1.000000000000000   1.000000000000000   1.000000000000000   0.902796824582803   1.000000000000000   0.902796824582803   1.000000000000000   1.000000000000000   1.000000000000000   1.000000000000000   1.000000000000000   1.000000000000000   1.000000000000000   1.000000000000000   1.000000000000000   1.000000000000000   1.000000000000000   1.000000000000000   1.000000000000000   1.000000000000000   
PATCH 14 
2 1 
13 2 
0.000000000000000   0.000000000000000   0.000000000000000   0.250000000000000   0.250000000000000   0.375000000000000   0.375000000000000   0.500000000000000   0.500000000000000   0.750000000000000   0.750000000000000   0.875000000000000   0.875000000000000   1.000000000000000   1.000000000000000   1.000000000000000   
0.000000000000000   0.000000000000000   1.000000000000000   1.000000000000000   
0.014550000000000   0.014280722655808   0.013886773689430   0.013689799206241   0.013461656817506   0.013233514428770   0.012974204134489   0.012455583545925   0.011812291335175   0.011490645229800   0.011137831218879   0.010785017207957   0.010401035291489   0.019690732792695   0.019132666449052   0.018574600105409   0.018551096345113   0.018545155167137   0.018539213989162   0.018550835393508   0.016854995937830   0.015159156482153   0.012928120580515   0.015008997298866   0.012870050968599   0.015059343697850   
0.000000000000000   0.001373492770604   0.002696146986495   0.003357474094441   0.004006091563708   0.004654709032975   0.005290616863564   0.006562432524743   0.007783409631209   0.008393898184441   0.008991677098996   0.009589456013551   0.010174525289427   0.012829826764788   0.013022842140685   0.013215857516582   0.013205296850354   0.013206949308404   0.013208601766453   0.013222467348779   0.013583166848063   0.013943866347347   0.012004960124893   0.014082700078566   0.012201048129170   0.014280911645733   
1.000000000000000   0.981492966034921   0.972239449052382   0.967612690561113   0.965299311315478   0.962985932069843   0.962985932069843   0.962985932069843   0.972239449052382   0.976866207543652   0.983806345280556   0.990746483017461   1.000000000000000   1.000000000000000   1.000000000000000   1.000000000000000   0.999048389103240   0.999048389103240   0.999048389103240   1.000000000000000   1.000000000000000   1.000000000000000   0.859423552267002   1.000000000000000   0.859423552267002   1.000000000000000   
PATCH 15 
2 1 
4 2 
0.000000000000000   0.000000000000000   0.000000000000000   0.500000000000000   1.000000000000000   1.000000000000000   1.000000000000000   
0.000000000000000   0.000000000000000   1.000000000000000   1.000000000000000   
0.034859404164867   0.034690448322729   0.034310650969191   0.034100242646936   0.018140073756771   0.017945465743741   0.017556249717683   0.017361641704654   
0.034100242646936   0.034310650969191   0.034690448322729   0.034859404164867   0.017361641704654   0.017556249717683   0.017945465743741   0.018140073756771   
1.000000000000000   0.999969704930608   0.999969704930608   1.000000000000000   1.000000000000000   1.000000000000000   1.000000000000000   1.000000000000000   
PATCH 16 
2 2 
4 4 
0.000000000000000   0.000000000000000   0.000000000000000   0.500000000000000   1.000000000000000   1.000000000000000   1.000000000000000   
0.000000000000000   0.000000000000000   0.000000000000000   0.500000000000000   1.000000000000000   1.000000000000000   1.000000000000000   
0.015059343697850   0.015829526212580   0.017369891242040   0.018140073756771   0.014864735684821   0.015634918199551   0.017175283229011   0.017945465743741   0.014475519658762   0.015245702173492   0.016786067202953   0.017556249717683   0.014280911645733   0.015051094160463   0.016591459189923   0.017361641704654   
0.014280911645733   0.015051094160463   0.016591459189923   0.017361641704654   0.014475519658762   0.015245702173492   0.016786067202953   0.017556249717683   0.014864735684821   0.015634918199551   0.017175283229011   0.017945465743741   0.015059343697850   0.015829526212580   0.017369891242040   0.018140073756771   
1.000000000000000   1.000000000000000   1.000000000000000   1.000000000000000   1.000000000000000   1.000000000000000   1.000000000000000   1.000000000000000   1.000000000000000   1.000000000000000   1.000000000000000   1.000000000000000   1.000000000000000   1.000000000000000   1.000000000000000   1.000000000000000   
PATCH 17 
2 1 
4 2 
0.000000000000000   0.000000000000000   0.000000000000000   0.500000000000000   1.000000000000000   1.000000000000000   1.000000000000000   
0.000000000000000   0.000000000000000   1.000000000000000   1.000000000000000   
0.015059343697850   0.014864735684821   0.014475519658762   0.014280911645733   0.010401035291489   0.010344719478877   0.010231464477846   0.010174525289427   
0.014280911645733   0.014475519658762   0.014864735684821   0.015059343697850   0.010174525289427   0.010231464477846   0.010344719478877   0.010401035291489   
1.000000000000000   1.000000000000000   1.000000000000000   1.000000000000000   1.000000000000000   0.999969704930608   0.999969704930608   1.000000000000000   
PATCH 18 
2 1 
4 2 
0.000000000000000   0.000000000000000   0.000000000000000   0.500000000000000   1.000000000000000   1.000000000000000   1.000000000000000   
0.000000000000000   0.000000000000000   1.000000000000000   1.000000000000000   
0.034859404164867   0.034690448322729   0.034310650969191   0.034100242646936   0.038685244377508   0.037197068413715   0.034084833369545   0.032460774289170   
0.034100242646936   0.034310650969191   0.034690448322729   0.034859404164867   0.032460774289170   0.034084833369545   0.037197068413715   0.038685244377508   
1.000000000000000   0.999969704930608   0.999969704930608   1.000000000000000   1.000000000000000   0.998097349045873   0.998097349045873   1.000000000000000   
PATCH 19 
2 1 
4 2 
0.000000000000000   0.000000000000000   0.000000000000000   0.500000000000000   1.000000000000000   1.000000000000000   1.000000000000000   
0.000000000000000   0.000000000000000   1.000000000000000   1.000000000000000   
0.000000000000000   0.002178893568691   0.006520098010365   0.008682408883347   0.000000000000000   0.002200682504378   0.006585298990468   0.008769232972180   
0.050000000000000   0.049904867452294   0.049525061277599   0.049240387650610   0.050500000000000   0.050403916126817   0.050020311890375   0.049732791527117   
1.000000000000000   0.998097349045873   0.998097349045873   1.000000000000000   1.000000000000000   0.998097349045873   0.998097349045873   1.000000000000000   
PATCH 20 
2 1 
4 2 
0.000000000000000   0.000000000000000   0.000000000000000   0.500000000000000   1.000000000000000   1.000000000000000   1.000000000000000   
0.000000000000000   0.000000000000000   1.000000000000000   1.000000000000000   
0.003680851426441   0.004723777714837   0.006809630291629   0.007852556580025   0.000000000000000   0.002178893568691   0.006520098010365   0.008682408883347   
0.048240110974876   0.048108756499948   0.047846047550094   0.047714693075166   0.050000000000000   0.049904867452294   0.049525061277599   0.049240387650610   
1.000000000000000   1.000000000000000   1.000000000000000   1.000000000000000   1.000000000000000   0.998097349045873   0.998097349045873   1.000000000000000   
PATCH 21 
2 1 
13 2 
0.000000000000000   0.000000000000000   0.000000000000000   0.125000000000000   0.125000000000000   0.250000000000000   0.250000000000000   0.500000000000000   0.500000000000000   0.625000000000000   0.625000000000000   0.750000000000000   0.750000000000000   1.000000000000000   1.000000000000000   1.000000000000000   
0.000000000000000   0.000000000000000   1.000000000000000   1.000000000000000   
0.007852556580025   0.007326167209194   0.007985946360639   0.007420005517899   0.008025830459674   0.007908635004000   0.007791439548326   0.007683700123558   0.007686013104714   0.007688326085870   0.007800691472951   0.007905357974917   0.008010024476883   0.008682408883347   0.009214726804819   0.009581094089645   0.010117702652618   0.010618549132052   0.011649576596412   0.012674421028253   0.013202845633558   0.013737982859757   0.014295267275460   0.014855930584556   0.015908555915784   0.016952154169968   
0.047714693075166   0.044043355635567   0.047638388386970   0.043921660891094   0.047489981858619   0.046605778335608   0.045721574812596   0.045084267374633   0.045061354333677   0.045038441292721   0.045629922648772   0.045327299856248   0.045024677063724   0.049240387650610   0.049122375608591   0.048171988158863   0.048120634879393   0.047901889978714   0.047610032465480   0.047301583233960   0.047206561913605   0.047130605234108   0.047122316653454   0.047113578831590   0.046863494973767   0.046575660793100   
1.000000000000000   0.923257686764253   1.000000000000000   0.923257686764253   1.000000000000000   1.000000000000000   1.000000000000000   0.986560445174009   0.986560445174009   0.986560445174009   1.000000000000000   1.000000000000000   1.000000000000000   1.000000000000000   0.999524337261468   0.999167590207569   0.998810843153671   0.998573011784405   0.998097349045873   0.998097349045873   0.998097349045873   0.998216264730506   0.998335180415139   0.998573011784404   0.999048674522936   1.000000000000000   
PATCH 22 
2 2 
13 4 
0.000000000000000   0.000000000000000   0.000000000000000   0.250000000000000   0.250000000000000   0.375000000000000   0.375000000000000   0.500000000000000   0.500000000000000   0.750000000000000   0.750000000000000   0.875000000000000   0.875000000000000   1.000000000000000   1.000000000000000   1.000000000000000   
0.000000000000000   0.000000000000000   0.000000000000000   0.500000000000000   1.000000000000000   1.000000000000000   1.000000000000000   
0.004488916110408   0.004043527518420   0.003598138926432   0.003579923796109   0.003577346086783   0.003574768377458   0.003587828089129   0.003522181206695   0.003456534324260   0.003113487174615   0.003517518404735   0.003237721717799   0.003680851426441   0.005369193202027   0.005008985132544   0.004648777063062   0.004607024368549   0.004604512841266   0.004602001313983   0.004638730953928   0.004618794656021   0.004598858358114   0.004190116760436   0.004634625393711   0.004259833090648   0.004723777714837   0.007129747385264   0.006939900360793   0.006750053336321   0.006661225513430   0.006658846350231   0.006656467187033   0.006740536683527   0.006812021554674   0.006883506425820   0.006343375932078   0.006868839371663   0.006304055836345   0.006809630291629   0.008010024476883   0.007905357974917   0.007800691472951   0.007688326085870   0.007686013104714   0.007683700123558   0.007791439548326   0.007908635004000   0.008025830459674   0.007420005517899   0.007985946360639   0.007326167209194   0.007852556580025   
0.043806850433125   0.045094604747393   0.046382359061660   0.046212073796584   0.046224312505788   0.046236551214993   0.046431313898478   0.047228287044889   0.048025260191300   0.043442775544904   0.048186114799230   0.043561767314550   0.048240110974876   0.044111307090775   0.045152778524606   0.046194249958438   0.045918665670618   0.045933572962760   0.045948480254903   0.046253879127007   0.047072659867568   0.047891440608130   0.043562496881451   0.048049183196165   0.043682164394804   0.048108756499948   0.044720220406074   0.045269126079034   0.045818031751994   0.045331849418687   0.045352093876705   0.045372338334723   0.045899009584067   0.046761405512928   0.047623801441789   0.043801939554546   0.047775319990035   0.043922958555313   0.047846047550094   0.045024677063724   0.045327299856248   0.045629922648772   0.045038441292721   0.045061354333677   0.045084267374633   0.045721574812596   0.046605778335608   0.047489981858619   0.043921660891094   0.047638388386970   0.044043355635567   0.047714693075166   
1.000000000000000   1.000000000000000   1.000000000000000   0.996073820404777   0.996073820404777   0.996073820404777   1.000000000000000   1.000000000000000   1.000000000000000   0.902796824582803   1.000000000000000   0.902796824582803   1.000000000000000   1.000000000000000   1.000000000000000   1.000000000000000   0.993695476597085   0.993695476597085   0.993695476597085   1.000000000000000   1.000000000000000   1.000000000000000   0.907912040128166   1.000000000000000   0.907912040128166   1.000000000000000   1.000000000000000   1.000000000000000   1.000000000000000   0.988938788981701   0.988938788981701   0.988938788981701   1.000000000000000   1.000000000000000   1.000000000000000   0.918142471218890   1.000000000000000   0.918142471218890   1.000000000000000   1.000000000000000   1.000000000000000   1.000000000000000   0.986560445174009   0.986560445174009   0.986560445174009   1.000000000000000   1.000000000000000   1.000000000000000   0.923257686764253   1.000000000000000   0.923257686764253   1.000000000000000   
PATCH 23 
2 1 
13 2 
0.000000000000000   0.000000000000000   0.000000000000000   0.125000000000000   0.125000000000000   0.250000000000000   0.250000000000000   0.500000000000000   0.500000000000000   0.625000000000000   0.625000000000000   0.750000000000000   0.750000000000000   1.000000000000000   1.000000000000000   1.000000000000000   
0.000000000000000   0.000000000000000   1.000000000000000   1.000000000000000   
0.008682408883347   0.009214726804819   0.009581094089645   0.010117702652618   0.010618549132052   0.011649576596412   0.012674421028253   0.013202845633558   0.013737982859757   0.014295267275460   0.014855930584556   0.015908555915784   0.016952154169968   0.008769232972180   0.009306874072867   0.009842960902535   0.010379047732203   0.010913580290852   0.011982645408149   0.013045493441370   0.013576917457981   0.014106787203572   0.014636656949163   0.015164972423735   0.016221603372879   0.017272017237946   
0.049240387650610   0.049122375608591   0.048171988158863   0.048120634879393   0.047901889978714   0.047610032465480   0.047301583233960   0.047206561913605   0.047130605234108   0.047122316653454   0.047113578831590   0.046863494973767   0.046575660793100   0.049732791527117   0.049613599364677   0.049488606583825   0.049363613802972   0.049232820403708   0.048971233605179   0.048686444333000   0.048544049696911   0.048395854442409   0.048247659187908   0.048093663314994   0.047785671569166   0.047454477349688   
1.000000000000000   0.999524337261468   0.999167590207569   0.998810843153671   0.998573011784405   0.998097349045873   0.998097349045873   0.998097349045873   0.998216264730506   0.998335180415139   0.998573011784404   0.999048674522936   1.000000000000000   1.000000000000000   0.999524337261468   0.999167590207569   0.998810843153671   0.998573011784405   0.998097349045873   0.998097349045873   0.998097349045873   0.998216264730506   0.998335180415139   0.998573011784404   0.999048674522936   1.000000000000000   
PATCH 24 
2 1 
6 2 
0.000000000000000   0.000000000000000   0.000000000000000   0.250000000000000   0.500000000000000   0.750000000000000   1.000000000000000   1.000000000000000   1.000000000000000   
0.000000000000000   0.000000000000000   1.000000000000000   1.000000000000000   
0.016952154169968   0.018033828538071   0.020007958977398   0.021922821615953   0.023931790355489   0.024976124356964   0.017272017237946   0.018289568482936   0.020304367573183   0.022298863263696   0.024273055554476   0.025250000000000   
0.046575660793100   0.046375339420302   0.045472827228681   0.044453920317411   0.043620818986015   0.043259916362419   0.047454477349688   0.047032993823604   0.046146485990198   0.045216437375554   0.044242847979673   0.043734282891114   
1.000000000000000   0.999048674522936   0.998097349045873   0.998097349045873   0.999048674522936   1.000000000000000   1.000000000000000   0.999048674522936   0.998097349045873   0.998097349045873   0.999048674522936   1.000000000000000   
PATCH 25 
2 1 
6 2 
0.000000000000000   0.000000000000000   0.000000000000000   0.250000000000000   0.500000000000000   0.750000000000000   1.000000000000000   1.000000000000000   1.000000000000000   
0.000000000000000   0.000000000000000   1.000000000000000   1.000000000000000   
0.016952154169968   0.018033828538071   0.020007958977398   0.021922821615953   0.023931790355489   0.024976124356964   0.008010024476883   0.009052638308681   0.011137865972276   0.013223093635871   0.015308321299466   0.016350935131263   
0.046575660793100   0.046375339420302   0.045472827228681   0.044453920317411   0.043620818986015   0.043259916362419   0.045024677063724   0.042010162358670   0.035981132948562   0.029952103538455   0.023923074128347   0.020908559423293   
1.000000000000000   0.999048674522936   0.998097349045873   0.998097349045873   0.999048674522936   1.000000000000000   1.000000000000000   1.000000000000000   1.000000000000000   1.000000000000000   1.000000000000000   1.000000000000000   
PATCH 26 
2 1 
13 2 
0.000000000000000   0.000000000000000   0.000000000000000   0.250000000000000   0.250000000000000   0.375000000000000   0.375000000000000   0.500000000000000   0.500000000000000   0.750000000000000   0.750000000000000   0.875000000000000   0.875000000000000   1.000000000000000   1.000000000000000   1.000000000000000   
0.000000000000000   0.000000000000000   1.000000000000000   1.000000000000000   
0.024976124356964   0.026283140245389   0.027566797344601   0.028170986792979   0.028783011638497   0.029344135661675   0.030023344509013   0.030909449055835   0.031813377336397   0.032399256172903   0.032921379339107   0.033530228711775   0.034100242646936   0.016350935131263   0.016550357237002   0.016749779342741   0.016739679701902   0.016741681450718   0.016743683199533   0.016757786338002   0.017079506900554   0.017401227463106   0.015844692390916   0.015834795951303   0.015824899511690   0.017361641704654   
0.043259916362419   0.042399630932754   0.041508990989081   0.041008163195648   0.040522196407530   0.039968465976876   0.039576326918215   0.038193753734025   0.036881540133705   0.036391813292661   0.035831592451170   0.035367180084899   0.034859404164867   0.020908559423293   0.020331969268887   0.019755379114480   0.019736395300471   0.019731471827431   0.019726548354391   0.019735685222321   0.019051123755662   0.018366562289003   0.016645851606763   0.016589229473705   0.016532607340647   0.018140073756771   
1.000000000000000   0.998037067991746   0.997055601987619   0.996564868985556   0.996319502484524   0.996074135983492   0.996074135983492   0.996074135983492   0.997055601987619   0.997546334989683   0.998282434492778   0.999018533995873   1.000000000000000   1.000000000000000   1.000000000000000   1.000000000000000   0.999293310963241   0.999293310963241   0.999293310963241   1.000000000000000   1.000000000000000   1.000000000000000   0.909145283821492   0.909145283821492   0.909145283821492   1.000000000000000   
PATCH 27 
2 2 
6 4 
0.000000000000000   0.000000000000000   0.000000000000000   0.250000000000000   0.500000000000000   0.750000000000000   1.000000000000000   1.000000000000000   1.000000000000000   
0.000000000000000   0.000000000000000   0.000000000000000   0.500000000000000   1.000000000000000   1.000000000000000   1.000000000000000   
0.012829826764788   0.011787212932991   0.009701985269396   0.007616757605801   0.005531529942205   0.004488916110408   0.013710103856407   0.012667490024609   0.010582262361014   0.008497034697419   0.006411807033824   0.005369193202027   0.015470658039645   0.014428044207847   0.012342816544252   0.010257588880657   0.008172361217062   0.007129747385264   0.016350935131263   0.015308321299466   0.013223093635871   0.011137865972276   0.009052638308681   0.008010024476883   
0.019690732792695   0.022705247497749   0.028734276907856   0.034763306317964   0.040792335728072   0.043806850433125   0.019995189450344   0.023009704155398   0.029038733565506   0.035067762975614   0.041096792385721   0.044111307090775   0.020604102765643   0.023618617470697   0.029647646880805   0.035676676290913   0.041705705701020   0.044720220406074   0.020908559423293   0.023923074128347   0.029952103538455   0.035981132948562   0.042010162358670   0.045024677063724   
1.000000000000000   1.000000000000000   1.000000000000000   1.000000000000000   1.000000000000000   1.000000000000000   1.000000000000000   1.000000000000000   1.000000000000000   1.000000000000000   1.000000000000000   1.000000000000000   1.000000000000000   1.000000000000000   1.000000000000000   1.000000000000000   1.000000000000000   1.000000000000000   1.000000000000000   1.000000000000000   1.000000000000000   1.000000000000000   1.000000000000000   1.000000000000000   
PATCH 28 
2 2 
13 4 
0.000000000000000   0.000000000000000   0.000000000000000   0.250000000000000   0.250000000000000   0.375000000000000   0.375000000000000   0.500000000000000   0.500000000000000   0.750000000000000   0.750000000000000   0.875000000000000   0.875000000000000   1.000000000000000   1.000000000000000   1.000000000000000   
0.000000000000000   0.000000000000000   0.000000000000000   0.500000000000000   1.000000000000000   1.000000000000000   1.000000000000000   
0.012829826764788   0.013022842140685   0.013215857516582   0.013205296850354   0.013206949308404   0.013208601766453   0.013222467348779   0.013583166848063   0.013943866347347   0.012004960124893   0.014082700078566   0.012201048129170   0.014280911645733   0.013710103856407   0.013904720914764   0.014099337973122   0.014088892563241   0.014090632343982   0.014092372124723   0.014106297096085   0.014457251861186   0.014808206626287   0.012964893191399   0.014520724046750   0.013107010974800   0.015051094160463   0.015470658039645   0.015668478462923   0.015866298886201   0.015856083989015   0.015857998415139   0.015859912841263   0.015873956590697   0.016205421887431   0.016536887184166   0.014884759324410   0.015396771983118   0.014918936666060   0.016591459189923   0.016350935131263   0.016550357237002   0.016749779342741   0.016739679701902   0.016741681450718   0.016743683199533   0.016757786338002   0.017079506900554   0.017401227463106   0.015844692390916   0.015834795951303   0.015824899511690   0.017361641704654   
0.019690732792695   0.019132666449052   0.018574600105409   0.018551096345113   0.018545155167137   0.018539213989162   0.018550835393508   0.016854995937830   0.015159156482153   0.012928120580515   0.015008997298866   0.012870050968599   0.015059343697850   0.019995189450344   0.019432492154010   0.018869794857677   0.018847421083952   0.018841734332211   0.018836047580469   0.018847047850711   0.017404027892288   0.015961007933865   0.013857553337077   0.015404055342576   0.013785690061611   0.015829526212580   0.020604102765643   0.020032143563928   0.019460184362212   0.019440070561631   0.019434892662357   0.019429714763084   0.019439472765117   0.018502091801204   0.017564710837290   0.015716418850201   0.016194171429995   0.015616968247635   0.017369891242040   0.020908559423293   0.020331969268887   0.019755379114480   0.019736395300471   0.019731471827431   0.019726548354391   0.019735685222321   0.019051123755662   0.018366562289003   0.016645851606763   0.016589229473705   0.016532607340647   0.018140073756771   
1.000000000000000   1.000000000000000   1.000000000000000   0.999048389103240   0.999048389103240   0.999048389103240   1.000000000000000   1.000000000000000   1.000000000000000   0.859423552267002   1.000000000000000   0.859423552267002   1.000000000000000   1.000000000000000   1.000000000000000   1.000000000000000   0.999109619568241   0.999109619568241   0.999109619568241   1.000000000000000   1.000000000000000   1.000000000000000   0.871853985155624   0.977286320955373   0.871853985155624   1.000000000000000   1.000000000000000   1.000000000000000   1.000000000000000   0.999232080498241   0.999232080498241   0.999232080498241   1.000000000000000   1.000000000000000   1.000000000000000   0.896714850932869   0.931858962866119   0.896714850932869   1.000000000000000   1.000000000000000   1.000000000000000   1.000000000000000   0.999293310963241   0.999293310963241   0.999293310963241   1.000000000000000   1.000000000000000   1.000000000000000   0.909145283821492   0.909145283821492   0.909145283821492   1.000000000000000   
PATCH 29 
2 1 
13 2 
0.000000000000000   0.000000000000000   0.000000000000000   0.250000000000000   0.250000000000000   0.375000000000000   0.375000000000000   0.500000000000000   0.500000000000000   0.750000000000000   0.750000000000000   0.875000000000000   0.875000000000000   1.000000000000000   1.000000000000000   1.000000000000000   
0.000000000000000   0.000000000000000   1.000000000000000   1.000000000000000   
0.024976124356964   0.026283140245389   0.027566797344601   0.028170986792979   0.028783011638497   0.029344135661675   0.030023344509013   0.030909449055835   0.031813377336397   0.032399256172903   0.032921379339107   0.033530228711775   0.034100242646936   0.025250000000000   0.026178902508932   0.027094027156471   0.027551589480241   0.028005707338662   0.028459825197083   0.028910498590156   0.029811845376303   0.030699414301056   0.031143198763433   0.031583538760461   0.032023878757490   0.032460774289170   
0.043259916362419   0.042399630932754   0.041508990989081   0.041008163195648   0.040522196407530   0.039968465976876   0.039576326918215   0.038193753734025   0.036881540133705   0.036391813292661   0.035831592451170   0.035367180084899   0.034859404164867   0.043734282891114   0.043142506727484   0.042531053738569   0.042225327244111   0.041914681543332   0.041604035842553   0.041288470935453   0.040657341121252   0.040006534481766   0.039681131162023   0.039350808635958   0.039020486109894   0.038685244377508   
1.000000000000000   0.998037067991746   0.997055601987619   0.996564868985556   0.996319502484524   0.996074135983492   0.996074135983492   0.996074135983492   0.997055601987619   0.997546334989683   0.998282434492778   0.999018533995873   1.000000000000000   1.000000000000000   0.999048674522937   0.998573011784405   0.998335180415139   0.998216264730506   0.998097349045873   0.998097349045873   0.998097349045873   0.998573011784405   0.998810843153671   0.999167590207569   0.999524337261468   1.000000000000000   
PATCH 30 
2 1 
6 2 
0.000000000000000   0.000000000000000   0.000000000000000   0.250000000000000   0.500000000000000   0.750000000000000   1.000000000000000   1.000000000000000   1.000000000000000   
0.000000000000000   0.000000000000000   1.000000000000000   1.000000000000000   
0.012829826764788   0.011787212932991   0.009701985269396   0.007616757605801   0.005531529942205   0.004488916110408   0.000000000000000   0.000000000000000   0.000000000000000   0.000000000000000   0.000000000000000   0.000000000000000   
0.019690732792695   0.022705247497749   0.028734276907856   0.034763306317964   0.040792335728072   0.043806850433125   0.014550000000000   0.018207106304141   0.025521318912422   0.032835531520703   0.040149744128985   0.043806850433125   
1.000000000000000   1.000000000000000   1.000000000000000   1.000000000000000   1.000000000000000   1.000000000000000   1.000000000000000   1.000000000000000   1.000000000000000   1.000000000000000   1.000000000000000   1.000000000000000   
PATCH 31 
2 1 
13 2 
0.000000000000000   0.000000000000000   0.000000000000000   0.250000000000000   0.250000000000000   0.375000000000000   0.375000000000000   0.500000000000000   0.500000000000000   0.750000000000000   0.750000000000000   0.875000000000000   0.875000000000000   1.000000000000000   1.000000000000000   1.000000000000000   
0.000000000000000   0.000000000000000   1.000000000000000   1.000000000000000   
0.004488916110408   0.004043527518420   0.003598138926432   0.003579923796109   0.003577346086783   0.003574768377458   0.003587828089129   0.003522181206695   0.003456534324260   0.003113487174615   0.003517518404735   0.003237721717799   0.003680851426441   0.000000000000000   0.000000000000000   0.000000000000000   0.000000000000000   0.000000000000000   0.000000000000000   0.000000000000000   0.000000000000000   0.000000000000000   0.000000000000000   0.000000000000000   0.000000000000000   0.000000000000000   
0.043806850433125   0.045094604747393   0.046382359061660   0.046212073796584   0.046224312505788   0.046236551214993   0.046431313898478   0.047228287044889   0.048025260191300   0.043442775544904   0.048186114799230   0.043561767314550   0.048240110974876   0.043806850433125   0.044580994128985   0.045355137824844   0.045742209672774   0.046129281520703   0.046516353368633   0.046903425216563   0.047677568912422   0.048451712608281   0.048838784456211   0.049225856304141   0.049612928152070   0.050000000000000   
1.000000000000000   1.000000000000000   1.000000000000000   0.996073820404777   0.996073820404777   0.996073820404777   1.000000000000000   1.000000000000000   1.000000000000000   0.902796824582803   1.000000000000000   0.902796824582803   1.000000000000000   1.000000000000000   1.000000000000000   1.000000000000000   1.000000000000000   1.000000000000000   1.000000000000000   1.000000000000000   1.000000000000000   1.000000000000000   1.000000000000000   1.000000000000000   1.000000000000000   1.000000000000000   
PATCH 32 
2 1 
13 2 
0.000000000000000   0.000000000000000   0.000000000000000   0.250000000000000   0.250000000000000   0.375000000000000   0.375000000000000   0.500000000000000   0.500000000000000   0.750000000000000   0.750000000000000   0.875000000000000   0.875000000000000   1.000000000000000   1.000000000000000   1.000000000000000   
0.000000000000000   0.000000000000000   1.000000000000000   1.000000000000000   
0.000000000000000   0.001373492770604   0.002696146986495   0.003357474094441   0.004006091563708   0.004654709032975   0.005290616863564   0.006562432524743   0.007783409631209   0.008393898184441   0.008991677098996   0.009589456013551   0.010174525289427   0.012829826764788   0.013022842140685   0.013215857516582   0.013205296850354   0.013206949308404   0.013208601766453   0.013222467348779   0.013583166848063   0.013943866347347   0.012004960124893   0.014082700078566   0.012201048129170   0.014280911645733   
0.014550000000000   0.014280722655808   0.013886773689430   0.013689799206241   0.013461656817506   0.013233514428770   0.012974204134489   0.012455583545925   0.011812291335175   0.011490645229800   0.011137831218879   0.010785017207957   0.010401035291489   0.019690732792695   0.019132666449052   0.018574600105409   0.018551096345113   0.018545155167137   0.018539213989162   0.018550835393508   0.016854995937830   0.015159156482153   0.012928120580515   0.015008997298866   0.012870050968599   0.015059343697850   
1.000000000000000   0.981492966034921   0.972239449052382   0.967612690561113   0.965299311315478   0.962985932069843   0.962985932069843   0.962985932069843   0.972239449052382   0.976866207543652   0.983806345280556   0.990746483017461   1.000000000000000   1.000000000000000   1.000000000000000   1.000000000000000   0.999048389103240   0.999048389103240   0.999048389103240   1.000000000000000   1.000000000000000   1.000000000000000   0.859423552267002   1.000000000000000   0.859423552267002   1.000000000000000   
INTERFACE 1 
1 2 
5 1 
1 
INTERFACE 2 
1 3 
2 4 
1 
INTERFACE 3 
2 1 
13 2 
1 
INTERFACE 4 
2 2 
3 1 
1 
INTERFACE 5 
2 3 
4 2 
1 
INTERFACE 6 
3 2 
7 1 
-1 
INTERFACE 7 
3 3 
4 4 
-1 
INTERFACE 8 
3 4 
5 3 
1 
INTERFACE 9 
4 1 
9 2 
1 
INTERFACE 10 
4 3 
13 3 
1 
INTERFACE 11 
5 2 
6 1 
1 
INTERFACE 12 
6 2 
11 1 
1 
INTERFACE 13 
6 3 
7 3 
1 
INTERFACE 14 
7 2 
8 1 
1 
INTERFACE 15 
7 4 
9 4 
-1 
INTERFACE 16 
8 2 
15 1 
1 
INTERFACE 17 
8 3 
11 3 
1 
INTERFACE 18 
8 4 
10 4 
1 
INTERFACE 19 
9 1 
10 1 
1 
INTERFACE 20 
9 3 
12 3 
1 
INTERFACE 21 
10 2 
16 3 
1 
INTERFACE 22 
10 3 
14 4 
1 
INTERFACE 23 
11 2 
18 1 
1 
INTERFACE 24 
12 1 
14 1 
-1 
INTERFACE 25 
12 2 
13 1 
1 
INTERFACE 26 
14 2 
17 1 
-1 
INTERFACE 27 
15 2 
26 2 
1 
INTERFACE 28 
15 3 
18 3 
1 
INTERFACE 29 
15 4 
16 2 
1 
INTERFACE 30 
16 1 
17 3 
1 
INTERFACE 31 
16 4 
28 2 
1 
INTERFACE 32 
17 2 
32 2 
-1 
INTERFACE 33 
18 2 
29 2 
1 
INTERFACE 34 
19 2 
23 1 
1 
INTERFACE 35 
19 3 
20 4 
1 
INTERFACE 36 
20 1 
31 2 
1 
INTERFACE 37 
20 2 
21 1 
1 
INTERFACE 38 
20 3 
22 2 
1 
INTERFACE 39 
21 2 
25 1 
-1 
INTERFACE 40 
21 3 
22 4 
-1 
INTERFACE 41 
21 4 
23 3 
1 
INTERFACE 42 
22 1 
27 2 
1 
INTERFACE 43 
22 3 
31 3 
1 
INTERFACE 44 
23 2 
24 1 
1 
INTERFACE 45 
24 2 
29 1 
1 
INTERFACE 46 
24 3 
25 3 
1 
INTERFACE 47 
25 2 
26 1 
1 
INTERFACE 48 
25 4 
27 4 
-1 
INTERFACE 49 
26 3 
29 3 
1 
INTERFACE 50 
26 4 
28 4 
1 
INTERFACE 51 
27 1 
28 1 
1 
INTERFACE 52 
27 3 
30 3 
1 
INTERFACE 53 
28 3 
32 4 
1 
INTERFACE 54 
30 1 
32 1 
-1 
INTERFACE 55 
30 2 
31 1 
1 
BOUNDARY 1 
1 
1 1 
BOUNDARY 2 
1 
1 4 
BOUNDARY 3 
1 
5 4 
BOUNDARY 4 
1 
6 4 
BOUNDARY 5 
1 
11 4 
BOUNDARY 6 
1 
12 4 
BOUNDARY 7 
1 
13 4 
BOUNDARY 8 
1 
14 3 
BOUNDARY 9 
1 
17 4 
BOUNDARY 10 
1 
18 4 
BOUNDARY 11 
1 
19 1 
BOUNDARY 12 
1 
19 4 
BOUNDARY 13 
1 
23 4 
BOUNDARY 14 
1 
24 4 
BOUNDARY 15 
1 
29 4 
BOUNDARY 16 
1 
30 4 
BOUNDARY 17 
1 
31 4 
BOUNDARY 18 
1 
32 3 
