# nurbs mesh v.2.1
#
# 14-Jul-2024
#
2 2 32 55 0 
PATCH 1 
2 1 
4 2 
0.000000000000000   0.000000000000000   0.000000000000000   0.500000000000000   1.000000000000000   1.000000000000000   1.000000000000000   
0.000000000000000   0.000000000000000   1.000000000000000   1.000000000000000   
0.050000000000000   0.049904867452294   0.049525061277599   0.049240387650610   0.050500000000000   0.050403916126817   0.050020311890375   0.049732791527117   
0.000000000000000   0.002178893568691   0.006520098010365   0.008682408883347   0.000000000000000   0.002200682504378   0.006585298990468   0.008769232972180   
1.000000000000000   0.998097349045873   0.998097349045873   1.000000000000000   1.000000000000000   0.998097349045873   0.998097349045873   1.000000000000000   
PATCH 2 
2 1 
4 2 
0.000000000000000   0.000000000000000   0.000000000000000   0.500000000000000   1.000000000000000   1.000000000000000   1.000000000000000   
0.000000000000000   0.000000000000000   1.000000000000000   1.000000000000000   
0.048325916676396   0.048198137381206   0.047942578790826   0.047814799495637   0.050000000000000   0.049904867452294   0.049525061277599   0.049240387650610   
0.003277619747006   0.004423581970685   0.006715506418041   0.007861468641720   0.000000000000000   0.002178893568691   0.006520098010365   0.008682408883347   
1.000000000000000   1.000000000000000   1.000000000000000   1.000000000000000   1.000000000000000   0.998097349045873   0.998097349045873   1.000000000000000   
PATCH 3 
2 1 
13 2 
0.000000000000000   0.000000000000000   0.000000000000000   0.125000000000000   0.125000000000000   0.250000000000000   0.250000000000000   0.500000000000000   0.500000000000000   0.625000000000000   0.625000000000000   0.750000000000000   0.750000000000000   1.000000000000000   1.000000000000000   1.000000000000000   
0.000000000000000   0.000000000000000   1.000000000000000   1.000000000000000   
0.047814799495637   0.043471926472549   0.047729235778931   0.043334748880651   0.047565310257201   0.045552365010725   0.043539419764248   0.042790304892681   0.042764723475975   0.042739142059269   0.043437094097425   0.043201308799926   0.042965523502427   0.049240387650610   0.049122375608591   0.048467342188036   0.048475059121451   0.048240166509477   0.048011044033031   0.047807294927190   0.047669341746325   0.047588883415705   0.047511419306512   0.047417199557561   0.047155119711765   0.046881382494796   
0.007861468641720   0.007231638227083   0.008004183205745   0.007325823707294   0.008032766762677   0.007505019787129   0.006977272811582   0.006854703620461   0.006854762069314   0.006854820518167   0.006977506606994   0.007040476875330   0.007103447143666   0.008682408883347   0.009214726804819   0.009639838078661   0.010192222847603   0.010693535859376   0.011747699087205   0.012809926068057   0.013332277018646   0.013871565226724   0.014413307448738   0.014951668767494   0.016007552553859   0.017063427769354   
1.000000000000000   0.909365862835774   1.000000000000000   0.909365862835774   1.000000000000000   1.000000000000000   1.000000000000000   0.983362899462070   0.983362899462070   0.983362899462070   1.000000000000000   1.000000000000000   1.000000000000000   1.000000000000000   0.999524337261468   0.999167590207569   0.998810843153671   0.998573011784405   0.998097349045873   0.998097349045873   0.998097349045873   0.998216264730506   0.998335180415139   0.998573011784404   0.999048674522936   1.000000000000000   
PATCH 4 
2 2 
13 4 
0.000000000000000   0.000000000000000   0.000000000000000   0.250000000000000   0.250000000000000   0.375000000000000   0.375000000000000   0.500000000000000   0.500000000000000   0.750000000000000   0.750000000000000   0.875000000000000   0.875000000000000   1.000000000000000   1.000000000000000   1.000000000000000   
0.000000000000000   0.000000000000000   0.000000000000000   0.500000000000000   1.000000000000000   1.000000000000000   1.000000000000000   
0.042193562892611   0.044044094687221   0.045894626481830   0.045803711907430   0.045812903141830   0.045822094376230   0.045931391419429   0.047021850140359   0.048112308861290   0.043634387533831   0.048271146460703   0.043752381301830   0.048325916676396   0.042386553045065   0.043833398215397   0.045280243385729   0.045037569445390   0.045050858225366   0.045064147005342   0.045333398505634   0.046654478857951   0.047975559210268   0.043559477870536   0.048135668790260   0.043682267594510   0.048198137381206   0.042772533349973   0.043412005271750   0.044051477193526   0.043505284521310   0.043526768392439   0.043548252263568   0.044137412678043   0.045919736293133   0.047702059908223   0.043409658543946   0.047864713449374   0.043542040179869   0.047942578790826   0.042965523502427   0.043201308799926   0.043437094097425   0.042739142059269   0.042764723475975   0.042790304892681   0.043539419764248   0.045552365010725   0.047565310257201   0.043334748880651   0.047729235778931   0.043471926472549   0.047814799495637   
0.004212924888449   0.003718710512458   0.003224496136467   0.003215070571295   0.003213515335166   0.003211960099038   0.003218275191952   0.003137141402582   0.003056007613212   0.002759885438029   0.003116659372040   0.002882300672170   0.003277619747006   0.004935555452253   0.004549152103176   0.004162748754099   0.004125008058013   0.004123827018703   0.004122645979393   0.004158024596859   0.004229110998719   0.004300197400578   0.003901370005345   0.004338540330466   0.003969635060898   0.004423581970685   0.006380816579862   0.006210035284612   0.006039253989362   0.005944883031449   0.005944450385777   0.005944017740105   0.006037523406674   0.006413050190993   0.006788576975311   0.006184339139978   0.006782302247319   0.006144303838355   0.006715506418041   0.007103447143666   0.007040476875330   0.006977506606994   0.006854820518167   0.006854762069314   0.006854703620461   0.006977272811582   0.007505019787129   0.008032766762677   0.007325823707294   0.008004183205745   0.007231638227083   0.007861468641720   
1.000000000000000   1.000000000000000   1.000000000000000   0.997822821162167   0.997822821162167   0.997822821162167   1.000000000000000   1.000000000000000   1.000000000000000   0.905165665650823   1.000000000000000   0.905165665650823   1.000000000000000   1.000000000000000   1.000000000000000   1.000000000000000   0.994207840737143   0.994207840737143   0.994207840737143   1.000000000000000   1.000000000000000   1.000000000000000   0.906215714947061   1.000000000000000   0.906215714947061   1.000000000000000   1.000000000000000   1.000000000000000   1.000000000000000   0.986977879887094   0.986977879887094   0.986977879887094   1.000000000000000   1.000000000000000   1.000000000000000   0.908315813539537   1.000000000000000   0.908315813539537   1.000000000000000   1.000000000000000   1.000000000000000   1.000000000000000   0.983362899462070   0.983362899462070   0.983362899462070   1.000000000000000   1.000000000000000   1.000000000000000   0.909365862835774   1.000000000000000   0.909365862835774   1.000000000000000   
PATCH 5 
2 1 
13 2 
0.000000000000000   0.000000000000000   0.000000000000000   0.125000000000000   0.125000000000000   0.250000000000000   0.250000000000000   0.500000000000000   0.500000000000000   0.625000000000000   0.625000000000000   0.750000000000000   0.750000000000000   1.000000000000000   1.000000000000000   1.000000000000000   
0.000000000000000   0.000000000000000   1.000000000000000   1.000000000000000   
0.049240387650610   0.049122375608591   0.048467342188036   0.048475059121451   0.048240166509477   0.048011044033031   0.047807294927190   0.047669341746325   0.047588883415705   0.047511419306512   0.047417199557561   0.047155119711765   0.046881382494796   0.049732791527117   0.049613599364677   0.049488606583825   0.049363613802972   0.049232820403708   0.048971233605179   0.048686444333000   0.048544049696911   0.048395854442409   0.048247659187908   0.048093663314994   0.047785671569166   0.047454477349688   
0.008682408883347   0.009214726804819   0.009639838078661   0.010192222847603   0.010693535859376   0.011747699087205   0.012809926068057   0.013332277018646   0.013871565226724   0.014413307448738   0.014951668767494   0.016007552553859   0.017063427769354   0.008769232972180   0.009306874072867   0.009842960902535   0.010379047732203   0.010913580290852   0.011982645408149   0.013045493441370   0.013576917457981   0.014106787203572   0.014636656949163   0.015164972423735   0.016221603372879   0.017272017237946   
1.000000000000000   0.999524337261468   0.999167590207569   0.998810843153671   0.998573011784405   0.998097349045873   0.998097349045873   0.998097349045873   0.998216264730506   0.998335180415139   0.998573011784404   0.999048674522936   1.000000000000000   1.000000000000000   0.999524337261468   0.999167590207569   0.998810843153671   0.998573011784405   0.998097349045873   0.998097349045873   0.998097349045873   0.998216264730506   0.998335180415139   0.998573011784404   0.999048674522936   1.000000000000000   
PATCH 6 
2 1 
6 2 
0.000000000000000   0.000000000000000   0.000000000000000   0.250000000000000   0.500000000000000   0.750000000000000   1.000000000000000   1.000000000000000   1.000000000000000   
0.000000000000000   0.000000000000000   1.000000000000000   1.000000000000000   
0.046881382494796   0.046547604028626   0.045678245936875   0.044614595776108   0.043708452014199   0.043294021433021   0.047454477349688   0.047032993823604   0.046146485990198   0.045216437375554   0.044242847979673   0.043734282891114   
0.017063427769354   0.018100816520230   0.020098342825011   0.022002060058680   0.023979868665513   0.024995814928656   0.017272017237946   0.018289568482936   0.020304367573183   0.022298863263696   0.024273055554476   0.025250000000000   
1.000000000000000   0.999048674522936   0.998097349045873   0.998097349045873   0.999048674522936   1.000000000000000   1.000000000000000   0.999048674522936   0.998097349045873   0.998097349045873   0.999048674522936   1.000000000000000   
PATCH 7 
2 1 
6 2 
0.000000000000000   0.000000000000000   0.000000000000000   0.250000000000000   0.500000000000000   0.750000000000000   1.000000000000000   1.000000000000000   1.000000000000000   
0.000000000000000   0.000000000000000   1.000000000000000   1.000000000000000   
0.046881382494796   0.046547604028626   0.045678245936875   0.044614595776108   0.043708452014199   0.043294021433021   0.042965523502427   0.039854756235974   0.033633221703068   0.027411687170162   0.021190152637256   0.018079385370802   
0.017063427769354   0.018100816520230   0.020098342825011   0.022002060058680   0.023979868665513   0.024995814928656   0.007103447143666   0.007934227737613   0.009595788925507   0.011257350113401   0.012918911301296   0.013749691895243   
1.000000000000000   0.999048674522936   0.998097349045873   0.998097349045873   0.999048674522936   1.000000000000000   1.000000000000000   1.000000000000000   1.000000000000000   1.000000000000000   1.000000000000000   1.000000000000000   
PATCH 8 
2 1 
13 2 
0.000000000000000   0.000000000000000   0.000000000000000   0.250000000000000   0.250000000000000   0.375000000000000   0.375000000000000   0.500000000000000   0.500000000000000   0.750000000000000   0.750000000000000   0.875000000000000   0.875000000000000   1.000000000000000   1.000000000000000   1.000000000000000   
0.000000000000000   0.000000000000000   1.000000000000000   1.000000000000000   
0.043294021433021   0.042422755803871   0.041516489164982   0.041018773790716   0.040491342122303   0.040059894676266   0.039651907074129   0.038360843195772   0.036864704497747   0.036278768340683   0.035702875705227   0.035218334631189   0.034713718666541   0.018079385370802   0.017613723834566   0.017148062298330   0.016950613998459   0.016932502385913   0.016914390773367   0.017075615848147   0.016499100375513   0.015922584902878   0.013856363679869   0.013789995580627   0.013723627481385   0.015657112505912   
0.024995814928656   0.026302895451060   0.027582821954471   0.028192223752725   0.028777996543247   0.029431230817522   0.030103819705939   0.031074085625266   0.031834622303214   0.032337804268597   0.032845844857071   0.033435595823718   0.034008081189696   0.013749691895243   0.013874054322424   0.013998416749605   0.013858444271495   0.013867531206948   0.013876618142402   0.014034764491420   0.014490637370475   0.014946510249531   0.013097136532047   0.013093271867206   0.013089407202366   0.014931051590170   
1.000000000000000   0.998025473581553   0.997038210372330   0.996544578767719   0.996297762965413   0.996050947163107   0.996050947163107   0.996050947163107   0.997038210372330   0.997531841976942   0.998272289383859   0.999012736790777   1.000000000000000   1.000000000000000   1.000000000000000   1.000000000000000   0.989627335201325   0.989627335201325   0.989627335201325   1.000000000000000   1.000000000000000   1.000000000000000   0.873508358966798   0.873508358966798   0.873508358966798   1.000000000000000   
PATCH 9 
2 2 
6 4 
0.000000000000000   0.000000000000000   0.000000000000000   0.250000000000000   0.500000000000000   0.750000000000000   1.000000000000000   1.000000000000000   1.000000000000000   
0.000000000000000   0.000000000000000   0.000000000000000   0.500000000000000   1.000000000000000   1.000000000000000   1.000000000000000   
0.017307424760986   0.020418192027440   0.026639726560346   0.032861261093252   0.039082795626158   0.042193562892611   0.017500414913440   0.020611182179894   0.026832716712800   0.033054251245706   0.039275785778612   0.042386553045065   0.017886395218348   0.020997162484802   0.027218697017708   0.033440231550614   0.039661766083520   0.042772533349973   0.018079385370802   0.021190152637256   0.027411687170162   0.033633221703068   0.039854756235974   0.042965523502427   
0.010859169640025   0.010028389046078   0.008366827858184   0.006705266670290   0.005043705482396   0.004212924888449   0.011581800203829   0.010751019609882   0.009089458421988   0.007427897234094   0.005766336046200   0.004935555452253   0.013027061331438   0.012196280737491   0.010534719549597   0.008873158361703   0.007211597173809   0.006380816579862   0.013749691895243   0.012918911301296   0.011257350113401   0.009595788925507   0.007934227737613   0.007103447143666   
1.000000000000000   1.000000000000000   1.000000000000000   1.000000000000000   1.000000000000000   1.000000000000000   1.000000000000000   1.000000000000000   1.000000000000000   1.000000000000000   1.000000000000000   1.000000000000000   1.000000000000000   1.000000000000000   1.000000000000000   1.000000000000000   1.000000000000000   1.000000000000000   1.000000000000000   1.000000000000000   1.000000000000000   1.000000000000000   1.000000000000000   1.000000000000000   
PATCH 10 
2 2 
13 4 
0.000000000000000   0.000000000000000   0.000000000000000   0.250000000000000   0.250000000000000   0.375000000000000   0.375000000000000   0.500000000000000   0.500000000000000   0.750000000000000   0.750000000000000   0.875000000000000   0.875000000000000   1.000000000000000   1.000000000000000   1.000000000000000   
0.000000000000000   0.000000000000000   0.000000000000000   0.500000000000000   1.000000000000000   1.000000000000000   1.000000000000000   
0.017307424760986   0.016703120759563   0.016098816758139   0.016085147159665   0.016080622459394   0.016076097759124   0.016080717957055   0.014707973994030   0.013335230031005   0.011612554085059   0.013209525559915   0.011571691842243   0.013263512066398   0.017500414913440   0.016930771528313   0.016361128143187   0.016301513869364   0.016293592441024   0.016285671012684   0.016329442429828   0.015155755589401   0.013982068748973   0.012173506483761   0.013354643065093   0.012109675752029   0.013861912176276   0.017886395218348   0.017386073065815   0.016885750913282   0.016734247288760   0.016719532404283   0.016704817519806   0.016826891375374   0.016051318780142   0.015275746184910   0.013295411281166   0.013644878075449   0.013185643571600   0.015058712396033   0.018079385370802   0.017613723834566   0.017148062298330   0.016950613998459   0.016932502385913   0.016914390773367   0.017075615848147   0.016499100375513   0.015922584902878   0.013856363679869   0.013789995580627   0.013723627481385   0.015657112505912   
0.010859169640025   0.011020558774674   0.011181947909323   0.011176865356976   0.011178307172573   0.011179748988169   0.011187715171710   0.011698142235552   0.012208569299394   0.010747146668906   0.012353417974616   0.010934531379803   0.012537451150657   0.011581800203829   0.011733932661612   0.011886065119394   0.011847260085606   0.011850613181167   0.011853966276728   0.011899477501637   0.012396266019283   0.012893054536928   0.011334644134691   0.012538381447764   0.011473250335444   0.013135851260535   0.013027061331438   0.013160680435487   0.013294299539535   0.013188049542865   0.013195225198354   0.013202400853844   0.013323002161492   0.013792513586744   0.014262025011997   0.012509639066261   0.012908308394059   0.012550688246725   0.014332651480292   0.013749691895243   0.013874054322424   0.013998416749605   0.013858444271495   0.013867531206948   0.013876618142402   0.014034764491420   0.014490637370475   0.014946510249531   0.013097136532047   0.013093271867206   0.013089407202366   0.014931051590170   
1.000000000000000   1.000000000000000   1.000000000000000   0.999435888158922   0.999435888158922   0.999435888158922   1.000000000000000   1.000000000000000   1.000000000000000   0.877557858612909   1.000000000000000   0.877557858612909   1.000000000000000   1.000000000000000   1.000000000000000   1.000000000000000   0.996983749919523   0.996983749919523   0.996983749919523   1.000000000000000   1.000000000000000   1.000000000000000   0.876545483701382   0.968377089741700   0.876545483701382   1.000000000000000   1.000000000000000   1.000000000000000   1.000000000000000   0.992079473440724   0.992079473440724   0.992079473440724   1.000000000000000   1.000000000000000   1.000000000000000   0.874520733878326   0.905131269225099   0.874520733878326   1.000000000000000   1.000000000000000   1.000000000000000   1.000000000000000   0.989627335201325   0.989627335201325   0.989627335201325   1.000000000000000   1.000000000000000   1.000000000000000   0.873508358966798   0.873508358966798   0.873508358966798   1.000000000000000   
PATCH 11 
2 1 
13 2 
0.000000000000000   0.000000000000000   0.000000000000000   0.250000000000000   0.250000000000000   0.375000000000000   0.375000000000000   0.500000000000000   0.500000000000000   0.750000000000000   0.750000000000000   0.875000000000000   0.875000000000000   1.000000000000000   1.000000000000000   1.000000000000000   
0.000000000000000   0.000000000000000   1.000000000000000   1.000000000000000   
0.043294021433021   0.042422755803871   0.041516489164982   0.041018773790716   0.040491342122303   0.040059894676266   0.039651907074129   0.038360843195772   0.036864704497747   0.036278768340683   0.035702875705227   0.035218334631189   0.034713718666541   0.043734282891114   0.043142506727484   0.042531053738569   0.042225327244111   0.041914681543332   0.041604035842553   0.041288470935453   0.040657341121252   0.040006534481766   0.039681131162023   0.039350808635958   0.039020486109894   0.038685244377508   
0.024995814928656   0.026302895451060   0.027582821954471   0.028192223752725   0.028777996543247   0.029431230817522   0.030103819705939   0.031074085625266   0.031834622303214   0.032337804268597   0.032845844857071   0.033435595823718   0.034008081189696   0.025250000000000   0.026178902508932   0.027094027156471   0.027551589480241   0.028005707338662   0.028459825197083   0.028910498590156   0.029811845376303   0.030699414301056   0.031143198763433   0.031583538760461   0.032023878757490   0.032460774289170   
1.000000000000000   0.998025473581553   0.997038210372330   0.996544578767719   0.996297762965413   0.996050947163107   0.996050947163107   0.996050947163107   0.997038210372330   0.997531841976942   0.998272289383859   0.999012736790777   1.000000000000000   1.000000000000000   0.999048674522937   0.998573011784405   0.998335180415139   0.998216264730506   0.998097349045873   0.998097349045873   0.998097349045873   0.998573011784405   0.998810843153671   0.999167590207569   0.999524337261468   1.000000000000000   
PATCH 12 
2 1 
6 2 
0.000000000000000   0.000000000000000   0.000000000000000   0.250000000000000   0.500000000000000   0.750000000000000   1.000000000000000   1.000000000000000   1.000000000000000   
0.000000000000000   0.000000000000000   1.000000000000000   1.000000000000000   
0.017307424760986   0.020418192027440   0.026639726560346   0.032861261093252   0.039082795626158   0.042193562892611   0.014550000000000   0.018005445361576   0.024916336084729   0.031827226807882   0.038738117531035   0.042193562892611   
0.010859169640025   0.010028389046078   0.008366827858184   0.006705266670290   0.005043705482396   0.004212924888449   0.000000000000000   0.000000000000000   0.000000000000000   0.000000000000000   0.000000000000000   0.000000000000000   
1.000000000000000   1.000000000000000   1.000000000000000   1.000000000000000   1.000000000000000   1.000000000000000   1.000000000000000   1.000000000000000   1.000000000000000   1.000000000000000   1.000000000000000   1.000000000000000   
PATCH 13 
2 1 
13 2 
0.000000000000000   0.000000000000000   0.000000000000000   0.250000000000000   0.250000000000000   0.375000000000000   0.375000000000000   0.500000000000000   0.500000000000000   0.750000000000000   0.750000000000000   0.875000000000000   0.875000000000000   1.000000000000000   1.000000000000000   1.000000000000000   
0.000000000000000   0.000000000000000   1.000000000000000   1.000000000000000   
0.042193562892611   0.044044094687221   0.045894626481830   0.045803711907430   0.045812903141830   0.045822094376230   0.045931391419429   0.047021850140359   0.048112308861290   0.043634387533831   0.048271146460703   0.043752381301830   0.048325916676396   0.042193562892611   0.043169367531035   0.044145172169459   0.044633074488670   0.045120976807882   0.045608879127094   0.046096781446306   0.047072586084729   0.048048390723153   0.048536293042365   0.049024195361576   0.049512097680788   0.050000000000000   
0.004212924888449   0.003718710512458   0.003224496136467   0.003215070571295   0.003213515335166   0.003211960099038   0.003218275191952   0.003137141402582   0.003056007613212   0.002759885438029   0.003116659372040   0.002882300672170   0.003277619747006   0.000000000000000   0.000000000000000   0.000000000000000   0.000000000000000   0.000000000000000   0.000000000000000   0.000000000000000   0.000000000000000   0.000000000000000   0.000000000000000   0.000000000000000   0.000000000000000   0.000000000000000   
1.000000000000000   1.000000000000000   1.000000000000000   0.997822821162167   0.997822821162167   0.997822821162167   1.000000000000000   1.000000000000000   1.000000000000000   0.905165665650823   1.000000000000000   0.905165665650823   1.000000000000000   1.000000000000000   1.000000000000000   1.000000000000000   1.000000000000000   1.000000000000000   1.000000000000000   1.000000000000000   1.000000000000000   1.000000000000000   1.000000000000000   1.000000000000000   1.000000000000000   1.000000000000000   
PATCH 14 
2 1 
13 2 
0.000000000000000   0.000000000000000   0.000000000000000   0.250000000000000   0.250000000000000   0.375000000000000   0.375000000000000   0.500000000000000   0.500000000000000   0.750000000000000   0.750000000000000   0.875000000000000   0.875000000000000   1.000000000000000   1.000000000000000   1.000000000000000   
0.000000000000000   0.000000000000000   1.000000000000000   1.000000000000000   
0.014550000000000   0.014280213850853   0.013885539378511   0.013688202142340   0.013459642825370   0.013231083508400   0.012971302110631   0.012451739315093   0.011807288196359   0.011485062636992   0.011131614996826   0.010778167356661   0.010393497635696   0.017307424760986   0.016703120759563   0.016098816758139   0.016085147159665   0.016080622459394   0.016076097759124   0.016080717957055   0.014707973994030   0.013335230031005   0.011612554085059   0.013209525559915   0.011571691842243   0.013263512066398   
0.000000000000000   0.001374739854943   0.002698498847819   0.003360378344257   0.004009512625177   0.004658646906098   0.005295035971502   0.006567814102310   0.007789611371050   0.008400510005419   0.008998663424272   0.009596816843125   0.010182225046461   0.010859169640025   0.011020558774674   0.011181947909323   0.011176865356976   0.011178307172573   0.011179748988169   0.011187715171710   0.011698142235552   0.012208569299394   0.010747146668906   0.012353417974616   0.010934531379803   0.012537451150657   
1.000000000000000   0.981457996622233   0.972186994933349   0.967551494088907   0.965233743666687   0.962915993244466   0.962915993244466   0.962915993244466   0.972186994933349   0.976822495777791   0.983775747044454   0.990728998311116   1.000000000000000   1.000000000000000   1.000000000000000   1.000000000000000   0.999435888158922   0.999435888158922   0.999435888158922   1.000000000000000   1.000000000000000   1.000000000000000   0.877557858612909   1.000000000000000   0.877557858612909   1.000000000000000   
PATCH 15 
2 1 
4 2 
0.000000000000000   0.000000000000000   0.000000000000000   0.500000000000000   1.000000000000000   1.000000000000000   1.000000000000000   
0.000000000000000   0.000000000000000   1.000000000000000   1.000000000000000   
0.034713718666541   0.034550482245520   0.034197538182908   0.034008081189696   0.015657112505912   0.015475597276976   0.015112566819106   0.014931051590170   
0.034008081189696   0.034197538182908   0.034550482245520   0.034713718666541   0.014931051590170   0.015112566819106   0.015475597276976   0.015657112505912   
1.000000000000000   0.999973643861416   0.999973643861416   1.000000000000000   1.000000000000000   1.000000000000000   1.000000000000000   1.000000000000000   
PATCH 16 
2 2 
4 4 
0.000000000000000   0.000000000000000   0.000000000000000   0.500000000000000   1.000000000000000   1.000000000000000   1.000000000000000   
0.000000000000000   0.000000000000000   0.000000000000000   0.500000000000000   1.000000000000000   1.000000000000000   1.000000000000000   
0.013263512066398   0.013861912176276   0.015058712396033   0.015657112505912   0.013081996837463   0.013680396947341   0.014877197167098   0.015475597276976   0.012718966379592   0.013317366489470   0.014514166709227   0.015112566819106   0.012537451150657   0.013135851260535   0.014332651480292   0.014931051590170   
0.012537451150657   0.013135851260535   0.014332651480292   0.014931051590170   0.012718966379592   0.013317366489470   0.014514166709227   0.015112566819106   0.013081996837463   0.013680396947341   0.014877197167098   0.015475597276976   0.013263512066398   0.013861912176276   0.015058712396033   0.015657112505912   
1.000000000000000   1.000000000000000   1.000000000000000   1.000000000000000   1.000000000000000   1.000000000000000   1.000000000000000   1.000000000000000   1.000000000000000   1.000000000000000   1.000000000000000   1.000000000000000   1.000000000000000   1.000000000000000   1.000000000000000   1.000000000000000   
PATCH 17 
2 1 
4 2 
0.000000000000000   0.000000000000000   0.000000000000000   0.500000000000000   1.000000000000000   1.000000000000000   1.000000000000000   
0.000000000000000   0.000000000000000   1.000000000000000   1.000000000000000   
0.013263512066398   0.013081996837463   0.012718966379592   0.012537451150657   0.010393497635696   0.010340950650980   0.010235314356363   0.010182225046461   
0.012537451150657   0.012718966379592   0.013081996837463   0.013263512066398   0.010182225046461   0.010235314356363   0.010340950650980   0.010393497635696   
1.000000000000000   1.000000000000000   1.000000000000000   1.000000000000000   1.000000000000000   0.999973643861416   0.999973643861416   1.000000000000000   
PATCH 18 
2 1 
4 2 
0.000000000000000   0.000000000000000   0.000000000000000   0.500000000000000   1.000000000000000   1.000000000000000   1.000000000000000   
0.000000000000000   0.000000000000000   1.000000000000000   1.000000000000000   
0.034713718666541   0.034550482245520   0.034197538182908   0.034008081189696   0.038685244377508   0.037197068413715   0.034084833369545   0.032460774289170   
0.034008081189696   0.034197538182908   0.034550482245520   0.034713718666541   0.032460774289170   0.034084833369545   0.037197068413715   0.038685244377508   
1.000000000000000   0.999973643861416   0.999973643861416   1.000000000000000   1.000000000000000   0.998097349045873   0.998097349045873   1.000000000000000   
PATCH 19 
2 1 
4 2 
0.000000000000000   0.000000000000000   0.000000000000000   0.500000000000000   1.000000000000000   1.000000000000000   1.000000000000000   
0.000000000000000   0.000000000000000   1.000000000000000   1.000000000000000   
0.000000000000000   0.002178893568691   0.006520098010365   0.008682408883347   0.000000000000000   0.002200682504378   0.006585298990468   0.008769232972180   
0.050000000000000   0.049904867452294   0.049525061277599   0.049240387650610   0.050500000000000   0.050403916126817   0.050020311890375   0.049732791527117   
1.000000000000000   0.998097349045873   0.998097349045873   1.000000000000000   1.000000000000000   0.998097349045873   0.998097349045873   1.000000000000000   
PATCH 20 
2 1 
4 2 
0.000000000000000   0.000000000000000   0.000000000000000   0.500000000000000   1.000000000000000   1.000000000000000   1.000000000000000   
0.000000000000000   0.000000000000000   1.000000000000000   1.000000000000000   
0.003277619747006   0.004423581970685   0.006715506418041   0.007861468641720   0.000000000000000   0.002178893568691   0.006520098010365   0.008682408883347   
0.048325916676396   0.048198137381206   0.047942578790826   0.047814799495637   0.050000000000000   0.049904867452294   0.049525061277599   0.049240387650610   
1.000000000000000   1.000000000000000   1.000000000000000   1.000000000000000   1.000000000000000   0.998097349045873   0.998097349045873   1.000000000000000   
PATCH 21 
2 1 
13 2 
0.000000000000000   0.000000000000000   0.000000000000000   0.125000000000000   0.125000000000000   0.250000000000000   0.250000000000000   0.500000000000000   0.500000000000000   0.625000000000000   0.625000000000000   0.750000000000000   0.750000000000000   1.000000000000000   1.000000000000000   1.000000000000000   
0.000000000000000   0.000000000000000   1.000000000000000   1.000000000000000   
0.007861468641720   0.007231638227083   0.008004183205745   0.007325823707294   0.008032766762677   0.007505019787129   0.006977272811582   0.006854703620461   0.006854762069314   0.006854820518167   0.006977506606994   0.007040476875330   0.007103447143666   0.008682408883347   0.009214726804819   0.009639838078661   0.010192222847603   0.010693535859376   0.011747699087205   0.012809926068057   0.013332277018646   0.013871565226724   0.014413307448738   0.014951668767494   0.016007552553859   0.017063427769354   
0.047814799495637   0.043471926472549   0.047729235778931   0.043334748880651   0.047565310257201   0.045552365010725   0.043539419764248   0.042790304892681   0.042764723475975   0.042739142059269   0.043437094097425   0.043201308799926   0.042965523502427   0.049240387650610   0.049122375608591   0.048467342188036   0.048475059121451   0.048240166509477   0.048011044033031   0.047807294927190   0.047669341746325   0.047588883415705   0.047511419306512   0.047417199557561   0.047155119711765   0.046881382494796   
1.000000000000000   0.909365862835774   1.000000000000000   0.909365862835774   1.000000000000000   1.000000000000000   1.000000000000000   0.983362899462070   0.983362899462070   0.983362899462070   1.000000000000000   1.000000000000000   1.000000000000000   1.000000000000000   0.999524337261468   0.999167590207569   0.998810843153671   0.998573011784405   0.998097349045873   0.998097349045873   0.998097349045873   0.998216264730506   0.998335180415139   0.998573011784404   0.999048674522936   1.000000000000000   
PATCH 22 
2 2 
13 4 
0.000000000000000   0.000000000000000   0.000000000000000   0.250000000000000   0.250000000000000   0.375000000000000   0.375000000000000   0.500000000000000   0.500000000000000   0.750000000000000   0.750000000000000   0.875000000000000   0.875000000000000   1.000000000000000   1.000000000000000   1.000000000000000   
0.000000000000000   0.000000000000000   0.000000000000000   0.500000000000000   1.000000000000000   1.000000000000000   1.000000000000000   
0.004212924888449   0.003718710512458   0.003224496136467   0.003215070571295   0.003213515335166   0.003211960099038   0.003218275191952   0.003137141402582   0.003056007613212   0.002759885438029   0.003116659372040   0.002882300672170   0.003277619747006   0.004935555452253   0.004549152103176   0.004162748754099   0.004125008058013   0.004123827018703   0.004122645979393   0.004158024596859   0.004229110998719   0.004300197400578   0.003901370005345   0.004338540330466   0.003969635060898   0.004423581970685   0.006380816579862   0.006210035284612   0.006039253989362   0.005944883031449   0.005944450385777   0.005944017740105   0.006037523406674   0.006413050190993   0.006788576975311   0.006184339139978   0.006782302247319   0.006144303838355   0.006715506418041   0.007103447143666   0.007040476875330   0.006977506606994   0.006854820518167   0.006854762069314   0.006854703620461   0.006977272811582   0.007505019787129   0.008032766762677   0.007325823707294   0.008004183205745   0.007231638227083   0.007861468641720   
0.042193562892611   0.044044094687221   0.045894626481830   0.045803711907430   0.045812903141830   0.045822094376230   0.045931391419429   0.047021850140359   0.048112308861290   0.043634387533831   0.048271146460703   0.043752381301830   0.048325916676396   0.042386553045065   0.043833398215397   0.045280243385729   0.045037569445390   0.045050858225366   0.045064147005342   0.045333398505634   0.046654478857951   0.047975559210268   0.043559477870536   0.048135668790260   0.043682267594510   0.048198137381206   0.042772533349973   0.043412005271750   0.044051477193526   0.043505284521310   0.043526768392439   0.043548252263568   0.044137412678043   0.045919736293133   0.047702059908223   0.043409658543946   0.047864713449374   0.043542040179869   0.047942578790826   0.042965523502427   0.043201308799926   0.043437094097425   0.042739142059269   0.042764723475975   0.042790304892681   0.043539419764248   0.045552365010725   0.047565310257201   0.043334748880651   0.047729235778931   0.043471926472549   0.047814799495637   
1.000000000000000   1.000000000000000   1.000000000000000   0.997822821162167   0.997822821162167   0.997822821162167   1.000000000000000   1.000000000000000   1.000000000000000   0.905165665650823   1.000000000000000   0.905165665650823   1.000000000000000   1.000000000000000   1.000000000000000   1.000000000000000   0.994207840737143   0.994207840737143   0.994207840737143   1.000000000000000   1.000000000000000   1.000000000000000   0.906215714947061   1.000000000000000   0.906215714947061   1.000000000000000   1.000000000000000   1.000000000000000   1.000000000000000   0.986977879887094   0.986977879887094   0.986977879887094   1.000000000000000   1.000000000000000   1.000000000000000   0.908315813539537   1.000000000000000   0.908315813539537   1.000000000000000   1.000000000000000   1.000000000000000   1.000000000000000   0.983362899462070   0.983362899462070   0.983362899462070   1.000000000000000   1.000000000000000   1.000000000000000   0.909365862835774   1.000000000000000   0.909365862835774   1.000000000000000   
PATCH 23 
2 1 
13 2 
0.000000000000000   0.000000000000000   0.000000000000000   0.125000000000000   0.125000000000000   0.250000000000000   0.250000000000000   0.500000000000000   0.500000000000000   0.625000000000000   0.625000000000000   0.750000000000000   0.750000000000000   1.000000000000000   1.000000000000000   1.000000000000000   
0.000000000000000   0.000000000000000   1.000000000000000   1.000000000000000   
0.008682408883347   0.009214726804819   0.009639838078661   0.010192222847603   0.010693535859376   0.011747699087205   0.012809926068057   0.013332277018646   0.013871565226724   0.014413307448738   0.014951668767494   0.016007552553859   0.017063427769354   0.008769232972180   0.009306874072867   0.009842960902535   0.010379047732203   0.010913580290852   0.011982645408149   0.013045493441370   0.013576917457981   0.014106787203572   0.014636656949163   0.015164972423735   0.016221603372879   0.017272017237946   
0.049240387650610   0.049122375608591   0.048467342188036   0.048475059121451   0.048240166509477   0.048011044033031   0.047807294927190   0.047669341746325   0.047588883415705   0.047511419306512   0.047417199557561   0.047155119711765   0.046881382494796   0.049732791527117   0.049613599364677   0.049488606583825   0.049363613802972   0.049232820403708   0.048971233605179   0.048686444333000   0.048544049696911   0.048395854442409   0.048247659187908   0.048093663314994   0.047785671569166   0.047454477349688   
1.000000000000000   0.999524337261468   0.999167590207569   0.998810843153671   0.998573011784405   0.998097349045873   0.998097349045873   0.998097349045873   0.998216264730506   0.998335180415139   0.998573011784404   0.999048674522936   1.000000000000000   1.000000000000000   0.999524337261468   0.999167590207569   0.998810843153671   0.998573011784405   0.998097349045873   0.998097349045873   0.998097349045873   0.998216264730506   0.998335180415139   0.998573011784404   0.999048674522936   1.000000000000000   
PATCH 24 
2 1 
6 2 
0.000000000000000   0.000000000000000   0.000000000000000   0.250000000000000   0.500000000000000   0.750000000000000   1.000000000000000   1.000000000000000   1.000000000000000   
0.000000000000000   0.000000000000000   1.000000000000000   1.000000000000000   
0.017063427769354   0.018100816520230   0.020098342825011   0.022002060058680   0.023979868665513   0.024995814928656   0.017272017237946   0.018289568482936   0.020304367573183   0.022298863263696   0.024273055554476   0.025250000000000   
0.046881382494796   0.046547604028626   0.045678245936875   0.044614595776108   0.043708452014199   0.043294021433021   0.047454477349688   0.047032993823604   0.046146485990198   0.045216437375554   0.044242847979673   0.043734282891114   
1.000000000000000   0.999048674522936   0.998097349045873   0.998097349045873   0.999048674522936   1.000000000000000   1.000000000000000   0.999048674522936   0.998097349045873   0.998097349045873   0.999048674522936   1.000000000000000   
PATCH 25 
2 1 
6 2 
0.000000000000000   0.000000000000000   0.000000000000000   0.250000000000000   0.500000000000000   0.750000000000000   1.000000000000000   1.000000000000000   1.000000000000000   
0.000000000000000   0.000000000000000   1.000000000000000   1.000000000000000   
0.017063427769354   0.018100816520230   0.020098342825011   0.022002060058680   0.023979868665513   0.024995814928656   0.007103447143666   0.007934227737613   0.009595788925507   0.011257350113401   0.012918911301296   0.013749691895243   
0.046881382494796   0.046547604028626   0.045678245936875   0.044614595776108   0.043708452014199   0.043294021433021   0.042965523502427   0.039854756235974   0.033633221703068   0.027411687170162   0.021190152637256   0.018079385370802   
1.000000000000000   0.999048674522936   0.998097349045873   0.998097349045873   0.999048674522936   1.000000000000000   1.000000000000000   1.000000000000000   1.000000000000000   1.000000000000000   1.000000000000000   1.000000000000000   
PATCH 26 
2 1 
13 2 
0.000000000000000   0.000000000000000   0.000000000000000   0.250000000000000   0.250000000000000   0.375000000000000   0.375000000000000   0.500000000000000   0.500000000000000   0.750000000000000   0.750000000000000   0.875000000000000   0.875000000000000   1.000000000000000   1.000000000000000   1.000000000000000   
0.000000000000000   0.000000000000000   1.000000000000000   1.000000000000000   
0.024995814928656   0.026302895451060   0.027582821954471   0.028192223752725   0.028777996543247   0.029431230817522   0.030103819705939   0.031074085625266   0.031834622303214   0.032337804268597   0.032845844857071   0.033435595823718   0.034008081189696   0.013749691895243   0.013874054322424   0.013998416749605   0.013858444271495   0.013867531206948   0.013876618142402   0.014034764491420   0.014490637370475   0.014946510249531   0.013097136532047   0.013093271867206   0.013089407202366   0.014931051590170   
0.043294021433021   0.042422755803871   0.041516489164982   0.041018773790716   0.040491342122303   0.040059894676266   0.039651907074129   0.038360843195772   0.036864704497747   0.036278768340683   0.035702875705227   0.035218334631189   0.034713718666541   0.018079385370802   0.017613723834566   0.017148062298330   0.016950613998459   0.016932502385913   0.016914390773367   0.017075615848147   0.016499100375513   0.015922584902878   0.013856363679869   0.013789995580627   0.013723627481385   0.015657112505912   
1.000000000000000   0.998025473581553   0.997038210372330   0.996544578767719   0.996297762965413   0.996050947163107   0.996050947163107   0.996050947163107   0.997038210372330   0.997531841976942   0.998272289383859   0.999012736790777   1.000000000000000   1.000000000000000   1.000000000000000   1.000000000000000   0.989627335201325   0.989627335201325   0.989627335201325   1.000000000000000   1.000000000000000   1.000000000000000   0.873508358966798   0.873508358966798   0.873508358966798   1.000000000000000   
PATCH 27 
2 2 
6 4 
0.000000000000000   0.000000000000000   0.000000000000000   0.250000000000000   0.500000000000000   0.750000000000000   1.000000000000000   1.000000000000000   1.000000000000000   
0.000000000000000   0.000000000000000   0.000000000000000   0.500000000000000   1.000000000000000   1.000000000000000   1.000000000000000   
0.010859169640025   0.010028389046078   0.008366827858184   0.006705266670290   0.005043705482396   0.004212924888449   0.011581800203829   0.010751019609882   0.009089458421988   0.007427897234094   0.005766336046200   0.004935555452253   0.013027061331438   0.012196280737491   0.010534719549597   0.008873158361703   0.007211597173809   0.006380816579862   0.013749691895243   0.012918911301296   0.011257350113401   0.009595788925507   0.007934227737613   0.007103447143666   
0.017307424760986   0.020418192027440   0.026639726560346   0.032861261093252   0.039082795626158   0.042193562892611   0.017500414913440   0.020611182179894   0.026832716712800   0.033054251245706   0.039275785778612   0.042386553045065   0.017886395218348   0.020997162484802   0.027218697017708   0.033440231550614   0.039661766083520   0.042772533349973   0.018079385370802   0.021190152637256   0.027411687170162   0.033633221703068   0.039854756235974   0.042965523502427   
1.000000000000000   1.000000000000000   1.000000000000000   1.000000000000000   1.000000000000000   1.000000000000000   1.000000000000000   1.000000000000000   1.000000000000000   1.000000000000000   1.000000000000000   1.000000000000000   1.000000000000000   1.000000000000000   1.000000000000000   1.000000000000000   1.000000000000000   1.000000000000000   1.000000000000000   1.000000000000000   1.000000000000000   1.000000000000000   1.000000000000000   1.000000000000000   
PATCH 28 
2 2 
13 4 
0.000000000000000   0.000000000000000   0.000000000000000   0.250000000000000   0.250000000000000   0.375000000000000   0.375000000000000   0.500000000000000   0.500000000000000   0.750000000000000   0.750000000000000   0.875000000000000   0.875000000000000   1.000000000000000   1.000000000000000   1.000000000000000   
0.000000000000000   0.000000000000000   0.000000000000000   0.500000000000000   1.000000000000000   1.000000000000000   1.000000000000000   
0.010859169640025   0.011020558774674   0.011181947909323   0.011176865356976   0.011178307172573   0.011179748988169   0.011187715171710   0.011698142235552   0.012208569299394   0.010747146668906   0.012353417974616   0.010934531379803   0.012537451150657   0.011581800203829   0.011733932661612   0.011886065119394   0.011847260085606   0.011850613181167   0.011853966276728   0.011899477501637   0.012396266019283   0.012893054536928   0.011334644134691   0.012538381447764   0.011473250335444   0.013135851260535   0.013027061331438   0.013160680435487   0.013294299539535   0.013188049542865   0.013195225198354   0.013202400853844   0.013323002161492   0.013792513586744   0.014262025011997   0.012509639066261   0.012908308394059   0.012550688246725   0.014332651480292   0.013749691895243   0.013874054322424   0.013998416749605   0.013858444271495   0.013867531206948   0.013876618142402   0.014034764491420   0.014490637370475   0.014946510249531   0.013097136532047   0.013093271867206   0.013089407202366   0.014931051590170   
0.017307424760986   0.016703120759563   0.016098816758139   0.016085147159665   0.016080622459394   0.016076097759124   0.016080717957055   0.014707973994030   0.013335230031005   0.011612554085059   0.013209525559915   0.011571691842243   0.013263512066398   0.017500414913440   0.016930771528313   0.016361128143187   0.016301513869364   0.016293592441024   0.016285671012684   0.016329442429828   0.015155755589401   0.013982068748973   0.012173506483761   0.013354643065093   0.012109675752029   0.013861912176276   0.017886395218348   0.017386073065815   0.016885750913282   0.016734247288760   0.016719532404283   0.016704817519806   0.016826891375374   0.016051318780142   0.015275746184910   0.013295411281166   0.013644878075449   0.013185643571600   0.015058712396033   0.018079385370802   0.017613723834566   0.017148062298330   0.016950613998459   0.016932502385913   0.016914390773367   0.017075615848147   0.016499100375513   0.015922584902878   0.013856363679869   0.013789995580627   0.013723627481385   0.015657112505912   
1.000000000000000   1.000000000000000   1.000000000000000   0.999435888158922   0.999435888158922   0.999435888158922   1.000000000000000   1.000000000000000   1.000000000000000   0.877557858612909   1.000000000000000   0.877557858612909   1.000000000000000   1.000000000000000   1.000000000000000   1.000000000000000   0.996983749919523   0.996983749919523   0.996983749919523   1.000000000000000   1.000000000000000   1.000000000000000   0.876545483701382   0.968377089741700   0.876545483701382   1.000000000000000   1.000000000000000   1.000000000000000   1.000000000000000   0.992079473440724   0.992079473440724   0.992079473440724   1.000000000000000   1.000000000000000   1.000000000000000   0.874520733878326   0.905131269225099   0.874520733878326   1.000000000000000   1.000000000000000   1.000000000000000   1.000000000000000   0.989627335201325   0.989627335201325   0.989627335201325   1.000000000000000   1.000000000000000   1.000000000000000   0.873508358966798   0.873508358966798   0.873508358966798   1.000000000000000   
PATCH 29 
2 1 
13 2 
0.000000000000000   0.000000000000000   0.000000000000000   0.250000000000000   0.250000000000000   0.375000000000000   0.375000000000000   0.500000000000000   0.500000000000000   0.750000000000000   0.750000000000000   0.875000000000000   0.875000000000000   1.000000000000000   1.000000000000000   1.000000000000000   
0.000000000000000   0.000000000000000   1.000000000000000   1.000000000000000   
0.024995814928656   0.026302895451060   0.027582821954471   0.028192223752725   0.028777996543247   0.029431230817522   0.030103819705939   0.031074085625266   0.031834622303214   0.032337804268597   0.032845844857071   0.033435595823718   0.034008081189696   0.025250000000000   0.026178902508932   0.027094027156471   0.027551589480241   0.028005707338662   0.028459825197083   0.028910498590156   0.029811845376303   0.030699414301056   0.031143198763433   0.031583538760461   0.032023878757490   0.032460774289170   
0.043294021433021   0.042422755803871   0.041516489164982   0.041018773790716   0.040491342122303   0.040059894676266   0.039651907074129   0.038360843195772   0.036864704497747   0.036278768340683   0.035702875705227   0.035218334631189   0.034713718666541   0.043734282891114   0.043142506727484   0.042531053738569   0.042225327244111   0.041914681543332   0.041604035842553   0.041288470935453   0.040657341121252   0.040006534481766   0.039681131162023   0.039350808635958   0.039020486109894   0.038685244377508   
1.000000000000000   0.998025473581553   0.997038210372330   0.996544578767719   0.996297762965413   0.996050947163107   0.996050947163107   0.996050947163107   0.997038210372330   0.997531841976942   0.998272289383859   0.999012736790777   1.000000000000000   1.000000000000000   0.999048674522937   0.998573011784405   0.998335180415139   0.998216264730506   0.998097349045873   0.998097349045873   0.998097349045873   0.998573011784405   0.998810843153671   0.999167590207569   0.999524337261468   1.000000000000000   
PATCH 30 
2 1 
6 2 
0.000000000000000   0.000000000000000   0.000000000000000   0.250000000000000   0.500000000000000   0.750000000000000   1.000000000000000   1.000000000000000   1.000000000000000   
0.000000000000000   0.000000000000000   1.000000000000000   1.000000000000000   
0.010859169640025   0.010028389046078   0.008366827858184   0.006705266670290   0.005043705482396   0.004212924888449   0.000000000000000   0.000000000000000   0.000000000000000   0.000000000000000   0.000000000000000   0.000000000000000   
0.017307424760986   0.020418192027440   0.026639726560346   0.032861261093252   0.039082795626158   0.042193562892611   0.014550000000000   0.018005445361576   0.024916336084729   0.031827226807882   0.038738117531035   0.042193562892611   
1.000000000000000   1.000000000000000   1.000000000000000   1.000000000000000   1.000000000000000   1.000000000000000   1.000000000000000   1.000000000000000   1.000000000000000   1.000000000000000   1.000000000000000   1.000000000000000   
PATCH 31 
2 1 
13 2 
0.000000000000000   0.000000000000000   0.000000000000000   0.250000000000000   0.250000000000000   0.375000000000000   0.375000000000000   0.500000000000000   0.500000000000000   0.750000000000000   0.750000000000000   0.875000000000000   0.875000000000000   1.000000000000000   1.000000000000000   1.000000000000000   
0.000000000000000   0.000000000000000   1.000000000000000   1.000000000000000   
0.004212924888449   0.003718710512458   0.003224496136467   0.003215070571295   0.003213515335166   0.003211960099038   0.003218275191952   0.003137141402582   0.003056007613212   0.002759885438029   0.003116659372040   0.002882300672170   0.003277619747006   0.000000000000000   0.000000000000000   0.000000000000000   0.000000000000000   0.000000000000000   0.000000000000000   0.000000000000000   0.000000000000000   0.000000000000000   0.000000000000000   0.000000000000000   0.000000000000000   0.000000000000000   
0.042193562892611   0.044044094687221   0.045894626481830   0.045803711907430   0.045812903141830   0.045822094376230   0.045931391419429   0.047021850140359   0.048112308861290   0.043634387533831   0.048271146460703   0.043752381301830   0.048325916676396   0.042193562892611   0.043169367531035   0.044145172169459   0.044633074488670   0.045120976807882   0.045608879127094   0.046096781446306   0.047072586084729   0.048048390723153   0.048536293042365   0.049024195361576   0.049512097680788   0.050000000000000   
1.000000000000000   1.000000000000000   1.000000000000000   0.997822821162167   0.997822821162167   0.997822821162167   1.000000000000000   1.000000000000000   1.000000000000000   0.905165665650823   1.000000000000000   0.905165665650823   1.000000000000000   1.000000000000000   1.000000000000000   1.000000000000000   1.000000000000000   1.000000000000000   1.000000000000000   1.000000000000000   1.000000000000000   1.000000000000000   1.000000000000000   1.000000000000000   1.000000000000000   1.000000000000000   
PATCH 32 
2 1 
13 2 
0.000000000000000   0.000000000000000   0.000000000000000   0.250000000000000   0.250000000000000   0.375000000000000   0.375000000000000   0.500000000000000   0.500000000000000   0.750000000000000   0.750000000000000   0.875000000000000   0.875000000000000   1.000000000000000   1.000000000000000   1.000000000000000   
0.000000000000000   0.000000000000000   1.000000000000000   1.000000000000000   
0.000000000000000   0.001374739854943   0.002698498847819   0.003360378344257   0.004009512625177   0.004658646906098   0.005295035971502   0.006567814102310   0.007789611371050   0.008400510005419   0.008998663424272   0.009596816843125   0.010182225046461   0.010859169640025   0.011020558774674   0.011181947909323   0.011176865356976   0.011178307172573   0.011179748988169   0.011187715171710   0.011698142235552   0.012208569299394   0.010747146668906   0.012353417974616   0.010934531379803   0.012537451150657   
0.014550000000000   0.014280213850853   0.013885539378511   0.013688202142340   0.013459642825370   0.013231083508400   0.012971302110631   0.012451739315093   0.011807288196359   0.011485062636992   0.011131614996826   0.010778167356661   0.010393497635696   0.017307424760986   0.016703120759563   0.016098816758139   0.016085147159665   0.016080622459394   0.016076097759124   0.016080717957055   0.014707973994030   0.013335230031005   0.011612554085059   0.013209525559915   0.011571691842243   0.013263512066398   
1.000000000000000   0.981457996622233   0.972186994933349   0.967551494088907   0.965233743666687   0.962915993244466   0.962915993244466   0.962915993244466   0.972186994933349   0.976822495777791   0.983775747044454   0.990728998311116   1.000000000000000   1.000000000000000   1.000000000000000   1.000000000000000   0.999435888158922   0.999435888158922   0.999435888158922   1.000000000000000   1.000000000000000   1.000000000000000   0.877557858612909   1.000000000000000   0.877557858612909   1.000000000000000   
INTERFACE 1 
1 2 
5 1 
1 
INTERFACE 2 
1 3 
2 4 
1 
INTERFACE 3 
2 1 
13 2 
1 
INTERFACE 4 
2 2 
3 1 
1 
INTERFACE 5 
2 3 
4 2 
1 
INTERFACE 6 
3 2 
7 1 
-1 
INTERFACE 7 
3 3 
4 4 
-1 
INTERFACE 8 
3 4 
5 3 
1 
INTERFACE 9 
4 1 
9 2 
1 
INTERFACE 10 
4 3 
13 3 
1 
INTERFACE 11 
5 2 
6 1 
1 
INTERFACE 12 
6 2 
11 1 
1 
INTERFACE 13 
6 3 
7 3 
1 
INTERFACE 14 
7 2 
8 1 
1 
INTERFACE 15 
7 4 
9 4 
-1 
INTERFACE 16 
8 2 
15 1 
1 
INTERFACE 17 
8 3 
11 3 
1 
INTERFACE 18 
8 4 
10 4 
1 
INTERFACE 19 
9 1 
10 1 
1 
INTERFACE 20 
9 3 
12 3 
1 
INTERFACE 21 
10 2 
16 3 
1 
INTERFACE 22 
10 3 
14 4 
1 
INTERFACE 23 
11 2 
18 1 
1 
INTERFACE 24 
12 1 
14 1 
-1 
INTERFACE 25 
12 2 
13 1 
1 
INTERFACE 26 
14 2 
17 1 
-1 
INTERFACE 27 
15 2 
26 2 
1 
INTERFACE 28 
15 3 
18 3 
1 
INTERFACE 29 
15 4 
16 2 
1 
INTERFACE 30 
16 1 
17 3 
1 
INTERFACE 31 
16 4 
28 2 
1 
INTERFACE 32 
17 2 
32 2 
-1 
INTERFACE 33 
18 2 
29 2 
1 
INTERFACE 34 
19 2 
23 1 
1 
INTERFACE 35 
19 3 
20 4 
1 
INTERFACE 36 
20 1 
31 2 
1 
INTERFACE 37 
20 2 
21 1 
1 
INTERFACE 38 
20 3 
22 2 
1 
INTERFACE 39 
21 2 
25 1 
-1 
INTERFACE 40 
21 3 
22 4 
-1 
INTERFACE 41 
21 4 
23 3 
1 
INTERFACE 42 
22 1 
27 2 
1 
INTERFACE 43 
22 3 
31 3 
1 
INTERFACE 44 
23 2 
24 1 
1 
INTERFACE 45 
24 2 
29 1 
1 
INTERFACE 46 
24 3 
25 3 
1 
INTERFACE 47 
25 2 
26 1 
1 
INTERFACE 48 
25 4 
27 4 
-1 
INTERFACE 49 
26 3 
29 3 
1 
INTERFACE 50 
26 4 
28 4 
1 
INTERFACE 51 
27 1 
28 1 
1 
INTERFACE 52 
27 3 
30 3 
1 
INTERFACE 53 
28 3 
32 4 
1 
INTERFACE 54 
30 1 
32 1 
-1 
INTERFACE 55 
30 2 
31 1 
1 
BOUNDARY 1 
1 
1 1 
BOUNDARY 2 
1 
1 4 
BOUNDARY 3 
1 
5 4 
BOUNDARY 4 
1 
6 4 
BOUNDARY 5 
1 
11 4 
BOUNDARY 6 
1 
12 4 
BOUNDARY 7 
1 
13 4 
BOUNDARY 8 
1 
14 3 
BOUNDARY 9 
1 
17 4 
BOUNDARY 10 
1 
18 4 
BOUNDARY 11 
1 
19 1 
BOUNDARY 12 
1 
19 4 
BOUNDARY 13 
1 
23 4 
BOUNDARY 14 
1 
24 4 
BOUNDARY 15 
1 
29 4 
BOUNDARY 16 
1 
30 4 
BOUNDARY 17 
1 
31 4 
BOUNDARY 18 
1 
32 3 
