# nurbs mesh v.2.1
#
# 14-Jul-2024
#
2 2 32 55 0 
PATCH 1 
2 1 
4 2 
0.000000000000000   0.000000000000000   0.000000000000000   0.500000000000000   1.000000000000000   1.000000000000000   1.000000000000000   
0.000000000000000   0.000000000000000   1.000000000000000   1.000000000000000   
0.050000000000000   0.049904867452294   0.049525061277599   0.049240387650610   0.050500000000000   0.050403916126817   0.050020311890375   0.049732791527117   
0.000000000000000   0.002178893568691   0.006520098010365   0.008682408883347   0.000000000000000   0.002200682504378   0.006585298990468   0.008769232972180   
1.000000000000000   0.998097349045873   0.998097349045873   1.000000000000000   1.000000000000000   0.998097349045873   0.998097349045873   1.000000000000000   
PATCH 2 
2 1 
4 2 
0.000000000000000   0.000000000000000   0.000000000000000   0.500000000000000   1.000000000000000   1.000000000000000   1.000000000000000   
0.000000000000000   0.000000000000000   1.000000000000000   1.000000000000000   
0.048327822931764   0.048206779822105   0.047964693602787   0.047843650493128   0.050000000000000   0.049904867452294   0.049525061277599   0.049240387650610   
0.003466446232928   0.004559887201029   0.006746769137230   0.007840210105330   0.000000000000000   0.002178893568691   0.006520098010365   0.008682408883347   
1.000000000000000   1.000000000000000   1.000000000000000   1.000000000000000   1.000000000000000   0.998097349045873   0.998097349045873   1.000000000000000   
PATCH 3 
2 1 
13 2 
0.000000000000000   0.000000000000000   0.000000000000000   0.125000000000000   0.125000000000000   0.250000000000000   0.250000000000000   0.500000000000000   0.500000000000000   0.625000000000000   0.625000000000000   0.750000000000000   0.750000000000000   1.000000000000000   1.000000000000000   1.000000000000000   
0.000000000000000   0.000000000000000   1.000000000000000   1.000000000000000   
0.047843650493128   0.043315031076026   0.047755180839406   0.043173477386931   0.047587285273228   0.045540058685361   0.043492832097493   0.042730656703050   0.042704847984038   0.042679039265025   0.043389597221443   0.043167766433773   0.042945935646103   0.049240387650610   0.049122375608591   0.048471800754531   0.048537168336645   0.048308035272485   0.048075778519547   0.047861706020850   0.047717110995273   0.047614504102982   0.047539904159385   0.047449294796303   0.047202604403832   0.046871966391684   
0.007840210105330   0.007183965178013   0.007985029030833   0.007277570487250   0.008009736917663   0.007394288113295   0.006778839308928   0.006656466130003   0.006655669378248   0.006654872626493   0.006775652301906   0.006827664453310   0.006879676604713   0.008682408883347   0.009214726804819   0.009640724858442   0.010205281747863   0.010708580522433   0.011763538802493   0.012824505476663   0.013345637237953   0.013879033337115   0.014421948759566   0.014961789090566   0.016023671984971   0.017060000588099   
1.000000000000000   0.905540581594757   1.000000000000000   0.905540581594757   1.000000000000000   1.000000000000000   1.000000000000000   0.983044387441961   0.983044387441961   0.983044387441961   1.000000000000000   1.000000000000000   1.000000000000000   1.000000000000000   0.999524337261468   0.999167590207569   0.998810843153671   0.998573011784405   0.998097349045873   0.998097349045873   0.998097349045873   0.998216264730506   0.998335180415139   0.998573011784404   0.999048674522936   1.000000000000000   
PATCH 4 
2 2 
13 4 
0.000000000000000   0.000000000000000   0.000000000000000   0.250000000000000   0.250000000000000   0.375000000000000   0.375000000000000   0.500000000000000   0.500000000000000   0.750000000000000   0.750000000000000   0.875000000000000   0.875000000000000   1.000000000000000   1.000000000000000   1.000000000000000   
0.000000000000000   0.000000000000000   0.000000000000000   0.500000000000000   1.000000000000000   1.000000000000000   1.000000000000000   
0.042329800358739   0.044252178265161   0.046174556171583   0.046092211634279   0.046100991931364   0.046109772228448   0.046209677359920   0.047164090195780   0.048118503031639   0.043752781407190   0.048274469213668   0.043868105588682   0.048327822931764   0.042483834180580   0.043981075307314   0.045478316434048   0.045238918541966   0.045251955944532   0.045264993347099   0.045530466044314   0.046758082318175   0.047985698592036   0.043607955402125   0.048144647120102   0.043729836960518   0.048206779822105   0.042791901824262   0.043438869391620   0.044085836958978   0.043532332357339   0.043553883970869   0.043575435584400   0.044172043413100   0.045946066562965   0.047720089712831   0.043318303391995   0.047885002932971   0.043453299704190   0.047964693602787   0.042945935646103   0.043167766433773   0.043389597221443   0.042679039265025   0.042704847984038   0.042730656703050   0.043492832097493   0.045540058685361   0.047587285273228   0.043173477386931   0.047755180839406   0.043315031076026   0.047843650493128   
0.004251871901022   0.003801136402250   0.003350400903477   0.003341774920785   0.003340524137521   0.003339273354258   0.003345397770425   0.003295058093135   0.003244718415845   0.002940249290536   0.003307147195713   0.003062409577274   0.003466446232928   0.004908823076945   0.004557768415015   0.004206713753085   0.004170049347212   0.004169310447703   0.004168571548195   0.004203758155051   0.004319865598175   0.004435973041300   0.004024579589715   0.004476617654493   0.004092798477459   0.004559887201029   0.006222725428790   0.006071032440545   0.005919339452299   0.005826598200066   0.005826883068066   0.005827167936067   0.005920478924302   0.006369480608255   0.006818482292208   0.006193240188071   0.006815558572053   0.006153576277828   0.006746769137230   0.006879676604713   0.006827664453310   0.006775652301906   0.006654872626493   0.006655669378248   0.006656466130003   0.006778839308928   0.007394288113295   0.008009736917663   0.007277570487250   0.007985029030833   0.007183965178013   0.007840210105330   
1.000000000000000   1.000000000000000   1.000000000000000   0.998029665891971   0.998029665891971   0.998029665891971   1.000000000000000   1.000000000000000   1.000000000000000   0.907528227892594   1.000000000000000   0.907528227892594   1.000000000000000   1.000000000000000   1.000000000000000   1.000000000000000   0.994283346279468   0.994283346279468   0.994283346279468   1.000000000000000   1.000000000000000   1.000000000000000   0.907031316318135   1.000000000000000   0.907031316318135   1.000000000000000   1.000000000000000   1.000000000000000   1.000000000000000   0.986790707054463   0.986790707054463   0.986790707054463   1.000000000000000   1.000000000000000   1.000000000000000   0.906037493169217   1.000000000000000   0.906037493169217   1.000000000000000   1.000000000000000   1.000000000000000   1.000000000000000   0.983044387441961   0.983044387441961   0.983044387441961   1.000000000000000   1.000000000000000   1.000000000000000   0.905540581594757   1.000000000000000   0.905540581594757   1.000000000000000   
PATCH 5 
2 1 
13 2 
0.000000000000000   0.000000000000000   0.000000000000000   0.125000000000000   0.125000000000000   0.250000000000000   0.250000000000000   0.500000000000000   0.500000000000000   0.625000000000000   0.625000000000000   0.750000000000000   0.750000000000000   1.000000000000000   1.000000000000000   1.000000000000000   
0.000000000000000   0.000000000000000   1.000000000000000   1.000000000000000   
0.049240387650610   0.049122375608591   0.048471800754531   0.048537168336645   0.048308035272485   0.048075778519547   0.047861706020850   0.047717110995273   0.047614504102982   0.047539904159385   0.047449294796303   0.047202604403832   0.046871966391684   0.049732791527117   0.049613599364677   0.049488606583825   0.049363613802972   0.049232820403708   0.048971233605179   0.048686444333000   0.048544049696911   0.048395854442409   0.048247659187908   0.048093663314994   0.047785671569166   0.047454477349688   
0.008682408883347   0.009214726804819   0.009640724858442   0.010205281747863   0.010708580522433   0.011763538802493   0.012824505476663   0.013345637237953   0.013879033337115   0.014421948759566   0.014961789090566   0.016023671984971   0.017060000588099   0.008769232972180   0.009306874072867   0.009842960902535   0.010379047732203   0.010913580290852   0.011982645408149   0.013045493441370   0.013576917457981   0.014106787203572   0.014636656949163   0.015164972423735   0.016221603372879   0.017272017237946   
1.000000000000000   0.999524337261468   0.999167590207569   0.998810843153671   0.998573011784405   0.998097349045873   0.998097349045873   0.998097349045873   0.998216264730506   0.998335180415139   0.998573011784404   0.999048674522936   1.000000000000000   1.000000000000000   0.999524337261468   0.999167590207569   0.998810843153671   0.998573011784405   0.998097349045873   0.998097349045873   0.998097349045873   0.998216264730506   0.998335180415139   0.998573011784404   0.999048674522936   1.000000000000000   
PATCH 6 
2 1 
6 2 
0.000000000000000   0.000000000000000   0.000000000000000   0.250000000000000   0.500000000000000   0.750000000000000   1.000000000000000   1.000000000000000   1.000000000000000   
0.000000000000000   0.000000000000000   1.000000000000000   1.000000000000000   
0.046871966391684   0.046563671981980   0.045688000003863   0.044608336758712   0.043700806172154   0.043299612537671   0.047454477349688   0.047032993823604   0.046146485990198   0.045216437375554   0.044242847979673   0.043734282891114   
0.017060000588099   0.018107064813382   0.020102634596252   0.021998973372042   0.023975673909587   0.024999042954431   0.017272017237946   0.018289568482936   0.020304367573183   0.022298863263696   0.024273055554476   0.025250000000000   
1.000000000000000   0.999048674522936   0.998097349045873   0.998097349045873   0.999048674522936   1.000000000000000   1.000000000000000   0.999048674522936   0.998097349045873   0.998097349045873   0.999048674522936   1.000000000000000   
PATCH 7 
2 1 
6 2 
0.000000000000000   0.000000000000000   0.000000000000000   0.250000000000000   0.500000000000000   0.750000000000000   1.000000000000000   1.000000000000000   1.000000000000000   
0.000000000000000   0.000000000000000   1.000000000000000   1.000000000000000   
0.046871966391684   0.046563671981980   0.045688000003863   0.044608336758712   0.043700806172154   0.043299612537671   0.042945935646103   0.039725597392136   0.033284920884202   0.026844244376268   0.020403567868333   0.017183229614366   
0.017060000588099   0.018107064813382   0.020102634596252   0.021998973372042   0.023975673909587   0.024999042954431   0.006879676604713   0.007634741862314   0.009144872377514   0.010655002892715   0.012165133407916   0.012920198665517   
1.000000000000000   0.999048674522936   0.998097349045873   0.998097349045873   0.999048674522936   1.000000000000000   1.000000000000000   1.000000000000000   1.000000000000000   1.000000000000000   1.000000000000000   1.000000000000000   
PATCH 8 
2 1 
13 2 
0.000000000000000   0.000000000000000   0.000000000000000   0.250000000000000   0.250000000000000   0.375000000000000   0.375000000000000   0.500000000000000   0.500000000000000   0.750000000000000   0.750000000000000   0.875000000000000   0.875000000000000   1.000000000000000   1.000000000000000   1.000000000000000   
0.000000000000000   0.000000000000000   1.000000000000000   1.000000000000000   
0.043299612537671   0.042428992302096   0.041520187433019   0.041057529626519   0.040537335389876   0.040107515103879   0.039659983970603   0.038428530513587   0.036801167896241   0.036198810792737   0.035642755293888   0.035155738589742   0.034653727206802   0.017183229614366   0.016911392269387   0.016639554924407   0.016412251130725   0.016392378740982   0.016372506351240   0.016560065365436   0.015863605178955   0.015167144992474   0.013178906349554   0.013112264777675   0.013045623205797   0.014900578704959   
0.024999042954431   0.026308276817264   0.027588365442846   0.028222761779456   0.028815412982517   0.029471803895060   0.030116419679789   0.031137150798305   0.031789734276296   0.032277462290539   0.032802458520822   0.033389138759065   0.033963361237183   0.012920198665517   0.012983935738683   0.013047672811849   0.012891356048613   0.012901033661137   0.012910711273661   0.013086383261944   0.013645059832002   0.014203736402060   0.012432305477024   0.012428658615685   0.012425011754345   0.014189148956701   
1.000000000000000   0.998022228287911   0.997033342431867   0.996538899503845   0.996291678039834   0.996044456575822   0.996044456575822   0.996044456575822   0.997033342431867   0.997527785359889   0.998269449751922   0.999011114143955   1.000000000000000   1.000000000000000   1.000000000000000   1.000000000000000   0.987632852199056   0.987632852199056   0.987632852199056   1.000000000000000   1.000000000000000   1.000000000000000   0.872343970674396   0.872343970674396   0.872343970674396   1.000000000000000   
PATCH 9 
2 2 
6 4 
0.000000000000000   0.000000000000000   0.000000000000000   0.250000000000000   0.500000000000000   0.750000000000000   1.000000000000000   1.000000000000000   1.000000000000000   
0.000000000000000   0.000000000000000   0.000000000000000   0.500000000000000   1.000000000000000   1.000000000000000   1.000000000000000   
0.016567094327003   0.019787432580970   0.026228109088904   0.032668785596838   0.039109462104772   0.042329800358739   0.016721128148844   0.019941466402811   0.026382142910745   0.032822819418679   0.039263495926613   0.042483834180580   0.017029195792525   0.020249534046492   0.026690210554427   0.033130887062361   0.039571563570295   0.042791901824262   0.017183229614366   0.020403567868333   0.026844244376268   0.033284920884202   0.039725597392136   0.042945935646103   
0.010292393961826   0.009537328704225   0.008027198189024   0.006517067673824   0.005006937158623   0.004251871901022   0.010949345137748   0.010194279880148   0.008684149364947   0.007174018849746   0.005663888334545   0.004908823076945   0.012263247489594   0.011508182231993   0.009998051716793   0.008487921201592   0.006977790686391   0.006222725428790   0.012920198665517   0.012165133407916   0.010655002892715   0.009144872377514   0.007634741862314   0.006879676604713   
1.000000000000000   1.000000000000000   1.000000000000000   1.000000000000000   1.000000000000000   1.000000000000000   1.000000000000000   1.000000000000000   1.000000000000000   1.000000000000000   1.000000000000000   1.000000000000000   1.000000000000000   1.000000000000000   1.000000000000000   1.000000000000000   1.000000000000000   1.000000000000000   1.000000000000000   1.000000000000000   1.000000000000000   1.000000000000000   1.000000000000000   1.000000000000000   
PATCH 10 
2 2 
13 4 
0.000000000000000   0.000000000000000   0.000000000000000   0.250000000000000   0.250000000000000   0.375000000000000   0.375000000000000   0.500000000000000   0.500000000000000   0.750000000000000   0.750000000000000   0.875000000000000   0.875000000000000   1.000000000000000   1.000000000000000   1.000000000000000   
0.000000000000000   0.000000000000000   0.000000000000000   0.500000000000000   1.000000000000000   1.000000000000000   1.000000000000000   
0.016567094327003   0.015733704736022   0.014900315145042   0.014757020468900   0.014740287912119   0.014723555355339   0.014833384917921   0.013919164916911   0.013004944915901   0.011698296125175   0.012918408534651   0.011682363636928   0.012976109159092   0.016721128148844   0.016028126619363   0.015335125089883   0.015170828134356   0.015153310619335   0.015135793104314   0.015265055029799   0.014405274982422   0.013545494935044   0.012068448681269   0.012966872595407   0.012023178529145   0.013457226545559   0.017029195792525   0.016616970386045   0.016204744979566   0.015998443465269   0.015979356033767   0.015960268602265   0.016128395253557   0.015377495113444   0.014626594973331   0.012808753793459   0.013063800716919   0.012704808313579   0.014419461318493   0.017183229614366   0.016911392269387   0.016639554924407   0.016412251130725   0.016392378740982   0.016372506351240   0.016560065365436   0.015863605178955   0.015167144992474   0.013178906349554   0.013112264777675   0.013045623205797   0.014900578704959   
0.010292393961826   0.010487796890515   0.010683199819204   0.010597391569998   0.010604746085886   0.010612100601773   0.010712617882754   0.011335287374603   0.011957956866453   0.010869093416576   0.012104538097047   0.011038565415031   0.012264679410833   0.010949345137748   0.011111831602557   0.011274318067365   0.011170882689652   0.011178817979699   0.011186753269745   0.011306059227551   0.011912730488953   0.012519401750355   0.011259896431688   0.012185568226706   0.011385176999860   0.012745796797300   0.012263247489594   0.012359901026641   0.012456554563688   0.012317864928960   0.012326961767324   0.012336058605689   0.012492941917147   0.013067616717652   0.013642291518158   0.012041502461912   0.012347628486025   0.012078400169516   0.013708031570234   0.012920198665517   0.012983935738683   0.013047672811849   0.012891356048613   0.012901033661137   0.012910711273661   0.013086383261944   0.013645059832002   0.014203736402060   0.012432305477024   0.012428658615685   0.012425011754345   0.014189148956701   
1.000000000000000   1.000000000000000   1.000000000000000   0.991577375385978   0.991577375385978   0.991577375385978   1.000000000000000   1.000000000000000   1.000000000000000   0.904935762767886   1.000000000000000   0.904935762767886   1.000000000000000   1.000000000000000   1.000000000000000   1.000000000000000   0.990591244589247   0.990591244589247   0.990591244589247   1.000000000000000   1.000000000000000   1.000000000000000   0.896787814744513   0.968085992668599   0.896787814744513   1.000000000000000   1.000000000000000   1.000000000000000   1.000000000000000   0.988618982995787   0.988618982995787   0.988618982995787   1.000000000000000   1.000000000000000   1.000000000000000   0.880491918697768   0.904257978005797   0.880491918697768   1.000000000000000   1.000000000000000   1.000000000000000   1.000000000000000   0.987632852199056   0.987632852199056   0.987632852199056   1.000000000000000   1.000000000000000   1.000000000000000   0.872343970674396   0.872343970674396   0.872343970674396   1.000000000000000   
PATCH 11 
2 1 
13 2 
0.000000000000000   0.000000000000000   0.000000000000000   0.250000000000000   0.250000000000000   0.375000000000000   0.375000000000000   0.500000000000000   0.500000000000000   0.750000000000000   0.750000000000000   0.875000000000000   0.875000000000000   1.000000000000000   1.000000000000000   1.000000000000000   
0.000000000000000   0.000000000000000   1.000000000000000   1.000000000000000   
0.043299612537671   0.042428992302096   0.041520187433019   0.041057529626519   0.040537335389876   0.040107515103879   0.039659983970603   0.038428530513587   0.036801167896241   0.036198810792737   0.035642755293888   0.035155738589742   0.034653727206802   0.043734282891114   0.043142506727484   0.042531053738569   0.042225327244111   0.041914681543332   0.041604035842553   0.041288470935453   0.040657341121252   0.040006534481766   0.039681131162023   0.039350808635958   0.039020486109894   0.038685244377508   
0.024999042954431   0.026308276817264   0.027588365442846   0.028222761779456   0.028815412982517   0.029471803895060   0.030116419679789   0.031137150798305   0.031789734276296   0.032277462290539   0.032802458520822   0.033389138759065   0.033963361237183   0.025250000000000   0.026178902508932   0.027094027156471   0.027551589480241   0.028005707338662   0.028459825197083   0.028910498590156   0.029811845376303   0.030699414301056   0.031143198763433   0.031583538760461   0.032023878757490   0.032460774289170   
1.000000000000000   0.998022228287911   0.997033342431867   0.996538899503845   0.996291678039834   0.996044456575822   0.996044456575822   0.996044456575822   0.997033342431867   0.997527785359889   0.998269449751922   0.999011114143955   1.000000000000000   1.000000000000000   0.999048674522937   0.998573011784405   0.998335180415139   0.998216264730506   0.998097349045873   0.998097349045873   0.998097349045873   0.998573011784405   0.998810843153671   0.999167590207569   0.999524337261468   1.000000000000000   
PATCH 12 
2 1 
6 2 
0.000000000000000   0.000000000000000   0.000000000000000   0.250000000000000   0.500000000000000   0.750000000000000   1.000000000000000   1.000000000000000   1.000000000000000   
0.000000000000000   0.000000000000000   1.000000000000000   1.000000000000000   
0.016567094327003   0.019787432580970   0.026228109088904   0.032668785596838   0.039109462104772   0.042329800358739   0.014550000000000   0.018022475044842   0.024967425134527   0.031912375224212   0.038857325313897   0.042329800358739   
0.010292393961826   0.009537328704225   0.008027198189024   0.006517067673824   0.005006937158623   0.004251871901022   0.000000000000000   0.000000000000000   0.000000000000000   0.000000000000000   0.000000000000000   0.000000000000000   
1.000000000000000   1.000000000000000   1.000000000000000   1.000000000000000   1.000000000000000   1.000000000000000   1.000000000000000   1.000000000000000   1.000000000000000   1.000000000000000   1.000000000000000   1.000000000000000   
PATCH 13 
2 1 
13 2 
0.000000000000000   0.000000000000000   0.000000000000000   0.250000000000000   0.250000000000000   0.375000000000000   0.375000000000000   0.500000000000000   0.500000000000000   0.750000000000000   0.750000000000000   0.875000000000000   0.875000000000000   1.000000000000000   1.000000000000000   1.000000000000000   
0.000000000000000   0.000000000000000   1.000000000000000   1.000000000000000   
0.042329800358739   0.044252178265161   0.046174556171583   0.046092211634279   0.046100991931364   0.046109772228448   0.046209677359920   0.047164090195780   0.048118503031639   0.043752781407190   0.048274469213668   0.043868105588682   0.048327822931764   0.042329800358739   0.043288575313897   0.044247350269055   0.044726737746633   0.045206125224212   0.045685512701791   0.046164900179370   0.047123675134527   0.048082450089685   0.048561837567264   0.049041225044842   0.049520612522421   0.050000000000000   
0.004251871901022   0.003801136402250   0.003350400903477   0.003341774920785   0.003340524137521   0.003339273354258   0.003345397770425   0.003295058093135   0.003244718415845   0.002940249290536   0.003307147195713   0.003062409577274   0.003466446232928   0.000000000000000   0.000000000000000   0.000000000000000   0.000000000000000   0.000000000000000   0.000000000000000   0.000000000000000   0.000000000000000   0.000000000000000   0.000000000000000   0.000000000000000   0.000000000000000   0.000000000000000   
1.000000000000000   1.000000000000000   1.000000000000000   0.998029665891971   0.998029665891971   0.998029665891971   1.000000000000000   1.000000000000000   1.000000000000000   0.907528227892594   1.000000000000000   0.907528227892594   1.000000000000000   1.000000000000000   1.000000000000000   1.000000000000000   1.000000000000000   1.000000000000000   1.000000000000000   1.000000000000000   1.000000000000000   1.000000000000000   1.000000000000000   1.000000000000000   1.000000000000000   1.000000000000000   
PATCH 14 
2 1 
13 2 
0.000000000000000   0.000000000000000   0.000000000000000   0.250000000000000   0.250000000000000   0.375000000000000   0.375000000000000   0.500000000000000   0.500000000000000   0.750000000000000   0.750000000000000   0.875000000000000   0.875000000000000   1.000000000000000   1.000000000000000   1.000000000000000   
0.000000000000000   0.000000000000000   1.000000000000000   1.000000000000000   
0.014550000000000   0.014280071619723   0.013885194352466   0.013687755718838   0.013459079863465   0.013230404008092   0.012970490930973   0.012450664776737   0.011805889735520   0.011483502214912   0.011129877472559   0.010776252730206   0.010391390766108   0.016567094327003   0.015733704736022   0.014900315145042   0.014757020468900   0.014740287912119   0.014723555355339   0.014833384917921   0.013919164916911   0.013004944915901   0.011698296125175   0.012918408534651   0.011682363636928   0.012976109159092   
0.000000000000000   0.001375088228455   0.002699155791859   0.003361189573561   0.004010468189000   0.004659746804440   0.005296270253616   0.006569317151970   0.007791343385272   0.008402356501923   0.009000614452312   0.009598872402701   0.010184375186826   0.010292393961826   0.010487796890515   0.010683199819204   0.010597391569998   0.010604746085886   0.010612100601773   0.010712617882754   0.011335287374603   0.011957956866453   0.010869093416576   0.012104538097047   0.011038565415031   0.012264679410833   
1.000000000000000   0.981448221286814   0.972172331930221   0.967534387251924   0.965215414912776   0.962896442573627   0.962896442573627   0.962896442573627   0.972172331930221   0.976810276608517   0.983767193625962   0.990724110643407   1.000000000000000   1.000000000000000   1.000000000000000   1.000000000000000   0.991577375385978   0.991577375385978   0.991577375385978   1.000000000000000   1.000000000000000   1.000000000000000   0.904935762767886   1.000000000000000   0.904935762767886   1.000000000000000   
PATCH 15 
2 1 
4 2 
0.000000000000000   0.000000000000000   0.000000000000000   0.500000000000000   1.000000000000000   1.000000000000000   1.000000000000000   
0.000000000000000   0.000000000000000   1.000000000000000   1.000000000000000   
0.034653727206802   0.034488909350226   0.034143657238867   0.033963361237183   0.014900578704959   0.014722721267895   0.014367006393765   0.014189148956701   
0.033963361237183   0.034143657238867   0.034488909350226   0.034653727206802   0.014189148956701   0.014367006393765   0.014722721267895   0.014900578704959   
1.000000000000000   0.999974695306777   0.999974695306777   1.000000000000000   1.000000000000000   1.000000000000000   1.000000000000000   1.000000000000000   
PATCH 16 
2 2 
4 4 
0.000000000000000   0.000000000000000   0.000000000000000   0.500000000000000   1.000000000000000   1.000000000000000   1.000000000000000   
0.000000000000000   0.000000000000000   0.000000000000000   0.500000000000000   1.000000000000000   1.000000000000000   1.000000000000000   
0.012976109159092   0.013457226545559   0.014419461318493   0.014900578704959   0.012798251722027   0.013279369108494   0.014241603881428   0.014722721267895   0.012442536847898   0.012923654234365   0.013885889007299   0.014367006393765   0.012264679410833   0.012745796797300   0.013708031570234   0.014189148956701   
0.012264679410833   0.012745796797300   0.013708031570234   0.014189148956701   0.012442536847898   0.012923654234365   0.013885889007299   0.014367006393765   0.012798251722027   0.013279369108494   0.014241603881428   0.014722721267895   0.012976109159092   0.013457226545559   0.014419461318493   0.014900578704959   
1.000000000000000   1.000000000000000   1.000000000000000   1.000000000000000   1.000000000000000   1.000000000000000   1.000000000000000   1.000000000000000   1.000000000000000   1.000000000000000   1.000000000000000   1.000000000000000   1.000000000000000   1.000000000000000   1.000000000000000   1.000000000000000   
PATCH 17 
2 1 
4 2 
0.000000000000000   0.000000000000000   0.000000000000000   0.500000000000000   1.000000000000000   1.000000000000000   1.000000000000000   
0.000000000000000   0.000000000000000   1.000000000000000   1.000000000000000   
0.012976109159092   0.012798251722027   0.012442536847898   0.012264679410833   0.010391390766108   0.010339897216186   0.010236389426545   0.010184375186826   
0.012264679410833   0.012442536847898   0.012798251722027   0.012976109159092   0.010184375186826   0.010236389426545   0.010339897216186   0.010391390766108   
1.000000000000000   1.000000000000000   1.000000000000000   1.000000000000000   1.000000000000000   0.999974695306777   0.999974695306777   1.000000000000000   
PATCH 18 
2 1 
4 2 
0.000000000000000   0.000000000000000   0.000000000000000   0.500000000000000   1.000000000000000   1.000000000000000   1.000000000000000   
0.000000000000000   0.000000000000000   1.000000000000000   1.000000000000000   
0.034653727206802   0.034488909350226   0.034143657238867   0.033963361237183   0.038685244377508   0.037197068413715   0.034084833369545   0.032460774289170   
0.033963361237183   0.034143657238867   0.034488909350226   0.034653727206802   0.032460774289170   0.034084833369545   0.037197068413715   0.038685244377508   
1.000000000000000   0.999974695306777   0.999974695306777   1.000000000000000   1.000000000000000   0.998097349045873   0.998097349045873   1.000000000000000   
PATCH 19 
2 1 
4 2 
0.000000000000000   0.000000000000000   0.000000000000000   0.500000000000000   1.000000000000000   1.000000000000000   1.000000000000000   
0.000000000000000   0.000000000000000   1.000000000000000   1.000000000000000   
0.000000000000000   0.002178893568691   0.006520098010365   0.008682408883347   0.000000000000000   0.002200682504378   0.006585298990468   0.008769232972180   
0.050000000000000   0.049904867452294   0.049525061277599   0.049240387650610   0.050500000000000   0.050403916126817   0.050020311890375   0.049732791527117   
1.000000000000000   0.998097349045873   0.998097349045873   1.000000000000000   1.000000000000000   0.998097349045873   0.998097349045873   1.000000000000000   
PATCH 20 
2 1 
4 2 
0.000000000000000   0.000000000000000   0.000000000000000   0.500000000000000   1.000000000000000   1.000000000000000   1.000000000000000   
0.000000000000000   0.000000000000000   1.000000000000000   1.000000000000000   
0.003466446232928   0.004559887201029   0.006746769137230   0.007840210105330   0.000000000000000   0.002178893568691   0.006520098010365   0.008682408883347   
0.048327822931764   0.048206779822105   0.047964693602787   0.047843650493128   0.050000000000000   0.049904867452294   0.049525061277599   0.049240387650610   
1.000000000000000   1.000000000000000   1.000000000000000   1.000000000000000   1.000000000000000   0.998097349045873   0.998097349045873   1.000000000000000   
PATCH 21 
2 1 
13 2 
0.000000000000000   0.000000000000000   0.000000000000000   0.125000000000000   0.125000000000000   0.250000000000000   0.250000000000000   0.500000000000000   0.500000000000000   0.625000000000000   0.625000000000000   0.750000000000000   0.750000000000000   1.000000000000000   1.000000000000000   1.000000000000000   
0.000000000000000   0.000000000000000   1.000000000000000   1.000000000000000   
0.007840210105330   0.007183965178013   0.007985029030833   0.007277570487250   0.008009736917663   0.007394288113295   0.006778839308928   0.006656466130003   0.006655669378248   0.006654872626493   0.006775652301906   0.006827664453310   0.006879676604713   0.008682408883347   0.009214726804819   0.009640724858442   0.010205281747863   0.010708580522433   0.011763538802493   0.012824505476663   0.013345637237953   0.013879033337115   0.014421948759566   0.014961789090566   0.016023671984971   0.017060000588099   
0.047843650493128   0.043315031076026   0.047755180839406   0.043173477386931   0.047587285273228   0.045540058685361   0.043492832097493   0.042730656703050   0.042704847984038   0.042679039265025   0.043389597221443   0.043167766433773   0.042945935646103   0.049240387650610   0.049122375608591   0.048471800754531   0.048537168336645   0.048308035272485   0.048075778519547   0.047861706020850   0.047717110995273   0.047614504102982   0.047539904159385   0.047449294796303   0.047202604403832   0.046871966391684   
1.000000000000000   0.905540581594757   1.000000000000000   0.905540581594757   1.000000000000000   1.000000000000000   1.000000000000000   0.983044387441961   0.983044387441961   0.983044387441961   1.000000000000000   1.000000000000000   1.000000000000000   1.000000000000000   0.999524337261468   0.999167590207569   0.998810843153671   0.998573011784405   0.998097349045873   0.998097349045873   0.998097349045873   0.998216264730506   0.998335180415139   0.998573011784404   0.999048674522936   1.000000000000000   
PATCH 22 
2 2 
13 4 
0.000000000000000   0.000000000000000   0.000000000000000   0.250000000000000   0.250000000000000   0.375000000000000   0.375000000000000   0.500000000000000   0.500000000000000   0.750000000000000   0.750000000000000   0.875000000000000   0.875000000000000   1.000000000000000   1.000000000000000   1.000000000000000   
0.000000000000000   0.000000000000000   0.000000000000000   0.500000000000000   1.000000000000000   1.000000000000000   1.000000000000000   
0.004251871901022   0.003801136402250   0.003350400903477   0.003341774920785   0.003340524137521   0.003339273354258   0.003345397770425   0.003295058093135   0.003244718415845   0.002940249290536   0.003307147195713   0.003062409577274   0.003466446232928   0.004908823076945   0.004557768415015   0.004206713753085   0.004170049347212   0.004169310447703   0.004168571548195   0.004203758155051   0.004319865598175   0.004435973041300   0.004024579589715   0.004476617654493   0.004092798477459   0.004559887201029   0.006222725428790   0.006071032440545   0.005919339452299   0.005826598200066   0.005826883068066   0.005827167936067   0.005920478924302   0.006369480608255   0.006818482292208   0.006193240188071   0.006815558572053   0.006153576277828   0.006746769137230   0.006879676604713   0.006827664453310   0.006775652301906   0.006654872626493   0.006655669378248   0.006656466130003   0.006778839308928   0.007394288113295   0.008009736917663   0.007277570487250   0.007985029030833   0.007183965178013   0.007840210105330   
0.042329800358739   0.044252178265161   0.046174556171583   0.046092211634279   0.046100991931364   0.046109772228448   0.046209677359920   0.047164090195780   0.048118503031639   0.043752781407190   0.048274469213668   0.043868105588682   0.048327822931764   0.042483834180580   0.043981075307314   0.045478316434048   0.045238918541966   0.045251955944532   0.045264993347099   0.045530466044314   0.046758082318175   0.047985698592036   0.043607955402125   0.048144647120102   0.043729836960518   0.048206779822105   0.042791901824262   0.043438869391620   0.044085836958978   0.043532332357339   0.043553883970869   0.043575435584400   0.044172043413100   0.045946066562965   0.047720089712831   0.043318303391995   0.047885002932971   0.043453299704190   0.047964693602787   0.042945935646103   0.043167766433773   0.043389597221443   0.042679039265025   0.042704847984038   0.042730656703050   0.043492832097493   0.045540058685361   0.047587285273228   0.043173477386931   0.047755180839406   0.043315031076026   0.047843650493128   
1.000000000000000   1.000000000000000   1.000000000000000   0.998029665891971   0.998029665891971   0.998029665891971   1.000000000000000   1.000000000000000   1.000000000000000   0.907528227892594   1.000000000000000   0.907528227892594   1.000000000000000   1.000000000000000   1.000000000000000   1.000000000000000   0.994283346279468   0.994283346279468   0.994283346279468   1.000000000000000   1.000000000000000   1.000000000000000   0.907031316318135   1.000000000000000   0.907031316318135   1.000000000000000   1.000000000000000   1.000000000000000   1.000000000000000   0.986790707054463   0.986790707054463   0.986790707054463   1.000000000000000   1.000000000000000   1.000000000000000   0.906037493169217   1.000000000000000   0.906037493169217   1.000000000000000   1.000000000000000   1.000000000000000   1.000000000000000   0.983044387441961   0.983044387441961   0.983044387441961   1.000000000000000   1.000000000000000   1.000000000000000   0.905540581594757   1.000000000000000   0.905540581594757   1.000000000000000   
PATCH 23 
2 1 
13 2 
0.000000000000000   0.000000000000000   0.000000000000000   0.125000000000000   0.125000000000000   0.250000000000000   0.250000000000000   0.500000000000000   0.500000000000000   0.625000000000000   0.625000000000000   0.750000000000000   0.750000000000000   1.000000000000000   1.000000000000000   1.000000000000000   
0.000000000000000   0.000000000000000   1.000000000000000   1.000000000000000   
0.008682408883347   0.009214726804819   0.009640724858442   0.010205281747863   0.010708580522433   0.011763538802493   0.012824505476663   0.013345637237953   0.013879033337115   0.014421948759566   0.014961789090566   0.016023671984971   0.017060000588099   0.008769232972180   0.009306874072867   0.009842960902535   0.010379047732203   0.010913580290852   0.011982645408149   0.013045493441370   0.013576917457981   0.014106787203572   0.014636656949163   0.015164972423735   0.016221603372879   0.017272017237946   
0.049240387650610   0.049122375608591   0.048471800754531   0.048537168336645   0.048308035272485   0.048075778519547   0.047861706020850   0.047717110995273   0.047614504102982   0.047539904159385   0.047449294796303   0.047202604403832   0.046871966391684   0.049732791527117   0.049613599364677   0.049488606583825   0.049363613802972   0.049232820403708   0.048971233605179   0.048686444333000   0.048544049696911   0.048395854442409   0.048247659187908   0.048093663314994   0.047785671569166   0.047454477349688   
1.000000000000000   0.999524337261468   0.999167590207569   0.998810843153671   0.998573011784405   0.998097349045873   0.998097349045873   0.998097349045873   0.998216264730506   0.998335180415139   0.998573011784404   0.999048674522936   1.000000000000000   1.000000000000000   0.999524337261468   0.999167590207569   0.998810843153671   0.998573011784405   0.998097349045873   0.998097349045873   0.998097349045873   0.998216264730506   0.998335180415139   0.998573011784404   0.999048674522936   1.000000000000000   
PATCH 24 
2 1 
6 2 
0.000000000000000   0.000000000000000   0.000000000000000   0.250000000000000   0.500000000000000   0.750000000000000   1.000000000000000   1.000000000000000   1.000000000000000   
0.000000000000000   0.000000000000000   1.000000000000000   1.000000000000000   
0.017060000588099   0.018107064813382   0.020102634596252   0.021998973372042   0.023975673909587   0.024999042954431   0.017272017237946   0.018289568482936   0.020304367573183   0.022298863263696   0.024273055554476   0.025250000000000   
0.046871966391684   0.046563671981980   0.045688000003863   0.044608336758712   0.043700806172154   0.043299612537671   0.047454477349688   0.047032993823604   0.046146485990198   0.045216437375554   0.044242847979673   0.043734282891114   
1.000000000000000   0.999048674522936   0.998097349045873   0.998097349045873   0.999048674522936   1.000000000000000   1.000000000000000   0.999048674522936   0.998097349045873   0.998097349045873   0.999048674522936   1.000000000000000   
PATCH 25 
2 1 
6 2 
0.000000000000000   0.000000000000000   0.000000000000000   0.250000000000000   0.500000000000000   0.750000000000000   1.000000000000000   1.000000000000000   1.000000000000000   
0.000000000000000   0.000000000000000   1.000000000000000   1.000000000000000   
0.017060000588099   0.018107064813382   0.020102634596252   0.021998973372042   0.023975673909587   0.024999042954431   0.006879676604713   0.007634741862314   0.009144872377514   0.010655002892715   0.012165133407916   0.012920198665517   
0.046871966391684   0.046563671981980   0.045688000003863   0.044608336758712   0.043700806172154   0.043299612537671   0.042945935646103   0.039725597392136   0.033284920884202   0.026844244376268   0.020403567868333   0.017183229614366   
1.000000000000000   0.999048674522936   0.998097349045873   0.998097349045873   0.999048674522936   1.000000000000000   1.000000000000000   1.000000000000000   1.000000000000000   1.000000000000000   1.000000000000000   1.000000000000000   
PATCH 26 
2 1 
13 2 
0.000000000000000   0.000000000000000   0.000000000000000   0.250000000000000   0.250000000000000   0.375000000000000   0.375000000000000   0.500000000000000   0.500000000000000   0.750000000000000   0.750000000000000   0.875000000000000   0.875000000000000   1.000000000000000   1.000000000000000   1.000000000000000   
0.000000000000000   0.000000000000000   1.000000000000000   1.000000000000000   
0.024999042954431   0.026308276817264   0.027588365442846   0.028222761779456   0.028815412982517   0.029471803895060   0.030116419679789   0.031137150798305   0.031789734276296   0.032277462290539   0.032802458520822   0.033389138759065   0.033963361237183   0.012920198665517   0.012983935738683   0.013047672811849   0.012891356048613   0.012901033661137   0.012910711273661   0.013086383261944   0.013645059832002   0.014203736402060   0.012432305477024   0.012428658615685   0.012425011754345   0.014189148956701   
0.043299612537671   0.042428992302096   0.041520187433019   0.041057529626519   0.040537335389876   0.040107515103879   0.039659983970603   0.038428530513587   0.036801167896241   0.036198810792737   0.035642755293888   0.035155738589742   0.034653727206802   0.017183229614366   0.016911392269387   0.016639554924407   0.016412251130725   0.016392378740982   0.016372506351240   0.016560065365436   0.015863605178955   0.015167144992474   0.013178906349554   0.013112264777675   0.013045623205797   0.014900578704959   
1.000000000000000   0.998022228287911   0.997033342431867   0.996538899503845   0.996291678039834   0.996044456575822   0.996044456575822   0.996044456575822   0.997033342431867   0.997527785359889   0.998269449751922   0.999011114143955   1.000000000000000   1.000000000000000   1.000000000000000   1.000000000000000   0.987632852199056   0.987632852199056   0.987632852199056   1.000000000000000   1.000000000000000   1.000000000000000   0.872343970674396   0.872343970674396   0.872343970674396   1.000000000000000   
PATCH 27 
2 2 
6 4 
0.000000000000000   0.000000000000000   0.000000000000000   0.250000000000000   0.500000000000000   0.750000000000000   1.000000000000000   1.000000000000000   1.000000000000000   
0.000000000000000   0.000000000000000   0.000000000000000   0.500000000000000   1.000000000000000   1.000000000000000   1.000000000000000   
0.010292393961826   0.009537328704225   0.008027198189024   0.006517067673824   0.005006937158623   0.004251871901022   0.010949345137748   0.010194279880148   0.008684149364947   0.007174018849746   0.005663888334545   0.004908823076945   0.012263247489594   0.011508182231993   0.009998051716793   0.008487921201592   0.006977790686391   0.006222725428790   0.012920198665517   0.012165133407916   0.010655002892715   0.009144872377514   0.007634741862314   0.006879676604713   
0.016567094327003   0.019787432580970   0.026228109088904   0.032668785596838   0.039109462104772   0.042329800358739   0.016721128148844   0.019941466402811   0.026382142910745   0.032822819418679   0.039263495926613   0.042483834180580   0.017029195792525   0.020249534046492   0.026690210554427   0.033130887062361   0.039571563570295   0.042791901824262   0.017183229614366   0.020403567868333   0.026844244376268   0.033284920884202   0.039725597392136   0.042945935646103   
1.000000000000000   1.000000000000000   1.000000000000000   1.000000000000000   1.000000000000000   1.000000000000000   1.000000000000000   1.000000000000000   1.000000000000000   1.000000000000000   1.000000000000000   1.000000000000000   1.000000000000000   1.000000000000000   1.000000000000000   1.000000000000000   1.000000000000000   1.000000000000000   1.000000000000000   1.000000000000000   1.000000000000000   1.000000000000000   1.000000000000000   1.000000000000000   
PATCH 28 
2 2 
13 4 
0.000000000000000   0.000000000000000   0.000000000000000   0.250000000000000   0.250000000000000   0.375000000000000   0.375000000000000   0.500000000000000   0.500000000000000   0.750000000000000   0.750000000000000   0.875000000000000   0.875000000000000   1.000000000000000   1.000000000000000   1.000000000000000   
0.000000000000000   0.000000000000000   0.000000000000000   0.500000000000000   1.000000000000000   1.000000000000000   1.000000000000000   
0.010292393961826   0.010487796890515   0.010683199819204   0.010597391569998   0.010604746085886   0.010612100601773   0.010712617882754   0.011335287374603   0.011957956866453   0.010869093416576   0.012104538097047   0.011038565415031   0.012264679410833   0.010949345137748   0.011111831602557   0.011274318067365   0.011170882689652   0.011178817979699   0.011186753269745   0.011306059227551   0.011912730488953   0.012519401750355   0.011259896431688   0.012185568226706   0.011385176999860   0.012745796797300   0.012263247489594   0.012359901026641   0.012456554563688   0.012317864928960   0.012326961767324   0.012336058605689   0.012492941917147   0.013067616717652   0.013642291518158   0.012041502461912   0.012347628486025   0.012078400169516   0.013708031570234   0.012920198665517   0.012983935738683   0.013047672811849   0.012891356048613   0.012901033661137   0.012910711273661   0.013086383261944   0.013645059832002   0.014203736402060   0.012432305477024   0.012428658615685   0.012425011754345   0.014189148956701   
0.016567094327003   0.015733704736022   0.014900315145042   0.014757020468900   0.014740287912119   0.014723555355339   0.014833384917921   0.013919164916911   0.013004944915901   0.011698296125175   0.012918408534651   0.011682363636928   0.012976109159092   0.016721128148844   0.016028126619363   0.015335125089883   0.015170828134356   0.015153310619335   0.015135793104314   0.015265055029799   0.014405274982422   0.013545494935044   0.012068448681269   0.012966872595407   0.012023178529145   0.013457226545559   0.017029195792525   0.016616970386045   0.016204744979566   0.015998443465269   0.015979356033767   0.015960268602265   0.016128395253557   0.015377495113444   0.014626594973331   0.012808753793459   0.013063800716919   0.012704808313579   0.014419461318493   0.017183229614366   0.016911392269387   0.016639554924407   0.016412251130725   0.016392378740982   0.016372506351240   0.016560065365436   0.015863605178955   0.015167144992474   0.013178906349554   0.013112264777675   0.013045623205797   0.014900578704959   
1.000000000000000   1.000000000000000   1.000000000000000   0.991577375385978   0.991577375385978   0.991577375385978   1.000000000000000   1.000000000000000   1.000000000000000   0.904935762767886   1.000000000000000   0.904935762767886   1.000000000000000   1.000000000000000   1.000000000000000   1.000000000000000   0.990591244589247   0.990591244589247   0.990591244589247   1.000000000000000   1.000000000000000   1.000000000000000   0.896787814744513   0.968085992668599   0.896787814744513   1.000000000000000   1.000000000000000   1.000000000000000   1.000000000000000   0.988618982995787   0.988618982995787   0.988618982995787   1.000000000000000   1.000000000000000   1.000000000000000   0.880491918697768   0.904257978005797   0.880491918697768   1.000000000000000   1.000000000000000   1.000000000000000   1.000000000000000   0.987632852199056   0.987632852199056   0.987632852199056   1.000000000000000   1.000000000000000   1.000000000000000   0.872343970674396   0.872343970674396   0.872343970674396   1.000000000000000   
PATCH 29 
2 1 
13 2 
0.000000000000000   0.000000000000000   0.000000000000000   0.250000000000000   0.250000000000000   0.375000000000000   0.375000000000000   0.500000000000000   0.500000000000000   0.750000000000000   0.750000000000000   0.875000000000000   0.875000000000000   1.000000000000000   1.000000000000000   1.000000000000000   
0.000000000000000   0.000000000000000   1.000000000000000   1.000000000000000   
0.024999042954431   0.026308276817264   0.027588365442846   0.028222761779456   0.028815412982517   0.029471803895060   0.030116419679789   0.031137150798305   0.031789734276296   0.032277462290539   0.032802458520822   0.033389138759065   0.033963361237183   0.025250000000000   0.026178902508932   0.027094027156471   0.027551589480241   0.028005707338662   0.028459825197083   0.028910498590156   0.029811845376303   0.030699414301056   0.031143198763433   0.031583538760461   0.032023878757490   0.032460774289170   
0.043299612537671   0.042428992302096   0.041520187433019   0.041057529626519   0.040537335389876   0.040107515103879   0.039659983970603   0.038428530513587   0.036801167896241   0.036198810792737   0.035642755293888   0.035155738589742   0.034653727206802   0.043734282891114   0.043142506727484   0.042531053738569   0.042225327244111   0.041914681543332   0.041604035842553   0.041288470935453   0.040657341121252   0.040006534481766   0.039681131162023   0.039350808635958   0.039020486109894   0.038685244377508   
1.000000000000000   0.998022228287911   0.997033342431867   0.996538899503845   0.996291678039834   0.996044456575822   0.996044456575822   0.996044456575822   0.997033342431867   0.997527785359889   0.998269449751922   0.999011114143955   1.000000000000000   1.000000000000000   0.999048674522937   0.998573011784405   0.998335180415139   0.998216264730506   0.998097349045873   0.998097349045873   0.998097349045873   0.998573011784405   0.998810843153671   0.999167590207569   0.999524337261468   1.000000000000000   
PATCH 30 
2 1 
6 2 
0.000000000000000   0.000000000000000   0.000000000000000   0.250000000000000   0.500000000000000   0.750000000000000   1.000000000000000   1.000000000000000   1.000000000000000   
0.000000000000000   0.000000000000000   1.000000000000000   1.000000000000000   
0.010292393961826   0.009537328704225   0.008027198189024   0.006517067673824   0.005006937158623   0.004251871901022   0.000000000000000   0.000000000000000   0.000000000000000   0.000000000000000   0.000000000000000   0.000000000000000   
0.016567094327003   0.019787432580970   0.026228109088904   0.032668785596838   0.039109462104772   0.042329800358739   0.014550000000000   0.018022475044842   0.024967425134527   0.031912375224212   0.038857325313897   0.042329800358739   
1.000000000000000   1.000000000000000   1.000000000000000   1.000000000000000   1.000000000000000   1.000000000000000   1.000000000000000   1.000000000000000   1.000000000000000   1.000000000000000   1.000000000000000   1.000000000000000   
PATCH 31 
2 1 
13 2 
0.000000000000000   0.000000000000000   0.000000000000000   0.250000000000000   0.250000000000000   0.375000000000000   0.375000000000000   0.500000000000000   0.500000000000000   0.750000000000000   0.750000000000000   0.875000000000000   0.875000000000000   1.000000000000000   1.000000000000000   1.000000000000000   
0.000000000000000   0.000000000000000   1.000000000000000   1.000000000000000   
0.004251871901022   0.003801136402250   0.003350400903477   0.003341774920785   0.003340524137521   0.003339273354258   0.003345397770425   0.003295058093135   0.003244718415845   0.002940249290536   0.003307147195713   0.003062409577274   0.003466446232928   0.000000000000000   0.000000000000000   0.000000000000000   0.000000000000000   0.000000000000000   0.000000000000000   0.000000000000000   0.000000000000000   0.000000000000000   0.000000000000000   0.000000000000000   0.000000000000000   0.000000000000000   
0.042329800358739   0.044252178265161   0.046174556171583   0.046092211634279   0.046100991931364   0.046109772228448   0.046209677359920   0.047164090195780   0.048118503031639   0.043752781407190   0.048274469213668   0.043868105588682   0.048327822931764   0.042329800358739   0.043288575313897   0.044247350269055   0.044726737746633   0.045206125224212   0.045685512701791   0.046164900179370   0.047123675134527   0.048082450089685   0.048561837567264   0.049041225044842   0.049520612522421   0.050000000000000   
1.000000000000000   1.000000000000000   1.000000000000000   0.998029665891971   0.998029665891971   0.998029665891971   1.000000000000000   1.000000000000000   1.000000000000000   0.907528227892594   1.000000000000000   0.907528227892594   1.000000000000000   1.000000000000000   1.000000000000000   1.000000000000000   1.000000000000000   1.000000000000000   1.000000000000000   1.000000000000000   1.000000000000000   1.000000000000000   1.000000000000000   1.000000000000000   1.000000000000000   1.000000000000000   
PATCH 32 
2 1 
13 2 
0.000000000000000   0.000000000000000   0.000000000000000   0.250000000000000   0.250000000000000   0.375000000000000   0.375000000000000   0.500000000000000   0.500000000000000   0.750000000000000   0.750000000000000   0.875000000000000   0.875000000000000   1.000000000000000   1.000000000000000   1.000000000000000   
0.000000000000000   0.000000000000000   1.000000000000000   1.000000000000000   
0.000000000000000   0.001375088228455   0.002699155791859   0.003361189573561   0.004010468189000   0.004659746804440   0.005296270253616   0.006569317151970   0.007791343385272   0.008402356501923   0.009000614452312   0.009598872402701   0.010184375186826   0.010292393961826   0.010487796890515   0.010683199819204   0.010597391569998   0.010604746085886   0.010612100601773   0.010712617882754   0.011335287374603   0.011957956866453   0.010869093416576   0.012104538097047   0.011038565415031   0.012264679410833   
0.014550000000000   0.014280071619723   0.013885194352466   0.013687755718838   0.013459079863465   0.013230404008092   0.012970490930973   0.012450664776737   0.011805889735520   0.011483502214912   0.011129877472559   0.010776252730206   0.010391390766108   0.016567094327003   0.015733704736022   0.014900315145042   0.014757020468900   0.014740287912119   0.014723555355339   0.014833384917921   0.013919164916911   0.013004944915901   0.011698296125175   0.012918408534651   0.011682363636928   0.012976109159092   
1.000000000000000   0.981448221286814   0.972172331930221   0.967534387251924   0.965215414912776   0.962896442573627   0.962896442573627   0.962896442573627   0.972172331930221   0.976810276608517   0.983767193625962   0.990724110643407   1.000000000000000   1.000000000000000   1.000000000000000   1.000000000000000   0.991577375385978   0.991577375385978   0.991577375385978   1.000000000000000   1.000000000000000   1.000000000000000   0.904935762767886   1.000000000000000   0.904935762767886   1.000000000000000   
INTERFACE 1 
1 2 
5 1 
1 
INTERFACE 2 
1 3 
2 4 
1 
INTERFACE 3 
2 1 
13 2 
1 
INTERFACE 4 
2 2 
3 1 
1 
INTERFACE 5 
2 3 
4 2 
1 
INTERFACE 6 
3 2 
7 1 
-1 
INTERFACE 7 
3 3 
4 4 
-1 
INTERFACE 8 
3 4 
5 3 
1 
INTERFACE 9 
4 1 
9 2 
1 
INTERFACE 10 
4 3 
13 3 
1 
INTERFACE 11 
5 2 
6 1 
1 
INTERFACE 12 
6 2 
11 1 
1 
INTERFACE 13 
6 3 
7 3 
1 
INTERFACE 14 
7 2 
8 1 
1 
INTERFACE 15 
7 4 
9 4 
-1 
INTERFACE 16 
8 2 
15 1 
1 
INTERFACE 17 
8 3 
11 3 
1 
INTERFACE 18 
8 4 
10 4 
1 
INTERFACE 19 
9 1 
10 1 
1 
INTERFACE 20 
9 3 
12 3 
1 
INTERFACE 21 
10 2 
16 3 
1 
INTERFACE 22 
10 3 
14 4 
1 
INTERFACE 23 
11 2 
18 1 
1 
INTERFACE 24 
12 1 
14 1 
-1 
INTERFACE 25 
12 2 
13 1 
1 
INTERFACE 26 
14 2 
17 1 
-1 
INTERFACE 27 
15 2 
26 2 
1 
INTERFACE 28 
15 3 
18 3 
1 
INTERFACE 29 
15 4 
16 2 
1 
INTERFACE 30 
16 1 
17 3 
1 
INTERFACE 31 
16 4 
28 2 
1 
INTERFACE 32 
17 2 
32 2 
-1 
INTERFACE 33 
18 2 
29 2 
1 
INTERFACE 34 
19 2 
23 1 
1 
INTERFACE 35 
19 3 
20 4 
1 
INTERFACE 36 
20 1 
31 2 
1 
INTERFACE 37 
20 2 
21 1 
1 
INTERFACE 38 
20 3 
22 2 
1 
INTERFACE 39 
21 2 
25 1 
-1 
INTERFACE 40 
21 3 
22 4 
-1 
INTERFACE 41 
21 4 
23 3 
1 
INTERFACE 42 
22 1 
27 2 
1 
INTERFACE 43 
22 3 
31 3 
1 
INTERFACE 44 
23 2 
24 1 
1 
INTERFACE 45 
24 2 
29 1 
1 
INTERFACE 46 
24 3 
25 3 
1 
INTERFACE 47 
25 2 
26 1 
1 
INTERFACE 48 
25 4 
27 4 
-1 
INTERFACE 49 
26 3 
29 3 
1 
INTERFACE 50 
26 4 
28 4 
1 
INTERFACE 51 
27 1 
28 1 
1 
INTERFACE 52 
27 3 
30 3 
1 
INTERFACE 53 
28 3 
32 4 
1 
INTERFACE 54 
30 1 
32 1 
-1 
INTERFACE 55 
30 2 
31 1 
1 
BOUNDARY 1 
1 
1 1 
BOUNDARY 2 
1 
1 4 
BOUNDARY 3 
1 
5 4 
BOUNDARY 4 
1 
6 4 
BOUNDARY 5 
1 
11 4 
BOUNDARY 6 
1 
12 4 
BOUNDARY 7 
1 
13 4 
BOUNDARY 8 
1 
14 3 
BOUNDARY 9 
1 
17 4 
BOUNDARY 10 
1 
18 4 
BOUNDARY 11 
1 
19 1 
BOUNDARY 12 
1 
19 4 
BOUNDARY 13 
1 
23 4 
BOUNDARY 14 
1 
24 4 
BOUNDARY 15 
1 
29 4 
BOUNDARY 16 
1 
30 4 
BOUNDARY 17 
1 
31 4 
BOUNDARY 18 
1 
32 3 
