# nurbs mesh v.2.1
#
# 14-Jul-2024
#
2 2 32 55 0 
PATCH 1 
2 1 
4 2 
0.000000000000000   0.000000000000000   0.000000000000000   0.500000000000000   1.000000000000000   1.000000000000000   1.000000000000000   
0.000000000000000   0.000000000000000   1.000000000000000   1.000000000000000   
0.050000000000000   0.049904867452294   0.049525061277599   0.049240387650610   0.050500000000000   0.050403916126817   0.050020311890375   0.049732791527117   
0.000000000000000   0.002178893568691   0.006520098010365   0.008682408883347   0.000000000000000   0.002200682504378   0.006585298990468   0.008769232972180   
1.000000000000000   0.998097349045873   0.998097349045873   1.000000000000000   1.000000000000000   0.998097349045873   0.998097349045873   1.000000000000000   
PATCH 2 
2 1 
4 2 
0.000000000000000   0.000000000000000   0.000000000000000   0.500000000000000   1.000000000000000   1.000000000000000   1.000000000000000   
0.000000000000000   0.000000000000000   1.000000000000000   1.000000000000000   
0.048328663375041   0.048200048199352   0.047942817847974   0.047814202672285   0.050000000000000   0.049904867452294   0.049525061277599   0.049240387650610   
0.003286907284636   0.004430366429668   0.006717284719731   0.007860743864763   0.000000000000000   0.002178893568691   0.006520098010365   0.008682408883347   
1.000000000000000   1.000000000000000   1.000000000000000   1.000000000000000   1.000000000000000   0.998097349045873   0.998097349045873   1.000000000000000   
PATCH 3 
2 1 
13 2 
0.000000000000000   0.000000000000000   0.000000000000000   0.125000000000000   0.125000000000000   0.250000000000000   0.250000000000000   0.500000000000000   0.500000000000000   0.625000000000000   0.625000000000000   0.750000000000000   0.750000000000000   1.000000000000000   1.000000000000000   1.000000000000000   
0.000000000000000   0.000000000000000   1.000000000000000   1.000000000000000   
0.047814202672285   0.043524621045733   0.047729386118501   0.043388663372102   0.047566629239687   0.045616536259337   0.043666443278987   0.042915340573662   0.042889764137347   0.042864187701031   0.043564137533725   0.043329071927674   0.043094006321622   0.049240387650610   0.049122375608591   0.048469293174541   0.048468043876683   0.048235419265301   0.048005112710954   0.047798176249790   0.047663564959731   0.047582046222903   0.047507989583299   0.047413647985812   0.047147533472804   0.046883262085886   
0.007860743864763   0.007239240958624   0.008002766383723   0.007333473408811   0.008032337350674   0.007541399275035   0.007050461199396   0.006926947260871   0.006927254994606   0.006927562728341   0.007051692134337   0.007116922795053   0.007182153455769   0.008682408883347   0.009214726804819   0.009640226117145   0.010190747842945   0.010692483524164   0.011746247767236   0.012807482725812   0.013330661352972   0.013869572270405   0.014412266990342   0.014950548880092   0.016004977284841   0.017064111884564   
1.000000000000000   0.910479805900385   1.000000000000000   0.910479805900385   1.000000000000000   1.000000000000000   1.000000000000000   0.983367127692362   0.983367127692362   0.983367127692362   1.000000000000000   1.000000000000000   1.000000000000000   1.000000000000000   0.999524337261468   0.999167590207569   0.998810843153671   0.998573011784405   0.998097349045873   0.998097349045873   0.998097349045873   0.998216264730506   0.998335180415139   0.998573011784404   0.999048674522936   1.000000000000000   
PATCH 4 
2 2 
13 4 
0.000000000000000   0.000000000000000   0.000000000000000   0.250000000000000   0.250000000000000   0.375000000000000   0.375000000000000   0.500000000000000   0.500000000000000   0.750000000000000   0.750000000000000   0.875000000000000   0.875000000000000   1.000000000000000   1.000000000000000   1.000000000000000   
0.000000000000000   0.000000000000000   0.000000000000000   0.500000000000000   1.000000000000000   1.000000000000000   1.000000000000000   
0.042286392358072   0.044131504196223   0.045976616034374   0.045885111897219   0.045894306424043   0.045903500950867   0.046013394141670   0.047063304929478   0.048113215717286   0.043582812105868   0.048273332298220   0.043701966631161   0.048328663375041   0.042488295848960   0.043930896129086   0.045373496409211   0.045129880848172   0.045143170852369   0.045156460856566   0.045426656425999   0.046701612761943   0.047976569097886   0.043534274922427   0.048137345753290   0.043657630234804   0.048200048199352   0.042892102830735   0.043529679994811   0.044167257158887   0.043619418750078   0.043640899709021   0.043662380667963   0.044253180994658   0.045978228426872   0.047703275859087   0.043437200555543   0.047865372663431   0.043568957442090   0.047942817847974   0.043094006321622   0.043329071927674   0.043564137533725   0.042864187701031   0.042889764137347   0.042915340573662   0.043666443278987   0.045616536259337   0.047566629239687   0.043388663372102   0.047729386118501   0.043524621045733   0.047814202672285   
0.004271830860324   0.003759812678170   0.003247794496015   0.003238197170257   0.003236551148409   0.003234905126561   0.003241210408623   0.003153230688433   0.003065250968243   0.002764058447797   0.003125153910783   0.002886646706277   0.003286907284636   0.004999411509185   0.004599090207391   0.004198768905596   0.004160538559778   0.004159227109959   0.004157915660139   0.004193523106316   0.004250272835084   0.004307022563851   0.003906412188050   0.004344557029018   0.003974795269364   0.004430366429668   0.006454572806908   0.006277645265832   0.006100717724757   0.006005221338820   0.006004579033057   0.006003936727293   0.006098148501703   0.006444357128385   0.006790565755066   0.006191119668558   0.006783363265488   0.006151092395538   0.006717284719731   0.007182153455769   0.007116922795053   0.007051692134337   0.006927562728341   0.006927254994606   0.006926947260871   0.007050461199396   0.007541399275035   0.008032337350674   0.007333473408811   0.008002766383723   0.007239240958624   0.007860743864763   
1.000000000000000   1.000000000000000   1.000000000000000   0.997814003633814   0.997814003633814   0.997814003633814   1.000000000000000   1.000000000000000   1.000000000000000   0.904068297976684   1.000000000000000   0.904068297976684   1.000000000000000   1.000000000000000   1.000000000000000   1.000000000000000   0.994202284648451   0.994202284648451   0.994202284648451   1.000000000000000   1.000000000000000   1.000000000000000   0.905671174957609   1.000000000000000   0.905671174957609   1.000000000000000   1.000000000000000   1.000000000000000   1.000000000000000   0.986978846677725   0.986978846677725   0.986978846677725   1.000000000000000   1.000000000000000   1.000000000000000   0.908876928919460   1.000000000000000   0.908876928919460   1.000000000000000   1.000000000000000   1.000000000000000   1.000000000000000   0.983367127692362   0.983367127692362   0.983367127692362   1.000000000000000   1.000000000000000   1.000000000000000   0.910479805900385   1.000000000000000   0.910479805900385   1.000000000000000   
PATCH 5 
2 1 
13 2 
0.000000000000000   0.000000000000000   0.000000000000000   0.125000000000000   0.125000000000000   0.250000000000000   0.250000000000000   0.500000000000000   0.500000000000000   0.625000000000000   0.625000000000000   0.750000000000000   0.750000000000000   1.000000000000000   1.000000000000000   1.000000000000000   
0.000000000000000   0.000000000000000   1.000000000000000   1.000000000000000   
0.049240387650610   0.049122375608591   0.048469293174541   0.048468043876683   0.048235419265301   0.048005112710954   0.047798176249790   0.047663564959731   0.047582046222903   0.047507989583299   0.047413647985812   0.047147533472804   0.046883262085886   0.049732791527117   0.049613599364677   0.049488606583825   0.049363613802972   0.049232820403708   0.048971233605179   0.048686444333000   0.048544049696911   0.048395854442409   0.048247659187908   0.048093663314994   0.047785671569166   0.047454477349688   
0.008682408883347   0.009214726804819   0.009640226117145   0.010190747842945   0.010692483524164   0.011746247767236   0.012807482725812   0.013330661352972   0.013869572270405   0.014412266990342   0.014950548880092   0.016004977284841   0.017064111884564   0.008769232972180   0.009306874072867   0.009842960902535   0.010379047732203   0.010913580290852   0.011982645408149   0.013045493441370   0.013576917457981   0.014106787203572   0.014636656949163   0.015164972423735   0.016221603372879   0.017272017237946   
1.000000000000000   0.999524337261468   0.999167590207569   0.998810843153671   0.998573011784405   0.998097349045873   0.998097349045873   0.998097349045873   0.998216264730506   0.998335180415139   0.998573011784404   0.999048674522936   1.000000000000000   1.000000000000000   0.999524337261468   0.999167590207569   0.998810843153671   0.998573011784405   0.998097349045873   0.998097349045873   0.998097349045873   0.998216264730506   0.998335180415139   0.998573011784404   0.999048674522936   1.000000000000000   
PATCH 6 
2 1 
6 2 
0.000000000000000   0.000000000000000   0.000000000000000   0.250000000000000   0.500000000000000   0.750000000000000   1.000000000000000   1.000000000000000   1.000000000000000   
0.000000000000000   0.000000000000000   1.000000000000000   1.000000000000000   
0.046883262085886   0.046544925931816   0.045676544584408   0.044607219200172   0.043709091811509   0.043294516020558   0.047454477349688   0.047032993823604   0.046146485990198   0.045216437375554   0.044242847979673   0.043734282891114   
0.017064111884564   0.018099775097368   0.020097594233106   0.021998422238726   0.023980219678984   0.024996100478904   0.017272017237946   0.018289568482936   0.020304367573183   0.022298863263696   0.024273055554476   0.025250000000000   
1.000000000000000   0.999048674522936   0.998097349045873   0.998097349045873   0.999048674522936   1.000000000000000   1.000000000000000   0.999048674522936   0.998097349045873   0.998097349045873   0.999048674522936   1.000000000000000   
PATCH 7 
2 1 
6 2 
0.000000000000000   0.000000000000000   0.000000000000000   0.250000000000000   0.500000000000000   0.750000000000000   1.000000000000000   1.000000000000000   1.000000000000000   
0.000000000000000   0.000000000000000   1.000000000000000   1.000000000000000   
0.046883262085886   0.046544925931816   0.045676544584408   0.044607219200172   0.043709091811509   0.043294516020558   0.043094006321622   0.040003854010126   0.033823549387133   0.027643244764139   0.021462940141146   0.018372787829650   
0.017064111884564   0.018099775097368   0.020097594233106   0.021998422238726   0.023980219678984   0.024996100478904   0.007182153455769   0.008039670131126   0.009754703481839   0.011469736832552   0.013184770183266   0.014042286858623   
1.000000000000000   0.999048674522936   0.998097349045873   0.998097349045873   0.999048674522936   1.000000000000000   1.000000000000000   1.000000000000000   1.000000000000000   1.000000000000000   1.000000000000000   1.000000000000000   
PATCH 8 
2 1 
13 2 
0.000000000000000   0.000000000000000   0.000000000000000   0.250000000000000   0.250000000000000   0.375000000000000   0.375000000000000   0.500000000000000   0.500000000000000   0.750000000000000   0.750000000000000   0.875000000000000   0.875000000000000   1.000000000000000   1.000000000000000   1.000000000000000   
0.000000000000000   0.000000000000000   1.000000000000000   1.000000000000000   
0.043294516020558   0.042423380011172   0.041516837704693   0.041017840326710   0.040482434872971   0.040055293400960   0.039650551462207   0.038355334819095   0.036850096605468   0.036273792221848   0.035701869083823   0.035217640388057   0.034712371334477   0.018372787829650   0.017943177331452   0.017513566833254   0.017341984128799   0.017325259808546   0.017308535488294   0.017446669552244   0.016829863954619   0.016213058356994   0.014171988299603   0.014106538880577   0.014041089461551   0.015951260680888   
0.024996100478904   0.026303280334813   0.027583049162881   0.028191576732521   0.028771659483577   0.029427842605886   0.030102781416637   0.031069612875108   0.031821996261143   0.032333356579305   0.032844905875791   0.033434922652809   0.034006746033647   0.014042286858623   0.014161503689697   0.014280720520771   0.014160449411144   0.014168699491794   0.014176949572443   0.014313720843368   0.014778597823209   0.015243474803050   0.013413216085037   0.013408642157249   0.013404068229461   0.015225179091899   
1.000000000000000   0.998025478165135   0.997038217247702   0.996544586788986   0.996297771559627   0.996050956330269   0.996050956330269   0.996050956330269   0.997038217247702   0.997531847706418   0.998272293394493   0.999012739082567   1.000000000000000   1.000000000000000   1.000000000000000   1.000000000000000   0.991228899836127   0.991228899836127   0.991228899836127   1.000000000000000   1.000000000000000   1.000000000000000   0.877341116686944   0.877341116686944   0.877341116686944   1.000000000000000   
PATCH 9 
2 2 
6 4 
0.000000000000000   0.000000000000000   0.000000000000000   0.250000000000000   0.500000000000000   0.750000000000000   1.000000000000000   1.000000000000000   1.000000000000000   
0.000000000000000   0.000000000000000   0.000000000000000   0.500000000000000   1.000000000000000   1.000000000000000   1.000000000000000   
0.017565173866099   0.020655326177596   0.026835630800589   0.033015935423582   0.039196240046576   0.042286392358072   0.017767077356987   0.020857229668484   0.027037534291477   0.033217838914470   0.039398143537463   0.042488295848960   0.018170884338762   0.021261036650259   0.027441341273252   0.033621645896245   0.039801950519238   0.042892102830735   0.018372787829650   0.021462940141146   0.027643244764139   0.033823549387133   0.040003854010126   0.043094006321622   
0.011131964263178   0.010274447587821   0.008559414237108   0.006844380886394   0.005129347535681   0.004271830860324   0.011859544912039   0.011002028236682   0.009286994885969   0.007571961535255   0.005856928184542   0.004999411509185   0.013314706209761   0.012457189534405   0.010742156183691   0.009027122832978   0.007312089482264   0.006454572806908   0.014042286858623   0.013184770183266   0.011469736832552   0.009754703481839   0.008039670131126   0.007182153455769   
1.000000000000000   1.000000000000000   1.000000000000000   1.000000000000000   1.000000000000000   1.000000000000000   1.000000000000000   1.000000000000000   1.000000000000000   1.000000000000000   1.000000000000000   1.000000000000000   1.000000000000000   1.000000000000000   1.000000000000000   1.000000000000000   1.000000000000000   1.000000000000000   1.000000000000000   1.000000000000000   1.000000000000000   1.000000000000000   1.000000000000000   1.000000000000000   
PATCH 10 
2 2 
13 4 
0.000000000000000   0.000000000000000   0.000000000000000   0.250000000000000   0.250000000000000   0.375000000000000   0.375000000000000   0.500000000000000   0.500000000000000   0.750000000000000   0.750000000000000   0.875000000000000   0.875000000000000   1.000000000000000   1.000000000000000   1.000000000000000   
0.000000000000000   0.000000000000000   0.000000000000000   0.500000000000000   1.000000000000000   1.000000000000000   1.000000000000000   
0.017565173866099   0.017030556072021   0.016495938277944   0.016495687472570   0.016495459559703   0.016495231646837   0.016495026626478   0.014955916296949   0.013416805967420   0.011529958448556   0.013276080888461   0.011478689356708   0.013327951998575   0.017767077356987   0.017258711386879   0.016750345416771   0.016707261636627   0.016702909621914   0.016698557607201   0.016732937357919   0.015424403211366   0.014115869064813   0.012190465911318   0.013483695386490   0.012119289382918   0.013983779169153   0.018170884338762   0.017715022016594   0.017259159694427   0.017130409964742   0.017117809746336   0.017105209527930   0.017208758820803   0.016361377040201   0.015513995259600   0.013511480836842   0.013898924382548   0.013400489435340   0.015295433510310   0.018372787829650   0.017943177331452   0.017513566833254   0.017341984128799   0.017325259808546   0.017308535488294   0.017446669552244   0.016829863954619   0.016213058356994   0.014171988299603   0.014106538880577   0.014041089461551   0.015951260680888   
0.011131964263178   0.011280320598773   0.011428676934368   0.011428724175467   0.011428786841417   0.011428849507368   0.011428927598171   0.011848204298866   0.012267480999561   0.010656562841883   0.012409087370627   0.010849506855513   0.012601870409586   0.011859544912039   0.012000616371504   0.012141687830969   0.012111655484386   0.012113765004011   0.012115874523637   0.012150125909470   0.012580802679951   0.013011479450433   0.011345726152671   0.012658976067283   0.011488147199000   0.013257697580164   0.013314706209761   0.013441207916966   0.013567709624170   0.013477518102225   0.013483721329200   0.013489924556174   0.013592522532069   0.014045999442123   0.014499476352177   0.012724052774248   0.013158753460594   0.012765427885974   0.014569351921321   0.014042286858623   0.014161503689697   0.014280720520771   0.014160449411144   0.014168699491794   0.014176949572443   0.014313720843368   0.014778597823209   0.015243474803050   0.013413216085037   0.013408642157249   0.013404068229461   0.015225179091899   
1.000000000000000   1.000000000000000   1.000000000000000   0.999998603215647   0.999998603215647   0.999998603215647   1.000000000000000   1.000000000000000   1.000000000000000   0.866545179958243   1.000000000000000   0.866545179958243   1.000000000000000   1.000000000000000   1.000000000000000   1.000000000000000   0.997806177370767   0.997806177370767   0.997806177370767   1.000000000000000   1.000000000000000   1.000000000000000   0.869244164140418   0.969335279171736   0.869244164140418   1.000000000000000   1.000000000000000   1.000000000000000   1.000000000000000   0.993421325681007   0.993421325681007   0.993421325681007   1.000000000000000   1.000000000000000   1.000000000000000   0.874642132504769   0.908005837515208   0.874642132504769   1.000000000000000   1.000000000000000   1.000000000000000   1.000000000000000   0.991228899836127   0.991228899836127   0.991228899836127   1.000000000000000   1.000000000000000   1.000000000000000   0.877341116686944   0.877341116686944   0.877341116686944   1.000000000000000   
PATCH 11 
2 1 
13 2 
0.000000000000000   0.000000000000000   0.000000000000000   0.250000000000000   0.250000000000000   0.375000000000000   0.375000000000000   0.500000000000000   0.500000000000000   0.750000000000000   0.750000000000000   0.875000000000000   0.875000000000000   1.000000000000000   1.000000000000000   1.000000000000000   
0.000000000000000   0.000000000000000   1.000000000000000   1.000000000000000   
0.043294516020558   0.042423380011172   0.041516837704693   0.041017840326710   0.040482434872971   0.040055293400960   0.039650551462207   0.038355334819095   0.036850096605468   0.036273792221848   0.035701869083823   0.035217640388057   0.034712371334477   0.043734282891114   0.043142506727484   0.042531053738569   0.042225327244111   0.041914681543332   0.041604035842553   0.041288470935453   0.040657341121252   0.040006534481766   0.039681131162023   0.039350808635958   0.039020486109894   0.038685244377508   
0.024996100478904   0.026303280334813   0.027583049162881   0.028191576732521   0.028771659483577   0.029427842605886   0.030102781416637   0.031069612875108   0.031821996261143   0.032333356579305   0.032844905875791   0.033434922652809   0.034006746033647   0.025250000000000   0.026178902508932   0.027094027156471   0.027551589480241   0.028005707338662   0.028459825197083   0.028910498590156   0.029811845376303   0.030699414301056   0.031143198763433   0.031583538760461   0.032023878757490   0.032460774289170   
1.000000000000000   0.998025478165135   0.997038217247702   0.996544586788986   0.996297771559627   0.996050956330269   0.996050956330269   0.996050956330269   0.997038217247702   0.997531847706418   0.998272293394493   0.999012739082567   1.000000000000000   1.000000000000000   0.999048674522937   0.998573011784405   0.998335180415139   0.998216264730506   0.998097349045873   0.998097349045873   0.998097349045873   0.998573011784405   0.998810843153671   0.999167590207569   0.999524337261468   1.000000000000000   
PATCH 12 
2 1 
6 2 
0.000000000000000   0.000000000000000   0.000000000000000   0.250000000000000   0.500000000000000   0.750000000000000   1.000000000000000   1.000000000000000   1.000000000000000   
0.000000000000000   0.000000000000000   1.000000000000000   1.000000000000000   
0.017565173866099   0.020655326177596   0.026835630800589   0.033015935423582   0.039196240046576   0.042286392358072   0.014550000000000   0.018017049044759   0.024951147134277   0.031885245223795   0.038819343313313   0.042286392358072   
0.011131964263178   0.010274447587821   0.008559414237108   0.006844380886394   0.005129347535681   0.004271830860324   0.000000000000000   0.000000000000000   0.000000000000000   0.000000000000000   0.000000000000000   0.000000000000000   
1.000000000000000   1.000000000000000   1.000000000000000   1.000000000000000   1.000000000000000   1.000000000000000   1.000000000000000   1.000000000000000   1.000000000000000   1.000000000000000   1.000000000000000   1.000000000000000   
PATCH 13 
2 1 
13 2 
0.000000000000000   0.000000000000000   0.000000000000000   0.250000000000000   0.250000000000000   0.375000000000000   0.375000000000000   0.500000000000000   0.500000000000000   0.750000000000000   0.750000000000000   0.875000000000000   0.875000000000000   1.000000000000000   1.000000000000000   1.000000000000000   
0.000000000000000   0.000000000000000   1.000000000000000   1.000000000000000   
0.042286392358072   0.044131504196223   0.045976616034374   0.045885111897219   0.045894306424043   0.045903500950867   0.046013394141670   0.047063304929478   0.048113215717286   0.043582812105868   0.048273332298220   0.043701966631161   0.048328663375041   0.042286392358072   0.043250593313313   0.044214794268554   0.044696894746175   0.045178995223795   0.045661095701416   0.046143196179036   0.047107397134277   0.048071598089518   0.048553698567139   0.049035799044759   0.049517899522380   0.050000000000000   
0.004271830860324   0.003759812678170   0.003247794496015   0.003238197170257   0.003236551148409   0.003234905126561   0.003241210408623   0.003153230688433   0.003065250968243   0.002764058447797   0.003125153910783   0.002886646706277   0.003286907284636   0.000000000000000   0.000000000000000   0.000000000000000   0.000000000000000   0.000000000000000   0.000000000000000   0.000000000000000   0.000000000000000   0.000000000000000   0.000000000000000   0.000000000000000   0.000000000000000   0.000000000000000   
1.000000000000000   1.000000000000000   1.000000000000000   0.997814003633814   0.997814003633814   0.997814003633814   1.000000000000000   1.000000000000000   1.000000000000000   0.904068297976684   1.000000000000000   0.904068297976684   1.000000000000000   1.000000000000000   1.000000000000000   1.000000000000000   1.000000000000000   1.000000000000000   1.000000000000000   1.000000000000000   1.000000000000000   1.000000000000000   1.000000000000000   1.000000000000000   1.000000000000000   1.000000000000000   
PATCH 14 
2 1 
13 2 
0.000000000000000   0.000000000000000   0.000000000000000   0.250000000000000   0.250000000000000   0.375000000000000   0.375000000000000   0.500000000000000   0.500000000000000   0.750000000000000   0.750000000000000   0.875000000000000   0.875000000000000   1.000000000000000   1.000000000000000   1.000000000000000   
0.000000000000000   0.000000000000000   1.000000000000000   1.000000000000000   
0.014550000000000   0.014280214051794   0.013885539865960   0.013688202773043   0.013459643620719   0.013231084468394   0.012971303256663   0.012451740833200   0.011807290172108   0.011485064841562   0.011131617451609   0.010778170061656   0.010393500612296   0.017565173866099   0.017030556072021   0.016495938277944   0.016495687472570   0.016495459559703   0.016495231646837   0.016495026626478   0.014955916296949   0.013416805967420   0.011529958448556   0.013276080888461   0.011478689356708   0.013327951998575   
0.000000000000000   0.001374739362696   0.002698497919551   0.003360377197978   0.004009511274944   0.004658645351911   0.005295034227417   0.006567811978429   0.007789608923600   0.008400507396185   0.008998660667309   0.009596813938434   0.010182222008098   0.011131964263178   0.011280320598773   0.011428676934368   0.011428724175467   0.011428786841417   0.011428849507368   0.011428927598171   0.011848204298866   0.012267480999561   0.010656562841883   0.012409087370627   0.010849506855513   0.012601870409586   
1.000000000000000   0.981458010432605   0.972187015648907   0.967551518257058   0.965233769561134   0.962916020865210   0.962916020865210   0.962916020865210   0.972187015648907   0.976822513040756   0.983775759128529   0.990729005216302   1.000000000000000   1.000000000000000   1.000000000000000   1.000000000000000   0.999998603215647   0.999998603215647   0.999998603215647   1.000000000000000   1.000000000000000   1.000000000000000   0.866545179958243   1.000000000000000   0.866545179958243   1.000000000000000   
PATCH 15 
2 1 
4 2 
0.000000000000000   0.000000000000000   0.000000000000000   0.500000000000000   1.000000000000000   1.000000000000000   1.000000000000000   
0.000000000000000   0.000000000000000   1.000000000000000   1.000000000000000   
0.034712371334477   0.034549107624697   0.034196169928199   0.034006746033647   0.015951260680888   0.015769740283641   0.015406699489146   0.015225179091899   
0.034006746033647   0.034196169928199   0.034549107624697   0.034712371334477   0.015225179091899   0.015406699489146   0.015769740283641   0.015951260680888   
1.000000000000000   0.999973642360628   0.999973642360628   1.000000000000000   1.000000000000000   1.000000000000000   1.000000000000000   1.000000000000000   
PATCH 16 
2 2 
4 4 
0.000000000000000   0.000000000000000   0.000000000000000   0.500000000000000   1.000000000000000   1.000000000000000   1.000000000000000   
0.000000000000000   0.000000000000000   0.000000000000000   0.500000000000000   1.000000000000000   1.000000000000000   1.000000000000000   
0.013327951998575   0.013983779169153   0.015295433510310   0.015951260680888   0.013146431601328   0.013802258771906   0.015113913113062   0.015769740283641   0.012783390806833   0.013439217977412   0.014750872318568   0.015406699489146   0.012601870409586   0.013257697580164   0.014569351921321   0.015225179091899   
0.012601870409586   0.013257697580164   0.014569351921321   0.015225179091899   0.012783390806833   0.013439217977412   0.014750872318568   0.015406699489146   0.013146431601328   0.013802258771906   0.015113913113062   0.015769740283641   0.013327951998575   0.013983779169153   0.015295433510310   0.015951260680888   
1.000000000000000   1.000000000000000   1.000000000000000   1.000000000000000   1.000000000000000   1.000000000000000   1.000000000000000   1.000000000000000   1.000000000000000   1.000000000000000   1.000000000000000   1.000000000000000   1.000000000000000   1.000000000000000   1.000000000000000   1.000000000000000   
PATCH 17 
2 1 
4 2 
0.000000000000000   0.000000000000000   0.000000000000000   0.500000000000000   1.000000000000000   1.000000000000000   1.000000000000000   
0.000000000000000   0.000000000000000   1.000000000000000   1.000000000000000   
0.013327951998575   0.013146431601328   0.012783390806833   0.012601870409586   0.010393500612296   0.010340952139280   0.010235312837181   0.010182222008098   
0.012601870409586   0.012783390806833   0.013146431601328   0.013327951998575   0.010182222008098   0.010235312837181   0.010340952139280   0.010393500612296   
1.000000000000000   1.000000000000000   1.000000000000000   1.000000000000000   1.000000000000000   0.999973642360628   0.999973642360628   1.000000000000000   
PATCH 18 
2 1 
4 2 
0.000000000000000   0.000000000000000   0.000000000000000   0.500000000000000   1.000000000000000   1.000000000000000   1.000000000000000   
0.000000000000000   0.000000000000000   1.000000000000000   1.000000000000000   
0.034712371334477   0.034549107624697   0.034196169928199   0.034006746033647   0.038685244377508   0.037197068413715   0.034084833369545   0.032460774289170   
0.034006746033647   0.034196169928199   0.034549107624697   0.034712371334477   0.032460774289170   0.034084833369545   0.037197068413715   0.038685244377508   
1.000000000000000   0.999973642360628   0.999973642360628   1.000000000000000   1.000000000000000   0.998097349045873   0.998097349045873   1.000000000000000   
PATCH 19 
2 1 
4 2 
0.000000000000000   0.000000000000000   0.000000000000000   0.500000000000000   1.000000000000000   1.000000000000000   1.000000000000000   
0.000000000000000   0.000000000000000   1.000000000000000   1.000000000000000   
0.000000000000000   0.002178893568691   0.006520098010365   0.008682408883347   0.000000000000000   0.002200682504378   0.006585298990468   0.008769232972180   
0.050000000000000   0.049904867452294   0.049525061277599   0.049240387650610   0.050500000000000   0.050403916126817   0.050020311890375   0.049732791527117   
1.000000000000000   0.998097349045873   0.998097349045873   1.000000000000000   1.000000000000000   0.998097349045873   0.998097349045873   1.000000000000000   
PATCH 20 
2 1 
4 2 
0.000000000000000   0.000000000000000   0.000000000000000   0.500000000000000   1.000000000000000   1.000000000000000   1.000000000000000   
0.000000000000000   0.000000000000000   1.000000000000000   1.000000000000000   
0.003286907284636   0.004430366429668   0.006717284719731   0.007860743864763   0.000000000000000   0.002178893568691   0.006520098010365   0.008682408883347   
0.048328663375041   0.048200048199352   0.047942817847974   0.047814202672285   0.050000000000000   0.049904867452294   0.049525061277599   0.049240387650610   
1.000000000000000   1.000000000000000   1.000000000000000   1.000000000000000   1.000000000000000   0.998097349045873   0.998097349045873   1.000000000000000   
PATCH 21 
2 1 
13 2 
0.000000000000000   0.000000000000000   0.000000000000000   0.125000000000000   0.125000000000000   0.250000000000000   0.250000000000000   0.500000000000000   0.500000000000000   0.625000000000000   0.625000000000000   0.750000000000000   0.750000000000000   1.000000000000000   1.000000000000000   1.000000000000000   
0.000000000000000   0.000000000000000   1.000000000000000   1.000000000000000   
0.007860743864763   0.007239240958624   0.008002766383723   0.007333473408811   0.008032337350674   0.007541399275035   0.007050461199396   0.006926947260871   0.006927254994606   0.006927562728341   0.007051692134337   0.007116922795053   0.007182153455769   0.008682408883347   0.009214726804819   0.009640226117145   0.010190747842945   0.010692483524164   0.011746247767236   0.012807482725812   0.013330661352972   0.013869572270405   0.014412266990342   0.014950548880092   0.016004977284841   0.017064111884564   
0.047814202672285   0.043524621045733   0.047729386118501   0.043388663372102   0.047566629239687   0.045616536259337   0.043666443278987   0.042915340573662   0.042889764137347   0.042864187701031   0.043564137533725   0.043329071927674   0.043094006321622   0.049240387650610   0.049122375608591   0.048469293174541   0.048468043876683   0.048235419265301   0.048005112710954   0.047798176249790   0.047663564959731   0.047582046222903   0.047507989583299   0.047413647985812   0.047147533472804   0.046883262085886   
1.000000000000000   0.910479805900385   1.000000000000000   0.910479805900385   1.000000000000000   1.000000000000000   1.000000000000000   0.983367127692362   0.983367127692362   0.983367127692362   1.000000000000000   1.000000000000000   1.000000000000000   1.000000000000000   0.999524337261468   0.999167590207569   0.998810843153671   0.998573011784405   0.998097349045873   0.998097349045873   0.998097349045873   0.998216264730506   0.998335180415139   0.998573011784404   0.999048674522936   1.000000000000000   
PATCH 22 
2 2 
13 4 
0.000000000000000   0.000000000000000   0.000000000000000   0.250000000000000   0.250000000000000   0.375000000000000   0.375000000000000   0.500000000000000   0.500000000000000   0.750000000000000   0.750000000000000   0.875000000000000   0.875000000000000   1.000000000000000   1.000000000000000   1.000000000000000   
0.000000000000000   0.000000000000000   0.000000000000000   0.500000000000000   1.000000000000000   1.000000000000000   1.000000000000000   
0.004271830860324   0.003759812678170   0.003247794496015   0.003238197170257   0.003236551148409   0.003234905126561   0.003241210408623   0.003153230688433   0.003065250968243   0.002764058447797   0.003125153910783   0.002886646706277   0.003286907284636   0.004999411509185   0.004599090207391   0.004198768905596   0.004160538559778   0.004159227109959   0.004157915660139   0.004193523106316   0.004250272835084   0.004307022563851   0.003906412188050   0.004344557029018   0.003974795269364   0.004430366429668   0.006454572806908   0.006277645265832   0.006100717724757   0.006005221338820   0.006004579033057   0.006003936727293   0.006098148501703   0.006444357128385   0.006790565755066   0.006191119668558   0.006783363265488   0.006151092395538   0.006717284719731   0.007182153455769   0.007116922795053   0.007051692134337   0.006927562728341   0.006927254994606   0.006926947260871   0.007050461199396   0.007541399275035   0.008032337350674   0.007333473408811   0.008002766383723   0.007239240958624   0.007860743864763   
0.042286392358072   0.044131504196223   0.045976616034374   0.045885111897219   0.045894306424043   0.045903500950867   0.046013394141670   0.047063304929478   0.048113215717286   0.043582812105868   0.048273332298220   0.043701966631161   0.048328663375041   0.042488295848960   0.043930896129086   0.045373496409211   0.045129880848172   0.045143170852369   0.045156460856566   0.045426656425999   0.046701612761943   0.047976569097886   0.043534274922427   0.048137345753290   0.043657630234804   0.048200048199352   0.042892102830735   0.043529679994811   0.044167257158887   0.043619418750078   0.043640899709021   0.043662380667963   0.044253180994658   0.045978228426872   0.047703275859087   0.043437200555543   0.047865372663431   0.043568957442090   0.047942817847974   0.043094006321622   0.043329071927674   0.043564137533725   0.042864187701031   0.042889764137347   0.042915340573662   0.043666443278987   0.045616536259337   0.047566629239687   0.043388663372102   0.047729386118501   0.043524621045733   0.047814202672285   
1.000000000000000   1.000000000000000   1.000000000000000   0.997814003633814   0.997814003633814   0.997814003633814   1.000000000000000   1.000000000000000   1.000000000000000   0.904068297976684   1.000000000000000   0.904068297976684   1.000000000000000   1.000000000000000   1.000000000000000   1.000000000000000   0.994202284648451   0.994202284648451   0.994202284648451   1.000000000000000   1.000000000000000   1.000000000000000   0.905671174957609   1.000000000000000   0.905671174957609   1.000000000000000   1.000000000000000   1.000000000000000   1.000000000000000   0.986978846677725   0.986978846677725   0.986978846677725   1.000000000000000   1.000000000000000   1.000000000000000   0.908876928919460   1.000000000000000   0.908876928919460   1.000000000000000   1.000000000000000   1.000000000000000   1.000000000000000   0.983367127692362   0.983367127692362   0.983367127692362   1.000000000000000   1.000000000000000   1.000000000000000   0.910479805900385   1.000000000000000   0.910479805900385   1.000000000000000   
PATCH 23 
2 1 
13 2 
0.000000000000000   0.000000000000000   0.000000000000000   0.125000000000000   0.125000000000000   0.250000000000000   0.250000000000000   0.500000000000000   0.500000000000000   0.625000000000000   0.625000000000000   0.750000000000000   0.750000000000000   1.000000000000000   1.000000000000000   1.000000000000000   
0.000000000000000   0.000000000000000   1.000000000000000   1.000000000000000   
0.008682408883347   0.009214726804819   0.009640226117145   0.010190747842945   0.010692483524164   0.011746247767236   0.012807482725812   0.013330661352972   0.013869572270405   0.014412266990342   0.014950548880092   0.016004977284841   0.017064111884564   0.008769232972180   0.009306874072867   0.009842960902535   0.010379047732203   0.010913580290852   0.011982645408149   0.013045493441370   0.013576917457981   0.014106787203572   0.014636656949163   0.015164972423735   0.016221603372879   0.017272017237946   
0.049240387650610   0.049122375608591   0.048469293174541   0.048468043876683   0.048235419265301   0.048005112710954   0.047798176249790   0.047663564959731   0.047582046222903   0.047507989583299   0.047413647985812   0.047147533472804   0.046883262085886   0.049732791527117   0.049613599364677   0.049488606583825   0.049363613802972   0.049232820403708   0.048971233605179   0.048686444333000   0.048544049696911   0.048395854442409   0.048247659187908   0.048093663314994   0.047785671569166   0.047454477349688   
1.000000000000000   0.999524337261468   0.999167590207569   0.998810843153671   0.998573011784405   0.998097349045873   0.998097349045873   0.998097349045873   0.998216264730506   0.998335180415139   0.998573011784404   0.999048674522936   1.000000000000000   1.000000000000000   0.999524337261468   0.999167590207569   0.998810843153671   0.998573011784405   0.998097349045873   0.998097349045873   0.998097349045873   0.998216264730506   0.998335180415139   0.998573011784404   0.999048674522936   1.000000000000000   
PATCH 24 
2 1 
6 2 
0.000000000000000   0.000000000000000   0.000000000000000   0.250000000000000   0.500000000000000   0.750000000000000   1.000000000000000   1.000000000000000   1.000000000000000   
0.000000000000000   0.000000000000000   1.000000000000000   1.000000000000000   
0.017064111884564   0.018099775097368   0.020097594233106   0.021998422238726   0.023980219678984   0.024996100478904   0.017272017237946   0.018289568482936   0.020304367573183   0.022298863263696   0.024273055554476   0.025250000000000   
0.046883262085886   0.046544925931816   0.045676544584408   0.044607219200172   0.043709091811509   0.043294516020558   0.047454477349688   0.047032993823604   0.046146485990198   0.045216437375554   0.044242847979673   0.043734282891114   
1.000000000000000   0.999048674522936   0.998097349045873   0.998097349045873   0.999048674522936   1.000000000000000   1.000000000000000   0.999048674522936   0.998097349045873   0.998097349045873   0.999048674522936   1.000000000000000   
PATCH 25 
2 1 
6 2 
0.000000000000000   0.000000000000000   0.000000000000000   0.250000000000000   0.500000000000000   0.750000000000000   1.000000000000000   1.000000000000000   1.000000000000000   
0.000000000000000   0.000000000000000   1.000000000000000   1.000000000000000   
0.017064111884564   0.018099775097368   0.020097594233106   0.021998422238726   0.023980219678984   0.024996100478904   0.007182153455769   0.008039670131126   0.009754703481839   0.011469736832552   0.013184770183266   0.014042286858623   
0.046883262085886   0.046544925931816   0.045676544584408   0.044607219200172   0.043709091811509   0.043294516020558   0.043094006321622   0.040003854010126   0.033823549387133   0.027643244764139   0.021462940141146   0.018372787829650   
1.000000000000000   0.999048674522936   0.998097349045873   0.998097349045873   0.999048674522936   1.000000000000000   1.000000000000000   1.000000000000000   1.000000000000000   1.000000000000000   1.000000000000000   1.000000000000000   
PATCH 26 
2 1 
13 2 
0.000000000000000   0.000000000000000   0.000000000000000   0.250000000000000   0.250000000000000   0.375000000000000   0.375000000000000   0.500000000000000   0.500000000000000   0.750000000000000   0.750000000000000   0.875000000000000   0.875000000000000   1.000000000000000   1.000000000000000   1.000000000000000   
0.000000000000000   0.000000000000000   1.000000000000000   1.000000000000000   
0.024996100478904   0.026303280334813   0.027583049162881   0.028191576732521   0.028771659483577   0.029427842605886   0.030102781416637   0.031069612875108   0.031821996261143   0.032333356579305   0.032844905875791   0.033434922652809   0.034006746033647   0.014042286858623   0.014161503689697   0.014280720520771   0.014160449411144   0.014168699491794   0.014176949572443   0.014313720843368   0.014778597823209   0.015243474803050   0.013413216085037   0.013408642157249   0.013404068229461   0.015225179091899   
0.043294516020558   0.042423380011172   0.041516837704693   0.041017840326710   0.040482434872971   0.040055293400960   0.039650551462207   0.038355334819095   0.036850096605468   0.036273792221848   0.035701869083823   0.035217640388057   0.034712371334477   0.018372787829650   0.017943177331452   0.017513566833254   0.017341984128799   0.017325259808546   0.017308535488294   0.017446669552244   0.016829863954619   0.016213058356994   0.014171988299603   0.014106538880577   0.014041089461551   0.015951260680888   
1.000000000000000   0.998025478165135   0.997038217247702   0.996544586788986   0.996297771559627   0.996050956330269   0.996050956330269   0.996050956330269   0.997038217247702   0.997531847706418   0.998272293394493   0.999012739082567   1.000000000000000   1.000000000000000   1.000000000000000   1.000000000000000   0.991228899836127   0.991228899836127   0.991228899836127   1.000000000000000   1.000000000000000   1.000000000000000   0.877341116686944   0.877341116686944   0.877341116686944   1.000000000000000   
PATCH 27 
2 2 
6 4 
0.000000000000000   0.000000000000000   0.000000000000000   0.250000000000000   0.500000000000000   0.750000000000000   1.000000000000000   1.000000000000000   1.000000000000000   
0.000000000000000   0.000000000000000   0.000000000000000   0.500000000000000   1.000000000000000   1.000000000000000   1.000000000000000   
0.011131964263178   0.010274447587821   0.008559414237108   0.006844380886394   0.005129347535681   0.004271830860324   0.011859544912039   0.011002028236682   0.009286994885969   0.007571961535255   0.005856928184542   0.004999411509185   0.013314706209761   0.012457189534405   0.010742156183691   0.009027122832978   0.007312089482264   0.006454572806908   0.014042286858623   0.013184770183266   0.011469736832552   0.009754703481839   0.008039670131126   0.007182153455769   
0.017565173866099   0.020655326177596   0.026835630800589   0.033015935423582   0.039196240046576   0.042286392358072   0.017767077356987   0.020857229668484   0.027037534291477   0.033217838914470   0.039398143537463   0.042488295848960   0.018170884338762   0.021261036650259   0.027441341273252   0.033621645896245   0.039801950519238   0.042892102830735   0.018372787829650   0.021462940141146   0.027643244764139   0.033823549387133   0.040003854010126   0.043094006321622   
1.000000000000000   1.000000000000000   1.000000000000000   1.000000000000000   1.000000000000000   1.000000000000000   1.000000000000000   1.000000000000000   1.000000000000000   1.000000000000000   1.000000000000000   1.000000000000000   1.000000000000000   1.000000000000000   1.000000000000000   1.000000000000000   1.000000000000000   1.000000000000000   1.000000000000000   1.000000000000000   1.000000000000000   1.000000000000000   1.000000000000000   1.000000000000000   
PATCH 28 
2 2 
13 4 
0.000000000000000   0.000000000000000   0.000000000000000   0.250000000000000   0.250000000000000   0.375000000000000   0.375000000000000   0.500000000000000   0.500000000000000   0.750000000000000   0.750000000000000   0.875000000000000   0.875000000000000   1.000000000000000   1.000000000000000   1.000000000000000   
0.000000000000000   0.000000000000000   0.000000000000000   0.500000000000000   1.000000000000000   1.000000000000000   1.000000000000000   
0.011131964263178   0.011280320598773   0.011428676934368   0.011428724175467   0.011428786841417   0.011428849507368   0.011428927598171   0.011848204298866   0.012267480999561   0.010656562841883   0.012409087370627   0.010849506855513   0.012601870409586   0.011859544912039   0.012000616371504   0.012141687830969   0.012111655484386   0.012113765004011   0.012115874523637   0.012150125909470   0.012580802679951   0.013011479450433   0.011345726152671   0.012658976067283   0.011488147199000   0.013257697580164   0.013314706209761   0.013441207916966   0.013567709624170   0.013477518102225   0.013483721329200   0.013489924556174   0.013592522532069   0.014045999442123   0.014499476352177   0.012724052774248   0.013158753460594   0.012765427885974   0.014569351921321   0.014042286858623   0.014161503689697   0.014280720520771   0.014160449411144   0.014168699491794   0.014176949572443   0.014313720843368   0.014778597823209   0.015243474803050   0.013413216085037   0.013408642157249   0.013404068229461   0.015225179091899   
0.017565173866099   0.017030556072021   0.016495938277944   0.016495687472570   0.016495459559703   0.016495231646837   0.016495026626478   0.014955916296949   0.013416805967420   0.011529958448556   0.013276080888461   0.011478689356708   0.013327951998575   0.017767077356987   0.017258711386879   0.016750345416771   0.016707261636627   0.016702909621914   0.016698557607201   0.016732937357919   0.015424403211366   0.014115869064813   0.012190465911318   0.013483695386490   0.012119289382918   0.013983779169153   0.018170884338762   0.017715022016594   0.017259159694427   0.017130409964742   0.017117809746336   0.017105209527930   0.017208758820803   0.016361377040201   0.015513995259600   0.013511480836842   0.013898924382548   0.013400489435340   0.015295433510310   0.018372787829650   0.017943177331452   0.017513566833254   0.017341984128799   0.017325259808546   0.017308535488294   0.017446669552244   0.016829863954619   0.016213058356994   0.014171988299603   0.014106538880577   0.014041089461551   0.015951260680888   
1.000000000000000   1.000000000000000   1.000000000000000   0.999998603215647   0.999998603215647   0.999998603215647   1.000000000000000   1.000000000000000   1.000000000000000   0.866545179958243   1.000000000000000   0.866545179958243   1.000000000000000   1.000000000000000   1.000000000000000   1.000000000000000   0.997806177370767   0.997806177370767   0.997806177370767   1.000000000000000   1.000000000000000   1.000000000000000   0.869244164140418   0.969335279171736   0.869244164140418   1.000000000000000   1.000000000000000   1.000000000000000   1.000000000000000   0.993421325681007   0.993421325681007   0.993421325681007   1.000000000000000   1.000000000000000   1.000000000000000   0.874642132504769   0.908005837515208   0.874642132504769   1.000000000000000   1.000000000000000   1.000000000000000   1.000000000000000   0.991228899836127   0.991228899836127   0.991228899836127   1.000000000000000   1.000000000000000   1.000000000000000   0.877341116686944   0.877341116686944   0.877341116686944   1.000000000000000   
PATCH 29 
2 1 
13 2 
0.000000000000000   0.000000000000000   0.000000000000000   0.250000000000000   0.250000000000000   0.375000000000000   0.375000000000000   0.500000000000000   0.500000000000000   0.750000000000000   0.750000000000000   0.875000000000000   0.875000000000000   1.000000000000000   1.000000000000000   1.000000000000000   
0.000000000000000   0.000000000000000   1.000000000000000   1.000000000000000   
0.024996100478904   0.026303280334813   0.027583049162881   0.028191576732521   0.028771659483577   0.029427842605886   0.030102781416637   0.031069612875108   0.031821996261143   0.032333356579305   0.032844905875791   0.033434922652809   0.034006746033647   0.025250000000000   0.026178902508932   0.027094027156471   0.027551589480241   0.028005707338662   0.028459825197083   0.028910498590156   0.029811845376303   0.030699414301056   0.031143198763433   0.031583538760461   0.032023878757490   0.032460774289170   
0.043294516020558   0.042423380011172   0.041516837704693   0.041017840326710   0.040482434872971   0.040055293400960   0.039650551462207   0.038355334819095   0.036850096605468   0.036273792221848   0.035701869083823   0.035217640388057   0.034712371334477   0.043734282891114   0.043142506727484   0.042531053738569   0.042225327244111   0.041914681543332   0.041604035842553   0.041288470935453   0.040657341121252   0.040006534481766   0.039681131162023   0.039350808635958   0.039020486109894   0.038685244377508   
1.000000000000000   0.998025478165135   0.997038217247702   0.996544586788986   0.996297771559627   0.996050956330269   0.996050956330269   0.996050956330269   0.997038217247702   0.997531847706418   0.998272293394493   0.999012739082567   1.000000000000000   1.000000000000000   0.999048674522937   0.998573011784405   0.998335180415139   0.998216264730506   0.998097349045873   0.998097349045873   0.998097349045873   0.998573011784405   0.998810843153671   0.999167590207569   0.999524337261468   1.000000000000000   
PATCH 30 
2 1 
6 2 
0.000000000000000   0.000000000000000   0.000000000000000   0.250000000000000   0.500000000000000   0.750000000000000   1.000000000000000   1.000000000000000   1.000000000000000   
0.000000000000000   0.000000000000000   1.000000000000000   1.000000000000000   
0.011131964263178   0.010274447587821   0.008559414237108   0.006844380886394   0.005129347535681   0.004271830860324   0.000000000000000   0.000000000000000   0.000000000000000   0.000000000000000   0.000000000000000   0.000000000000000   
0.017565173866099   0.020655326177596   0.026835630800589   0.033015935423582   0.039196240046576   0.042286392358072   0.014550000000000   0.018017049044759   0.024951147134277   0.031885245223795   0.038819343313313   0.042286392358072   
1.000000000000000   1.000000000000000   1.000000000000000   1.000000000000000   1.000000000000000   1.000000000000000   1.000000000000000   1.000000000000000   1.000000000000000   1.000000000000000   1.000000000000000   1.000000000000000   
PATCH 31 
2 1 
13 2 
0.000000000000000   0.000000000000000   0.000000000000000   0.250000000000000   0.250000000000000   0.375000000000000   0.375000000000000   0.500000000000000   0.500000000000000   0.750000000000000   0.750000000000000   0.875000000000000   0.875000000000000   1.000000000000000   1.000000000000000   1.000000000000000   
0.000000000000000   0.000000000000000   1.000000000000000   1.000000000000000   
0.004271830860324   0.003759812678170   0.003247794496015   0.003238197170257   0.003236551148409   0.003234905126561   0.003241210408623   0.003153230688433   0.003065250968243   0.002764058447797   0.003125153910783   0.002886646706277   0.003286907284636   0.000000000000000   0.000000000000000   0.000000000000000   0.000000000000000   0.000000000000000   0.000000000000000   0.000000000000000   0.000000000000000   0.000000000000000   0.000000000000000   0.000000000000000   0.000000000000000   0.000000000000000   
0.042286392358072   0.044131504196223   0.045976616034374   0.045885111897219   0.045894306424043   0.045903500950867   0.046013394141670   0.047063304929478   0.048113215717286   0.043582812105868   0.048273332298220   0.043701966631161   0.048328663375041   0.042286392358072   0.043250593313313   0.044214794268554   0.044696894746175   0.045178995223795   0.045661095701416   0.046143196179036   0.047107397134277   0.048071598089518   0.048553698567139   0.049035799044759   0.049517899522380   0.050000000000000   
1.000000000000000   1.000000000000000   1.000000000000000   0.997814003633814   0.997814003633814   0.997814003633814   1.000000000000000   1.000000000000000   1.000000000000000   0.904068297976684   1.000000000000000   0.904068297976684   1.000000000000000   1.000000000000000   1.000000000000000   1.000000000000000   1.000000000000000   1.000000000000000   1.000000000000000   1.000000000000000   1.000000000000000   1.000000000000000   1.000000000000000   1.000000000000000   1.000000000000000   1.000000000000000   
PATCH 32 
2 1 
13 2 
0.000000000000000   0.000000000000000   0.000000000000000   0.250000000000000   0.250000000000000   0.375000000000000   0.375000000000000   0.500000000000000   0.500000000000000   0.750000000000000   0.750000000000000   0.875000000000000   0.875000000000000   1.000000000000000   1.000000000000000   1.000000000000000   
0.000000000000000   0.000000000000000   1.000000000000000   1.000000000000000   
0.000000000000000   0.001374739362696   0.002698497919551   0.003360377197978   0.004009511274944   0.004658645351911   0.005295034227417   0.006567811978429   0.007789608923600   0.008400507396185   0.008998660667309   0.009596813938434   0.010182222008098   0.011131964263178   0.011280320598773   0.011428676934368   0.011428724175467   0.011428786841417   0.011428849507368   0.011428927598171   0.011848204298866   0.012267480999561   0.010656562841883   0.012409087370627   0.010849506855513   0.012601870409586   
0.014550000000000   0.014280214051794   0.013885539865960   0.013688202773043   0.013459643620719   0.013231084468394   0.012971303256663   0.012451740833200   0.011807290172108   0.011485064841562   0.011131617451609   0.010778170061656   0.010393500612296   0.017565173866099   0.017030556072021   0.016495938277944   0.016495687472570   0.016495459559703   0.016495231646837   0.016495026626478   0.014955916296949   0.013416805967420   0.011529958448556   0.013276080888461   0.011478689356708   0.013327951998575   
1.000000000000000   0.981458010432605   0.972187015648907   0.967551518257058   0.965233769561134   0.962916020865210   0.962916020865210   0.962916020865210   0.972187015648907   0.976822513040756   0.983775759128529   0.990729005216302   1.000000000000000   1.000000000000000   1.000000000000000   1.000000000000000   0.999998603215647   0.999998603215647   0.999998603215647   1.000000000000000   1.000000000000000   1.000000000000000   0.866545179958243   1.000000000000000   0.866545179958243   1.000000000000000   
INTERFACE 1 
1 2 
5 1 
1 
INTERFACE 2 
1 3 
2 4 
1 
INTERFACE 3 
2 1 
13 2 
1 
INTERFACE 4 
2 2 
3 1 
1 
INTERFACE 5 
2 3 
4 2 
1 
INTERFACE 6 
3 2 
7 1 
-1 
INTERFACE 7 
3 3 
4 4 
-1 
INTERFACE 8 
3 4 
5 3 
1 
INTERFACE 9 
4 1 
9 2 
1 
INTERFACE 10 
4 3 
13 3 
1 
INTERFACE 11 
5 2 
6 1 
1 
INTERFACE 12 
6 2 
11 1 
1 
INTERFACE 13 
6 3 
7 3 
1 
INTERFACE 14 
7 2 
8 1 
1 
INTERFACE 15 
7 4 
9 4 
-1 
INTERFACE 16 
8 2 
15 1 
1 
INTERFACE 17 
8 3 
11 3 
1 
INTERFACE 18 
8 4 
10 4 
1 
INTERFACE 19 
9 1 
10 1 
1 
INTERFACE 20 
9 3 
12 3 
1 
INTERFACE 21 
10 2 
16 3 
1 
INTERFACE 22 
10 3 
14 4 
1 
INTERFACE 23 
11 2 
18 1 
1 
INTERFACE 24 
12 1 
14 1 
-1 
INTERFACE 25 
12 2 
13 1 
1 
INTERFACE 26 
14 2 
17 1 
-1 
INTERFACE 27 
15 2 
26 2 
1 
INTERFACE 28 
15 3 
18 3 
1 
INTERFACE 29 
15 4 
16 2 
1 
INTERFACE 30 
16 1 
17 3 
1 
INTERFACE 31 
16 4 
28 2 
1 
INTERFACE 32 
17 2 
32 2 
-1 
INTERFACE 33 
18 2 
29 2 
1 
INTERFACE 34 
19 2 
23 1 
1 
INTERFACE 35 
19 3 
20 4 
1 
INTERFACE 36 
20 1 
31 2 
1 
INTERFACE 37 
20 2 
21 1 
1 
INTERFACE 38 
20 3 
22 2 
1 
INTERFACE 39 
21 2 
25 1 
-1 
INTERFACE 40 
21 3 
22 4 
-1 
INTERFACE 41 
21 4 
23 3 
1 
INTERFACE 42 
22 1 
27 2 
1 
INTERFACE 43 
22 3 
31 3 
1 
INTERFACE 44 
23 2 
24 1 
1 
INTERFACE 45 
24 2 
29 1 
1 
INTERFACE 46 
24 3 
25 3 
1 
INTERFACE 47 
25 2 
26 1 
1 
INTERFACE 48 
25 4 
27 4 
-1 
INTERFACE 49 
26 3 
29 3 
1 
INTERFACE 50 
26 4 
28 4 
1 
INTERFACE 51 
27 1 
28 1 
1 
INTERFACE 52 
27 3 
30 3 
1 
INTERFACE 53 
28 3 
32 4 
1 
INTERFACE 54 
30 1 
32 1 
-1 
INTERFACE 55 
30 2 
31 1 
1 
BOUNDARY 1 
1 
1 1 
BOUNDARY 2 
1 
1 4 
BOUNDARY 3 
1 
5 4 
BOUNDARY 4 
1 
6 4 
BOUNDARY 5 
1 
11 4 
BOUNDARY 6 
1 
12 4 
BOUNDARY 7 
1 
13 4 
BOUNDARY 8 
1 
14 3 
BOUNDARY 9 
1 
17 4 
BOUNDARY 10 
1 
18 4 
BOUNDARY 11 
1 
19 1 
BOUNDARY 12 
1 
19 4 
BOUNDARY 13 
1 
23 4 
BOUNDARY 14 
1 
24 4 
BOUNDARY 15 
1 
29 4 
BOUNDARY 16 
1 
30 4 
BOUNDARY 17 
1 
31 4 
BOUNDARY 18 
1 
32 3 
