# nurbs mesh v.2.1
#
# 14-Jul-2024
#
2 2 32 55 0 
PATCH 1 
2 1 
4 2 
0.000000000000000   0.000000000000000   0.000000000000000   0.500000000000000   1.000000000000000   1.000000000000000   1.000000000000000   
0.000000000000000   0.000000000000000   1.000000000000000   1.000000000000000   
0.050000000000000   0.049904867452294   0.049525061277599   0.049240387650610   0.050500000000000   0.050403916126817   0.050020311890375   0.049732791527117   
0.000000000000000   0.002178893568691   0.006520098010365   0.008682408883347   0.000000000000000   0.002200682504378   0.006585298990468   0.008769232972180   
1.000000000000000   0.998097349045873   0.998097349045873   1.000000000000000   1.000000000000000   0.998097349045873   0.998097349045873   1.000000000000000   
PATCH 2 
2 1 
4 2 
0.000000000000000   0.000000000000000   0.000000000000000   0.500000000000000   1.000000000000000   1.000000000000000   1.000000000000000   
0.000000000000000   0.000000000000000   1.000000000000000   1.000000000000000   
0.048235589822769   0.048104877891631   0.047843454029354   0.047712742098215   0.050000000000000   0.049904867452294   0.049525061277599   0.049240387650610   
0.003702311917549   0.004743398908202   0.006825572889507   0.007866659880160   0.000000000000000   0.002178893568691   0.006520098010365   0.008682408883347   
1.000000000000000   1.000000000000000   1.000000000000000   1.000000000000000   1.000000000000000   0.998097349045873   0.998097349045873   1.000000000000000   
PATCH 3 
2 1 
13 2 
0.000000000000000   0.000000000000000   0.000000000000000   0.125000000000000   0.125000000000000   0.250000000000000   0.250000000000000   0.500000000000000   0.500000000000000   0.625000000000000   0.625000000000000   0.750000000000000   0.750000000000000   1.000000000000000   1.000000000000000   1.000000000000000   
0.000000000000000   0.000000000000000   1.000000000000000   1.000000000000000   
0.047712742098215   0.043977122317827   0.047635378683601   0.043853782952883   0.047485326921136   0.046585060266527   0.045684793611919   0.045039023255118   0.045015921989726   0.044992820724333   0.045592388550350   0.045287173151083   0.044981957751815   0.049240387650610   0.049122375608591   0.048172723754956   0.048101824878967   0.047895265107178   0.047602313467574   0.047282032750647   0.047185084871059   0.047107167751146   0.047103528249516   0.047100917047328   0.046853863896192   0.046568788518223   
0.007866659880160   0.007329217356833   0.008000930151116   0.007423031026619   0.008039635088330   0.007907826903250   0.007776018718169   0.007666648162128   0.007668702119076   0.007670756076023   0.007784234545959   0.007886306274529   0.007988378003099   0.008682408883347   0.009214726804819   0.009581240394908   0.010113747717449   0.010617080577806   0.011647687854635   0.012669182492038   0.013196838882252   0.013731151126160   0.014289567529033   0.014851938050073   0.015905286493898   0.016949652866471   
1.000000000000000   0.921908334707410   1.000000000000000   0.921908334707410   1.000000000000000   1.000000000000000   1.000000000000000   0.986366960178784   0.986366960178784   0.986366960178784   1.000000000000000   1.000000000000000   1.000000000000000   1.000000000000000   0.999524337261468   0.999167590207569   0.998810843153671   0.998573011784405   0.998097349045873   0.998097349045873   0.998097349045873   0.998216264730506   0.998335180415139   0.998573011784404   0.999048674522936   1.000000000000000   
PATCH 4 
2 2 
13 4 
0.000000000000000   0.000000000000000   0.000000000000000   0.250000000000000   0.250000000000000   0.375000000000000   0.375000000000000   0.500000000000000   0.500000000000000   0.750000000000000   0.750000000000000   0.875000000000000   0.875000000000000   1.000000000000000   1.000000000000000   1.000000000000000   
0.000000000000000   0.000000000000000   0.000000000000000   0.500000000000000   1.000000000000000   1.000000000000000   1.000000000000000   
0.043804107059209   0.045099075930911   0.046394044802613   0.046222581775485   0.046234887883740   0.046247193991995   0.046443269235634   0.047233104771731   0.048022940307828   0.043499312083816   0.048182321928955   0.043616924457740   0.048235589822769   0.044098569732361   0.045146100235954   0.046193630739547   0.045915141512697   0.045930146410236   0.045945151307776   0.046253650329705   0.047071093645430   0.047888536961155   0.043587929801083   0.048045586117616   0.043706973922762   0.048104877891631   0.044687495078664   0.045240148846040   0.045792802613416   0.045300260987121   0.045320663463229   0.045341065939337   0.045874412517847   0.046747071392828   0.047619730267809   0.043765165235616   0.047772114494939   0.043887072852805   0.047843454029354   0.044981957751815   0.045287173151083   0.045592388550350   0.044992820724333   0.045015921989726   0.045039023255118   0.045684793611919   0.046585060266527   0.047485326921136   0.043853782952883   0.047635378683601   0.043977122317827   0.047712742098215   
0.004466362901974   0.004033292645703   0.003600222389431   0.003582013271167   0.003579558197809   0.003577103124450   0.003590402095997   0.003534152113372   0.003477902130746   0.003138043958557   0.003539830623632   0.003262160713607   0.003702311917549   0.005346866677256   0.004996546052909   0.004646225428563   0.004604198972381   0.004601844178125   0.004599489383870   0.004636806251540   0.004627570810841   0.004618335370142   0.004209290725572   0.004655105505503   0.004278924874414   0.004743398908202   0.007107874227818   0.006923052867322   0.006738231506827   0.006648570374809   0.006646416138759   0.006644261902709   0.006729614562626   0.006814408205780   0.006899201848934   0.006351784259603   0.006885655269245   0.006312453196026   0.006825572889507   0.007988378003099   0.007886306274529   0.007784234545959   0.007670756076023   0.007668702119076   0.007666648162128   0.007776018718169   0.007907826903250   0.008039635088330   0.007423031026619   0.008000930151116   0.007329217356833   0.007866659880160   
1.000000000000000   1.000000000000000   1.000000000000000   0.996047687082893   0.996047687082893   0.996047687082893   1.000000000000000   1.000000000000000   1.000000000000000   0.904026965221903   1.000000000000000   0.904026965221903   1.000000000000000   1.000000000000000   1.000000000000000   1.000000000000000   0.993627505356866   0.993627505356866   0.993627505356866   1.000000000000000   1.000000000000000   1.000000000000000   0.908497307593279   1.000000000000000   0.908497307593279   1.000000000000000   1.000000000000000   1.000000000000000   1.000000000000000   0.988787141904811   0.988787141904811   0.988787141904811   1.000000000000000   1.000000000000000   1.000000000000000   0.917437992336033   1.000000000000000   0.917437992336033   1.000000000000000   1.000000000000000   1.000000000000000   1.000000000000000   0.986366960178784   0.986366960178784   0.986366960178784   1.000000000000000   1.000000000000000   1.000000000000000   0.921908334707410   1.000000000000000   0.921908334707410   1.000000000000000   
PATCH 5 
2 1 
13 2 
0.000000000000000   0.000000000000000   0.000000000000000   0.125000000000000   0.125000000000000   0.250000000000000   0.250000000000000   0.500000000000000   0.500000000000000   0.625000000000000   0.625000000000000   0.750000000000000   0.750000000000000   1.000000000000000   1.000000000000000   1.000000000000000   
0.000000000000000   0.000000000000000   1.000000000000000   1.000000000000000   
0.049240387650610   0.049122375608591   0.048172723754956   0.048101824878967   0.047895265107178   0.047602313467574   0.047282032750647   0.047185084871059   0.047107167751146   0.047103528249516   0.047100917047328   0.046853863896192   0.046568788518223   0.049732791527117   0.049613599364677   0.049488606583825   0.049363613802972   0.049232820403708   0.048971233605179   0.048686444333000   0.048544049696911   0.048395854442409   0.048247659187908   0.048093663314994   0.047785671569166   0.047454477349688   
0.008682408883347   0.009214726804819   0.009581240394908   0.010113747717449   0.010617080577806   0.011647687854635   0.012669182492038   0.013196838882252   0.013731151126160   0.014289567529033   0.014851938050073   0.015905286493898   0.016949652866471   0.008769232972180   0.009306874072867   0.009842960902535   0.010379047732203   0.010913580290852   0.011982645408149   0.013045493441370   0.013576917457981   0.014106787203572   0.014636656949163   0.015164972423735   0.016221603372879   0.017272017237946   
1.000000000000000   0.999524337261468   0.999167590207569   0.998810843153671   0.998573011784405   0.998097349045873   0.998097349045873   0.998097349045873   0.998216264730506   0.998335180415139   0.998573011784404   0.999048674522936   1.000000000000000   1.000000000000000   0.999524337261468   0.999167590207569   0.998810843153671   0.998573011784405   0.998097349045873   0.998097349045873   0.998097349045873   0.998216264730506   0.998335180415139   0.998573011784404   0.999048674522936   1.000000000000000   
PATCH 6 
2 1 
6 2 
0.000000000000000   0.000000000000000   0.000000000000000   0.250000000000000   0.500000000000000   0.750000000000000   1.000000000000000   1.000000000000000   1.000000000000000   
0.000000000000000   0.000000000000000   1.000000000000000   1.000000000000000   
0.046568788518223   0.046361330841804   0.045466329872754   0.044447833335377   0.043616304645145   0.043259359454844   0.047454477349688   0.047032993823604   0.046146485990198   0.045216437375554   0.044242847979673   0.043734282891114   
0.016949652866471   0.018028381067371   0.020005100152936   0.021919819769988   0.023929313642263   0.024975802826225   0.017272017237946   0.018289568482936   0.020304367573183   0.022298863263696   0.024273055554476   0.025250000000000   
1.000000000000000   0.999048674522936   0.998097349045873   0.998097349045873   0.999048674522936   1.000000000000000   1.000000000000000   0.999048674522936   0.998097349045873   0.998097349045873   0.999048674522936   1.000000000000000   
PATCH 7 
2 1 
6 2 
0.000000000000000   0.000000000000000   0.000000000000000   0.250000000000000   0.500000000000000   0.750000000000000   1.000000000000000   1.000000000000000   1.000000000000000   
0.000000000000000   0.000000000000000   1.000000000000000   1.000000000000000   
0.046568788518223   0.046361330841804   0.045466329872754   0.044447833335377   0.043616304645145   0.043259359454844   0.044981957751815   0.041944622676986   0.035869952527328   0.029795282377670   0.023720612228012   0.020683277153182   
0.016949652866471   0.018028381067371   0.020005100152936   0.021919819769988   0.023929313642263   0.024975802826225   0.007988378003099   0.009004139468864   0.011035662400393   0.013067185331923   0.015098708263452   0.016114469729217   
1.000000000000000   0.999048674522936   0.998097349045873   0.998097349045873   0.999048674522936   1.000000000000000   1.000000000000000   1.000000000000000   1.000000000000000   1.000000000000000   1.000000000000000   1.000000000000000   
PATCH 8 
2 1 
13 2 
0.000000000000000   0.000000000000000   0.000000000000000   0.250000000000000   0.250000000000000   0.375000000000000   0.375000000000000   0.500000000000000   0.500000000000000   0.750000000000000   0.750000000000000   0.875000000000000   0.875000000000000   1.000000000000000   1.000000000000000   1.000000000000000   
0.000000000000000   0.000000000000000   1.000000000000000   1.000000000000000   
0.043259359454844   0.042401011700023   0.041508881929258   0.041007187098316   0.040522563322650   0.039971122482794   0.039579015253682   0.038201538671107   0.036879580990507   0.036391632940595   0.035833660746965   0.035370223906236   0.034863145198002   0.020683277153182   0.020107537617655   0.019531798082128   0.019506224893851   0.019500362726146   0.019494500558442   0.019508349411308   0.018823265825266   0.018138182239223   0.016411831143239   0.016354755657418   0.016297680171598   0.017909880295940   
0.024975802826225   0.026283967671535   0.027566666812071   0.028170242959398   0.028783183403778   0.029345981550669   0.030025262640946   0.030915596921968   0.031811502816968   0.032398892849185   0.032923058855637   0.033532873963579   0.034103641789063   0.016114469729217   0.016307011552920   0.016499553376624   0.016485026816061   0.016487409492686   0.016489792169310   0.016509084083121   0.016839489498874   0.017169894914627   0.015610210634731   0.015600530041196   0.015590849447661   0.017131172540486   
1.000000000000000   0.998037128939048   0.997055693408571   0.996564975643333   0.996319616760714   0.996074257878095   0.996074257878095   0.996074257878095   0.997055693408571   0.997546411173809   0.998282487821666   0.999018564469524   1.000000000000000   1.000000000000000   1.000000000000000   1.000000000000000   0.998997941927227   0.998997941927227   0.998997941927227   1.000000000000000   1.000000000000000   1.000000000000000   0.907697039084281   0.907697039084281   0.907697039084281   1.000000000000000   
PATCH 9 
2 2 
6 4 
0.000000000000000   0.000000000000000   0.000000000000000   0.250000000000000   0.500000000000000   0.750000000000000   1.000000000000000   1.000000000000000   1.000000000000000   
0.000000000000000   0.000000000000000   0.000000000000000   0.500000000000000   1.000000000000000   1.000000000000000   1.000000000000000   
0.019505426460577   0.022542761535406   0.028617431685064   0.034692101834722   0.040766771984380   0.043804107059209   0.019799889133728   0.022837224208557   0.028911894358215   0.034986564507874   0.041061234657532   0.044098569732361   0.020388814480031   0.023426149554860   0.029500819704518   0.035575489854177   0.041650160003835   0.044687495078664   0.020683277153182   0.023720612228012   0.029795282377670   0.035869952527328   0.041944622676986   0.044981957751815   
0.012592454628092   0.011576693162328   0.009545170230798   0.007513647299269   0.005482124367739   0.004466362901974   0.013472958403374   0.012457196937609   0.010425674006079   0.008394151074550   0.006362628143020   0.005346866677256   0.015233965953936   0.014218204488171   0.012186681556641   0.010155158625112   0.008123635693582   0.007107874227818   0.016114469729217   0.015098708263452   0.013067185331923   0.011035662400393   0.009004139468864   0.007988378003099   
1.000000000000000   1.000000000000000   1.000000000000000   1.000000000000000   1.000000000000000   1.000000000000000   1.000000000000000   1.000000000000000   1.000000000000000   1.000000000000000   1.000000000000000   1.000000000000000   1.000000000000000   1.000000000000000   1.000000000000000   1.000000000000000   1.000000000000000   1.000000000000000   1.000000000000000   1.000000000000000   1.000000000000000   1.000000000000000   1.000000000000000   1.000000000000000   
PATCH 10 
2 2 
13 4 
0.000000000000000   0.000000000000000   0.000000000000000   0.250000000000000   0.250000000000000   0.375000000000000   0.375000000000000   0.500000000000000   0.500000000000000   0.750000000000000   0.750000000000000   0.875000000000000   0.875000000000000   1.000000000000000   1.000000000000000   1.000000000000000   
0.000000000000000   0.000000000000000   0.000000000000000   0.500000000000000   1.000000000000000   1.000000000000000   1.000000000000000   
0.019505426460577   0.018943104086958   0.018380781713339   0.018363963416657   0.018359046760339   0.018354130104021   0.018361115088067   0.016656359232546   0.014951603377026   0.012771493933085   0.014803290409658   0.012714771967605   0.014853947311743   0.019799889133728   0.019234212469632   0.018668535805536   0.018649528785956   0.018644375751791   0.018639222717626   0.018647923668877   0.017198085880726   0.015748248092575   0.013681578235624   0.015191156721598   0.013610499018603   0.015617930557792   0.020388814480031   0.019816429234981   0.019244043989930   0.019220659524553   0.019215033734695   0.019209407944837   0.019221540830498   0.018281539177086   0.017341537523674   0.015501746840701   0.015966889345478   0.015401953120599   0.017145897049891   0.020683277153182   0.020107537617655   0.019531798082128   0.019506224893851   0.019500362726146   0.019494500558442   0.019508349411308   0.018823265825266   0.018138182239223   0.016411831143239   0.016354755657418   0.016297680171598   0.017909880295940   
0.012592454628092   0.012780509414406   0.012968564200720   0.012961731890150   0.012963101470657   0.012964471051165   0.012974042522748   0.013356353981949   0.013738665441149   0.011848942406187   0.013878087215136   0.012044436104253   0.014075239556290   0.013472958403374   0.013662134949035   0.013851311494696   0.013842555621628   0.013844178476164   0.013845801330701   0.013857802912841   0.014227137861180   0.014596472809519   0.012789259463323   0.014308697921651   0.012931039440105   0.014839222802339   0.015233965953936   0.015425386018292   0.015616806082648   0.015604203084584   0.015606332487179   0.015608461889774   0.015625323693027   0.015968705619643   0.016312087546258   0.014669893577595   0.015169919334681   0.014704246111809   0.016367189294437   0.016114469729217   0.016307011552920   0.016499553376624   0.016485026816061   0.016487409492686   0.016489792169310   0.016509084083121   0.016839489498874   0.017169894914627   0.015610210634731   0.015600530041196   0.015590849447661   0.017131172540486   
1.000000000000000   1.000000000000000   1.000000000000000   0.999348343841389   0.999348343841389   0.999348343841389   1.000000000000000   1.000000000000000   1.000000000000000   0.860831112387748   1.000000000000000   0.860831112387748   1.000000000000000   1.000000000000000   1.000000000000000   1.000000000000000   0.999260743362849   0.999260743362849   0.999260743362849   1.000000000000000   1.000000000000000   1.000000000000000   0.872547594061881   0.976924259771070   0.872547594061881   1.000000000000000   1.000000000000000   1.000000000000000   1.000000000000000   0.999085542405767   0.999085542405767   0.999085542405767   1.000000000000000   1.000000000000000   1.000000000000000   0.895980557410148   0.930772779313211   0.895980557410148   1.000000000000000   1.000000000000000   1.000000000000000   1.000000000000000   0.998997941927227   0.998997941927227   0.998997941927227   1.000000000000000   1.000000000000000   1.000000000000000   0.907697039084281   0.907697039084281   0.907697039084281   1.000000000000000   
PATCH 11 
2 1 
13 2 
0.000000000000000   0.000000000000000   0.000000000000000   0.250000000000000   0.250000000000000   0.375000000000000   0.375000000000000   0.500000000000000   0.500000000000000   0.750000000000000   0.750000000000000   0.875000000000000   0.875000000000000   1.000000000000000   1.000000000000000   1.000000000000000   
0.000000000000000   0.000000000000000   1.000000000000000   1.000000000000000   
0.043259359454844   0.042401011700023   0.041508881929258   0.041007187098316   0.040522563322650   0.039971122482794   0.039579015253682   0.038201538671107   0.036879580990507   0.036391632940595   0.035833660746965   0.035370223906236   0.034863145198002   0.043734282891114   0.043142506727484   0.042531053738569   0.042225327244111   0.041914681543332   0.041604035842553   0.041288470935453   0.040657341121252   0.040006534481766   0.039681131162023   0.039350808635958   0.039020486109894   0.038685244377508   
0.024975802826225   0.026283967671535   0.027566666812071   0.028170242959398   0.028783183403778   0.029345981550669   0.030025262640946   0.030915596921968   0.031811502816968   0.032398892849185   0.032923058855637   0.033532873963579   0.034103641789063   0.025250000000000   0.026178902508932   0.027094027156471   0.027551589480241   0.028005707338662   0.028459825197083   0.028910498590156   0.029811845376303   0.030699414301056   0.031143198763433   0.031583538760461   0.032023878757490   0.032460774289170   
1.000000000000000   0.998037128939048   0.997055693408571   0.996564975643333   0.996319616760714   0.996074257878095   0.996074257878095   0.996074257878095   0.997055693408571   0.997546411173809   0.998282487821666   0.999018564469524   1.000000000000000   1.000000000000000   0.999048674522937   0.998573011784405   0.998335180415139   0.998216264730506   0.998097349045873   0.998097349045873   0.998097349045873   0.998573011784405   0.998810843153671   0.999167590207569   0.999524337261468   1.000000000000000   
PATCH 12 
2 1 
6 2 
0.000000000000000   0.000000000000000   0.000000000000000   0.250000000000000   0.500000000000000   0.750000000000000   1.000000000000000   1.000000000000000   1.000000000000000   
0.000000000000000   0.000000000000000   1.000000000000000   1.000000000000000   
0.019505426460577   0.022542761535406   0.028617431685064   0.034692101834722   0.040766771984380   0.043804107059209   0.014550000000000   0.018206763382401   0.025520290147204   0.032833816912006   0.040147343676808   0.043804107059209   
0.012592454628092   0.011576693162328   0.009545170230798   0.007513647299269   0.005482124367739   0.004466362901974   0.000000000000000   0.000000000000000   0.000000000000000   0.000000000000000   0.000000000000000   0.000000000000000   
1.000000000000000   1.000000000000000   1.000000000000000   1.000000000000000   1.000000000000000   1.000000000000000   1.000000000000000   1.000000000000000   1.000000000000000   1.000000000000000   1.000000000000000   1.000000000000000   
PATCH 13 
2 1 
13 2 
0.000000000000000   0.000000000000000   0.000000000000000   0.250000000000000   0.250000000000000   0.375000000000000   0.375000000000000   0.500000000000000   0.500000000000000   0.750000000000000   0.750000000000000   0.875000000000000   0.875000000000000   1.000000000000000   1.000000000000000   1.000000000000000   
0.000000000000000   0.000000000000000   1.000000000000000   1.000000000000000   
0.043804107059209   0.045099075930911   0.046394044802613   0.046222581775485   0.046234887883740   0.046247193991995   0.046443269235634   0.047233104771731   0.048022940307828   0.043499312083816   0.048182321928955   0.043616924457740   0.048235589822769   0.043804107059209   0.044578593676808   0.045353080294407   0.045740323603207   0.046127566912006   0.046514810220805   0.046902053529605   0.047676540147204   0.048451026764802   0.048838270073602   0.049225513382401   0.049612756691201   0.050000000000000   
0.004466362901974   0.004033292645703   0.003600222389431   0.003582013271167   0.003579558197809   0.003577103124450   0.003590402095997   0.003534152113372   0.003477902130746   0.003138043958557   0.003539830623632   0.003262160713607   0.003702311917549   0.000000000000000   0.000000000000000   0.000000000000000   0.000000000000000   0.000000000000000   0.000000000000000   0.000000000000000   0.000000000000000   0.000000000000000   0.000000000000000   0.000000000000000   0.000000000000000   0.000000000000000   
1.000000000000000   1.000000000000000   1.000000000000000   0.996047687082893   0.996047687082893   0.996047687082893   1.000000000000000   1.000000000000000   1.000000000000000   0.904026965221903   1.000000000000000   0.904026965221903   1.000000000000000   1.000000000000000   1.000000000000000   1.000000000000000   1.000000000000000   1.000000000000000   1.000000000000000   1.000000000000000   1.000000000000000   1.000000000000000   1.000000000000000   1.000000000000000   1.000000000000000   1.000000000000000   
PATCH 14 
2 1 
13 2 
0.000000000000000   0.000000000000000   0.000000000000000   0.250000000000000   0.250000000000000   0.375000000000000   0.375000000000000   0.500000000000000   0.500000000000000   0.750000000000000   0.750000000000000   0.875000000000000   0.875000000000000   1.000000000000000   1.000000000000000   1.000000000000000   
0.000000000000000   0.000000000000000   1.000000000000000   1.000000000000000   
0.014550000000000   0.014280725333125   0.013886780184526   0.013689807610226   0.013461667415496   0.013233527220766   0.012974219405605   0.012455603775282   0.011812317663236   0.011490674607213   0.011137863930760   0.010785053254306   0.010401074957421   0.019505426460577   0.018943104086958   0.018380781713339   0.018363963416657   0.018359046760339   0.018354130104021   0.018361115088067   0.016656359232546   0.014951603377026   0.012771493933085   0.014803290409658   0.012714771967605   0.014853947311743   
0.000000000000000   0.001373486204990   0.002696134603752   0.003357458803133   0.004006073550957   0.004654688298782   0.005290593595049   0.006562404187583   0.007783376973890   0.008393863367043   0.008991640308640   0.009589417250236   0.010174484740276   0.012592454628092   0.012780509414406   0.012968564200720   0.012961731890150   0.012963101470657   0.012964471051165   0.012974042522748   0.013356353981949   0.013738665441149   0.011848942406187   0.013878087215136   0.012044436104253   0.014075239556290   
1.000000000000000   0.981493150042929   0.972239725064393   0.967613012575126   0.965299656330492   0.962986300085858   0.962986300085858   0.962986300085858   0.972239725064393   0.976866437553661   0.983806506287563   0.990746575021464   1.000000000000000   1.000000000000000   1.000000000000000   1.000000000000000   0.999348343841389   0.999348343841389   0.999348343841389   1.000000000000000   1.000000000000000   1.000000000000000   0.860831112387748   1.000000000000000   0.860831112387748   1.000000000000000   
PATCH 15 
2 1 
4 2 
0.000000000000000   0.000000000000000   0.000000000000000   0.500000000000000   1.000000000000000   1.000000000000000   1.000000000000000   
0.000000000000000   0.000000000000000   1.000000000000000   1.000000000000000   
0.034863145198002   0.034693093626200   0.034313136261728   0.034103641789063   0.017909880295940   0.017715203357076   0.017325849479350   0.017131172540486   
0.034103641789063   0.034313136261728   0.034693093626200   0.034863145198002   0.017131172540486   0.017325849479350   0.017715203357076   0.017909880295940   
1.000000000000000   0.999969683469079   0.999969683469079   1.000000000000000   1.000000000000000   1.000000000000000   1.000000000000000   1.000000000000000   
PATCH 16 
2 2 
4 4 
0.000000000000000   0.000000000000000   0.000000000000000   0.500000000000000   1.000000000000000   1.000000000000000   1.000000000000000   
0.000000000000000   0.000000000000000   0.000000000000000   0.500000000000000   1.000000000000000   1.000000000000000   1.000000000000000   
0.014853947311743   0.015617930557792   0.017145897049891   0.017909880295940   0.014659270372880   0.015423253618929   0.016951220111027   0.017715203357076   0.014269916495153   0.015033899741202   0.016561866233301   0.017325849479350   0.014075239556290   0.014839222802339   0.016367189294437   0.017131172540486   
0.014075239556290   0.014839222802339   0.016367189294437   0.017131172540486   0.014269916495153   0.015033899741202   0.016561866233301   0.017325849479350   0.014659270372880   0.015423253618929   0.016951220111027   0.017715203357076   0.014853947311743   0.015617930557792   0.017145897049891   0.017909880295940   
1.000000000000000   1.000000000000000   1.000000000000000   1.000000000000000   1.000000000000000   1.000000000000000   1.000000000000000   1.000000000000000   1.000000000000000   1.000000000000000   1.000000000000000   1.000000000000000   1.000000000000000   1.000000000000000   1.000000000000000   1.000000000000000   
PATCH 17 
2 1 
4 2 
0.000000000000000   0.000000000000000   0.000000000000000   0.500000000000000   1.000000000000000   1.000000000000000   1.000000000000000   
0.000000000000000   0.000000000000000   1.000000000000000   1.000000000000000   
0.014853947311743   0.014659270372880   0.014269916495153   0.014075239556290   0.010401074957421   0.010344739311843   0.010231444203270   0.010174484740276   
0.014075239556290   0.014269916495153   0.014659270372880   0.014853947311743   0.010174484740276   0.010231444203270   0.010344739311843   0.010401074957421   
1.000000000000000   1.000000000000000   1.000000000000000   1.000000000000000   1.000000000000000   0.999969683469079   0.999969683469079   1.000000000000000   
PATCH 18 
2 1 
4 2 
0.000000000000000   0.000000000000000   0.000000000000000   0.500000000000000   1.000000000000000   1.000000000000000   1.000000000000000   
0.000000000000000   0.000000000000000   1.000000000000000   1.000000000000000   
0.034863145198002   0.034693093626200   0.034313136261728   0.034103641789063   0.038685244377508   0.037197068413715   0.034084833369545   0.032460774289170   
0.034103641789063   0.034313136261728   0.034693093626200   0.034863145198002   0.032460774289170   0.034084833369545   0.037197068413715   0.038685244377508   
1.000000000000000   0.999969683469079   0.999969683469079   1.000000000000000   1.000000000000000   0.998097349045873   0.998097349045873   1.000000000000000   
PATCH 19 
2 1 
4 2 
0.000000000000000   0.000000000000000   0.000000000000000   0.500000000000000   1.000000000000000   1.000000000000000   1.000000000000000   
0.000000000000000   0.000000000000000   1.000000000000000   1.000000000000000   
0.000000000000000   0.002178893568691   0.006520098010365   0.008682408883347   0.000000000000000   0.002200682504378   0.006585298990468   0.008769232972180   
0.050000000000000   0.049904867452294   0.049525061277599   0.049240387650610   0.050500000000000   0.050403916126817   0.050020311890375   0.049732791527117   
1.000000000000000   0.998097349045873   0.998097349045873   1.000000000000000   1.000000000000000   0.998097349045873   0.998097349045873   1.000000000000000   
PATCH 20 
2 1 
4 2 
0.000000000000000   0.000000000000000   0.000000000000000   0.500000000000000   1.000000000000000   1.000000000000000   1.000000000000000   
0.000000000000000   0.000000000000000   1.000000000000000   1.000000000000000   
0.003702311917549   0.004743398908202   0.006825572889507   0.007866659880160   0.000000000000000   0.002178893568691   0.006520098010365   0.008682408883347   
0.048235589822769   0.048104877891631   0.047843454029354   0.047712742098215   0.050000000000000   0.049904867452294   0.049525061277599   0.049240387650610   
1.000000000000000   1.000000000000000   1.000000000000000   1.000000000000000   1.000000000000000   0.998097349045873   0.998097349045873   1.000000000000000   
PATCH 21 
2 1 
13 2 
0.000000000000000   0.000000000000000   0.000000000000000   0.125000000000000   0.125000000000000   0.250000000000000   0.250000000000000   0.500000000000000   0.500000000000000   0.625000000000000   0.625000000000000   0.750000000000000   0.750000000000000   1.000000000000000   1.000000000000000   1.000000000000000   
0.000000000000000   0.000000000000000   1.000000000000000   1.000000000000000   
0.007866659880160   0.007329217356833   0.008000930151116   0.007423031026619   0.008039635088330   0.007907826903250   0.007776018718169   0.007666648162128   0.007668702119076   0.007670756076023   0.007784234545959   0.007886306274529   0.007988378003099   0.008682408883347   0.009214726804819   0.009581240394908   0.010113747717449   0.010617080577806   0.011647687854635   0.012669182492038   0.013196838882252   0.013731151126160   0.014289567529033   0.014851938050073   0.015905286493898   0.016949652866471   
0.047712742098215   0.043977122317827   0.047635378683601   0.043853782952883   0.047485326921136   0.046585060266527   0.045684793611919   0.045039023255118   0.045015921989726   0.044992820724333   0.045592388550350   0.045287173151083   0.044981957751815   0.049240387650610   0.049122375608591   0.048172723754956   0.048101824878967   0.047895265107178   0.047602313467574   0.047282032750647   0.047185084871059   0.047107167751146   0.047103528249516   0.047100917047328   0.046853863896192   0.046568788518223   
1.000000000000000   0.921908334707410   1.000000000000000   0.921908334707410   1.000000000000000   1.000000000000000   1.000000000000000   0.986366960178784   0.986366960178784   0.986366960178784   1.000000000000000   1.000000000000000   1.000000000000000   1.000000000000000   0.999524337261468   0.999167590207569   0.998810843153671   0.998573011784405   0.998097349045873   0.998097349045873   0.998097349045873   0.998216264730506   0.998335180415139   0.998573011784404   0.999048674522936   1.000000000000000   
PATCH 22 
2 2 
13 4 
0.000000000000000   0.000000000000000   0.000000000000000   0.250000000000000   0.250000000000000   0.375000000000000   0.375000000000000   0.500000000000000   0.500000000000000   0.750000000000000   0.750000000000000   0.875000000000000   0.875000000000000   1.000000000000000   1.000000000000000   1.000000000000000   
0.000000000000000   0.000000000000000   0.000000000000000   0.500000000000000   1.000000000000000   1.000000000000000   1.000000000000000   
0.004466362901974   0.004033292645703   0.003600222389431   0.003582013271167   0.003579558197809   0.003577103124450   0.003590402095997   0.003534152113372   0.003477902130746   0.003138043958557   0.003539830623632   0.003262160713607   0.003702311917549   0.005346866677256   0.004996546052909   0.004646225428563   0.004604198972381   0.004601844178125   0.004599489383870   0.004636806251540   0.004627570810841   0.004618335370142   0.004209290725572   0.004655105505503   0.004278924874414   0.004743398908202   0.007107874227818   0.006923052867322   0.006738231506827   0.006648570374809   0.006646416138759   0.006644261902709   0.006729614562626   0.006814408205780   0.006899201848934   0.006351784259603   0.006885655269245   0.006312453196026   0.006825572889507   0.007988378003099   0.007886306274529   0.007784234545959   0.007670756076023   0.007668702119076   0.007666648162128   0.007776018718169   0.007907826903250   0.008039635088330   0.007423031026619   0.008000930151116   0.007329217356833   0.007866659880160   
0.043804107059209   0.045099075930911   0.046394044802613   0.046222581775485   0.046234887883740   0.046247193991995   0.046443269235634   0.047233104771731   0.048022940307828   0.043499312083816   0.048182321928955   0.043616924457740   0.048235589822769   0.044098569732361   0.045146100235954   0.046193630739547   0.045915141512697   0.045930146410236   0.045945151307776   0.046253650329705   0.047071093645430   0.047888536961155   0.043587929801083   0.048045586117616   0.043706973922762   0.048104877891631   0.044687495078664   0.045240148846040   0.045792802613416   0.045300260987121   0.045320663463229   0.045341065939337   0.045874412517847   0.046747071392828   0.047619730267809   0.043765165235616   0.047772114494939   0.043887072852805   0.047843454029354   0.044981957751815   0.045287173151083   0.045592388550350   0.044992820724333   0.045015921989726   0.045039023255118   0.045684793611919   0.046585060266527   0.047485326921136   0.043853782952883   0.047635378683601   0.043977122317827   0.047712742098215   
1.000000000000000   1.000000000000000   1.000000000000000   0.996047687082893   0.996047687082893   0.996047687082893   1.000000000000000   1.000000000000000   1.000000000000000   0.904026965221903   1.000000000000000   0.904026965221903   1.000000000000000   1.000000000000000   1.000000000000000   1.000000000000000   0.993627505356866   0.993627505356866   0.993627505356866   1.000000000000000   1.000000000000000   1.000000000000000   0.908497307593279   1.000000000000000   0.908497307593279   1.000000000000000   1.000000000000000   1.000000000000000   1.000000000000000   0.988787141904811   0.988787141904811   0.988787141904811   1.000000000000000   1.000000000000000   1.000000000000000   0.917437992336033   1.000000000000000   0.917437992336033   1.000000000000000   1.000000000000000   1.000000000000000   1.000000000000000   0.986366960178784   0.986366960178784   0.986366960178784   1.000000000000000   1.000000000000000   1.000000000000000   0.921908334707410   1.000000000000000   0.921908334707410   1.000000000000000   
PATCH 23 
2 1 
13 2 
0.000000000000000   0.000000000000000   0.000000000000000   0.125000000000000   0.125000000000000   0.250000000000000   0.250000000000000   0.500000000000000   0.500000000000000   0.625000000000000   0.625000000000000   0.750000000000000   0.750000000000000   1.000000000000000   1.000000000000000   1.000000000000000   
0.000000000000000   0.000000000000000   1.000000000000000   1.000000000000000   
0.008682408883347   0.009214726804819   0.009581240394908   0.010113747717449   0.010617080577806   0.011647687854635   0.012669182492038   0.013196838882252   0.013731151126160   0.014289567529033   0.014851938050073   0.015905286493898   0.016949652866471   0.008769232972180   0.009306874072867   0.009842960902535   0.010379047732203   0.010913580290852   0.011982645408149   0.013045493441370   0.013576917457981   0.014106787203572   0.014636656949163   0.015164972423735   0.016221603372879   0.017272017237946   
0.049240387650610   0.049122375608591   0.048172723754956   0.048101824878967   0.047895265107178   0.047602313467574   0.047282032750647   0.047185084871059   0.047107167751146   0.047103528249516   0.047100917047328   0.046853863896192   0.046568788518223   0.049732791527117   0.049613599364677   0.049488606583825   0.049363613802972   0.049232820403708   0.048971233605179   0.048686444333000   0.048544049696911   0.048395854442409   0.048247659187908   0.048093663314994   0.047785671569166   0.047454477349688   
1.000000000000000   0.999524337261468   0.999167590207569   0.998810843153671   0.998573011784405   0.998097349045873   0.998097349045873   0.998097349045873   0.998216264730506   0.998335180415139   0.998573011784404   0.999048674522936   1.000000000000000   1.000000000000000   0.999524337261468   0.999167590207569   0.998810843153671   0.998573011784405   0.998097349045873   0.998097349045873   0.998097349045873   0.998216264730506   0.998335180415139   0.998573011784404   0.999048674522936   1.000000000000000   
PATCH 24 
2 1 
6 2 
0.000000000000000   0.000000000000000   0.000000000000000   0.250000000000000   0.500000000000000   0.750000000000000   1.000000000000000   1.000000000000000   1.000000000000000   
0.000000000000000   0.000000000000000   1.000000000000000   1.000000000000000   
0.016949652866471   0.018028381067371   0.020005100152936   0.021919819769988   0.023929313642263   0.024975802826225   0.017272017237946   0.018289568482936   0.020304367573183   0.022298863263696   0.024273055554476   0.025250000000000   
0.046568788518223   0.046361330841804   0.045466329872754   0.044447833335377   0.043616304645145   0.043259359454844   0.047454477349688   0.047032993823604   0.046146485990198   0.045216437375554   0.044242847979673   0.043734282891114   
1.000000000000000   0.999048674522936   0.998097349045873   0.998097349045873   0.999048674522936   1.000000000000000   1.000000000000000   0.999048674522936   0.998097349045873   0.998097349045873   0.999048674522936   1.000000000000000   
PATCH 25 
2 1 
6 2 
0.000000000000000   0.000000000000000   0.000000000000000   0.250000000000000   0.500000000000000   0.750000000000000   1.000000000000000   1.000000000000000   1.000000000000000   
0.000000000000000   0.000000000000000   1.000000000000000   1.000000000000000   
0.016949652866471   0.018028381067371   0.020005100152936   0.021919819769988   0.023929313642263   0.024975802826225   0.007988378003099   0.009004139468864   0.011035662400393   0.013067185331923   0.015098708263452   0.016114469729217   
0.046568788518223   0.046361330841804   0.045466329872754   0.044447833335377   0.043616304645145   0.043259359454844   0.044981957751815   0.041944622676986   0.035869952527328   0.029795282377670   0.023720612228012   0.020683277153182   
1.000000000000000   0.999048674522936   0.998097349045873   0.998097349045873   0.999048674522936   1.000000000000000   1.000000000000000   1.000000000000000   1.000000000000000   1.000000000000000   1.000000000000000   1.000000000000000   
PATCH 26 
2 1 
13 2 
0.000000000000000   0.000000000000000   0.000000000000000   0.250000000000000   0.250000000000000   0.375000000000000   0.375000000000000   0.500000000000000   0.500000000000000   0.750000000000000   0.750000000000000   0.875000000000000   0.875000000000000   1.000000000000000   1.000000000000000   1.000000000000000   
0.000000000000000   0.000000000000000   1.000000000000000   1.000000000000000   
0.024975802826225   0.026283967671535   0.027566666812071   0.028170242959398   0.028783183403778   0.029345981550669   0.030025262640946   0.030915596921968   0.031811502816968   0.032398892849185   0.032923058855637   0.033532873963579   0.034103641789063   0.016114469729217   0.016307011552920   0.016499553376624   0.016485026816061   0.016487409492686   0.016489792169310   0.016509084083121   0.016839489498874   0.017169894914627   0.015610210634731   0.015600530041196   0.015590849447661   0.017131172540486   
0.043259359454844   0.042401011700023   0.041508881929258   0.041007187098316   0.040522563322650   0.039971122482794   0.039579015253682   0.038201538671107   0.036879580990507   0.036391632940595   0.035833660746965   0.035370223906236   0.034863145198002   0.020683277153182   0.020107537617655   0.019531798082128   0.019506224893851   0.019500362726146   0.019494500558442   0.019508349411308   0.018823265825266   0.018138182239223   0.016411831143239   0.016354755657418   0.016297680171598   0.017909880295940   
1.000000000000000   0.998037128939048   0.997055693408571   0.996564975643333   0.996319616760714   0.996074257878095   0.996074257878095   0.996074257878095   0.997055693408571   0.997546411173809   0.998282487821666   0.999018564469524   1.000000000000000   1.000000000000000   1.000000000000000   1.000000000000000   0.998997941927227   0.998997941927227   0.998997941927227   1.000000000000000   1.000000000000000   1.000000000000000   0.907697039084281   0.907697039084281   0.907697039084281   1.000000000000000   
PATCH 27 
2 2 
6 4 
0.000000000000000   0.000000000000000   0.000000000000000   0.250000000000000   0.500000000000000   0.750000000000000   1.000000000000000   1.000000000000000   1.000000000000000   
0.000000000000000   0.000000000000000   0.000000000000000   0.500000000000000   1.000000000000000   1.000000000000000   1.000000000000000   
0.012592454628092   0.011576693162328   0.009545170230798   0.007513647299269   0.005482124367739   0.004466362901974   0.013472958403374   0.012457196937609   0.010425674006079   0.008394151074550   0.006362628143020   0.005346866677256   0.015233965953936   0.014218204488171   0.012186681556641   0.010155158625112   0.008123635693582   0.007107874227818   0.016114469729217   0.015098708263452   0.013067185331923   0.011035662400393   0.009004139468864   0.007988378003099   
0.019505426460577   0.022542761535406   0.028617431685064   0.034692101834722   0.040766771984380   0.043804107059209   0.019799889133728   0.022837224208557   0.028911894358215   0.034986564507874   0.041061234657532   0.044098569732361   0.020388814480031   0.023426149554860   0.029500819704518   0.035575489854177   0.041650160003835   0.044687495078664   0.020683277153182   0.023720612228012   0.029795282377670   0.035869952527328   0.041944622676986   0.044981957751815   
1.000000000000000   1.000000000000000   1.000000000000000   1.000000000000000   1.000000000000000   1.000000000000000   1.000000000000000   1.000000000000000   1.000000000000000   1.000000000000000   1.000000000000000   1.000000000000000   1.000000000000000   1.000000000000000   1.000000000000000   1.000000000000000   1.000000000000000   1.000000000000000   1.000000000000000   1.000000000000000   1.000000000000000   1.000000000000000   1.000000000000000   1.000000000000000   
PATCH 28 
2 2 
13 4 
0.000000000000000   0.000000000000000   0.000000000000000   0.250000000000000   0.250000000000000   0.375000000000000   0.375000000000000   0.500000000000000   0.500000000000000   0.750000000000000   0.750000000000000   0.875000000000000   0.875000000000000   1.000000000000000   1.000000000000000   1.000000000000000   
0.000000000000000   0.000000000000000   0.000000000000000   0.500000000000000   1.000000000000000   1.000000000000000   1.000000000000000   
0.012592454628092   0.012780509414406   0.012968564200720   0.012961731890150   0.012963101470657   0.012964471051165   0.012974042522748   0.013356353981949   0.013738665441149   0.011848942406187   0.013878087215136   0.012044436104253   0.014075239556290   0.013472958403374   0.013662134949035   0.013851311494696   0.013842555621628   0.013844178476164   0.013845801330701   0.013857802912841   0.014227137861180   0.014596472809519   0.012789259463323   0.014308697921651   0.012931039440105   0.014839222802339   0.015233965953936   0.015425386018292   0.015616806082648   0.015604203084584   0.015606332487179   0.015608461889774   0.015625323693027   0.015968705619643   0.016312087546258   0.014669893577595   0.015169919334681   0.014704246111809   0.016367189294437   0.016114469729217   0.016307011552920   0.016499553376624   0.016485026816061   0.016487409492686   0.016489792169310   0.016509084083121   0.016839489498874   0.017169894914627   0.015610210634731   0.015600530041196   0.015590849447661   0.017131172540486   
0.019505426460577   0.018943104086958   0.018380781713339   0.018363963416657   0.018359046760339   0.018354130104021   0.018361115088067   0.016656359232546   0.014951603377026   0.012771493933085   0.014803290409658   0.012714771967605   0.014853947311743   0.019799889133728   0.019234212469632   0.018668535805536   0.018649528785956   0.018644375751791   0.018639222717626   0.018647923668877   0.017198085880726   0.015748248092575   0.013681578235624   0.015191156721598   0.013610499018603   0.015617930557792   0.020388814480031   0.019816429234981   0.019244043989930   0.019220659524553   0.019215033734695   0.019209407944837   0.019221540830498   0.018281539177086   0.017341537523674   0.015501746840701   0.015966889345478   0.015401953120599   0.017145897049891   0.020683277153182   0.020107537617655   0.019531798082128   0.019506224893851   0.019500362726146   0.019494500558442   0.019508349411308   0.018823265825266   0.018138182239223   0.016411831143239   0.016354755657418   0.016297680171598   0.017909880295940   
1.000000000000000   1.000000000000000   1.000000000000000   0.999348343841389   0.999348343841389   0.999348343841389   1.000000000000000   1.000000000000000   1.000000000000000   0.860831112387748   1.000000000000000   0.860831112387748   1.000000000000000   1.000000000000000   1.000000000000000   1.000000000000000   0.999260743362849   0.999260743362849   0.999260743362849   1.000000000000000   1.000000000000000   1.000000000000000   0.872547594061881   0.976924259771070   0.872547594061881   1.000000000000000   1.000000000000000   1.000000000000000   1.000000000000000   0.999085542405767   0.999085542405767   0.999085542405767   1.000000000000000   1.000000000000000   1.000000000000000   0.895980557410148   0.930772779313211   0.895980557410148   1.000000000000000   1.000000000000000   1.000000000000000   1.000000000000000   0.998997941927227   0.998997941927227   0.998997941927227   1.000000000000000   1.000000000000000   1.000000000000000   0.907697039084281   0.907697039084281   0.907697039084281   1.000000000000000   
PATCH 29 
2 1 
13 2 
0.000000000000000   0.000000000000000   0.000000000000000   0.250000000000000   0.250000000000000   0.375000000000000   0.375000000000000   0.500000000000000   0.500000000000000   0.750000000000000   0.750000000000000   0.875000000000000   0.875000000000000   1.000000000000000   1.000000000000000   1.000000000000000   
0.000000000000000   0.000000000000000   1.000000000000000   1.000000000000000   
0.024975802826225   0.026283967671535   0.027566666812071   0.028170242959398   0.028783183403778   0.029345981550669   0.030025262640946   0.030915596921968   0.031811502816968   0.032398892849185   0.032923058855637   0.033532873963579   0.034103641789063   0.025250000000000   0.026178902508932   0.027094027156471   0.027551589480241   0.028005707338662   0.028459825197083   0.028910498590156   0.029811845376303   0.030699414301056   0.031143198763433   0.031583538760461   0.032023878757490   0.032460774289170   
0.043259359454844   0.042401011700023   0.041508881929258   0.041007187098316   0.040522563322650   0.039971122482794   0.039579015253682   0.038201538671107   0.036879580990507   0.036391632940595   0.035833660746965   0.035370223906236   0.034863145198002   0.043734282891114   0.043142506727484   0.042531053738569   0.042225327244111   0.041914681543332   0.041604035842553   0.041288470935453   0.040657341121252   0.040006534481766   0.039681131162023   0.039350808635958   0.039020486109894   0.038685244377508   
1.000000000000000   0.998037128939048   0.997055693408571   0.996564975643333   0.996319616760714   0.996074257878095   0.996074257878095   0.996074257878095   0.997055693408571   0.997546411173809   0.998282487821666   0.999018564469524   1.000000000000000   1.000000000000000   0.999048674522937   0.998573011784405   0.998335180415139   0.998216264730506   0.998097349045873   0.998097349045873   0.998097349045873   0.998573011784405   0.998810843153671   0.999167590207569   0.999524337261468   1.000000000000000   
PATCH 30 
2 1 
6 2 
0.000000000000000   0.000000000000000   0.000000000000000   0.250000000000000   0.500000000000000   0.750000000000000   1.000000000000000   1.000000000000000   1.000000000000000   
0.000000000000000   0.000000000000000   1.000000000000000   1.000000000000000   
0.012592454628092   0.011576693162328   0.009545170230798   0.007513647299269   0.005482124367739   0.004466362901974   0.000000000000000   0.000000000000000   0.000000000000000   0.000000000000000   0.000000000000000   0.000000000000000   
0.019505426460577   0.022542761535406   0.028617431685064   0.034692101834722   0.040766771984380   0.043804107059209   0.014550000000000   0.018206763382401   0.025520290147204   0.032833816912006   0.040147343676808   0.043804107059209   
1.000000000000000   1.000000000000000   1.000000000000000   1.000000000000000   1.000000000000000   1.000000000000000   1.000000000000000   1.000000000000000   1.000000000000000   1.000000000000000   1.000000000000000   1.000000000000000   
PATCH 31 
2 1 
13 2 
0.000000000000000   0.000000000000000   0.000000000000000   0.250000000000000   0.250000000000000   0.375000000000000   0.375000000000000   0.500000000000000   0.500000000000000   0.750000000000000   0.750000000000000   0.875000000000000   0.875000000000000   1.000000000000000   1.000000000000000   1.000000000000000   
0.000000000000000   0.000000000000000   1.000000000000000   1.000000000000000   
0.004466362901974   0.004033292645703   0.003600222389431   0.003582013271167   0.003579558197809   0.003577103124450   0.003590402095997   0.003534152113372   0.003477902130746   0.003138043958557   0.003539830623632   0.003262160713607   0.003702311917549   0.000000000000000   0.000000000000000   0.000000000000000   0.000000000000000   0.000000000000000   0.000000000000000   0.000000000000000   0.000000000000000   0.000000000000000   0.000000000000000   0.000000000000000   0.000000000000000   0.000000000000000   
0.043804107059209   0.045099075930911   0.046394044802613   0.046222581775485   0.046234887883740   0.046247193991995   0.046443269235634   0.047233104771731   0.048022940307828   0.043499312083816   0.048182321928955   0.043616924457740   0.048235589822769   0.043804107059209   0.044578593676808   0.045353080294407   0.045740323603207   0.046127566912006   0.046514810220805   0.046902053529605   0.047676540147204   0.048451026764802   0.048838270073602   0.049225513382401   0.049612756691201   0.050000000000000   
1.000000000000000   1.000000000000000   1.000000000000000   0.996047687082893   0.996047687082893   0.996047687082893   1.000000000000000   1.000000000000000   1.000000000000000   0.904026965221903   1.000000000000000   0.904026965221903   1.000000000000000   1.000000000000000   1.000000000000000   1.000000000000000   1.000000000000000   1.000000000000000   1.000000000000000   1.000000000000000   1.000000000000000   1.000000000000000   1.000000000000000   1.000000000000000   1.000000000000000   1.000000000000000   
PATCH 32 
2 1 
13 2 
0.000000000000000   0.000000000000000   0.000000000000000   0.250000000000000   0.250000000000000   0.375000000000000   0.375000000000000   0.500000000000000   0.500000000000000   0.750000000000000   0.750000000000000   0.875000000000000   0.875000000000000   1.000000000000000   1.000000000000000   1.000000000000000   
0.000000000000000   0.000000000000000   1.000000000000000   1.000000000000000   
0.000000000000000   0.001373486204990   0.002696134603752   0.003357458803133   0.004006073550957   0.004654688298782   0.005290593595049   0.006562404187583   0.007783376973890   0.008393863367043   0.008991640308640   0.009589417250236   0.010174484740276   0.012592454628092   0.012780509414406   0.012968564200720   0.012961731890150   0.012963101470657   0.012964471051165   0.012974042522748   0.013356353981949   0.013738665441149   0.011848942406187   0.013878087215136   0.012044436104253   0.014075239556290   
0.014550000000000   0.014280725333125   0.013886780184526   0.013689807610226   0.013461667415496   0.013233527220766   0.012974219405605   0.012455603775282   0.011812317663236   0.011490674607213   0.011137863930760   0.010785053254306   0.010401074957421   0.019505426460577   0.018943104086958   0.018380781713339   0.018363963416657   0.018359046760339   0.018354130104021   0.018361115088067   0.016656359232546   0.014951603377026   0.012771493933085   0.014803290409658   0.012714771967605   0.014853947311743   
1.000000000000000   0.981493150042929   0.972239725064393   0.967613012575126   0.965299656330492   0.962986300085858   0.962986300085858   0.962986300085858   0.972239725064393   0.976866437553661   0.983806506287563   0.990746575021464   1.000000000000000   1.000000000000000   1.000000000000000   1.000000000000000   0.999348343841389   0.999348343841389   0.999348343841389   1.000000000000000   1.000000000000000   1.000000000000000   0.860831112387748   1.000000000000000   0.860831112387748   1.000000000000000   
INTERFACE 1 
1 2 
5 1 
1 
INTERFACE 2 
1 3 
2 4 
1 
INTERFACE 3 
2 1 
13 2 
1 
INTERFACE 4 
2 2 
3 1 
1 
INTERFACE 5 
2 3 
4 2 
1 
INTERFACE 6 
3 2 
7 1 
-1 
INTERFACE 7 
3 3 
4 4 
-1 
INTERFACE 8 
3 4 
5 3 
1 
INTERFACE 9 
4 1 
9 2 
1 
INTERFACE 10 
4 3 
13 3 
1 
INTERFACE 11 
5 2 
6 1 
1 
INTERFACE 12 
6 2 
11 1 
1 
INTERFACE 13 
6 3 
7 3 
1 
INTERFACE 14 
7 2 
8 1 
1 
INTERFACE 15 
7 4 
9 4 
-1 
INTERFACE 16 
8 2 
15 1 
1 
INTERFACE 17 
8 3 
11 3 
1 
INTERFACE 18 
8 4 
10 4 
1 
INTERFACE 19 
9 1 
10 1 
1 
INTERFACE 20 
9 3 
12 3 
1 
INTERFACE 21 
10 2 
16 3 
1 
INTERFACE 22 
10 3 
14 4 
1 
INTERFACE 23 
11 2 
18 1 
1 
INTERFACE 24 
12 1 
14 1 
-1 
INTERFACE 25 
12 2 
13 1 
1 
INTERFACE 26 
14 2 
17 1 
-1 
INTERFACE 27 
15 2 
26 2 
1 
INTERFACE 28 
15 3 
18 3 
1 
INTERFACE 29 
15 4 
16 2 
1 
INTERFACE 30 
16 1 
17 3 
1 
INTERFACE 31 
16 4 
28 2 
1 
INTERFACE 32 
17 2 
32 2 
-1 
INTERFACE 33 
18 2 
29 2 
1 
INTERFACE 34 
19 2 
23 1 
1 
INTERFACE 35 
19 3 
20 4 
1 
INTERFACE 36 
20 1 
31 2 
1 
INTERFACE 37 
20 2 
21 1 
1 
INTERFACE 38 
20 3 
22 2 
1 
INTERFACE 39 
21 2 
25 1 
-1 
INTERFACE 40 
21 3 
22 4 
-1 
INTERFACE 41 
21 4 
23 3 
1 
INTERFACE 42 
22 1 
27 2 
1 
INTERFACE 43 
22 3 
31 3 
1 
INTERFACE 44 
23 2 
24 1 
1 
INTERFACE 45 
24 2 
29 1 
1 
INTERFACE 46 
24 3 
25 3 
1 
INTERFACE 47 
25 2 
26 1 
1 
INTERFACE 48 
25 4 
27 4 
-1 
INTERFACE 49 
26 3 
29 3 
1 
INTERFACE 50 
26 4 
28 4 
1 
INTERFACE 51 
27 1 
28 1 
1 
INTERFACE 52 
27 3 
30 3 
1 
INTERFACE 53 
28 3 
32 4 
1 
INTERFACE 54 
30 1 
32 1 
-1 
INTERFACE 55 
30 2 
31 1 
1 
BOUNDARY 1 
1 
1 1 
BOUNDARY 2 
1 
1 4 
BOUNDARY 3 
1 
5 4 
BOUNDARY 4 
1 
6 4 
BOUNDARY 5 
1 
11 4 
BOUNDARY 6 
1 
12 4 
BOUNDARY 7 
1 
13 4 
BOUNDARY 8 
1 
14 3 
BOUNDARY 9 
1 
17 4 
BOUNDARY 10 
1 
18 4 
BOUNDARY 11 
1 
19 1 
BOUNDARY 12 
1 
19 4 
BOUNDARY 13 
1 
23 4 
BOUNDARY 14 
1 
24 4 
BOUNDARY 15 
1 
29 4 
BOUNDARY 16 
1 
30 4 
BOUNDARY 17 
1 
31 4 
BOUNDARY 18 
1 
32 3 
