# nurbs mesh v.2.1
#
# 14-Jul-2024
#
2 2 32 55 0 
PATCH 1 
2 1 
4 2 
0.000000000000000   0.000000000000000   0.000000000000000   0.500000000000000   1.000000000000000   1.000000000000000   1.000000000000000   
0.000000000000000   0.000000000000000   1.000000000000000   1.000000000000000   
0.050000000000000   0.049904867452294   0.049525061277599   0.049240387650610   0.050500000000000   0.050403916126817   0.050020311890375   0.049732791527117   
0.000000000000000   0.002178893568691   0.006520098010365   0.008682408883347   0.000000000000000   0.002200682504378   0.006585298990468   0.008769232972180   
1.000000000000000   0.998097349045873   0.998097349045873   1.000000000000000   1.000000000000000   0.998097349045873   0.998097349045873   1.000000000000000   
PATCH 2 
2 1 
4 2 
0.000000000000000   0.000000000000000   0.000000000000000   0.500000000000000   1.000000000000000   1.000000000000000   1.000000000000000   
0.000000000000000   0.000000000000000   1.000000000000000   1.000000000000000   
0.048248555444715   0.048110708038276   0.047835013225399   0.047697165818960   0.050000000000000   0.049904867452294   0.049525061277599   0.049240387650610   
0.003608883548860   0.004666139281125   0.006780650745656   0.007837906477922   0.000000000000000   0.002178893568691   0.006520098010365   0.008682408883347   
1.000000000000000   1.000000000000000   1.000000000000000   1.000000000000000   1.000000000000000   0.998097349045873   0.998097349045873   1.000000000000000   
PATCH 3 
2 1 
13 2 
0.000000000000000   0.000000000000000   0.000000000000000   0.125000000000000   0.125000000000000   0.250000000000000   0.250000000000000   0.500000000000000   0.500000000000000   0.625000000000000   0.625000000000000   0.750000000000000   0.750000000000000   1.000000000000000   1.000000000000000   1.000000000000000   
0.000000000000000   0.000000000000000   1.000000000000000   1.000000000000000   
0.047697165818960   0.040981204182037   0.040926811862933   0.040872419543829   0.047479596542545   0.046685591401092   0.045891586259640   0.045264652566695   0.045242058069697   0.045219463572699   0.045801208271649   0.045504701086414   0.045208193901179   0.049240387650610   0.049122375608591   0.048209656620538   0.048121080506707   0.047937608093297   0.047670385143576   0.047352332044394   0.047244501876757   0.047167586627665   0.047158991494686   0.047149090839786   0.046887791747668   0.046602053620377   
0.007837906477922   0.006804714787312   0.006848018299272   0.006891321811231   0.008011120525760   0.007934349678324   0.007857578830888   0.007751926229511   0.007754963192336   0.007758000155162   0.007869726682190   0.007982556589662   0.008095386497133   0.008682408883347   0.009214726804819   0.009588586100860   0.010117796348902   0.010626466868800   0.011664344138249   0.012688019131026   0.013213456774393   0.013748762474156   0.014306393143094   0.014867128288949   0.015916803840664   0.016961760373495   
1.000000000000000   0.859384246818910   0.859384246818910   0.859384246818910   1.000000000000000   1.000000000000000   1.000000000000000   0.986833276446264   0.986833276446264   0.986833276446264   1.000000000000000   1.000000000000000   1.000000000000000   1.000000000000000   0.999524337261468   0.999167590207569   0.998810843153671   0.998573011784405   0.998097349045873   0.998097349045873   0.998097349045873   0.998216264730506   0.998335180415139   0.998573011784404   0.999048674522936   1.000000000000000   
PATCH 4 
2 2 
13 4 
0.000000000000000   0.000000000000000   0.000000000000000   0.250000000000000   0.250000000000000   0.375000000000000   0.375000000000000   0.500000000000000   0.500000000000000   0.750000000000000   0.750000000000000   0.875000000000000   0.875000000000000   1.000000000000000   1.000000000000000   1.000000000000000   
0.000000000000000   0.000000000000000   0.000000000000000   0.500000000000000   1.000000000000000   1.000000000000000   1.000000000000000   
0.043864354557803   0.045174124633456   0.046483894709109   0.046314549872594   0.046326651910890   0.046338753949187   0.046532302862294   0.047279907456763   0.048027512051231   0.043258328614717   0.048192767850650   0.043381282686038   0.048248555444715   0.044200314393647   0.045256768746696   0.046313223099744   0.046040778297620   0.046055503450592   0.046070228603564   0.046372123711631   0.047131328442845   0.047890533174060   0.042661851346995   0.046376278853721   0.042781263060038   0.048110708038276   0.044872234065335   0.045422056973175   0.045971879881014   0.045493235147673   0.045513206529995   0.045533177912318   0.046051765410304   0.046834170415010   0.047616575419716   0.041468896811551   0.042743300859862   0.041581223808037   0.047835013225399   0.045208193901179   0.045504701086414   0.045801208271649   0.045219463572699   0.045242058069697   0.045264652566695   0.045891586259640   0.046685591401092   0.047479596542545   0.040872419543829   0.040926811862933   0.040981204182037   0.047697165818960   
0.004563893561941   0.004065486630159   0.003567079698377   0.003548761484439   0.003545816161035   0.003542870837631   0.003555298404762   0.003469809634358   0.003384320863954   0.003032162365006   0.003442725883187   0.003157074021224   0.003608883548860   0.005446766795739   0.005044754120035   0.004642741444330   0.004601071152119   0.004598102918860   0.004595134685601   0.004630868511294   0.004585944645350   0.004541020779405   0.003996952226563   0.004294048987208   0.004068984212746   0.004666139281125   0.007212513263335   0.007003289099786   0.006794064936237   0.006705690487481   0.006702676434511   0.006699662381541   0.006782008724357   0.006818214667333   0.006854420610308   0.005926531949675   0.005996695195251   0.005892804595790   0.006780650745656   0.008095386497133   0.007982556589662   0.007869726682190   0.007758000155162   0.007754963192336   0.007751926229511   0.007857578830888   0.007934349678324   0.008011120525760   0.006891321811231   0.006848018299272   0.006804714787312   0.007837906477922   
1.000000000000000   1.000000000000000   1.000000000000000   0.996106484011311   0.996106484011311   0.996106484011311   1.000000000000000   1.000000000000000   1.000000000000000   0.898886027559696   1.000000000000000   0.898886027559696   1.000000000000000   1.000000000000000   1.000000000000000   1.000000000000000   0.993788182120050   0.993788182120050   0.993788182120050   1.000000000000000   1.000000000000000   1.000000000000000   0.889010582374500   0.964846061704727   0.889010582374500   1.000000000000000   1.000000000000000   1.000000000000000   1.000000000000000   0.989151578337526   0.989151578337526   0.989151578337526   1.000000000000000   1.000000000000000   1.000000000000000   0.869259692004106   0.894538185114182   0.869259692004106   1.000000000000000   1.000000000000000   1.000000000000000   1.000000000000000   0.986833276446264   0.986833276446264   0.986833276446264   1.000000000000000   1.000000000000000   1.000000000000000   0.859384246818910   0.859384246818910   0.859384246818910   1.000000000000000   
PATCH 5 
2 1 
13 2 
0.000000000000000   0.000000000000000   0.000000000000000   0.125000000000000   0.125000000000000   0.250000000000000   0.250000000000000   0.500000000000000   0.500000000000000   0.625000000000000   0.625000000000000   0.750000000000000   0.750000000000000   1.000000000000000   1.000000000000000   1.000000000000000   
0.000000000000000   0.000000000000000   1.000000000000000   1.000000000000000   
0.049240387650610   0.049122375608591   0.048209656620538   0.048121080506707   0.047937608093297   0.047670385143576   0.047352332044394   0.047244501876757   0.047167586627665   0.047158991494686   0.047149090839786   0.046887791747668   0.046602053620377   0.049732791527117   0.049613599364677   0.049488606583825   0.049363613802972   0.049232820403708   0.048971233605179   0.048686444333000   0.048544049696911   0.048395854442409   0.048247659187908   0.048093663314994   0.047785671569166   0.047454477349688   
0.008682408883347   0.009214726804819   0.009588586100860   0.010117796348902   0.010626466868800   0.011664344138249   0.012688019131026   0.013213456774393   0.013748762474156   0.014306393143094   0.014867128288949   0.015916803840664   0.016961760373495   0.008769232972180   0.009306874072867   0.009842960902535   0.010379047732203   0.010913580290852   0.011982645408149   0.013045493441370   0.013576917457981   0.014106787203572   0.014636656949163   0.015164972423735   0.016221603372879   0.017272017237946   
1.000000000000000   0.999524337261468   0.999167590207569   0.998810843153671   0.998573011784405   0.998097349045873   0.998097349045873   0.998097349045873   0.998216264730506   0.998335180415139   0.998573011784404   0.999048674522936   1.000000000000000   1.000000000000000   0.999524337261468   0.999167590207569   0.998810843153671   0.998573011784405   0.998097349045873   0.998097349045873   0.998097349045873   0.998216264730506   0.998335180415139   0.998573011784404   0.999048674522936   1.000000000000000   
PATCH 6 
2 1 
6 2 
0.000000000000000   0.000000000000000   0.000000000000000   0.250000000000000   0.500000000000000   0.750000000000000   1.000000000000000   1.000000000000000   1.000000000000000   
0.000000000000000   0.000000000000000   1.000000000000000   1.000000000000000   
0.046602053620377   0.046403135354425   0.045493790871041   0.044479795123762   0.043610603057463   0.043263466541271   0.047454477349688   0.047032993823604   0.046146485990198   0.045216437375554   0.044242847979673   0.043734282891114   
0.016961760373495   0.018044637453246   0.020017182940849   0.021935581992539   0.023926185567086   0.024978174053679   0.017272017237946   0.018289568482936   0.020304367573183   0.022298863263696   0.024273055554476   0.025250000000000   
1.000000000000000   0.999048674522936   0.998097349045873   0.998097349045873   0.999048674522936   1.000000000000000   1.000000000000000   0.999048674522936   0.998097349045873   0.998097349045873   0.999048674522936   1.000000000000000   
PATCH 7 
2 1 
6 2 
0.000000000000000   0.000000000000000   0.000000000000000   0.250000000000000   0.500000000000000   0.750000000000000   1.000000000000000   1.000000000000000   1.000000000000000   
0.000000000000000   0.000000000000000   1.000000000000000   1.000000000000000   
0.046602053620377   0.046403135354425   0.045493790871041   0.044479795123762   0.043610603057463   0.043263466541271   0.045208193901179   0.042259966041843   0.036363510323171   0.030467054604498   0.024570598885826   0.021622371026490   
0.016961760373495   0.018044637453246   0.020017182940849   0.021935581992539   0.023926185567086   0.024978174053679   0.008095386497133   0.009217275925576   0.011461054782463   0.013704833639349   0.015948612496236   0.017070501924679   
1.000000000000000   0.999048674522936   0.998097349045873   0.998097349045873   0.999048674522936   1.000000000000000   1.000000000000000   1.000000000000000   1.000000000000000   1.000000000000000   1.000000000000000   1.000000000000000   
PATCH 8 
2 1 
13 2 
0.000000000000000   0.000000000000000   0.000000000000000   0.250000000000000   0.250000000000000   0.375000000000000   0.375000000000000   0.500000000000000   0.500000000000000   0.750000000000000   0.750000000000000   0.875000000000000   0.875000000000000   1.000000000000000   1.000000000000000   1.000000000000000   
0.000000000000000   0.000000000000000   1.000000000000000   1.000000000000000   
0.043263466541271   0.042399831000819   0.041507470897607   0.041004636344958   0.040516963167558   0.039962981955064   0.039569506123669   0.038181605339521   0.036876771543442   0.036391633934146   0.035832726471581   0.035368592912135   0.034862280318261   0.021622371026490   0.021042571578444   0.020462772130399   0.020457539060861   0.020455305525833   0.020453071990805   0.020453837990286   0.019764314828994   0.019074791667703   0.017364664491717   0.017309293085349   0.017253921678980   0.018853306042230   
0.024978174053679   0.026283380777419   0.027566025296743   0.028168863843788   0.028779658149883   0.029340537873597   0.030018666674707   0.030900247658545   0.031810034520867   0.032399943065360   0.032923344819650   0.033532573368127   0.034104145035015   0.017070501924679   0.017291133063931   0.017511764203183   0.017510073574675   0.017510985781906   0.017511897989137   0.017515413032107   0.017816633485392   0.018117853938676   0.016565126857041   0.016554663454853   0.016544200052665   0.018076000329924   
1.000000000000000   0.998036818991909   0.997055228487863   0.996564433235840   0.996319035609829   0.996073637983817   0.996073637983817   0.996073637983817   0.997055228487863   0.997546023739886   0.998282216617920   0.999018409495954   1.000000000000000   1.000000000000000   1.000000000000000   1.000000000000000   0.999854458798877   0.999854458798877   0.999854458798877   1.000000000000000   1.000000000000000   1.000000000000000   0.913053403673783   0.913053403673783   0.913053403673783   1.000000000000000   
PATCH 9 
2 2 
6 4 
0.000000000000000   0.000000000000000   0.000000000000000   0.250000000000000   0.500000000000000   0.750000000000000   1.000000000000000   1.000000000000000   1.000000000000000   
0.000000000000000   0.000000000000000   0.000000000000000   0.500000000000000   1.000000000000000   1.000000000000000   1.000000000000000   
0.020278531683114   0.023226759542450   0.029123215261122   0.035019670979795   0.040916126698467   0.043864354557803   0.020614491518958   0.023562719378294   0.029459175096966   0.035355630815639   0.041252086534311   0.044200314393647   0.021286411190646   0.024234639049982   0.030131094768654   0.036027550487327   0.041924006205999   0.044872234065335   0.021622371026490   0.024570598885826   0.030467054604498   0.036363510323171   0.042259966041843   0.045208193901179   
0.013539008989488   0.012417119561044   0.010173340704158   0.007929561847271   0.005685782990384   0.004563893561941   0.014421882223286   0.013299992794842   0.011056213937956   0.008812435081069   0.006568656224182   0.005446766795739   0.016187628690881   0.015065739262438   0.012821960405551   0.010578181548665   0.008334402691778   0.007212513263335   0.017070501924679   0.015948612496236   0.013704833639349   0.011461054782463   0.009217275925576   0.008095386497133   
1.000000000000000   1.000000000000000   1.000000000000000   1.000000000000000   1.000000000000000   1.000000000000000   1.000000000000000   1.000000000000000   1.000000000000000   1.000000000000000   1.000000000000000   1.000000000000000   1.000000000000000   1.000000000000000   1.000000000000000   1.000000000000000   1.000000000000000   1.000000000000000   1.000000000000000   1.000000000000000   1.000000000000000   1.000000000000000   1.000000000000000   1.000000000000000   
PATCH 10 
2 2 
13 4 
0.000000000000000   0.000000000000000   0.000000000000000   0.250000000000000   0.250000000000000   0.375000000000000   0.375000000000000   0.500000000000000   0.500000000000000   0.750000000000000   0.750000000000000   0.875000000000000   0.875000000000000   1.000000000000000   1.000000000000000   1.000000000000000   
0.000000000000000   0.000000000000000   0.000000000000000   0.500000000000000   1.000000000000000   1.000000000000000   1.000000000000000   
0.020278531683114   0.019732527508305   0.019186523333496   0.019138863308507   0.019130165287611   0.019121467266715   0.019151731249911   0.017477580832858   0.015803430415805   0.013425577541772   0.015648780924681   0.013364194948524   0.015698347105105   0.020614491518958   0.020060038525840   0.019505585532722   0.019468532246596   0.019461450347167   0.019454368447737   0.019477257935004   0.018049264331892   0.016621270728779   0.014410349279258   0.016063908964848   0.014336626631138   0.016487086839386   0.021286411190646   0.020715060560909   0.020143709931173   0.020127870122773   0.020124020466277   0.020120170809782   0.020128311305192   0.019192631329960   0.018256951354729   0.016379892754231   0.016894165045182   0.016281489996366   0.018064566307949   0.021622371026490   0.021042571578444   0.020462772130399   0.020457539060861   0.020455305525833   0.020453071990805   0.020453837990286   0.019764314828994   0.019074791667703   0.017364664491717   0.017309293085349   0.017253921678980   0.018853306042230   
0.013539008989488   0.013746780010192   0.013954551030897   0.013929240184683   0.013931677027013   0.013934113869342   0.013964298400214   0.014273623636772   0.014582948873331   0.012501353734913   0.014720258762652   0.012698844615858   0.014921041392799   0.014421882223286   0.014632868273627   0.014843854323968   0.014824448532181   0.014826504215736   0.014828559899291   0.014852077058187   0.015159376098927   0.015466675139667   0.013517297015445   0.015178859935702   0.013660183475060   0.015709781127080   0.016187628690881   0.016405044800496   0.016622460910111   0.016614865227177   0.016616158593182   0.016617451959188   0.016627634374134   0.016930881023237   0.017234127672340   0.015549183576509   0.016096062281802   0.015582861193463   0.017287260595643   0.017070501924679   0.017291133063931   0.017511764203183   0.017510073574675   0.017510985781906   0.017511897989137   0.017515413032107   0.017816633485392   0.018117853938676   0.016565126857041   0.016554663454853   0.016544200052665   0.018076000329924   
1.000000000000000   1.000000000000000   1.000000000000000   0.997955977771869   0.997955977771869   0.997955977771869   1.000000000000000   1.000000000000000   1.000000000000000   0.855969951245326   1.000000000000000   0.855969951245326   1.000000000000000   1.000000000000000   1.000000000000000   1.000000000000000   0.998430598028621   0.998430598028621   0.998430598028621   1.000000000000000   1.000000000000000   1.000000000000000   0.870240814352440   0.978263350918446   0.870240814352440   1.000000000000000   1.000000000000000   1.000000000000000   1.000000000000000   0.999379838542125   0.999379838542125   0.999379838542125   1.000000000000000   1.000000000000000   1.000000000000000   0.898782540566669   0.934790052755337   0.898782540566669   1.000000000000000   1.000000000000000   1.000000000000000   1.000000000000000   0.999854458798877   0.999854458798877   0.999854458798877   1.000000000000000   1.000000000000000   1.000000000000000   0.913053403673783   0.913053403673783   0.913053403673783   1.000000000000000   
PATCH 11 
2 1 
13 2 
0.000000000000000   0.000000000000000   0.000000000000000   0.250000000000000   0.250000000000000   0.375000000000000   0.375000000000000   0.500000000000000   0.500000000000000   0.750000000000000   0.750000000000000   0.875000000000000   0.875000000000000   1.000000000000000   1.000000000000000   1.000000000000000   
0.000000000000000   0.000000000000000   1.000000000000000   1.000000000000000   
0.043263466541271   0.042399831000819   0.041507470897607   0.041004636344958   0.040516963167558   0.039962981955064   0.039569506123669   0.038181605339521   0.036876771543442   0.036391633934146   0.035832726471581   0.035368592912135   0.034862280318261   0.043734282891114   0.043142506727484   0.042531053738569   0.042225327244111   0.041914681543332   0.041604035842553   0.041288470935453   0.040657341121252   0.040006534481766   0.039681131162023   0.039350808635958   0.039020486109894   0.038685244377508   
0.024978174053679   0.026283380777419   0.027566025296743   0.028168863843788   0.028779658149883   0.029340537873597   0.030018666674707   0.030900247658545   0.031810034520867   0.032399943065360   0.032923344819650   0.033532573368127   0.034104145035015   0.025250000000000   0.026178902508932   0.027094027156471   0.027551589480241   0.028005707338662   0.028459825197083   0.028910498590156   0.029811845376303   0.030699414301056   0.031143198763433   0.031583538760461   0.032023878757490   0.032460774289170   
1.000000000000000   0.998036818991909   0.997055228487863   0.996564433235840   0.996319035609829   0.996073637983817   0.996073637983817   0.996073637983817   0.997055228487863   0.997546023739886   0.998282216617920   0.999018409495954   1.000000000000000   1.000000000000000   0.999048674522937   0.998573011784405   0.998335180415139   0.998216264730506   0.998097349045873   0.998097349045873   0.998097349045873   0.998573011784405   0.998810843153671   0.999167590207569   0.999524337261468   1.000000000000000   
PATCH 12 
2 1 
6 2 
0.000000000000000   0.000000000000000   0.000000000000000   0.250000000000000   0.500000000000000   0.750000000000000   1.000000000000000   1.000000000000000   1.000000000000000   
0.000000000000000   0.000000000000000   1.000000000000000   1.000000000000000   
0.020278531683114   0.023226759542450   0.029123215261122   0.035019670979795   0.040916126698467   0.043864354557803   0.014550000000000   0.018214294319725   0.025542882959176   0.032871471598627   0.040200060238078   0.043864354557803   
0.013539008989488   0.012417119561044   0.010173340704158   0.007929561847271   0.005685782990384   0.004563893561941   0.000000000000000   0.000000000000000   0.000000000000000   0.000000000000000   0.000000000000000   0.000000000000000   
1.000000000000000   1.000000000000000   1.000000000000000   1.000000000000000   1.000000000000000   1.000000000000000   1.000000000000000   1.000000000000000   1.000000000000000   1.000000000000000   1.000000000000000   1.000000000000000   
PATCH 13 
2 1 
13 2 
0.000000000000000   0.000000000000000   0.000000000000000   0.250000000000000   0.250000000000000   0.375000000000000   0.375000000000000   0.500000000000000   0.500000000000000   0.750000000000000   0.750000000000000   0.875000000000000   0.875000000000000   1.000000000000000   1.000000000000000   1.000000000000000   
0.000000000000000   0.000000000000000   1.000000000000000   1.000000000000000   
0.043864354557803   0.045174124633456   0.046483894709109   0.046314549872594   0.046326651910890   0.046338753949187   0.046532302862294   0.047279907456763   0.048027512051231   0.043258328614717   0.048192767850650   0.043381282686038   0.048248555444715   0.043864354557803   0.044631310238078   0.045398265918352   0.045781743758490   0.046165221598627   0.046548699438764   0.046932177278902   0.047699132959176   0.048466088639451   0.048849566479588   0.049233044319725   0.049616522159863   0.050000000000000   
0.004563893561941   0.004065486630159   0.003567079698377   0.003548761484439   0.003545816161035   0.003542870837631   0.003555298404762   0.003469809634358   0.003384320863954   0.003032162365006   0.003442725883187   0.003157074021224   0.003608883548860   0.000000000000000   0.000000000000000   0.000000000000000   0.000000000000000   0.000000000000000   0.000000000000000   0.000000000000000   0.000000000000000   0.000000000000000   0.000000000000000   0.000000000000000   0.000000000000000   0.000000000000000   
1.000000000000000   1.000000000000000   1.000000000000000   0.996106484011311   0.996106484011311   0.996106484011311   1.000000000000000   1.000000000000000   1.000000000000000   0.898886027559696   1.000000000000000   0.898886027559696   1.000000000000000   1.000000000000000   1.000000000000000   1.000000000000000   1.000000000000000   1.000000000000000   1.000000000000000   1.000000000000000   1.000000000000000   1.000000000000000   1.000000000000000   1.000000000000000   1.000000000000000   1.000000000000000   
PATCH 14 
2 1 
13 2 
0.000000000000000   0.000000000000000   0.000000000000000   0.250000000000000   0.250000000000000   0.375000000000000   0.375000000000000   0.500000000000000   0.500000000000000   0.750000000000000   0.750000000000000   0.875000000000000   0.875000000000000   1.000000000000000   1.000000000000000   1.000000000000000   
0.000000000000000   0.000000000000000   1.000000000000000   1.000000000000000   
0.014550000000000   0.014280711717945   0.013886747154497   0.013689764872774   0.013461613520702   0.013233462168631   0.012974141746211   0.012455500901373   0.011812183775142   0.011490525212027   0.011137697578564   0.010784869945101   0.010400873241290   0.020278531683114   0.019732527508305   0.019186523333496   0.019138863308507   0.019130165287611   0.019121467266715   0.019151731249911   0.017477580832858   0.015803430415805   0.013425577541772   0.015648780924681   0.013364194948524   0.015698347105105   
0.000000000000000   0.001373519593272   0.002696197573947   0.003357536564284   0.004006165151472   0.004654793738660   0.005290711922699   0.006562548290777   0.007783543046259   0.008394040423999   0.008991827398591   0.009589614373182   0.010174690944625   0.013539008989488   0.013746780010192   0.013954551030897   0.013929240184683   0.013931677027013   0.013934113869342   0.013964298400214   0.014273623636772   0.014582948873331   0.012501353734913   0.014720258762652   0.012698844615858   0.014921041392799   
1.000000000000000   0.981492214291721   0.972238321437581   0.967611375010512   0.965297901796977   0.962984428583442   0.962984428583442   0.962984428583442   0.972238321437581   0.976865267864651   0.983805687505256   0.990746107145860   1.000000000000000   1.000000000000000   1.000000000000000   1.000000000000000   0.997955977771869   0.997955977771869   0.997955977771869   1.000000000000000   1.000000000000000   1.000000000000000   0.855969951245326   1.000000000000000   0.855969951245326   1.000000000000000   
PATCH 15 
2 1 
4 2 
0.000000000000000   0.000000000000000   0.000000000000000   0.500000000000000   1.000000000000000   1.000000000000000   1.000000000000000   
0.000000000000000   0.000000000000000   1.000000000000000   1.000000000000000   
0.034862280318261   0.034691541267549   0.034312279579228   0.034104145035015   0.018853306042230   0.018658979614154   0.018270326758001   0.018076000329924   
0.034104145035015   0.034312279579228   0.034691541267549   0.034862280318261   0.018076000329924   0.018270326758001   0.018658979614154   0.018853306042230   
1.000000000000000   0.999969792529175   0.999969792529175   1.000000000000000   1.000000000000000   1.000000000000000   1.000000000000000   1.000000000000000   
PATCH 16 
2 2 
4 4 
0.000000000000000   0.000000000000000   0.000000000000000   0.500000000000000   1.000000000000000   1.000000000000000   1.000000000000000   
0.000000000000000   0.000000000000000   0.000000000000000   0.500000000000000   1.000000000000000   1.000000000000000   1.000000000000000   
0.015698347105105   0.016487086839386   0.018064566307949   0.018853306042230   0.015504020677028   0.016292760411310   0.017870239879872   0.018658979614154   0.015115367820875   0.015904107555157   0.017481587023720   0.018270326758001   0.014921041392799   0.015709781127080   0.017287260595643   0.018076000329924   
0.014921041392799   0.015709781127080   0.017287260595643   0.018076000329924   0.015115367820875   0.015904107555157   0.017481587023720   0.018270326758001   0.015504020677028   0.016292760411310   0.017870239879872   0.018658979614154   0.015698347105105   0.016487086839386   0.018064566307949   0.018853306042230   
1.000000000000000   1.000000000000000   1.000000000000000   1.000000000000000   1.000000000000000   1.000000000000000   1.000000000000000   1.000000000000000   1.000000000000000   1.000000000000000   1.000000000000000   1.000000000000000   1.000000000000000   1.000000000000000   1.000000000000000   1.000000000000000   
PATCH 17 
2 1 
4 2 
0.000000000000000   0.000000000000000   0.000000000000000   0.500000000000000   1.000000000000000   1.000000000000000   1.000000000000000   
0.000000000000000   0.000000000000000   1.000000000000000   1.000000000000000   
0.015698347105105   0.015504020677028   0.015115367820875   0.014921041392799   0.010400873241290   0.010344638453777   0.010231547305444   0.010174690944625   
0.014921041392799   0.015115367820875   0.015504020677028   0.015698347105105   0.010174690944625   0.010231547305444   0.010344638453777   0.010400873241290   
1.000000000000000   1.000000000000000   1.000000000000000   1.000000000000000   1.000000000000000   0.999969792529175   0.999969792529175   1.000000000000000   
PATCH 18 
2 1 
4 2 
0.000000000000000   0.000000000000000   0.000000000000000   0.500000000000000   1.000000000000000   1.000000000000000   1.000000000000000   
0.000000000000000   0.000000000000000   1.000000000000000   1.000000000000000   
0.034862280318261   0.034691541267549   0.034312279579228   0.034104145035015   0.038685244377508   0.037197068413715   0.034084833369545   0.032460774289170   
0.034104145035015   0.034312279579228   0.034691541267549   0.034862280318261   0.032460774289170   0.034084833369545   0.037197068413715   0.038685244377508   
1.000000000000000   0.999969792529175   0.999969792529175   1.000000000000000   1.000000000000000   0.998097349045873   0.998097349045873   1.000000000000000   
PATCH 19 
2 1 
4 2 
0.000000000000000   0.000000000000000   0.000000000000000   0.500000000000000   1.000000000000000   1.000000000000000   1.000000000000000   
0.000000000000000   0.000000000000000   1.000000000000000   1.000000000000000   
0.000000000000000   0.002178893568691   0.006520098010365   0.008682408883347   0.000000000000000   0.002200682504378   0.006585298990468   0.008769232972180   
0.050000000000000   0.049904867452294   0.049525061277599   0.049240387650610   0.050500000000000   0.050403916126817   0.050020311890375   0.049732791527117   
1.000000000000000   0.998097349045873   0.998097349045873   1.000000000000000   1.000000000000000   0.998097349045873   0.998097349045873   1.000000000000000   
PATCH 20 
2 1 
4 2 
0.000000000000000   0.000000000000000   0.000000000000000   0.500000000000000   1.000000000000000   1.000000000000000   1.000000000000000   
0.000000000000000   0.000000000000000   1.000000000000000   1.000000000000000   
0.003608883548860   0.004666139281125   0.006780650745656   0.007837906477922   0.000000000000000   0.002178893568691   0.006520098010365   0.008682408883347   
0.048248555444715   0.048110708038276   0.047835013225399   0.047697165818960   0.050000000000000   0.049904867452294   0.049525061277599   0.049240387650610   
1.000000000000000   1.000000000000000   1.000000000000000   1.000000000000000   1.000000000000000   0.998097349045873   0.998097349045873   1.000000000000000   
PATCH 21 
2 1 
13 2 
0.000000000000000   0.000000000000000   0.000000000000000   0.125000000000000   0.125000000000000   0.250000000000000   0.250000000000000   0.500000000000000   0.500000000000000   0.625000000000000   0.625000000000000   0.750000000000000   0.750000000000000   1.000000000000000   1.000000000000000   1.000000000000000   
0.000000000000000   0.000000000000000   1.000000000000000   1.000000000000000   
0.007837906477922   0.006804714787312   0.006848018299272   0.006891321811231   0.008011120525760   0.007934349678324   0.007857578830888   0.007751926229511   0.007754963192336   0.007758000155162   0.007869726682190   0.007982556589662   0.008095386497133   0.008682408883347   0.009214726804819   0.009588586100860   0.010117796348902   0.010626466868800   0.011664344138249   0.012688019131026   0.013213456774393   0.013748762474156   0.014306393143094   0.014867128288949   0.015916803840664   0.016961760373495   
0.047697165818960   0.040981204182037   0.040926811862933   0.040872419543829   0.047479596542545   0.046685591401092   0.045891586259640   0.045264652566695   0.045242058069697   0.045219463572699   0.045801208271649   0.045504701086414   0.045208193901179   0.049240387650610   0.049122375608591   0.048209656620538   0.048121080506707   0.047937608093297   0.047670385143576   0.047352332044394   0.047244501876757   0.047167586627665   0.047158991494686   0.047149090839786   0.046887791747668   0.046602053620377   
1.000000000000000   0.859384246818910   0.859384246818910   0.859384246818910   1.000000000000000   1.000000000000000   1.000000000000000   0.986833276446264   0.986833276446264   0.986833276446264   1.000000000000000   1.000000000000000   1.000000000000000   1.000000000000000   0.999524337261468   0.999167590207569   0.998810843153671   0.998573011784405   0.998097349045873   0.998097349045873   0.998097349045873   0.998216264730506   0.998335180415139   0.998573011784404   0.999048674522936   1.000000000000000   
PATCH 22 
2 2 
13 4 
0.000000000000000   0.000000000000000   0.000000000000000   0.250000000000000   0.250000000000000   0.375000000000000   0.375000000000000   0.500000000000000   0.500000000000000   0.750000000000000   0.750000000000000   0.875000000000000   0.875000000000000   1.000000000000000   1.000000000000000   1.000000000000000   
0.000000000000000   0.000000000000000   0.000000000000000   0.500000000000000   1.000000000000000   1.000000000000000   1.000000000000000   
0.004563893561941   0.004065486630159   0.003567079698377   0.003548761484439   0.003545816161035   0.003542870837631   0.003555298404762   0.003469809634358   0.003384320863954   0.003032162365006   0.003442725883187   0.003157074021224   0.003608883548860   0.005446766795739   0.005044754120035   0.004642741444330   0.004601071152119   0.004598102918860   0.004595134685601   0.004630868511294   0.004585944645350   0.004541020779405   0.003996952226563   0.004294048987208   0.004068984212746   0.004666139281125   0.007212513263335   0.007003289099786   0.006794064936237   0.006705690487481   0.006702676434511   0.006699662381541   0.006782008724357   0.006818214667333   0.006854420610308   0.005926531949675   0.005996695195251   0.005892804595790   0.006780650745656   0.008095386497133   0.007982556589662   0.007869726682190   0.007758000155162   0.007754963192336   0.007751926229511   0.007857578830888   0.007934349678324   0.008011120525760   0.006891321811231   0.006848018299272   0.006804714787312   0.007837906477922   
0.043864354557803   0.045174124633456   0.046483894709109   0.046314549872594   0.046326651910890   0.046338753949187   0.046532302862294   0.047279907456763   0.048027512051231   0.043258328614717   0.048192767850650   0.043381282686038   0.048248555444715   0.044200314393647   0.045256768746696   0.046313223099744   0.046040778297620   0.046055503450592   0.046070228603564   0.046372123711631   0.047131328442845   0.047890533174060   0.042661851346995   0.046376278853721   0.042781263060038   0.048110708038276   0.044872234065335   0.045422056973175   0.045971879881014   0.045493235147673   0.045513206529995   0.045533177912318   0.046051765410304   0.046834170415010   0.047616575419716   0.041468896811551   0.042743300859862   0.041581223808037   0.047835013225399   0.045208193901179   0.045504701086414   0.045801208271649   0.045219463572699   0.045242058069697   0.045264652566695   0.045891586259640   0.046685591401092   0.047479596542545   0.040872419543829   0.040926811862933   0.040981204182037   0.047697165818960   
1.000000000000000   1.000000000000000   1.000000000000000   0.996106484011311   0.996106484011311   0.996106484011311   1.000000000000000   1.000000000000000   1.000000000000000   0.898886027559696   1.000000000000000   0.898886027559696   1.000000000000000   1.000000000000000   1.000000000000000   1.000000000000000   0.993788182120050   0.993788182120050   0.993788182120050   1.000000000000000   1.000000000000000   1.000000000000000   0.889010582374500   0.964846061704727   0.889010582374500   1.000000000000000   1.000000000000000   1.000000000000000   1.000000000000000   0.989151578337526   0.989151578337526   0.989151578337526   1.000000000000000   1.000000000000000   1.000000000000000   0.869259692004106   0.894538185114182   0.869259692004106   1.000000000000000   1.000000000000000   1.000000000000000   1.000000000000000   0.986833276446264   0.986833276446264   0.986833276446264   1.000000000000000   1.000000000000000   1.000000000000000   0.859384246818910   0.859384246818910   0.859384246818910   1.000000000000000   
PATCH 23 
2 1 
13 2 
0.000000000000000   0.000000000000000   0.000000000000000   0.125000000000000   0.125000000000000   0.250000000000000   0.250000000000000   0.500000000000000   0.500000000000000   0.625000000000000   0.625000000000000   0.750000000000000   0.750000000000000   1.000000000000000   1.000000000000000   1.000000000000000   
0.000000000000000   0.000000000000000   1.000000000000000   1.000000000000000   
0.008682408883347   0.009214726804819   0.009588586100860   0.010117796348902   0.010626466868800   0.011664344138249   0.012688019131026   0.013213456774393   0.013748762474156   0.014306393143094   0.014867128288949   0.015916803840664   0.016961760373495   0.008769232972180   0.009306874072867   0.009842960902535   0.010379047732203   0.010913580290852   0.011982645408149   0.013045493441370   0.013576917457981   0.014106787203572   0.014636656949163   0.015164972423735   0.016221603372879   0.017272017237946   
0.049240387650610   0.049122375608591   0.048209656620538   0.048121080506707   0.047937608093297   0.047670385143576   0.047352332044394   0.047244501876757   0.047167586627665   0.047158991494686   0.047149090839786   0.046887791747668   0.046602053620377   0.049732791527117   0.049613599364677   0.049488606583825   0.049363613802972   0.049232820403708   0.048971233605179   0.048686444333000   0.048544049696911   0.048395854442409   0.048247659187908   0.048093663314994   0.047785671569166   0.047454477349688   
1.000000000000000   0.999524337261468   0.999167590207569   0.998810843153671   0.998573011784405   0.998097349045873   0.998097349045873   0.998097349045873   0.998216264730506   0.998335180415139   0.998573011784404   0.999048674522936   1.000000000000000   1.000000000000000   0.999524337261468   0.999167590207569   0.998810843153671   0.998573011784405   0.998097349045873   0.998097349045873   0.998097349045873   0.998216264730506   0.998335180415139   0.998573011784404   0.999048674522936   1.000000000000000   
PATCH 24 
2 1 
6 2 
0.000000000000000   0.000000000000000   0.000000000000000   0.250000000000000   0.500000000000000   0.750000000000000   1.000000000000000   1.000000000000000   1.000000000000000   
0.000000000000000   0.000000000000000   1.000000000000000   1.000000000000000   
0.016961760373495   0.018044637453246   0.020017182940849   0.021935581992539   0.023926185567086   0.024978174053679   0.017272017237946   0.018289568482936   0.020304367573183   0.022298863263696   0.024273055554476   0.025250000000000   
0.046602053620377   0.046403135354425   0.045493790871041   0.044479795123762   0.043610603057463   0.043263466541271   0.047454477349688   0.047032993823604   0.046146485990198   0.045216437375554   0.044242847979673   0.043734282891114   
1.000000000000000   0.999048674522936   0.998097349045873   0.998097349045873   0.999048674522936   1.000000000000000   1.000000000000000   0.999048674522936   0.998097349045873   0.998097349045873   0.999048674522936   1.000000000000000   
PATCH 25 
2 1 
6 2 
0.000000000000000   0.000000000000000   0.000000000000000   0.250000000000000   0.500000000000000   0.750000000000000   1.000000000000000   1.000000000000000   1.000000000000000   
0.000000000000000   0.000000000000000   1.000000000000000   1.000000000000000   
0.016961760373495   0.018044637453246   0.020017182940849   0.021935581992539   0.023926185567086   0.024978174053679   0.008095386497133   0.009217275925576   0.011461054782463   0.013704833639349   0.015948612496236   0.017070501924679   
0.046602053620377   0.046403135354425   0.045493790871041   0.044479795123762   0.043610603057463   0.043263466541271   0.045208193901179   0.042259966041843   0.036363510323171   0.030467054604498   0.024570598885826   0.021622371026490   
1.000000000000000   0.999048674522936   0.998097349045873   0.998097349045873   0.999048674522936   1.000000000000000   1.000000000000000   1.000000000000000   1.000000000000000   1.000000000000000   1.000000000000000   1.000000000000000   
PATCH 26 
2 1 
13 2 
0.000000000000000   0.000000000000000   0.000000000000000   0.250000000000000   0.250000000000000   0.375000000000000   0.375000000000000   0.500000000000000   0.500000000000000   0.750000000000000   0.750000000000000   0.875000000000000   0.875000000000000   1.000000000000000   1.000000000000000   1.000000000000000   
0.000000000000000   0.000000000000000   1.000000000000000   1.000000000000000   
0.024978174053679   0.026283380777419   0.027566025296743   0.028168863843788   0.028779658149883   0.029340537873597   0.030018666674707   0.030900247658545   0.031810034520867   0.032399943065360   0.032923344819650   0.033532573368127   0.034104145035015   0.017070501924679   0.017291133063931   0.017511764203183   0.017510073574675   0.017510985781906   0.017511897989137   0.017515413032107   0.017816633485392   0.018117853938676   0.016565126857041   0.016554663454853   0.016544200052665   0.018076000329924   
0.043263466541271   0.042399831000819   0.041507470897607   0.041004636344958   0.040516963167558   0.039962981955064   0.039569506123669   0.038181605339521   0.036876771543442   0.036391633934146   0.035832726471581   0.035368592912135   0.034862280318261   0.021622371026490   0.021042571578444   0.020462772130399   0.020457539060861   0.020455305525833   0.020453071990805   0.020453837990286   0.019764314828994   0.019074791667703   0.017364664491717   0.017309293085349   0.017253921678980   0.018853306042230   
1.000000000000000   0.998036818991909   0.997055228487863   0.996564433235840   0.996319035609829   0.996073637983817   0.996073637983817   0.996073637983817   0.997055228487863   0.997546023739886   0.998282216617920   0.999018409495954   1.000000000000000   1.000000000000000   1.000000000000000   1.000000000000000   0.999854458798877   0.999854458798877   0.999854458798877   1.000000000000000   1.000000000000000   1.000000000000000   0.913053403673783   0.913053403673783   0.913053403673783   1.000000000000000   
PATCH 27 
2 2 
6 4 
0.000000000000000   0.000000000000000   0.000000000000000   0.250000000000000   0.500000000000000   0.750000000000000   1.000000000000000   1.000000000000000   1.000000000000000   
0.000000000000000   0.000000000000000   0.000000000000000   0.500000000000000   1.000000000000000   1.000000000000000   1.000000000000000   
0.013539008989488   0.012417119561044   0.010173340704158   0.007929561847271   0.005685782990384   0.004563893561941   0.014421882223286   0.013299992794842   0.011056213937956   0.008812435081069   0.006568656224182   0.005446766795739   0.016187628690881   0.015065739262438   0.012821960405551   0.010578181548665   0.008334402691778   0.007212513263335   0.017070501924679   0.015948612496236   0.013704833639349   0.011461054782463   0.009217275925576   0.008095386497133   
0.020278531683114   0.023226759542450   0.029123215261122   0.035019670979795   0.040916126698467   0.043864354557803   0.020614491518958   0.023562719378294   0.029459175096966   0.035355630815639   0.041252086534311   0.044200314393647   0.021286411190646   0.024234639049982   0.030131094768654   0.036027550487327   0.041924006205999   0.044872234065335   0.021622371026490   0.024570598885826   0.030467054604498   0.036363510323171   0.042259966041843   0.045208193901179   
1.000000000000000   1.000000000000000   1.000000000000000   1.000000000000000   1.000000000000000   1.000000000000000   1.000000000000000   1.000000000000000   1.000000000000000   1.000000000000000   1.000000000000000   1.000000000000000   1.000000000000000   1.000000000000000   1.000000000000000   1.000000000000000   1.000000000000000   1.000000000000000   1.000000000000000   1.000000000000000   1.000000000000000   1.000000000000000   1.000000000000000   1.000000000000000   
PATCH 28 
2 2 
13 4 
0.000000000000000   0.000000000000000   0.000000000000000   0.250000000000000   0.250000000000000   0.375000000000000   0.375000000000000   0.500000000000000   0.500000000000000   0.750000000000000   0.750000000000000   0.875000000000000   0.875000000000000   1.000000000000000   1.000000000000000   1.000000000000000   
0.000000000000000   0.000000000000000   0.000000000000000   0.500000000000000   1.000000000000000   1.000000000000000   1.000000000000000   
0.013539008989488   0.013746780010192   0.013954551030897   0.013929240184683   0.013931677027013   0.013934113869342   0.013964298400214   0.014273623636772   0.014582948873331   0.012501353734913   0.014720258762652   0.012698844615858   0.014921041392799   0.014421882223286   0.014632868273627   0.014843854323968   0.014824448532181   0.014826504215736   0.014828559899291   0.014852077058187   0.015159376098927   0.015466675139667   0.013517297015445   0.015178859935702   0.013660183475060   0.015709781127080   0.016187628690881   0.016405044800496   0.016622460910111   0.016614865227177   0.016616158593182   0.016617451959188   0.016627634374134   0.016930881023237   0.017234127672340   0.015549183576509   0.016096062281802   0.015582861193463   0.017287260595643   0.017070501924679   0.017291133063931   0.017511764203183   0.017510073574675   0.017510985781906   0.017511897989137   0.017515413032107   0.017816633485392   0.018117853938676   0.016565126857041   0.016554663454853   0.016544200052665   0.018076000329924   
0.020278531683114   0.019732527508305   0.019186523333496   0.019138863308507   0.019130165287611   0.019121467266715   0.019151731249911   0.017477580832858   0.015803430415805   0.013425577541772   0.015648780924681   0.013364194948524   0.015698347105105   0.020614491518958   0.020060038525840   0.019505585532722   0.019468532246596   0.019461450347167   0.019454368447737   0.019477257935004   0.018049264331892   0.016621270728779   0.014410349279258   0.016063908964848   0.014336626631138   0.016487086839386   0.021286411190646   0.020715060560909   0.020143709931173   0.020127870122773   0.020124020466277   0.020120170809782   0.020128311305192   0.019192631329960   0.018256951354729   0.016379892754231   0.016894165045182   0.016281489996366   0.018064566307949   0.021622371026490   0.021042571578444   0.020462772130399   0.020457539060861   0.020455305525833   0.020453071990805   0.020453837990286   0.019764314828994   0.019074791667703   0.017364664491717   0.017309293085349   0.017253921678980   0.018853306042230   
1.000000000000000   1.000000000000000   1.000000000000000   0.997955977771869   0.997955977771869   0.997955977771869   1.000000000000000   1.000000000000000   1.000000000000000   0.855969951245326   1.000000000000000   0.855969951245326   1.000000000000000   1.000000000000000   1.000000000000000   1.000000000000000   0.998430598028621   0.998430598028621   0.998430598028621   1.000000000000000   1.000000000000000   1.000000000000000   0.870240814352440   0.978263350918446   0.870240814352440   1.000000000000000   1.000000000000000   1.000000000000000   1.000000000000000   0.999379838542125   0.999379838542125   0.999379838542125   1.000000000000000   1.000000000000000   1.000000000000000   0.898782540566669   0.934790052755337   0.898782540566669   1.000000000000000   1.000000000000000   1.000000000000000   1.000000000000000   0.999854458798877   0.999854458798877   0.999854458798877   1.000000000000000   1.000000000000000   1.000000000000000   0.913053403673783   0.913053403673783   0.913053403673783   1.000000000000000   
PATCH 29 
2 1 
13 2 
0.000000000000000   0.000000000000000   0.000000000000000   0.250000000000000   0.250000000000000   0.375000000000000   0.375000000000000   0.500000000000000   0.500000000000000   0.750000000000000   0.750000000000000   0.875000000000000   0.875000000000000   1.000000000000000   1.000000000000000   1.000000000000000   
0.000000000000000   0.000000000000000   1.000000000000000   1.000000000000000   
0.024978174053679   0.026283380777419   0.027566025296743   0.028168863843788   0.028779658149883   0.029340537873597   0.030018666674707   0.030900247658545   0.031810034520867   0.032399943065360   0.032923344819650   0.033532573368127   0.034104145035015   0.025250000000000   0.026178902508932   0.027094027156471   0.027551589480241   0.028005707338662   0.028459825197083   0.028910498590156   0.029811845376303   0.030699414301056   0.031143198763433   0.031583538760461   0.032023878757490   0.032460774289170   
0.043263466541271   0.042399831000819   0.041507470897607   0.041004636344958   0.040516963167558   0.039962981955064   0.039569506123669   0.038181605339521   0.036876771543442   0.036391633934146   0.035832726471581   0.035368592912135   0.034862280318261   0.043734282891114   0.043142506727484   0.042531053738569   0.042225327244111   0.041914681543332   0.041604035842553   0.041288470935453   0.040657341121252   0.040006534481766   0.039681131162023   0.039350808635958   0.039020486109894   0.038685244377508   
1.000000000000000   0.998036818991909   0.997055228487863   0.996564433235840   0.996319035609829   0.996073637983817   0.996073637983817   0.996073637983817   0.997055228487863   0.997546023739886   0.998282216617920   0.999018409495954   1.000000000000000   1.000000000000000   0.999048674522937   0.998573011784405   0.998335180415139   0.998216264730506   0.998097349045873   0.998097349045873   0.998097349045873   0.998573011784405   0.998810843153671   0.999167590207569   0.999524337261468   1.000000000000000   
PATCH 30 
2 1 
6 2 
0.000000000000000   0.000000000000000   0.000000000000000   0.250000000000000   0.500000000000000   0.750000000000000   1.000000000000000   1.000000000000000   1.000000000000000   
0.000000000000000   0.000000000000000   1.000000000000000   1.000000000000000   
0.013539008989488   0.012417119561044   0.010173340704158   0.007929561847271   0.005685782990384   0.004563893561941   0.000000000000000   0.000000000000000   0.000000000000000   0.000000000000000   0.000000000000000   0.000000000000000   
0.020278531683114   0.023226759542450   0.029123215261122   0.035019670979795   0.040916126698467   0.043864354557803   0.014550000000000   0.018214294319725   0.025542882959176   0.032871471598627   0.040200060238078   0.043864354557803   
1.000000000000000   1.000000000000000   1.000000000000000   1.000000000000000   1.000000000000000   1.000000000000000   1.000000000000000   1.000000000000000   1.000000000000000   1.000000000000000   1.000000000000000   1.000000000000000   
PATCH 31 
2 1 
13 2 
0.000000000000000   0.000000000000000   0.000000000000000   0.250000000000000   0.250000000000000   0.375000000000000   0.375000000000000   0.500000000000000   0.500000000000000   0.750000000000000   0.750000000000000   0.875000000000000   0.875000000000000   1.000000000000000   1.000000000000000   1.000000000000000   
0.000000000000000   0.000000000000000   1.000000000000000   1.000000000000000   
0.004563893561941   0.004065486630159   0.003567079698377   0.003548761484439   0.003545816161035   0.003542870837631   0.003555298404762   0.003469809634358   0.003384320863954   0.003032162365006   0.003442725883187   0.003157074021224   0.003608883548860   0.000000000000000   0.000000000000000   0.000000000000000   0.000000000000000   0.000000000000000   0.000000000000000   0.000000000000000   0.000000000000000   0.000000000000000   0.000000000000000   0.000000000000000   0.000000000000000   0.000000000000000   
0.043864354557803   0.045174124633456   0.046483894709109   0.046314549872594   0.046326651910890   0.046338753949187   0.046532302862294   0.047279907456763   0.048027512051231   0.043258328614717   0.048192767850650   0.043381282686038   0.048248555444715   0.043864354557803   0.044631310238078   0.045398265918352   0.045781743758490   0.046165221598627   0.046548699438764   0.046932177278902   0.047699132959176   0.048466088639451   0.048849566479588   0.049233044319725   0.049616522159863   0.050000000000000   
1.000000000000000   1.000000000000000   1.000000000000000   0.996106484011311   0.996106484011311   0.996106484011311   1.000000000000000   1.000000000000000   1.000000000000000   0.898886027559696   1.000000000000000   0.898886027559696   1.000000000000000   1.000000000000000   1.000000000000000   1.000000000000000   1.000000000000000   1.000000000000000   1.000000000000000   1.000000000000000   1.000000000000000   1.000000000000000   1.000000000000000   1.000000000000000   1.000000000000000   1.000000000000000   
PATCH 32 
2 1 
13 2 
0.000000000000000   0.000000000000000   0.000000000000000   0.250000000000000   0.250000000000000   0.375000000000000   0.375000000000000   0.500000000000000   0.500000000000000   0.750000000000000   0.750000000000000   0.875000000000000   0.875000000000000   1.000000000000000   1.000000000000000   1.000000000000000   
0.000000000000000   0.000000000000000   1.000000000000000   1.000000000000000   
0.000000000000000   0.001373519593272   0.002696197573947   0.003357536564284   0.004006165151472   0.004654793738660   0.005290711922699   0.006562548290777   0.007783543046259   0.008394040423999   0.008991827398591   0.009589614373182   0.010174690944625   0.013539008989488   0.013746780010192   0.013954551030897   0.013929240184683   0.013931677027013   0.013934113869342   0.013964298400214   0.014273623636772   0.014582948873331   0.012501353734913   0.014720258762652   0.012698844615858   0.014921041392799   
0.014550000000000   0.014280711717945   0.013886747154497   0.013689764872774   0.013461613520702   0.013233462168631   0.012974141746211   0.012455500901373   0.011812183775142   0.011490525212027   0.011137697578564   0.010784869945101   0.010400873241290   0.020278531683114   0.019732527508305   0.019186523333496   0.019138863308507   0.019130165287611   0.019121467266715   0.019151731249911   0.017477580832858   0.015803430415805   0.013425577541772   0.015648780924681   0.013364194948524   0.015698347105105   
1.000000000000000   0.981492214291721   0.972238321437581   0.967611375010512   0.965297901796977   0.962984428583442   0.962984428583442   0.962984428583442   0.972238321437581   0.976865267864651   0.983805687505256   0.990746107145860   1.000000000000000   1.000000000000000   1.000000000000000   1.000000000000000   0.997955977771869   0.997955977771869   0.997955977771869   1.000000000000000   1.000000000000000   1.000000000000000   0.855969951245326   1.000000000000000   0.855969951245326   1.000000000000000   
INTERFACE 1 
1 2 
5 1 
1 
INTERFACE 2 
1 3 
2 4 
1 
INTERFACE 3 
2 1 
13 2 
1 
INTERFACE 4 
2 2 
3 1 
1 
INTERFACE 5 
2 3 
4 2 
1 
INTERFACE 6 
3 2 
7 1 
-1 
INTERFACE 7 
3 3 
4 4 
-1 
INTERFACE 8 
3 4 
5 3 
1 
INTERFACE 9 
4 1 
9 2 
1 
INTERFACE 10 
4 3 
13 3 
1 
INTERFACE 11 
5 2 
6 1 
1 
INTERFACE 12 
6 2 
11 1 
1 
INTERFACE 13 
6 3 
7 3 
1 
INTERFACE 14 
7 2 
8 1 
1 
INTERFACE 15 
7 4 
9 4 
-1 
INTERFACE 16 
8 2 
15 1 
1 
INTERFACE 17 
8 3 
11 3 
1 
INTERFACE 18 
8 4 
10 4 
1 
INTERFACE 19 
9 1 
10 1 
1 
INTERFACE 20 
9 3 
12 3 
1 
INTERFACE 21 
10 2 
16 3 
1 
INTERFACE 22 
10 3 
14 4 
1 
INTERFACE 23 
11 2 
18 1 
1 
INTERFACE 24 
12 1 
14 1 
-1 
INTERFACE 25 
12 2 
13 1 
1 
INTERFACE 26 
14 2 
17 1 
-1 
INTERFACE 27 
15 2 
26 2 
1 
INTERFACE 28 
15 3 
18 3 
1 
INTERFACE 29 
15 4 
16 2 
1 
INTERFACE 30 
16 1 
17 3 
1 
INTERFACE 31 
16 4 
28 2 
1 
INTERFACE 32 
17 2 
32 2 
-1 
INTERFACE 33 
18 2 
29 2 
1 
INTERFACE 34 
19 2 
23 1 
1 
INTERFACE 35 
19 3 
20 4 
1 
INTERFACE 36 
20 1 
31 2 
1 
INTERFACE 37 
20 2 
21 1 
1 
INTERFACE 38 
20 3 
22 2 
1 
INTERFACE 39 
21 2 
25 1 
-1 
INTERFACE 40 
21 3 
22 4 
-1 
INTERFACE 41 
21 4 
23 3 
1 
INTERFACE 42 
22 1 
27 2 
1 
INTERFACE 43 
22 3 
31 3 
1 
INTERFACE 44 
23 2 
24 1 
1 
INTERFACE 45 
24 2 
29 1 
1 
INTERFACE 46 
24 3 
25 3 
1 
INTERFACE 47 
25 2 
26 1 
1 
INTERFACE 48 
25 4 
27 4 
-1 
INTERFACE 49 
26 3 
29 3 
1 
INTERFACE 50 
26 4 
28 4 
1 
INTERFACE 51 
27 1 
28 1 
1 
INTERFACE 52 
27 3 
30 3 
1 
INTERFACE 53 
28 3 
32 4 
1 
INTERFACE 54 
30 1 
32 1 
-1 
INTERFACE 55 
30 2 
31 1 
1 
BOUNDARY 1 
1 
1 1 
BOUNDARY 2 
1 
1 4 
BOUNDARY 3 
1 
5 4 
BOUNDARY 4 
1 
6 4 
BOUNDARY 5 
1 
11 4 
BOUNDARY 6 
1 
12 4 
BOUNDARY 7 
1 
13 4 
BOUNDARY 8 
1 
14 3 
BOUNDARY 9 
1 
17 4 
BOUNDARY 10 
1 
18 4 
BOUNDARY 11 
1 
19 1 
BOUNDARY 12 
1 
19 4 
BOUNDARY 13 
1 
23 4 
BOUNDARY 14 
1 
24 4 
BOUNDARY 15 
1 
29 4 
BOUNDARY 16 
1 
30 4 
BOUNDARY 17 
1 
31 4 
BOUNDARY 18 
1 
32 3 
