# nurbs mesh v.2.1
#
# 14-Jul-2024
#
2 2 32 55 0 
PATCH 1 
2 1 
4 2 
0.000000000000000   0.000000000000000   0.000000000000000   0.500000000000000   1.000000000000000   1.000000000000000   1.000000000000000   
0.000000000000000   0.000000000000000   1.000000000000000   1.000000000000000   
0.050000000000000   0.049904867452294   0.049525061277599   0.049240387650610   0.050500000000000   0.050403916126817   0.050020311890375   0.049732791527117   
0.000000000000000   0.002178893568691   0.006520098010365   0.008682408883347   0.000000000000000   0.002200682504378   0.006585298990468   0.008769232972180   
1.000000000000000   0.998097349045873   0.998097349045873   1.000000000000000   1.000000000000000   0.998097349045873   0.998097349045873   1.000000000000000   
PATCH 2 
2 1 
4 2 
0.000000000000000   0.000000000000000   0.000000000000000   0.500000000000000   1.000000000000000   1.000000000000000   1.000000000000000   
0.000000000000000   0.000000000000000   1.000000000000000   1.000000000000000   
0.048324150878997   0.048196620350567   0.047941559293707   0.047814028765277   0.050000000000000   0.049904867452294   0.049525061277599   0.049240387650610   
0.003327245399833   0.004461489746577   0.006729978440063   0.007864222786806   0.000000000000000   0.002178893568691   0.006520098010365   0.008682408883347   
1.000000000000000   1.000000000000000   1.000000000000000   1.000000000000000   1.000000000000000   0.998097349045873   0.998097349045873   1.000000000000000   
PATCH 3 
2 1 
13 2 
0.000000000000000   0.000000000000000   0.000000000000000   0.125000000000000   0.125000000000000   0.250000000000000   0.250000000000000   0.500000000000000   0.500000000000000   0.625000000000000   0.625000000000000   0.750000000000000   0.750000000000000   1.000000000000000   1.000000000000000   1.000000000000000   
0.000000000000000   0.000000000000000   1.000000000000000   1.000000000000000   
0.047814028765277   0.043446094482846   0.047727918632631   0.043308216631791   0.047563410294393   0.045572236009330   0.043581061724267   0.042830096849762   0.042804495123672   0.042778893397582   0.043478654819908   0.043242067402247   0.043005479984585   0.049240387650610   0.049122375608591   0.048457074391816   0.048469540236149   0.048247136022484   0.048015767379284   0.047799382199701   0.047661760744812   0.047578465243375   0.047503491609870   0.047412681530440   0.047148874053994   0.046864252238519   
0.007864222786806   0.007230244556435   0.008007142089843   0.007324215723893   0.008035032747329   0.007500316923304   0.006965601099279   0.006842885697477   0.006842797324449   0.006842708951421   0.006965247607166   0.007027033599966   0.007088819592767   0.008682408883347   0.009214726804819   0.009637795880997   0.010191062463069   0.010695080811283   0.011748854830672   0.012807805859116   0.013330156745771   0.013868528459592   0.014410902462090   0.014950244135807   0.016005432366367   0.017057192865964   
1.000000000000000   0.908842388271720   1.000000000000000   0.908842388271720   1.000000000000000   1.000000000000000   1.000000000000000   0.983335903162458   0.983335903162458   0.983335903162458   1.000000000000000   1.000000000000000   1.000000000000000   1.000000000000000   0.999524337261468   0.999167590207569   0.998810843153671   0.998573011784405   0.998097349045873   0.998097349045873   0.998097349045873   0.998216264730506   0.998335180415139   0.998573011784404   0.999048674522936   1.000000000000000   
PATCH 4 
2 2 
13 4 
0.000000000000000   0.000000000000000   0.000000000000000   0.250000000000000   0.250000000000000   0.375000000000000   0.375000000000000   0.500000000000000   0.500000000000000   0.750000000000000   0.750000000000000   0.875000000000000   0.875000000000000   1.000000000000000   1.000000000000000   1.000000000000000   
0.000000000000000   0.000000000000000   0.000000000000000   0.500000000000000   1.000000000000000   1.000000000000000   1.000000000000000   
0.042256959667785   0.044107551556713   0.045958143445641   0.045866584212094   0.045875809199730   0.045885034187366   0.045995043396186   0.047053405232471   0.048111767068756   0.043659801550554   0.048269882882040   0.043777048930691   0.048324150878997   0.042444089746985   0.043891180518097   0.045338271289208   0.045094661508466   0.045107980680715   0.045121299852965   0.045391547978206   0.046683112926685   0.047974677875165   0.043571905320863   0.048134391819688   0.043694310318730   0.048196620350567   0.042818349905385   0.043458438440863   0.044098526976341   0.043550816101210   0.043572323642686   0.043593831184163   0.044184557142246   0.045942528315115   0.047700499487984   0.043396112861482   0.047863409694983   0.043528833094807   0.047941559293707   0.043005479984585   0.043242067402247   0.043478654819908   0.042778893397582   0.042804495123672   0.042830096849762   0.043581061724267   0.045572236009330   0.047563410294393   0.043308216631791   0.047727918632631   0.043446094482846   0.047814028765277   
0.004222628069535   0.003739336699876   0.003256045330217   0.003246555960774   0.003245049800338   0.003243543639902   0.003250020688474   0.003177692494076   0.003105364299679   0.002806773297210   0.003166603467120   0.002929263696387   0.003327245399833   0.004939175950343   0.004561260924898   0.004183345899454   0.004145594208435   0.004144486681366   0.004143379154296   0.004178915791175   0.004258348601383   0.004337781411591   0.003936133903881   0.004376738122801   0.004004508911399   0.004461489746577   0.006372271711959   0.006205109374944   0.006037947037929   0.005943670703759   0.005943360443421   0.005943050183084   0.006036705996578   0.006419660815997   0.006802615635417   0.006194855117223   0.006797007434163   0.006154999341423   0.006729978440063   0.007088819592767   0.007027033599966   0.006965247607166   0.006842708951421   0.006842797324449   0.006842885697477   0.006965601099279   0.007500316923304   0.008035032747329   0.007324215723893   0.008007142089843   0.007230244556435   0.007864222786806   
1.000000000000000   1.000000000000000   1.000000000000000   0.997810985311025   0.997810985311025   0.997810985311025   1.000000000000000   1.000000000000000   1.000000000000000   0.905708127518349   1.000000000000000   0.905708127518349   1.000000000000000   1.000000000000000   1.000000000000000   1.000000000000000   0.994192214773884   0.994192214773884   0.994192214773884   1.000000000000000   1.000000000000000   1.000000000000000   0.906491692706691   1.000000000000000   0.906491692706691   1.000000000000000   1.000000000000000   1.000000000000000   1.000000000000000   0.986954673699600   0.986954673699600   0.986954673699600   1.000000000000000   1.000000000000000   1.000000000000000   0.908058823083377   1.000000000000000   0.908058823083377   1.000000000000000   1.000000000000000   1.000000000000000   1.000000000000000   0.983335903162458   0.983335903162458   0.983335903162458   1.000000000000000   1.000000000000000   1.000000000000000   0.908842388271720   1.000000000000000   0.908842388271720   1.000000000000000   
PATCH 5 
2 1 
13 2 
0.000000000000000   0.000000000000000   0.000000000000000   0.125000000000000   0.125000000000000   0.250000000000000   0.250000000000000   0.500000000000000   0.500000000000000   0.625000000000000   0.625000000000000   0.750000000000000   0.750000000000000   1.000000000000000   1.000000000000000   1.000000000000000   
0.000000000000000   0.000000000000000   1.000000000000000   1.000000000000000   
0.049240387650610   0.049122375608591   0.048457074391816   0.048469540236149   0.048247136022484   0.048015767379284   0.047799382199701   0.047661760744812   0.047578465243375   0.047503491609870   0.047412681530440   0.047148874053994   0.046864252238519   0.049732791527117   0.049613599364677   0.049488606583825   0.049363613802972   0.049232820403708   0.048971233605179   0.048686444333000   0.048544049696911   0.048395854442409   0.048247659187908   0.048093663314994   0.047785671569166   0.047454477349688   
0.008682408883347   0.009214726804819   0.009637795880997   0.010191062463069   0.010695080811283   0.011748854830672   0.012807805859116   0.013330156745771   0.013868528459592   0.014410902462090   0.014950244135807   0.016005432366367   0.017057192865964   0.008769232972180   0.009306874072867   0.009842960902535   0.010379047732203   0.010913580290852   0.011982645408149   0.013045493441370   0.013576917457981   0.014106787203572   0.014636656949163   0.015164972423735   0.016221603372879   0.017272017237946   
1.000000000000000   0.999524337261468   0.999167590207569   0.998810843153671   0.998573011784405   0.998097349045873   0.998097349045873   0.998097349045873   0.998216264730506   0.998335180415139   0.998573011784404   0.999048674522936   1.000000000000000   1.000000000000000   0.999524337261468   0.999167590207569   0.998810843153671   0.998573011784405   0.998097349045873   0.998097349045873   0.998097349045873   0.998216264730506   0.998335180415139   0.998573011784404   0.999048674522936   1.000000000000000   
PATCH 6 
2 1 
6 2 
0.000000000000000   0.000000000000000   0.000000000000000   0.250000000000000   0.500000000000000   0.750000000000000   1.000000000000000   1.000000000000000   1.000000000000000   
0.000000000000000   0.000000000000000   1.000000000000000   1.000000000000000   
0.046864252238519   0.046546840910844   0.045677467682380   0.044605526474245   0.043696926394838   0.043293831973853   0.047454477349688   0.047032993823604   0.046146485990198   0.045216437375554   0.044242847979673   0.043734282891114   
0.017057192865964   0.018100519769081   0.020098000394488   0.021997587456815   0.023973545338426   0.024995705544355   0.017272017237946   0.018289568482936   0.020304367573183   0.022298863263696   0.024273055554476   0.025250000000000   
1.000000000000000   0.999048674522936   0.998097349045873   0.998097349045873   0.999048674522936   1.000000000000000   1.000000000000000   0.999048674522936   0.998097349045873   0.998097349045873   0.999048674522936   1.000000000000000   
PATCH 7 
2 1 
6 2 
0.000000000000000   0.000000000000000   0.000000000000000   0.250000000000000   0.500000000000000   0.750000000000000   1.000000000000000   1.000000000000000   1.000000000000000   
0.000000000000000   0.000000000000000   1.000000000000000   1.000000000000000   
0.046864252238519   0.046546840910844   0.045677467682380   0.044605526474245   0.043696926394838   0.043293831973853   0.043005479984585   0.039875078942454   0.033614276858191   0.027353474773928   0.021092672689665   0.017962271647534   
0.017057192865964   0.018100519769081   0.020098000394488   0.021997587456815   0.023973545338426   0.024995705544355   0.007088819592767   0.007906339552886   0.009541379473125   0.011176419393364   0.012811459313603   0.013628979273722   
1.000000000000000   0.999048674522936   0.998097349045873   0.998097349045873   0.999048674522936   1.000000000000000   1.000000000000000   1.000000000000000   1.000000000000000   1.000000000000000   1.000000000000000   1.000000000000000   
PATCH 8 
2 1 
13 2 
0.000000000000000   0.000000000000000   0.000000000000000   0.250000000000000   0.250000000000000   0.375000000000000   0.375000000000000   0.500000000000000   0.500000000000000   0.750000000000000   0.750000000000000   0.875000000000000   0.875000000000000   1.000000000000000   1.000000000000000   1.000000000000000   
0.000000000000000   0.000000000000000   1.000000000000000   1.000000000000000   
0.043293831973853   0.042423052205311   0.041517376300467   0.041034598212147   0.040512196852185   0.040045614535928   0.039648299529513   0.038347334610821   0.036851088307757   0.036273414924038   0.035702135244840   0.035217820429510   0.034712743081614   0.017962271647534   0.017534136460354   0.017106001273174   0.016912423650178   0.016894412232917   0.016876400815656   0.017033955604132   0.016422502944455   0.015811050284778   0.013783287319515   0.013717286538913   0.013651285758310   0.015547047162368   
0.024995705544355   0.026302982882900   0.027583215019553   0.028202851838795   0.028792517776623   0.029420384560128   0.030100669521392   0.031062620015020   0.031822227499042   0.032332334653585   0.032844402695678   0.033434279795815   0.034006228607317   0.013628979273722   0.013740788928919   0.013852598584116   0.013716641608787   0.013725511415976   0.013734381223166   0.013888077812875   0.014362371315717   0.014836664818560   0.013023432590515   0.013019280247883   0.013015127905251   0.014820055448032   
1.000000000000000   0.998025679948827   0.997038519923240   0.996544939910447   0.996298149904050   0.996051359897653   0.996051359897653   0.996051359897653   0.997038519923240   0.997532099936033   0.998272469955223   0.999012839974413   1.000000000000000   1.000000000000000   1.000000000000000   1.000000000000000   0.989819236266909   0.989819236266909   0.989819236266909   1.000000000000000   1.000000000000000   1.000000000000000   0.875055162960170   0.875055162960170   0.875055162960170   1.000000000000000   
PATCH 9 
2 2 
6 4 
0.000000000000000   0.000000000000000   0.000000000000000   0.250000000000000   0.500000000000000   0.750000000000000   1.000000000000000   1.000000000000000   1.000000000000000   
0.000000000000000   0.000000000000000   0.000000000000000   0.500000000000000   1.000000000000000   1.000000000000000   1.000000000000000   
0.017213751330734   0.020344152372865   0.026604954457128   0.032865756541391   0.039126558625654   0.042256959667785   0.017400881409934   0.020531282452065   0.026792084536328   0.033052886620591   0.039313688704854   0.042444089746985   0.017775141568334   0.020905542610465   0.027166344694728   0.033427146778991   0.039687948863254   0.042818349905385   0.017962271647534   0.021092672689665   0.027353474773928   0.033614276858191   0.039875078942454   0.043005479984585   
0.010762787750491   0.009945267790371   0.008310227870132   0.006675187949893   0.005040148029654   0.004222628069535   0.011479335631299   0.010661815671179   0.009026775750940   0.007391735830701   0.005756695910462   0.004939175950343   0.012912431392914   0.012094911432795   0.010459871512556   0.008824831592317   0.007189791672078   0.006372271711959   0.013628979273722   0.012811459313603   0.011176419393364   0.009541379473125   0.007906339552886   0.007088819592767   
1.000000000000000   1.000000000000000   1.000000000000000   1.000000000000000   1.000000000000000   1.000000000000000   1.000000000000000   1.000000000000000   1.000000000000000   1.000000000000000   1.000000000000000   1.000000000000000   1.000000000000000   1.000000000000000   1.000000000000000   1.000000000000000   1.000000000000000   1.000000000000000   1.000000000000000   1.000000000000000   1.000000000000000   1.000000000000000   1.000000000000000   1.000000000000000   
PATCH 10 
2 2 
13 4 
0.000000000000000   0.000000000000000   0.000000000000000   0.250000000000000   0.250000000000000   0.375000000000000   0.375000000000000   0.500000000000000   0.500000000000000   0.750000000000000   0.750000000000000   0.875000000000000   0.875000000000000   1.000000000000000   1.000000000000000   1.000000000000000   
0.000000000000000   0.000000000000000   0.000000000000000   0.500000000000000   1.000000000000000   1.000000000000000   1.000000000000000   
0.017213751330734   0.016610802051854   0.016007852772975   0.015985585436101   0.015979560357291   0.015973535278481   0.015983752457735   0.014636861612820   0.013289970767905   0.011616707901242   0.013168652918678   0.011578792455037   0.013223185824039   0.017400881409934   0.016841635653979   0.016282389898025   0.016217294989620   0.016208273326198   0.016199251662775   0.016246303244334   0.015083271945729   0.013920240647123   0.012158352755811   0.013305811323736   0.012096915780855   0.013804151158621   0.017775141568334   0.017303302858229   0.016831464148124   0.016680714096658   0.016665699264011   0.016650684431363   0.016771404817532   0.015976092611546   0.015180780405560   0.013241642464947   0.013580128133854   0.013133162432492   0.014966081827786   0.017962271647534   0.017534136460354   0.017106001273174   0.016912423650178   0.016894412232917   0.016876400815656   0.017033955604132   0.016422502944455   0.015811050284778   0.013783287319515   0.013717286538913   0.013651285758310   0.015547047162368   
0.010762787750491   0.010920250984047   0.011077714217604   0.011068156527249   0.011070146109605   0.011072135691961   0.011085672547028   0.011627446837197   0.012169221127365   0.010752893802686   0.012314748668700   0.010938524362582   0.012496194109703   0.011479335631299   0.011625385470265   0.011771435309232   0.011730277797633   0.011733987436198   0.011737697074762   0.011786273863490   0.012311177956827   0.012836082050164   0.011320528499644   0.012490881563495   0.011457675248249   0.013077159444285   0.012912431392914   0.013035654442701   0.013158877492488   0.013054520338402   0.013061670089383   0.013068819840365   0.013187476496413   0.013678640196087   0.014169803895761   0.012455797893558   0.012843147353087   0.012495977019584   0.014239090113450   0.013628979273722   0.013740788928919   0.013852598584116   0.013716641608787   0.013725511415976   0.013734381223166   0.013888077812875   0.014362371315717   0.014836664818560   0.013023432590515   0.013019280247883   0.013015127905251   0.014820055448032   
1.000000000000000   1.000000000000000   1.000000000000000   0.998992484597218   0.998992484597218   0.998992484597218   1.000000000000000   1.000000000000000   1.000000000000000   0.880708926703517   1.000000000000000   0.880708926703517   1.000000000000000   1.000000000000000   1.000000000000000   1.000000000000000   0.996699172514640   0.996699172514640   0.996699172514640   1.000000000000000   1.000000000000000   1.000000000000000   0.879295485767680   0.968763790740042   0.879295485767680   1.000000000000000   1.000000000000000   1.000000000000000   1.000000000000000   0.992112548349486   0.992112548349486   0.992112548349486   1.000000000000000   1.000000000000000   1.000000000000000   0.876468603896007   0.906291372220127   0.876468603896007   1.000000000000000   1.000000000000000   1.000000000000000   1.000000000000000   0.989819236266909   0.989819236266909   0.989819236266909   1.000000000000000   1.000000000000000   1.000000000000000   0.875055162960170   0.875055162960170   0.875055162960170   1.000000000000000   
PATCH 11 
2 1 
13 2 
0.000000000000000   0.000000000000000   0.000000000000000   0.250000000000000   0.250000000000000   0.375000000000000   0.375000000000000   0.500000000000000   0.500000000000000   0.750000000000000   0.750000000000000   0.875000000000000   0.875000000000000   1.000000000000000   1.000000000000000   1.000000000000000   
0.000000000000000   0.000000000000000   1.000000000000000   1.000000000000000   
0.043293831973853   0.042423052205311   0.041517376300467   0.041034598212147   0.040512196852185   0.040045614535928   0.039648299529513   0.038347334610821   0.036851088307757   0.036273414924038   0.035702135244840   0.035217820429510   0.034712743081614   0.043734282891114   0.043142506727484   0.042531053738569   0.042225327244111   0.041914681543332   0.041604035842553   0.041288470935453   0.040657341121252   0.040006534481766   0.039681131162023   0.039350808635958   0.039020486109894   0.038685244377508   
0.024995705544355   0.026302982882900   0.027583215019553   0.028202851838795   0.028792517776623   0.029420384560128   0.030100669521392   0.031062620015020   0.031822227499042   0.032332334653585   0.032844402695678   0.033434279795815   0.034006228607317   0.025250000000000   0.026178902508932   0.027094027156471   0.027551589480241   0.028005707338662   0.028459825197083   0.028910498590156   0.029811845376303   0.030699414301056   0.031143198763433   0.031583538760461   0.032023878757490   0.032460774289170   
1.000000000000000   0.998025679948827   0.997038519923240   0.996544939910447   0.996298149904050   0.996051359897653   0.996051359897653   0.996051359897653   0.997038519923240   0.997532099936033   0.998272469955223   0.999012839974413   1.000000000000000   1.000000000000000   0.999048674522937   0.998573011784405   0.998335180415139   0.998216264730506   0.998097349045873   0.998097349045873   0.998097349045873   0.998573011784405   0.998810843153671   0.999167590207569   0.999524337261468   1.000000000000000   
PATCH 12 
2 1 
6 2 
0.000000000000000   0.000000000000000   0.000000000000000   0.250000000000000   0.500000000000000   0.750000000000000   1.000000000000000   1.000000000000000   1.000000000000000   
0.000000000000000   0.000000000000000   1.000000000000000   1.000000000000000   
0.017213751330734   0.020344152372865   0.026604954457128   0.032865756541391   0.039126558625654   0.042256959667785   0.014550000000000   0.018013369958473   0.024940109875420   0.031866849792366   0.038793589709312   0.042256959667785   
0.010762787750491   0.009945267790371   0.008310227870132   0.006675187949893   0.005040148029654   0.004222628069535   0.000000000000000   0.000000000000000   0.000000000000000   0.000000000000000   0.000000000000000   0.000000000000000   
1.000000000000000   1.000000000000000   1.000000000000000   1.000000000000000   1.000000000000000   1.000000000000000   1.000000000000000   1.000000000000000   1.000000000000000   1.000000000000000   1.000000000000000   1.000000000000000   
PATCH 13 
2 1 
13 2 
0.000000000000000   0.000000000000000   0.000000000000000   0.250000000000000   0.250000000000000   0.375000000000000   0.375000000000000   0.500000000000000   0.500000000000000   0.750000000000000   0.750000000000000   0.875000000000000   0.875000000000000   1.000000000000000   1.000000000000000   1.000000000000000   
0.000000000000000   0.000000000000000   1.000000000000000   1.000000000000000   
0.042256959667785   0.044107551556713   0.045958143445641   0.045866584212094   0.045875809199730   0.045885034187366   0.045995043396186   0.047053405232471   0.048111767068756   0.043659801550554   0.048269882882040   0.043777048930691   0.048324150878997   0.042256959667785   0.043224839709312   0.044192719750839   0.044676659771603   0.045160599792366   0.045644539813129   0.046128479833893   0.047096359875420   0.048064239916946   0.048548179937710   0.049032119958473   0.049516059979237   0.050000000000000   
0.004222628069535   0.003739336699876   0.003256045330217   0.003246555960774   0.003245049800338   0.003243543639902   0.003250020688474   0.003177692494076   0.003105364299679   0.002806773297210   0.003166603467120   0.002929263696387   0.003327245399833   0.000000000000000   0.000000000000000   0.000000000000000   0.000000000000000   0.000000000000000   0.000000000000000   0.000000000000000   0.000000000000000   0.000000000000000   0.000000000000000   0.000000000000000   0.000000000000000   0.000000000000000   
1.000000000000000   1.000000000000000   1.000000000000000   0.997810985311025   0.997810985311025   0.997810985311025   1.000000000000000   1.000000000000000   1.000000000000000   0.905708127518349   1.000000000000000   0.905708127518349   1.000000000000000   1.000000000000000   1.000000000000000   1.000000000000000   1.000000000000000   1.000000000000000   1.000000000000000   1.000000000000000   1.000000000000000   1.000000000000000   1.000000000000000   1.000000000000000   1.000000000000000   1.000000000000000   
PATCH 14 
2 1 
13 2 
0.000000000000000   0.000000000000000   0.000000000000000   0.250000000000000   0.250000000000000   0.375000000000000   0.375000000000000   0.500000000000000   0.500000000000000   0.750000000000000   0.750000000000000   0.875000000000000   0.875000000000000   1.000000000000000   1.000000000000000   1.000000000000000   
0.000000000000000   0.000000000000000   1.000000000000000   1.000000000000000   
0.014550000000000   0.014280222898006   0.013885561325394   0.013688230539088   0.013459678635127   0.013231126731167   0.012971353709552   0.012451807666322   0.011807377152475   0.011485161895551   0.011131725520973   0.010778289146395   0.010393631654163   0.017213751330734   0.016610802051854   0.016007852772975   0.015985585436101   0.015979560357291   0.015973535278481   0.015983752457735   0.014636861612820   0.013289970767905   0.011616707901242   0.013168652918678   0.011578792455037   0.013223185824039   
0.000000000000000   0.001374717691836   0.002698457053093   0.003360326733722   0.004009451831706   0.004658576929690   0.005294957445029   0.006567718475706   0.007789501175805   0.008400392525854   0.008998539293259   0.009596686060664   0.010182088245423   0.010762787750491   0.010920250984047   0.011077714217604   0.011068156527249   0.011070146109605   0.011072135691961   0.011085672547028   0.011627446837197   0.012169221127365   0.010752893802686   0.012314748668700   0.010938524362582   0.012496194109703   
1.000000000000000   0.981458618419638   0.972187927629457   0.967552582234366   0.965234909536821   0.962917236839276   0.962917236839276   0.962917236839276   0.972187927629457   0.976823273024547   0.983776291117183   0.990729309209819   1.000000000000000   1.000000000000000   1.000000000000000   1.000000000000000   0.998992484597218   0.998992484597218   0.998992484597218   1.000000000000000   1.000000000000000   1.000000000000000   0.880708926703517   1.000000000000000   0.880708926703517   1.000000000000000   
PATCH 15 
2 1 
4 2 
0.000000000000000   0.000000000000000   0.000000000000000   0.500000000000000   1.000000000000000   1.000000000000000   1.000000000000000   
0.000000000000000   0.000000000000000   1.000000000000000   1.000000000000000   
0.034712743081614   0.034549708377601   0.034196321383366   0.034006228607317   0.015547047162368   0.015365299233784   0.015001803376616   0.014820055448032   
0.034006228607317   0.034196321383366   0.034549708377601   0.034712743081614   0.014820055448032   0.015001803376616   0.015365299233784   0.015547047162368   
1.000000000000000   0.999973576247156   0.999973576247156   1.000000000000000   1.000000000000000   1.000000000000000   1.000000000000000   1.000000000000000   
PATCH 16 
2 2 
4 4 
0.000000000000000   0.000000000000000   0.000000000000000   0.500000000000000   1.000000000000000   1.000000000000000   1.000000000000000   
0.000000000000000   0.000000000000000   0.000000000000000   0.500000000000000   1.000000000000000   1.000000000000000   1.000000000000000   
0.013223185824039   0.013804151158621   0.014966081827786   0.015547047162368   0.013041437895455   0.013622403230037   0.014784333899202   0.015365299233784   0.012677942038287   0.013258907372869   0.014420838042034   0.015001803376616   0.012496194109703   0.013077159444285   0.014239090113450   0.014820055448032   
0.012496194109703   0.013077159444285   0.014239090113450   0.014820055448032   0.012677942038287   0.013258907372869   0.014420838042034   0.015001803376616   0.013041437895455   0.013622403230037   0.014784333899202   0.015365299233784   0.013223185824039   0.013804151158621   0.014966081827786   0.015547047162368   
1.000000000000000   1.000000000000000   1.000000000000000   1.000000000000000   1.000000000000000   1.000000000000000   1.000000000000000   1.000000000000000   1.000000000000000   1.000000000000000   1.000000000000000   1.000000000000000   1.000000000000000   1.000000000000000   1.000000000000000   1.000000000000000   
PATCH 17 
2 1 
4 2 
0.000000000000000   0.000000000000000   0.000000000000000   0.500000000000000   1.000000000000000   1.000000000000000   1.000000000000000   
0.000000000000000   0.000000000000000   1.000000000000000   1.000000000000000   
0.013223185824039   0.013041437895455   0.012677942038287   0.012496194109703   0.010393631654163   0.010341017660213   0.010235245955844   0.010182088245423   
0.012496194109703   0.012677942038287   0.013041437895455   0.013223185824039   0.010182088245423   0.010235245955844   0.010341017660213   0.010393631654163   
1.000000000000000   1.000000000000000   1.000000000000000   1.000000000000000   1.000000000000000   0.999973576247156   0.999973576247156   1.000000000000000   
PATCH 18 
2 1 
4 2 
0.000000000000000   0.000000000000000   0.000000000000000   0.500000000000000   1.000000000000000   1.000000000000000   1.000000000000000   
0.000000000000000   0.000000000000000   1.000000000000000   1.000000000000000   
0.034712743081614   0.034549708377601   0.034196321383366   0.034006228607317   0.038685244377508   0.037197068413715   0.034084833369545   0.032460774289170   
0.034006228607317   0.034196321383366   0.034549708377601   0.034712743081614   0.032460774289170   0.034084833369545   0.037197068413715   0.038685244377508   
1.000000000000000   0.999973576247156   0.999973576247156   1.000000000000000   1.000000000000000   0.998097349045873   0.998097349045873   1.000000000000000   
PATCH 19 
2 1 
4 2 
0.000000000000000   0.000000000000000   0.000000000000000   0.500000000000000   1.000000000000000   1.000000000000000   1.000000000000000   
0.000000000000000   0.000000000000000   1.000000000000000   1.000000000000000   
0.000000000000000   0.002178893568691   0.006520098010365   0.008682408883347   0.000000000000000   0.002200682504378   0.006585298990468   0.008769232972180   
0.050000000000000   0.049904867452294   0.049525061277599   0.049240387650610   0.050500000000000   0.050403916126817   0.050020311890375   0.049732791527117   
1.000000000000000   0.998097349045873   0.998097349045873   1.000000000000000   1.000000000000000   0.998097349045873   0.998097349045873   1.000000000000000   
PATCH 20 
2 1 
4 2 
0.000000000000000   0.000000000000000   0.000000000000000   0.500000000000000   1.000000000000000   1.000000000000000   1.000000000000000   
0.000000000000000   0.000000000000000   1.000000000000000   1.000000000000000   
0.003327245399833   0.004461489746577   0.006729978440063   0.007864222786806   0.000000000000000   0.002178893568691   0.006520098010365   0.008682408883347   
0.048324150878997   0.048196620350567   0.047941559293707   0.047814028765277   0.050000000000000   0.049904867452294   0.049525061277599   0.049240387650610   
1.000000000000000   1.000000000000000   1.000000000000000   1.000000000000000   1.000000000000000   0.998097349045873   0.998097349045873   1.000000000000000   
PATCH 21 
2 1 
13 2 
0.000000000000000   0.000000000000000   0.000000000000000   0.125000000000000   0.125000000000000   0.250000000000000   0.250000000000000   0.500000000000000   0.500000000000000   0.625000000000000   0.625000000000000   0.750000000000000   0.750000000000000   1.000000000000000   1.000000000000000   1.000000000000000   
0.000000000000000   0.000000000000000   1.000000000000000   1.000000000000000   
0.007864222786806   0.007230244556435   0.008007142089843   0.007324215723893   0.008035032747329   0.007500316923304   0.006965601099279   0.006842885697477   0.006842797324449   0.006842708951421   0.006965247607166   0.007027033599966   0.007088819592767   0.008682408883347   0.009214726804819   0.009637795880997   0.010191062463069   0.010695080811283   0.011748854830672   0.012807805859116   0.013330156745771   0.013868528459592   0.014410902462090   0.014950244135807   0.016005432366367   0.017057192865964   
0.047814028765277   0.043446094482846   0.047727918632631   0.043308216631791   0.047563410294393   0.045572236009330   0.043581061724267   0.042830096849762   0.042804495123672   0.042778893397582   0.043478654819908   0.043242067402247   0.043005479984585   0.049240387650610   0.049122375608591   0.048457074391816   0.048469540236149   0.048247136022484   0.048015767379284   0.047799382199701   0.047661760744812   0.047578465243375   0.047503491609870   0.047412681530440   0.047148874053994   0.046864252238519   
1.000000000000000   0.908842388271720   1.000000000000000   0.908842388271720   1.000000000000000   1.000000000000000   1.000000000000000   0.983335903162458   0.983335903162458   0.983335903162458   1.000000000000000   1.000000000000000   1.000000000000000   1.000000000000000   0.999524337261468   0.999167590207569   0.998810843153671   0.998573011784405   0.998097349045873   0.998097349045873   0.998097349045873   0.998216264730506   0.998335180415139   0.998573011784404   0.999048674522936   1.000000000000000   
PATCH 22 
2 2 
13 4 
0.000000000000000   0.000000000000000   0.000000000000000   0.250000000000000   0.250000000000000   0.375000000000000   0.375000000000000   0.500000000000000   0.500000000000000   0.750000000000000   0.750000000000000   0.875000000000000   0.875000000000000   1.000000000000000   1.000000000000000   1.000000000000000   
0.000000000000000   0.000000000000000   0.000000000000000   0.500000000000000   1.000000000000000   1.000000000000000   1.000000000000000   
0.004222628069535   0.003739336699876   0.003256045330217   0.003246555960774   0.003245049800338   0.003243543639902   0.003250020688474   0.003177692494076   0.003105364299679   0.002806773297210   0.003166603467120   0.002929263696387   0.003327245399833   0.004939175950343   0.004561260924898   0.004183345899454   0.004145594208435   0.004144486681366   0.004143379154296   0.004178915791175   0.004258348601383   0.004337781411591   0.003936133903881   0.004376738122801   0.004004508911399   0.004461489746577   0.006372271711959   0.006205109374944   0.006037947037929   0.005943670703759   0.005943360443421   0.005943050183084   0.006036705996578   0.006419660815997   0.006802615635417   0.006194855117223   0.006797007434163   0.006154999341423   0.006729978440063   0.007088819592767   0.007027033599966   0.006965247607166   0.006842708951421   0.006842797324449   0.006842885697477   0.006965601099279   0.007500316923304   0.008035032747329   0.007324215723893   0.008007142089843   0.007230244556435   0.007864222786806   
0.042256959667785   0.044107551556713   0.045958143445641   0.045866584212094   0.045875809199730   0.045885034187366   0.045995043396186   0.047053405232471   0.048111767068756   0.043659801550554   0.048269882882040   0.043777048930691   0.048324150878997   0.042444089746985   0.043891180518097   0.045338271289208   0.045094661508466   0.045107980680715   0.045121299852965   0.045391547978206   0.046683112926685   0.047974677875165   0.043571905320863   0.048134391819688   0.043694310318730   0.048196620350567   0.042818349905385   0.043458438440863   0.044098526976341   0.043550816101210   0.043572323642686   0.043593831184163   0.044184557142246   0.045942528315115   0.047700499487984   0.043396112861482   0.047863409694983   0.043528833094807   0.047941559293707   0.043005479984585   0.043242067402247   0.043478654819908   0.042778893397582   0.042804495123672   0.042830096849762   0.043581061724267   0.045572236009330   0.047563410294393   0.043308216631791   0.047727918632631   0.043446094482846   0.047814028765277   
1.000000000000000   1.000000000000000   1.000000000000000   0.997810985311025   0.997810985311025   0.997810985311025   1.000000000000000   1.000000000000000   1.000000000000000   0.905708127518349   1.000000000000000   0.905708127518349   1.000000000000000   1.000000000000000   1.000000000000000   1.000000000000000   0.994192214773884   0.994192214773884   0.994192214773884   1.000000000000000   1.000000000000000   1.000000000000000   0.906491692706691   1.000000000000000   0.906491692706691   1.000000000000000   1.000000000000000   1.000000000000000   1.000000000000000   0.986954673699600   0.986954673699600   0.986954673699600   1.000000000000000   1.000000000000000   1.000000000000000   0.908058823083377   1.000000000000000   0.908058823083377   1.000000000000000   1.000000000000000   1.000000000000000   1.000000000000000   0.983335903162458   0.983335903162458   0.983335903162458   1.000000000000000   1.000000000000000   1.000000000000000   0.908842388271720   1.000000000000000   0.908842388271720   1.000000000000000   
PATCH 23 
2 1 
13 2 
0.000000000000000   0.000000000000000   0.000000000000000   0.125000000000000   0.125000000000000   0.250000000000000   0.250000000000000   0.500000000000000   0.500000000000000   0.625000000000000   0.625000000000000   0.750000000000000   0.750000000000000   1.000000000000000   1.000000000000000   1.000000000000000   
0.000000000000000   0.000000000000000   1.000000000000000   1.000000000000000   
0.008682408883347   0.009214726804819   0.009637795880997   0.010191062463069   0.010695080811283   0.011748854830672   0.012807805859116   0.013330156745771   0.013868528459592   0.014410902462090   0.014950244135807   0.016005432366367   0.017057192865964   0.008769232972180   0.009306874072867   0.009842960902535   0.010379047732203   0.010913580290852   0.011982645408149   0.013045493441370   0.013576917457981   0.014106787203572   0.014636656949163   0.015164972423735   0.016221603372879   0.017272017237946   
0.049240387650610   0.049122375608591   0.048457074391816   0.048469540236149   0.048247136022484   0.048015767379284   0.047799382199701   0.047661760744812   0.047578465243375   0.047503491609870   0.047412681530440   0.047148874053994   0.046864252238519   0.049732791527117   0.049613599364677   0.049488606583825   0.049363613802972   0.049232820403708   0.048971233605179   0.048686444333000   0.048544049696911   0.048395854442409   0.048247659187908   0.048093663314994   0.047785671569166   0.047454477349688   
1.000000000000000   0.999524337261468   0.999167590207569   0.998810843153671   0.998573011784405   0.998097349045873   0.998097349045873   0.998097349045873   0.998216264730506   0.998335180415139   0.998573011784404   0.999048674522936   1.000000000000000   1.000000000000000   0.999524337261468   0.999167590207569   0.998810843153671   0.998573011784405   0.998097349045873   0.998097349045873   0.998097349045873   0.998216264730506   0.998335180415139   0.998573011784404   0.999048674522936   1.000000000000000   
PATCH 24 
2 1 
6 2 
0.000000000000000   0.000000000000000   0.000000000000000   0.250000000000000   0.500000000000000   0.750000000000000   1.000000000000000   1.000000000000000   1.000000000000000   
0.000000000000000   0.000000000000000   1.000000000000000   1.000000000000000   
0.017057192865964   0.018100519769081   0.020098000394488   0.021997587456815   0.023973545338426   0.024995705544355   0.017272017237946   0.018289568482936   0.020304367573183   0.022298863263696   0.024273055554476   0.025250000000000   
0.046864252238519   0.046546840910844   0.045677467682380   0.044605526474245   0.043696926394838   0.043293831973853   0.047454477349688   0.047032993823604   0.046146485990198   0.045216437375554   0.044242847979673   0.043734282891114   
1.000000000000000   0.999048674522936   0.998097349045873   0.998097349045873   0.999048674522936   1.000000000000000   1.000000000000000   0.999048674522936   0.998097349045873   0.998097349045873   0.999048674522936   1.000000000000000   
PATCH 25 
2 1 
6 2 
0.000000000000000   0.000000000000000   0.000000000000000   0.250000000000000   0.500000000000000   0.750000000000000   1.000000000000000   1.000000000000000   1.000000000000000   
0.000000000000000   0.000000000000000   1.000000000000000   1.000000000000000   
0.017057192865964   0.018100519769081   0.020098000394488   0.021997587456815   0.023973545338426   0.024995705544355   0.007088819592767   0.007906339552886   0.009541379473125   0.011176419393364   0.012811459313603   0.013628979273722   
0.046864252238519   0.046546840910844   0.045677467682380   0.044605526474245   0.043696926394838   0.043293831973853   0.043005479984585   0.039875078942454   0.033614276858191   0.027353474773928   0.021092672689665   0.017962271647534   
1.000000000000000   0.999048674522936   0.998097349045873   0.998097349045873   0.999048674522936   1.000000000000000   1.000000000000000   1.000000000000000   1.000000000000000   1.000000000000000   1.000000000000000   1.000000000000000   
PATCH 26 
2 1 
13 2 
0.000000000000000   0.000000000000000   0.000000000000000   0.250000000000000   0.250000000000000   0.375000000000000   0.375000000000000   0.500000000000000   0.500000000000000   0.750000000000000   0.750000000000000   0.875000000000000   0.875000000000000   1.000000000000000   1.000000000000000   1.000000000000000   
0.000000000000000   0.000000000000000   1.000000000000000   1.000000000000000   
0.024995705544355   0.026302982882900   0.027583215019553   0.028202851838795   0.028792517776623   0.029420384560128   0.030100669521392   0.031062620015020   0.031822227499042   0.032332334653585   0.032844402695678   0.033434279795815   0.034006228607317   0.013628979273722   0.013740788928919   0.013852598584116   0.013716641608787   0.013725511415976   0.013734381223166   0.013888077812875   0.014362371315717   0.014836664818560   0.013023432590515   0.013019280247883   0.013015127905251   0.014820055448032   
0.043293831973853   0.042423052205311   0.041517376300467   0.041034598212147   0.040512196852185   0.040045614535928   0.039648299529513   0.038347334610821   0.036851088307757   0.036273414924038   0.035702135244840   0.035217820429510   0.034712743081614   0.017962271647534   0.017534136460354   0.017106001273174   0.016912423650178   0.016894412232917   0.016876400815656   0.017033955604132   0.016422502944455   0.015811050284778   0.013783287319515   0.013717286538913   0.013651285758310   0.015547047162368   
1.000000000000000   0.998025679948827   0.997038519923240   0.996544939910447   0.996298149904050   0.996051359897653   0.996051359897653   0.996051359897653   0.997038519923240   0.997532099936033   0.998272469955223   0.999012839974413   1.000000000000000   1.000000000000000   1.000000000000000   1.000000000000000   0.989819236266909   0.989819236266909   0.989819236266909   1.000000000000000   1.000000000000000   1.000000000000000   0.875055162960170   0.875055162960170   0.875055162960170   1.000000000000000   
PATCH 27 
2 2 
6 4 
0.000000000000000   0.000000000000000   0.000000000000000   0.250000000000000   0.500000000000000   0.750000000000000   1.000000000000000   1.000000000000000   1.000000000000000   
0.000000000000000   0.000000000000000   0.000000000000000   0.500000000000000   1.000000000000000   1.000000000000000   1.000000000000000   
0.010762787750491   0.009945267790371   0.008310227870132   0.006675187949893   0.005040148029654   0.004222628069535   0.011479335631299   0.010661815671179   0.009026775750940   0.007391735830701   0.005756695910462   0.004939175950343   0.012912431392914   0.012094911432795   0.010459871512556   0.008824831592317   0.007189791672078   0.006372271711959   0.013628979273722   0.012811459313603   0.011176419393364   0.009541379473125   0.007906339552886   0.007088819592767   
0.017213751330734   0.020344152372865   0.026604954457128   0.032865756541391   0.039126558625654   0.042256959667785   0.017400881409934   0.020531282452065   0.026792084536328   0.033052886620591   0.039313688704854   0.042444089746985   0.017775141568334   0.020905542610465   0.027166344694728   0.033427146778991   0.039687948863254   0.042818349905385   0.017962271647534   0.021092672689665   0.027353474773928   0.033614276858191   0.039875078942454   0.043005479984585   
1.000000000000000   1.000000000000000   1.000000000000000   1.000000000000000   1.000000000000000   1.000000000000000   1.000000000000000   1.000000000000000   1.000000000000000   1.000000000000000   1.000000000000000   1.000000000000000   1.000000000000000   1.000000000000000   1.000000000000000   1.000000000000000   1.000000000000000   1.000000000000000   1.000000000000000   1.000000000000000   1.000000000000000   1.000000000000000   1.000000000000000   1.000000000000000   
PATCH 28 
2 2 
13 4 
0.000000000000000   0.000000000000000   0.000000000000000   0.250000000000000   0.250000000000000   0.375000000000000   0.375000000000000   0.500000000000000   0.500000000000000   0.750000000000000   0.750000000000000   0.875000000000000   0.875000000000000   1.000000000000000   1.000000000000000   1.000000000000000   
0.000000000000000   0.000000000000000   0.000000000000000   0.500000000000000   1.000000000000000   1.000000000000000   1.000000000000000   
0.010762787750491   0.010920250984047   0.011077714217604   0.011068156527249   0.011070146109605   0.011072135691961   0.011085672547028   0.011627446837197   0.012169221127365   0.010752893802686   0.012314748668700   0.010938524362582   0.012496194109703   0.011479335631299   0.011625385470265   0.011771435309232   0.011730277797633   0.011733987436198   0.011737697074762   0.011786273863490   0.012311177956827   0.012836082050164   0.011320528499644   0.012490881563495   0.011457675248249   0.013077159444285   0.012912431392914   0.013035654442701   0.013158877492488   0.013054520338402   0.013061670089383   0.013068819840365   0.013187476496413   0.013678640196087   0.014169803895761   0.012455797893558   0.012843147353087   0.012495977019584   0.014239090113450   0.013628979273722   0.013740788928919   0.013852598584116   0.013716641608787   0.013725511415976   0.013734381223166   0.013888077812875   0.014362371315717   0.014836664818560   0.013023432590515   0.013019280247883   0.013015127905251   0.014820055448032   
0.017213751330734   0.016610802051854   0.016007852772975   0.015985585436101   0.015979560357291   0.015973535278481   0.015983752457735   0.014636861612820   0.013289970767905   0.011616707901242   0.013168652918678   0.011578792455037   0.013223185824039   0.017400881409934   0.016841635653979   0.016282389898025   0.016217294989620   0.016208273326198   0.016199251662775   0.016246303244334   0.015083271945729   0.013920240647123   0.012158352755811   0.013305811323736   0.012096915780855   0.013804151158621   0.017775141568334   0.017303302858229   0.016831464148124   0.016680714096658   0.016665699264011   0.016650684431363   0.016771404817532   0.015976092611546   0.015180780405560   0.013241642464947   0.013580128133854   0.013133162432492   0.014966081827786   0.017962271647534   0.017534136460354   0.017106001273174   0.016912423650178   0.016894412232917   0.016876400815656   0.017033955604132   0.016422502944455   0.015811050284778   0.013783287319515   0.013717286538913   0.013651285758310   0.015547047162368   
1.000000000000000   1.000000000000000   1.000000000000000   0.998992484597218   0.998992484597218   0.998992484597218   1.000000000000000   1.000000000000000   1.000000000000000   0.880708926703517   1.000000000000000   0.880708926703517   1.000000000000000   1.000000000000000   1.000000000000000   1.000000000000000   0.996699172514640   0.996699172514640   0.996699172514640   1.000000000000000   1.000000000000000   1.000000000000000   0.879295485767680   0.968763790740042   0.879295485767680   1.000000000000000   1.000000000000000   1.000000000000000   1.000000000000000   0.992112548349486   0.992112548349486   0.992112548349486   1.000000000000000   1.000000000000000   1.000000000000000   0.876468603896007   0.906291372220127   0.876468603896007   1.000000000000000   1.000000000000000   1.000000000000000   1.000000000000000   0.989819236266909   0.989819236266909   0.989819236266909   1.000000000000000   1.000000000000000   1.000000000000000   0.875055162960170   0.875055162960170   0.875055162960170   1.000000000000000   
PATCH 29 
2 1 
13 2 
0.000000000000000   0.000000000000000   0.000000000000000   0.250000000000000   0.250000000000000   0.375000000000000   0.375000000000000   0.500000000000000   0.500000000000000   0.750000000000000   0.750000000000000   0.875000000000000   0.875000000000000   1.000000000000000   1.000000000000000   1.000000000000000   
0.000000000000000   0.000000000000000   1.000000000000000   1.000000000000000   
0.024995705544355   0.026302982882900   0.027583215019553   0.028202851838795   0.028792517776623   0.029420384560128   0.030100669521392   0.031062620015020   0.031822227499042   0.032332334653585   0.032844402695678   0.033434279795815   0.034006228607317   0.025250000000000   0.026178902508932   0.027094027156471   0.027551589480241   0.028005707338662   0.028459825197083   0.028910498590156   0.029811845376303   0.030699414301056   0.031143198763433   0.031583538760461   0.032023878757490   0.032460774289170   
0.043293831973853   0.042423052205311   0.041517376300467   0.041034598212147   0.040512196852185   0.040045614535928   0.039648299529513   0.038347334610821   0.036851088307757   0.036273414924038   0.035702135244840   0.035217820429510   0.034712743081614   0.043734282891114   0.043142506727484   0.042531053738569   0.042225327244111   0.041914681543332   0.041604035842553   0.041288470935453   0.040657341121252   0.040006534481766   0.039681131162023   0.039350808635958   0.039020486109894   0.038685244377508   
1.000000000000000   0.998025679948827   0.997038519923240   0.996544939910447   0.996298149904050   0.996051359897653   0.996051359897653   0.996051359897653   0.997038519923240   0.997532099936033   0.998272469955223   0.999012839974413   1.000000000000000   1.000000000000000   0.999048674522937   0.998573011784405   0.998335180415139   0.998216264730506   0.998097349045873   0.998097349045873   0.998097349045873   0.998573011784405   0.998810843153671   0.999167590207569   0.999524337261468   1.000000000000000   
PATCH 30 
2 1 
6 2 
0.000000000000000   0.000000000000000   0.000000000000000   0.250000000000000   0.500000000000000   0.750000000000000   1.000000000000000   1.000000000000000   1.000000000000000   
0.000000000000000   0.000000000000000   1.000000000000000   1.000000000000000   
0.010762787750491   0.009945267790371   0.008310227870132   0.006675187949893   0.005040148029654   0.004222628069535   0.000000000000000   0.000000000000000   0.000000000000000   0.000000000000000   0.000000000000000   0.000000000000000   
0.017213751330734   0.020344152372865   0.026604954457128   0.032865756541391   0.039126558625654   0.042256959667785   0.014550000000000   0.018013369958473   0.024940109875420   0.031866849792366   0.038793589709312   0.042256959667785   
1.000000000000000   1.000000000000000   1.000000000000000   1.000000000000000   1.000000000000000   1.000000000000000   1.000000000000000   1.000000000000000   1.000000000000000   1.000000000000000   1.000000000000000   1.000000000000000   
PATCH 31 
2 1 
13 2 
0.000000000000000   0.000000000000000   0.000000000000000   0.250000000000000   0.250000000000000   0.375000000000000   0.375000000000000   0.500000000000000   0.500000000000000   0.750000000000000   0.750000000000000   0.875000000000000   0.875000000000000   1.000000000000000   1.000000000000000   1.000000000000000   
0.000000000000000   0.000000000000000   1.000000000000000   1.000000000000000   
0.004222628069535   0.003739336699876   0.003256045330217   0.003246555960774   0.003245049800338   0.003243543639902   0.003250020688474   0.003177692494076   0.003105364299679   0.002806773297210   0.003166603467120   0.002929263696387   0.003327245399833   0.000000000000000   0.000000000000000   0.000000000000000   0.000000000000000   0.000000000000000   0.000000000000000   0.000000000000000   0.000000000000000   0.000000000000000   0.000000000000000   0.000000000000000   0.000000000000000   0.000000000000000   
0.042256959667785   0.044107551556713   0.045958143445641   0.045866584212094   0.045875809199730   0.045885034187366   0.045995043396186   0.047053405232471   0.048111767068756   0.043659801550554   0.048269882882040   0.043777048930691   0.048324150878997   0.042256959667785   0.043224839709312   0.044192719750839   0.044676659771603   0.045160599792366   0.045644539813129   0.046128479833893   0.047096359875420   0.048064239916946   0.048548179937710   0.049032119958473   0.049516059979237   0.050000000000000   
1.000000000000000   1.000000000000000   1.000000000000000   0.997810985311025   0.997810985311025   0.997810985311025   1.000000000000000   1.000000000000000   1.000000000000000   0.905708127518349   1.000000000000000   0.905708127518349   1.000000000000000   1.000000000000000   1.000000000000000   1.000000000000000   1.000000000000000   1.000000000000000   1.000000000000000   1.000000000000000   1.000000000000000   1.000000000000000   1.000000000000000   1.000000000000000   1.000000000000000   1.000000000000000   
PATCH 32 
2 1 
13 2 
0.000000000000000   0.000000000000000   0.000000000000000   0.250000000000000   0.250000000000000   0.375000000000000   0.375000000000000   0.500000000000000   0.500000000000000   0.750000000000000   0.750000000000000   0.875000000000000   0.875000000000000   1.000000000000000   1.000000000000000   1.000000000000000   
0.000000000000000   0.000000000000000   1.000000000000000   1.000000000000000   
0.000000000000000   0.001374717691836   0.002698457053093   0.003360326733722   0.004009451831706   0.004658576929690   0.005294957445029   0.006567718475706   0.007789501175805   0.008400392525854   0.008998539293259   0.009596686060664   0.010182088245423   0.010762787750491   0.010920250984047   0.011077714217604   0.011068156527249   0.011070146109605   0.011072135691961   0.011085672547028   0.011627446837197   0.012169221127365   0.010752893802686   0.012314748668700   0.010938524362582   0.012496194109703   
0.014550000000000   0.014280222898006   0.013885561325394   0.013688230539088   0.013459678635127   0.013231126731167   0.012971353709552   0.012451807666322   0.011807377152475   0.011485161895551   0.011131725520973   0.010778289146395   0.010393631654163   0.017213751330734   0.016610802051854   0.016007852772975   0.015985585436101   0.015979560357291   0.015973535278481   0.015983752457735   0.014636861612820   0.013289970767905   0.011616707901242   0.013168652918678   0.011578792455037   0.013223185824039   
1.000000000000000   0.981458618419638   0.972187927629457   0.967552582234366   0.965234909536821   0.962917236839276   0.962917236839276   0.962917236839276   0.972187927629457   0.976823273024547   0.983776291117183   0.990729309209819   1.000000000000000   1.000000000000000   1.000000000000000   1.000000000000000   0.998992484597218   0.998992484597218   0.998992484597218   1.000000000000000   1.000000000000000   1.000000000000000   0.880708926703517   1.000000000000000   0.880708926703517   1.000000000000000   
INTERFACE 1 
1 2 
5 1 
1 
INTERFACE 2 
1 3 
2 4 
1 
INTERFACE 3 
2 1 
13 2 
1 
INTERFACE 4 
2 2 
3 1 
1 
INTERFACE 5 
2 3 
4 2 
1 
INTERFACE 6 
3 2 
7 1 
-1 
INTERFACE 7 
3 3 
4 4 
-1 
INTERFACE 8 
3 4 
5 3 
1 
INTERFACE 9 
4 1 
9 2 
1 
INTERFACE 10 
4 3 
13 3 
1 
INTERFACE 11 
5 2 
6 1 
1 
INTERFACE 12 
6 2 
11 1 
1 
INTERFACE 13 
6 3 
7 3 
1 
INTERFACE 14 
7 2 
8 1 
1 
INTERFACE 15 
7 4 
9 4 
-1 
INTERFACE 16 
8 2 
15 1 
1 
INTERFACE 17 
8 3 
11 3 
1 
INTERFACE 18 
8 4 
10 4 
1 
INTERFACE 19 
9 1 
10 1 
1 
INTERFACE 20 
9 3 
12 3 
1 
INTERFACE 21 
10 2 
16 3 
1 
INTERFACE 22 
10 3 
14 4 
1 
INTERFACE 23 
11 2 
18 1 
1 
INTERFACE 24 
12 1 
14 1 
-1 
INTERFACE 25 
12 2 
13 1 
1 
INTERFACE 26 
14 2 
17 1 
-1 
INTERFACE 27 
15 2 
26 2 
1 
INTERFACE 28 
15 3 
18 3 
1 
INTERFACE 29 
15 4 
16 2 
1 
INTERFACE 30 
16 1 
17 3 
1 
INTERFACE 31 
16 4 
28 2 
1 
INTERFACE 32 
17 2 
32 2 
-1 
INTERFACE 33 
18 2 
29 2 
1 
INTERFACE 34 
19 2 
23 1 
1 
INTERFACE 35 
19 3 
20 4 
1 
INTERFACE 36 
20 1 
31 2 
1 
INTERFACE 37 
20 2 
21 1 
1 
INTERFACE 38 
20 3 
22 2 
1 
INTERFACE 39 
21 2 
25 1 
-1 
INTERFACE 40 
21 3 
22 4 
-1 
INTERFACE 41 
21 4 
23 3 
1 
INTERFACE 42 
22 1 
27 2 
1 
INTERFACE 43 
22 3 
31 3 
1 
INTERFACE 44 
23 2 
24 1 
1 
INTERFACE 45 
24 2 
29 1 
1 
INTERFACE 46 
24 3 
25 3 
1 
INTERFACE 47 
25 2 
26 1 
1 
INTERFACE 48 
25 4 
27 4 
-1 
INTERFACE 49 
26 3 
29 3 
1 
INTERFACE 50 
26 4 
28 4 
1 
INTERFACE 51 
27 1 
28 1 
1 
INTERFACE 52 
27 3 
30 3 
1 
INTERFACE 53 
28 3 
32 4 
1 
INTERFACE 54 
30 1 
32 1 
-1 
INTERFACE 55 
30 2 
31 1 
1 
BOUNDARY 1 
1 
1 1 
BOUNDARY 2 
1 
1 4 
BOUNDARY 3 
1 
5 4 
BOUNDARY 4 
1 
6 4 
BOUNDARY 5 
1 
11 4 
BOUNDARY 6 
1 
12 4 
BOUNDARY 7 
1 
13 4 
BOUNDARY 8 
1 
14 3 
BOUNDARY 9 
1 
17 4 
BOUNDARY 10 
1 
18 4 
BOUNDARY 11 
1 
19 1 
BOUNDARY 12 
1 
19 4 
BOUNDARY 13 
1 
23 4 
BOUNDARY 14 
1 
24 4 
BOUNDARY 15 
1 
29 4 
BOUNDARY 16 
1 
30 4 
BOUNDARY 17 
1 
31 4 
BOUNDARY 18 
1 
32 3 
