# nurbs mesh v.2.1
#
# 14-Jul-2024
#
2 2 32 55 0 
PATCH 1 
2 1 
4 2 
0.000000000000000   0.000000000000000   0.000000000000000   0.500000000000000   1.000000000000000   1.000000000000000   1.000000000000000   
0.000000000000000   0.000000000000000   1.000000000000000   1.000000000000000   
0.050000000000000   0.049904867452294   0.049525061277599   0.049240387650610   0.050500000000000   0.050403916126817   0.050020311890375   0.049732791527117   
0.000000000000000   0.002178893568691   0.006520098010365   0.008682408883347   0.000000000000000   0.002200682504378   0.006585298990468   0.008769232972180   
1.000000000000000   0.998097349045873   0.998097349045873   1.000000000000000   1.000000000000000   0.998097349045873   0.998097349045873   1.000000000000000   
PATCH 2 
2 1 
4 2 
0.000000000000000   0.000000000000000   0.000000000000000   0.500000000000000   1.000000000000000   1.000000000000000   1.000000000000000   
0.000000000000000   0.000000000000000   1.000000000000000   1.000000000000000   
0.048303486235447   0.048178030749527   0.047927119777688   0.047801664291768   0.050000000000000   0.049904867452294   0.049525061277599   0.049240387650610   
0.003872211967719   0.004873326921083   0.006875556827811   0.007876671781174   0.000000000000000   0.002178893568691   0.006520098010365   0.008682408883347   
1.000000000000000   1.000000000000000   1.000000000000000   1.000000000000000   1.000000000000000   0.998097349045873   0.998097349045873   1.000000000000000   
PATCH 3 
2 1 
13 2 
0.000000000000000   0.000000000000000   0.000000000000000   0.125000000000000   0.125000000000000   0.250000000000000   0.250000000000000   0.500000000000000   0.500000000000000   0.625000000000000   0.625000000000000   0.750000000000000   0.750000000000000   1.000000000000000   1.000000000000000   1.000000000000000   
0.000000000000000   0.000000000000000   1.000000000000000   1.000000000000000   
0.047801664291768   0.043876457633364   0.047721209498289   0.043748442128934   0.047566604328669   0.046622411727769   0.045678219126868   0.044917158067766   0.044892033797837   0.044866909527909   0.045577722047155   0.045340661131344   0.045103600215533   0.049240387650610   0.049122375608591   0.048142569197808   0.048123394041999   0.048008498087097   0.047688077278910   0.047339467705649   0.047214376405022   0.047132459270447   0.047149666439834   0.047143388671493   0.046923633864041   0.046551437996257   
0.007876671781174   0.007310165922583   0.008013288856815   0.007403703240140   0.008048423464779   0.007872608057437   0.007696792650095   0.007568115205630   0.007569889707110   0.007571664208590   0.007703890656016   0.007783800132244   0.007863709608472   0.008682408883347   0.009214726804819   0.009575242850271   0.010118282786003   0.010642181256739   0.011668673181416   0.012684572141848   0.013205031209454   0.013738523288197   0.014303564246704   0.014865330271935   0.015928971014982   0.016943337792926   
1.000000000000000   0.918091773904416   1.000000000000000   0.918091773904416   1.000000000000000   1.000000000000000   1.000000000000000   0.983880724070092   0.983880724070092   0.983880724070092   1.000000000000000   1.000000000000000   1.000000000000000   1.000000000000000   0.999524337261468   0.999167590207569   0.998810843153671   0.998573011784405   0.998097349045873   0.998097349045873   0.998097349045873   0.998216264730506   0.998335180415139   0.998573011784404   0.999048674522936   1.000000000000000   
PATCH 4 
2 2 
13 4 
0.000000000000000   0.000000000000000   0.000000000000000   0.250000000000000   0.250000000000000   0.375000000000000   0.375000000000000   0.500000000000000   0.500000000000000   0.750000000000000   0.750000000000000   0.875000000000000   0.875000000000000   1.000000000000000   1.000000000000000   1.000000000000000   
0.000000000000000   0.000000000000000   0.000000000000000   0.500000000000000   1.000000000000000   1.000000000000000   1.000000000000000   
0.044073556979253   0.045615835588705   0.047158114198156   0.047048919012993   0.047058688062908   0.047068457112823   0.047197190397818   0.047638710004752   0.048080229611686   0.043276719379569   0.048246481070544   0.043400988315131   0.048303486235447   0.044331067788323   0.045547041974364   0.046763016160406   0.046503416641722   0.046517024496640   0.046530632351559   0.046817447580081   0.047384635435506   0.047951823290932   0.043394650066910   0.048115163177480   0.043519855644689   0.048178030749527   0.044846089406463   0.045409454745684   0.045972820084905   0.045412411899180   0.045433697364105   0.045454982829030   0.046057961944606   0.046876486297014   0.047695010649423   0.043630511441593   0.047852527391353   0.043757590303806   0.047927119777688   0.045103600215533   0.045340661131344   0.045577722047155   0.044866909527909   0.044892033797837   0.044917158067766   0.045678219126868   0.046622411727769   0.047566604328669   0.043748442128934   0.047721209498289   0.043876457633364   0.047801664291768   
0.004807964477306   0.004288086810179   0.003768209143052   0.003755524039257   0.003753290782952   0.003751057526646   0.003759276117831   0.003704082046823   0.003648887975815   0.003266821903859   0.003705943302464   0.003391128337827   0.003872211967719   0.005571900760098   0.005162015140695   0.004752129521293   0.004709559081590   0.004707440513991   0.004705321946392   0.004743655250897   0.004746213549477   0.004748771848056   0.004301042237930   0.004782779691052   0.004370887734016   0.004873326921083   0.007099773325680   0.006909871801728   0.006719970277775   0.006617629166257   0.006615739976070   0.006613850785884   0.006712413517029   0.006830476554784   0.006948539592538   0.006369482906070   0.006936452468227   0.006330406526394   0.006875556827811   0.007863709608472   0.007783800132244   0.007703890656016   0.007571664208590   0.007569889707110   0.007568115205630   0.007696792650095   0.007872608057437   0.008048423464779   0.007403703240140   0.008013288856815   0.007310165922583   0.007876671781174   
1.000000000000000   1.000000000000000   1.000000000000000   0.997483121071095   0.997483121071095   0.997483121071095   1.000000000000000   1.000000000000000   1.000000000000000   0.898280100137910   1.000000000000000   0.898280100137910   1.000000000000000   1.000000000000000   1.000000000000000   1.000000000000000   0.994082521820844   0.994082521820844   0.994082521820844   1.000000000000000   1.000000000000000   1.000000000000000   0.903233018579536   1.000000000000000   0.903233018579536   1.000000000000000   1.000000000000000   1.000000000000000   1.000000000000000   0.987281323320342   0.987281323320342   0.987281323320342   1.000000000000000   1.000000000000000   1.000000000000000   0.913138855462789   1.000000000000000   0.913138855462789   1.000000000000000   1.000000000000000   1.000000000000000   1.000000000000000   0.983880724070092   0.983880724070092   0.983880724070092   1.000000000000000   1.000000000000000   1.000000000000000   0.918091773904416   1.000000000000000   0.918091773904416   1.000000000000000   
PATCH 5 
2 1 
13 2 
0.000000000000000   0.000000000000000   0.000000000000000   0.125000000000000   0.125000000000000   0.250000000000000   0.250000000000000   0.500000000000000   0.500000000000000   0.625000000000000   0.625000000000000   0.750000000000000   0.750000000000000   1.000000000000000   1.000000000000000   1.000000000000000   
0.000000000000000   0.000000000000000   1.000000000000000   1.000000000000000   
0.049240387650610   0.049122375608591   0.048142569197808   0.048123394041999   0.048008498087097   0.047688077278910   0.047339467705649   0.047214376405022   0.047132459270447   0.047149666439834   0.047143388671493   0.046923633864041   0.046551437996257   0.049732791527117   0.049613599364677   0.049488606583825   0.049363613802972   0.049232820403708   0.048971233605179   0.048686444333000   0.048544049696911   0.048395854442409   0.048247659187908   0.048093663314994   0.047785671569166   0.047454477349688   
0.008682408883347   0.009214726804819   0.009575242850271   0.010118282786003   0.010642181256739   0.011668673181416   0.012684572141848   0.013205031209454   0.013738523288197   0.014303564246704   0.014865330271935   0.015928971014982   0.016943337792926   0.008769232972180   0.009306874072867   0.009842960902535   0.010379047732203   0.010913580290852   0.011982645408149   0.013045493441370   0.013576917457981   0.014106787203572   0.014636656949163   0.015164972423735   0.016221603372879   0.017272017237946   
1.000000000000000   0.999524337261468   0.999167590207569   0.998810843153671   0.998573011784405   0.998097349045873   0.998097349045873   0.998097349045873   0.998216264730506   0.998335180415139   0.998573011784404   0.999048674522936   1.000000000000000   1.000000000000000   0.999524337261468   0.999167590207569   0.998810843153671   0.998573011784405   0.998097349045873   0.998097349045873   0.998097349045873   0.998216264730506   0.998335180415139   0.998573011784404   0.999048674522936   1.000000000000000   
PATCH 6 
2 1 
6 2 
0.000000000000000   0.000000000000000   0.000000000000000   0.250000000000000   0.500000000000000   0.750000000000000   1.000000000000000   1.000000000000000   1.000000000000000   
0.000000000000000   0.000000000000000   1.000000000000000   1.000000000000000   
0.046551437996257   0.046372939039278   0.045471465917689   0.044471585208258   0.043636052048339   0.043288671706545   0.047454477349688   0.047032993823604   0.046146485990198   0.045216437375554   0.044242847979673   0.043734282891114   
0.016943337792926   0.018032895109650   0.020007360003106   0.021931533204226   0.023940147705545   0.024992726262635   0.017272017237946   0.018289568482936   0.020304367573183   0.022298863263696   0.024273055554476   0.025250000000000   
1.000000000000000   0.999048674522936   0.998097349045873   0.998097349045873   0.999048674522936   1.000000000000000   1.000000000000000   0.999048674522936   0.998097349045873   0.998097349045873   0.999048674522936   1.000000000000000   
PATCH 7 
2 1 
6 2 
0.000000000000000   0.000000000000000   0.000000000000000   0.250000000000000   0.500000000000000   0.750000000000000   1.000000000000000   1.000000000000000   1.000000000000000   
0.000000000000000   0.000000000000000   1.000000000000000   1.000000000000000   
0.046551437996257   0.046372939039278   0.045471465917689   0.044471585208258   0.043636052048339   0.043288671706545   0.045103600215533   0.042027475017997   0.035875224622925   0.029722974227853   0.023570723832781   0.020494598635245   
0.016943337792926   0.018032895109650   0.020007360003106   0.021931533204226   0.023940147705545   0.024992726262635   0.007863709608472   0.008900622642009   0.010974448709082   0.013048274776156   0.015122100843229   0.016159013876766   
1.000000000000000   0.999048674522936   0.998097349045873   0.998097349045873   0.999048674522936   1.000000000000000   1.000000000000000   1.000000000000000   1.000000000000000   1.000000000000000   1.000000000000000   1.000000000000000   
PATCH 8 
2 1 
13 2 
0.000000000000000   0.000000000000000   0.000000000000000   0.250000000000000   0.250000000000000   0.375000000000000   0.375000000000000   0.500000000000000   0.500000000000000   0.750000000000000   0.750000000000000   0.875000000000000   0.875000000000000   1.000000000000000   1.000000000000000   1.000000000000000   
0.000000000000000   0.000000000000000   1.000000000000000   1.000000000000000   
0.043288671706545   0.042425349624968   0.041519068190095   0.041052227475849   0.040561756715056   0.040014552306379   0.039620499951524   0.038279620806970   0.036785025943951   0.036265154908311   0.035721276042697   0.035246689986190   0.034748906892812   0.020494598635245   0.019938044359745   0.019381490084245   0.019242651110734   0.019228559262774   0.019214467414814   0.019325122692405   0.018813988175820   0.018302853659234   0.016007773163989   0.015942354734465   0.015876936304941   0.018041179941138   
0.024992726262635   0.026304467905774   0.027584462538723   0.028215124352127   0.028827929758551   0.029397786714868   0.030079822664451   0.031008096118737   0.031765574774084   0.032325404890039   0.032862483355235   0.033462201022894   0.034042213016056   0.016159013876766   0.016346619499125   0.016534225121483   0.016433748403989   0.016441176380218   0.016448604356447   0.016563937026399   0.016948549831356   0.017333162636314   0.015248732239682   0.015244134974424   0.015239537709166   0.017314773575283   
1.000000000000000   0.998025550172528   0.997038325258791   0.996544712801923   0.996297906573489   0.996051100345055   0.996051100345055   0.996051100345055   0.997038325258791   0.997531937715659   0.998272356400961   0.999012775086264   1.000000000000000   1.000000000000000   1.000000000000000   1.000000000000000   0.993615361142045   0.993615361142045   0.993615361142045   1.000000000000000   1.000000000000000   1.000000000000000   0.877468350685277   0.877468350685277   0.877468350685277   1.000000000000000   
PATCH 9 
2 2 
6 4 
0.000000000000000   0.000000000000000   0.000000000000000   0.250000000000000   0.500000000000000   0.750000000000000   1.000000000000000   1.000000000000000   1.000000000000000   
0.000000000000000   0.000000000000000   0.000000000000000   0.500000000000000   1.000000000000000   1.000000000000000   1.000000000000000   
0.019464555398965   0.022540680596501   0.028692930991573   0.034845181386645   0.040997431781717   0.044073556979253   0.019722066208035   0.022798191405571   0.028950441800643   0.035102692195715   0.041254942590787   0.044331067788323   0.020237087826175   0.023313213023711   0.029465463418783   0.035617713813855   0.041769964208927   0.044846089406463   0.020494598635245   0.023570723832781   0.029722974227853   0.035875224622925   0.042027475017997   0.045103600215533   
0.013103268745601   0.012066355712064   0.009992529644990   0.007918703577917   0.005844877510843   0.004807964477306   0.013867205028392   0.012830291994855   0.010756465927782   0.008682639860708   0.006608813793634   0.005571900760098   0.015395077593975   0.014358164560438   0.012284338493364   0.010210512426291   0.008136686359217   0.007099773325680   0.016159013876766   0.015122100843229   0.013048274776156   0.010974448709082   0.008900622642009   0.007863709608472   
1.000000000000000   1.000000000000000   1.000000000000000   1.000000000000000   1.000000000000000   1.000000000000000   1.000000000000000   1.000000000000000   1.000000000000000   1.000000000000000   1.000000000000000   1.000000000000000   1.000000000000000   1.000000000000000   1.000000000000000   1.000000000000000   1.000000000000000   1.000000000000000   1.000000000000000   1.000000000000000   1.000000000000000   1.000000000000000   1.000000000000000   1.000000000000000   
PATCH 10 
2 2 
13 4 
0.000000000000000   0.000000000000000   0.000000000000000   0.250000000000000   0.250000000000000   0.375000000000000   0.375000000000000   0.500000000000000   0.500000000000000   0.750000000000000   0.750000000000000   0.875000000000000   0.875000000000000   1.000000000000000   1.000000000000000   1.000000000000000   
0.000000000000000   0.000000000000000   0.000000000000000   0.500000000000000   1.000000000000000   1.000000000000000   1.000000000000000   
0.019464555398965   0.018931757639950   0.018398959880934   0.018258027247688   0.018241785735534   0.018225544223379   0.018333993832315   0.016498709383132   0.014663424933948   0.012069835178694   0.014477775479896   0.011984064543547   0.014520922499111   0.019722066208035   0.019183329319899   0.018644592431762   0.018504183213450   0.018488479117344   0.018472775021238   0.018581776047337   0.017077529081304   0.015573282115270   0.013054319675018   0.014843920293538   0.012957282483896   0.015400986859618   0.020237087826175   0.019686472679796   0.019135857533417   0.018996495144972   0.018981865880964   0.018967236616955   0.019077340477382   0.018235168477648   0.017392996477913   0.015023288667665   0.015576209920823   0.014903718364593   0.017161115580631   0.020494598635245   0.019938044359745   0.019381490084245   0.019242651110734   0.019228559262774   0.019214467414814   0.019325122692405   0.018813988175820   0.018302853659234   0.016007773163989   0.015942354734465   0.015876936304941   0.018041179941138   
0.013103268745601   0.013282866422901   0.013462464100201   0.013376005784012   0.013378624473004   0.013381243161996   0.013472938856169   0.013463018277518   0.013453097698866   0.011175129672158   0.013576058975061   0.011380625641412   0.013794516133255   0.013867205028392   0.014048804691957   0.014230404355522   0.014140441439006   0.014144262449807   0.014148083460609   0.014245688398727   0.014334401165977   0.014423113933228   0.012193530314039   0.013993077974902   0.012345353658351   0.014674580493762   0.015395077593975   0.015580681230069   0.015766284866163   0.015669312748995   0.015675538403415   0.015681764057834   0.015791187483841   0.016077166942897   0.016363146401952   0.014230331597801   0.014827115974583   0.014274809692228   0.016434709214776   0.016159013876766   0.016346619499125   0.016534225121483   0.016433748403989   0.016441176380218   0.016448604356447   0.016563937026399   0.016948549831356   0.017333162636314   0.015248732239682   0.015244134974424   0.015239537709166   0.017314773575283   
1.000000000000000   1.000000000000000   1.000000000000000   0.993187483389669   0.993187483389669   0.993187483389669   1.000000000000000   1.000000000000000   1.000000000000000   0.830718080814357   1.000000000000000   0.830718080814357   1.000000000000000   1.000000000000000   1.000000000000000   1.000000000000000   0.993294452827763   0.993294452827763   0.993294452827763   1.000000000000000   1.000000000000000   1.000000000000000   0.842405648282087   0.969367087671319   0.842405648282087   1.000000000000000   1.000000000000000   1.000000000000000   1.000000000000000   0.993508391703951   0.993508391703951   0.993508391703951   1.000000000000000   1.000000000000000   1.000000000000000   0.865780783217547   0.908101263013958   0.865780783217547   1.000000000000000   1.000000000000000   1.000000000000000   1.000000000000000   0.993615361142045   0.993615361142045   0.993615361142045   1.000000000000000   1.000000000000000   1.000000000000000   0.877468350685277   0.877468350685277   0.877468350685277   1.000000000000000   
PATCH 11 
2 1 
13 2 
0.000000000000000   0.000000000000000   0.000000000000000   0.250000000000000   0.250000000000000   0.375000000000000   0.375000000000000   0.500000000000000   0.500000000000000   0.750000000000000   0.750000000000000   0.875000000000000   0.875000000000000   1.000000000000000   1.000000000000000   1.000000000000000   
0.000000000000000   0.000000000000000   1.000000000000000   1.000000000000000   
0.043288671706545   0.042425349624968   0.041519068190095   0.041052227475849   0.040561756715056   0.040014552306379   0.039620499951524   0.038279620806970   0.036785025943951   0.036265154908311   0.035721276042697   0.035246689986190   0.034748906892812   0.043734282891114   0.043142506727484   0.042531053738569   0.042225327244111   0.041914681543332   0.041604035842553   0.041288470935453   0.040657341121252   0.040006534481766   0.039681131162023   0.039350808635958   0.039020486109894   0.038685244377508   
0.024992726262635   0.026304467905774   0.027584462538723   0.028215124352127   0.028827929758551   0.029397786714868   0.030079822664451   0.031008096118737   0.031765574774084   0.032325404890039   0.032862483355235   0.033462201022894   0.034042213016056   0.025250000000000   0.026178902508932   0.027094027156471   0.027551589480241   0.028005707338662   0.028459825197083   0.028910498590156   0.029811845376303   0.030699414301056   0.031143198763433   0.031583538760461   0.032023878757490   0.032460774289170   
1.000000000000000   0.998025550172528   0.997038325258791   0.996544712801923   0.996297906573489   0.996051100345055   0.996051100345055   0.996051100345055   0.997038325258791   0.997531937715659   0.998272356400961   0.999012775086264   1.000000000000000   1.000000000000000   0.999048674522937   0.998573011784405   0.998335180415139   0.998216264730506   0.998097349045873   0.998097349045873   0.998097349045873   0.998573011784405   0.998810843153671   0.999167590207569   0.999524337261468   1.000000000000000   
PATCH 12 
2 1 
6 2 
0.000000000000000   0.000000000000000   0.000000000000000   0.250000000000000   0.500000000000000   0.750000000000000   1.000000000000000   1.000000000000000   1.000000000000000   
0.000000000000000   0.000000000000000   1.000000000000000   1.000000000000000   
0.019464555398965   0.022540680596501   0.028692930991573   0.034845181386645   0.040997431781717   0.044073556979253   0.014550000000000   0.018240444622407   0.025621333867220   0.033002223112033   0.040383112356846   0.044073556979253   
0.013103268745601   0.012066355712064   0.009992529644990   0.007918703577917   0.005844877510843   0.004807964477306   0.000000000000000   0.000000000000000   0.000000000000000   0.000000000000000   0.000000000000000   0.000000000000000   
1.000000000000000   1.000000000000000   1.000000000000000   1.000000000000000   1.000000000000000   1.000000000000000   1.000000000000000   1.000000000000000   1.000000000000000   1.000000000000000   1.000000000000000   1.000000000000000   
PATCH 13 
2 1 
13 2 
0.000000000000000   0.000000000000000   0.000000000000000   0.250000000000000   0.250000000000000   0.375000000000000   0.375000000000000   0.500000000000000   0.500000000000000   0.750000000000000   0.750000000000000   0.875000000000000   0.875000000000000   1.000000000000000   1.000000000000000   1.000000000000000   
0.000000000000000   0.000000000000000   1.000000000000000   1.000000000000000   
0.044073556979253   0.045615835588705   0.047158114198156   0.047048919012993   0.047058688062908   0.047068457112823   0.047197190397818   0.047638710004752   0.048080229611686   0.043276719379569   0.048246481070544   0.043400988315131   0.048303486235447   0.044073556979253   0.044814362356846   0.045555167734440   0.045925570423236   0.046295973112033   0.046666375800830   0.047036778489626   0.047777583867220   0.048518389244813   0.048888791933610   0.049259194622407   0.049629597311203   0.050000000000000   
0.004807964477306   0.004288086810179   0.003768209143052   0.003755524039257   0.003753290782952   0.003751057526646   0.003759276117831   0.003704082046823   0.003648887975815   0.003266821903859   0.003705943302464   0.003391128337827   0.003872211967719   0.000000000000000   0.000000000000000   0.000000000000000   0.000000000000000   0.000000000000000   0.000000000000000   0.000000000000000   0.000000000000000   0.000000000000000   0.000000000000000   0.000000000000000   0.000000000000000   0.000000000000000   
1.000000000000000   1.000000000000000   1.000000000000000   0.997483121071095   0.997483121071095   0.997483121071095   1.000000000000000   1.000000000000000   1.000000000000000   0.898280100137910   1.000000000000000   0.898280100137910   1.000000000000000   1.000000000000000   1.000000000000000   1.000000000000000   1.000000000000000   1.000000000000000   1.000000000000000   1.000000000000000   1.000000000000000   1.000000000000000   1.000000000000000   1.000000000000000   1.000000000000000   1.000000000000000   
PATCH 14 
2 1 
13 2 
0.000000000000000   0.000000000000000   0.000000000000000   0.250000000000000   0.250000000000000   0.375000000000000   0.375000000000000   0.500000000000000   0.500000000000000   0.750000000000000   0.750000000000000   0.875000000000000   0.875000000000000   1.000000000000000   1.000000000000000   1.000000000000000   
0.000000000000000   0.000000000000000   1.000000000000000   1.000000000000000   
0.014550000000000   0.014280217208568   0.013885547523764   0.013688212681362   0.013459656115617   0.013231099549872   0.012971321260784   0.012451764682608   0.011807321211060   0.011485099475286   0.011131656016169   0.010778212557052   0.010393547374592   0.019464555398965   0.018931757639950   0.018398959880934   0.018258027247688   0.018241785735534   0.018225544223379   0.018333993832315   0.016498709383132   0.014663424933948   0.012069835178694   0.014477775479896   0.011984064543547   0.014520922499111   
0.000000000000000   0.001374731629488   0.002698483336437   0.003360359189912   0.004009490062751   0.004658620935591   0.005295006827796   0.006567778612206   0.007789570474076   0.008400466405011   0.008998617355312   0.009596768305612   0.010182174275277   0.013103268745601   0.013282866422901   0.013462464100201   0.013376005784012   0.013378624473004   0.013381243161996   0.013472938856169   0.013463018277518   0.013453097698866   0.011175129672158   0.013576058975061   0.011380625641412   0.013794516133255   
1.000000000000000   0.981458227392985   0.972187341089478   0.967551897937724   0.965234176361847   0.962916454785970   0.962916454785970   0.962916454785970   0.972187341089478   0.976822784241231   0.983775948968862   0.990729113696493   1.000000000000000   1.000000000000000   1.000000000000000   1.000000000000000   0.993187483389669   0.993187483389669   0.993187483389669   1.000000000000000   1.000000000000000   1.000000000000000   0.830718080814357   1.000000000000000   0.830718080814357   1.000000000000000   
PATCH 15 
2 1 
4 2 
0.000000000000000   0.000000000000000   0.000000000000000   0.500000000000000   1.000000000000000   1.000000000000000   1.000000000000000   
0.000000000000000   0.000000000000000   1.000000000000000   1.000000000000000   
0.034748906892812   0.034587242676103   0.034233751669581   0.034042213016056   0.018041179941138   0.017859578349675   0.017496375166747   0.017314773575283   
0.034042213016056   0.034233751669581   0.034587242676103   0.034748906892812   0.017314773575283   0.017496375166747   0.017859578349675   0.018041179941138   
1.000000000000000   0.999973618777636   0.999973618777636   1.000000000000000   1.000000000000000   1.000000000000000   1.000000000000000   1.000000000000000   
PATCH 16 
2 2 
4 4 
0.000000000000000   0.000000000000000   0.000000000000000   0.500000000000000   1.000000000000000   1.000000000000000   1.000000000000000   
0.000000000000000   0.000000000000000   0.000000000000000   0.500000000000000   1.000000000000000   1.000000000000000   1.000000000000000   
0.014520922499111   0.015400986859618   0.017161115580631   0.018041179941138   0.014339320907647   0.015219385268154   0.016979513989168   0.017859578349675   0.013976117724719   0.014856182085226   0.016616310806240   0.017496375166747   0.013794516133255   0.014674580493762   0.016434709214776   0.017314773575283   
0.013794516133255   0.014674580493762   0.016434709214776   0.017314773575283   0.013976117724719   0.014856182085226   0.016616310806240   0.017496375166747   0.014339320907647   0.015219385268154   0.016979513989168   0.017859578349675   0.014520922499111   0.015400986859618   0.017161115580631   0.018041179941138   
1.000000000000000   1.000000000000000   1.000000000000000   1.000000000000000   1.000000000000000   1.000000000000000   1.000000000000000   1.000000000000000   1.000000000000000   1.000000000000000   1.000000000000000   1.000000000000000   1.000000000000000   1.000000000000000   1.000000000000000   1.000000000000000   
PATCH 17 
2 1 
4 2 
0.000000000000000   0.000000000000000   0.000000000000000   0.500000000000000   1.000000000000000   1.000000000000000   1.000000000000000   
0.000000000000000   0.000000000000000   1.000000000000000   1.000000000000000   
0.014520922499111   0.014339320907647   0.013976117724719   0.013794516133255   0.010393547374592   0.010340975520428   0.010235288970771   0.010182174275277   
0.013794516133255   0.013976117724719   0.014339320907647   0.014520922499111   0.010182174275277   0.010235288970771   0.010340975520428   0.010393547374592   
1.000000000000000   1.000000000000000   1.000000000000000   1.000000000000000   1.000000000000000   0.999973618777636   0.999973618777636   1.000000000000000   
PATCH 18 
2 1 
4 2 
0.000000000000000   0.000000000000000   0.000000000000000   0.500000000000000   1.000000000000000   1.000000000000000   1.000000000000000   
0.000000000000000   0.000000000000000   1.000000000000000   1.000000000000000   
0.034748906892812   0.034587242676103   0.034233751669581   0.034042213016056   0.038685244377508   0.037197068413715   0.034084833369545   0.032460774289170   
0.034042213016056   0.034233751669581   0.034587242676103   0.034748906892812   0.032460774289170   0.034084833369545   0.037197068413715   0.038685244377508   
1.000000000000000   0.999973618777636   0.999973618777636   1.000000000000000   1.000000000000000   0.998097349045873   0.998097349045873   1.000000000000000   
PATCH 19 
2 1 
4 2 
0.000000000000000   0.000000000000000   0.000000000000000   0.500000000000000   1.000000000000000   1.000000000000000   1.000000000000000   
0.000000000000000   0.000000000000000   1.000000000000000   1.000000000000000   
0.000000000000000   0.002178893568691   0.006520098010365   0.008682408883347   0.000000000000000   0.002200682504378   0.006585298990468   0.008769232972180   
0.050000000000000   0.049904867452294   0.049525061277599   0.049240387650610   0.050500000000000   0.050403916126817   0.050020311890375   0.049732791527117   
1.000000000000000   0.998097349045873   0.998097349045873   1.000000000000000   1.000000000000000   0.998097349045873   0.998097349045873   1.000000000000000   
PATCH 20 
2 1 
4 2 
0.000000000000000   0.000000000000000   0.000000000000000   0.500000000000000   1.000000000000000   1.000000000000000   1.000000000000000   
0.000000000000000   0.000000000000000   1.000000000000000   1.000000000000000   
0.003872211967719   0.004873326921083   0.006875556827811   0.007876671781174   0.000000000000000   0.002178893568691   0.006520098010365   0.008682408883347   
0.048303486235447   0.048178030749527   0.047927119777688   0.047801664291768   0.050000000000000   0.049904867452294   0.049525061277599   0.049240387650610   
1.000000000000000   1.000000000000000   1.000000000000000   1.000000000000000   1.000000000000000   0.998097349045873   0.998097349045873   1.000000000000000   
PATCH 21 
2 1 
13 2 
0.000000000000000   0.000000000000000   0.000000000000000   0.125000000000000   0.125000000000000   0.250000000000000   0.250000000000000   0.500000000000000   0.500000000000000   0.625000000000000   0.625000000000000   0.750000000000000   0.750000000000000   1.000000000000000   1.000000000000000   1.000000000000000   
0.000000000000000   0.000000000000000   1.000000000000000   1.000000000000000   
0.007876671781174   0.007310165922583   0.008013288856815   0.007403703240140   0.008048423464779   0.007872608057437   0.007696792650095   0.007568115205630   0.007569889707110   0.007571664208590   0.007703890656016   0.007783800132244   0.007863709608472   0.008682408883347   0.009214726804819   0.009575242850271   0.010118282786003   0.010642181256739   0.011668673181416   0.012684572141848   0.013205031209454   0.013738523288197   0.014303564246704   0.014865330271935   0.015928971014982   0.016943337792926   
0.047801664291768   0.043876457633364   0.047721209498289   0.043748442128934   0.047566604328669   0.046622411727769   0.045678219126868   0.044917158067766   0.044892033797837   0.044866909527909   0.045577722047155   0.045340661131344   0.045103600215533   0.049240387650610   0.049122375608591   0.048142569197808   0.048123394041999   0.048008498087097   0.047688077278910   0.047339467705649   0.047214376405022   0.047132459270447   0.047149666439834   0.047143388671493   0.046923633864041   0.046551437996257   
1.000000000000000   0.918091773904416   1.000000000000000   0.918091773904416   1.000000000000000   1.000000000000000   1.000000000000000   0.983880724070092   0.983880724070092   0.983880724070092   1.000000000000000   1.000000000000000   1.000000000000000   1.000000000000000   0.999524337261468   0.999167590207569   0.998810843153671   0.998573011784405   0.998097349045873   0.998097349045873   0.998097349045873   0.998216264730506   0.998335180415139   0.998573011784404   0.999048674522936   1.000000000000000   
PATCH 22 
2 2 
13 4 
0.000000000000000   0.000000000000000   0.000000000000000   0.250000000000000   0.250000000000000   0.375000000000000   0.375000000000000   0.500000000000000   0.500000000000000   0.750000000000000   0.750000000000000   0.875000000000000   0.875000000000000   1.000000000000000   1.000000000000000   1.000000000000000   
0.000000000000000   0.000000000000000   0.000000000000000   0.500000000000000   1.000000000000000   1.000000000000000   1.000000000000000   
0.004807964477306   0.004288086810179   0.003768209143052   0.003755524039257   0.003753290782952   0.003751057526646   0.003759276117831   0.003704082046823   0.003648887975815   0.003266821903859   0.003705943302464   0.003391128337827   0.003872211967719   0.005571900760098   0.005162015140695   0.004752129521293   0.004709559081590   0.004707440513991   0.004705321946392   0.004743655250897   0.004746213549477   0.004748771848056   0.004301042237930   0.004782779691052   0.004370887734016   0.004873326921083   0.007099773325680   0.006909871801728   0.006719970277775   0.006617629166257   0.006615739976070   0.006613850785884   0.006712413517029   0.006830476554784   0.006948539592538   0.006369482906070   0.006936452468227   0.006330406526394   0.006875556827811   0.007863709608472   0.007783800132244   0.007703890656016   0.007571664208590   0.007569889707110   0.007568115205630   0.007696792650095   0.007872608057437   0.008048423464779   0.007403703240140   0.008013288856815   0.007310165922583   0.007876671781174   
0.044073556979253   0.045615835588705   0.047158114198156   0.047048919012993   0.047058688062908   0.047068457112823   0.047197190397818   0.047638710004752   0.048080229611686   0.043276719379569   0.048246481070544   0.043400988315131   0.048303486235447   0.044331067788323   0.045547041974364   0.046763016160406   0.046503416641722   0.046517024496640   0.046530632351559   0.046817447580081   0.047384635435506   0.047951823290932   0.043394650066910   0.048115163177480   0.043519855644689   0.048178030749527   0.044846089406463   0.045409454745684   0.045972820084905   0.045412411899180   0.045433697364105   0.045454982829030   0.046057961944606   0.046876486297014   0.047695010649423   0.043630511441593   0.047852527391353   0.043757590303806   0.047927119777688   0.045103600215533   0.045340661131344   0.045577722047155   0.044866909527909   0.044892033797837   0.044917158067766   0.045678219126868   0.046622411727769   0.047566604328669   0.043748442128934   0.047721209498289   0.043876457633364   0.047801664291768   
1.000000000000000   1.000000000000000   1.000000000000000   0.997483121071095   0.997483121071095   0.997483121071095   1.000000000000000   1.000000000000000   1.000000000000000   0.898280100137910   1.000000000000000   0.898280100137910   1.000000000000000   1.000000000000000   1.000000000000000   1.000000000000000   0.994082521820844   0.994082521820844   0.994082521820844   1.000000000000000   1.000000000000000   1.000000000000000   0.903233018579536   1.000000000000000   0.903233018579536   1.000000000000000   1.000000000000000   1.000000000000000   1.000000000000000   0.987281323320342   0.987281323320342   0.987281323320342   1.000000000000000   1.000000000000000   1.000000000000000   0.913138855462789   1.000000000000000   0.913138855462789   1.000000000000000   1.000000000000000   1.000000000000000   1.000000000000000   0.983880724070092   0.983880724070092   0.983880724070092   1.000000000000000   1.000000000000000   1.000000000000000   0.918091773904416   1.000000000000000   0.918091773904416   1.000000000000000   
PATCH 23 
2 1 
13 2 
0.000000000000000   0.000000000000000   0.000000000000000   0.125000000000000   0.125000000000000   0.250000000000000   0.250000000000000   0.500000000000000   0.500000000000000   0.625000000000000   0.625000000000000   0.750000000000000   0.750000000000000   1.000000000000000   1.000000000000000   1.000000000000000   
0.000000000000000   0.000000000000000   1.000000000000000   1.000000000000000   
0.008682408883347   0.009214726804819   0.009575242850271   0.010118282786003   0.010642181256739   0.011668673181416   0.012684572141848   0.013205031209454   0.013738523288197   0.014303564246704   0.014865330271935   0.015928971014982   0.016943337792926   0.008769232972180   0.009306874072867   0.009842960902535   0.010379047732203   0.010913580290852   0.011982645408149   0.013045493441370   0.013576917457981   0.014106787203572   0.014636656949163   0.015164972423735   0.016221603372879   0.017272017237946   
0.049240387650610   0.049122375608591   0.048142569197808   0.048123394041999   0.048008498087097   0.047688077278910   0.047339467705649   0.047214376405022   0.047132459270447   0.047149666439834   0.047143388671493   0.046923633864041   0.046551437996257   0.049732791527117   0.049613599364677   0.049488606583825   0.049363613802972   0.049232820403708   0.048971233605179   0.048686444333000   0.048544049696911   0.048395854442409   0.048247659187908   0.048093663314994   0.047785671569166   0.047454477349688   
1.000000000000000   0.999524337261468   0.999167590207569   0.998810843153671   0.998573011784405   0.998097349045873   0.998097349045873   0.998097349045873   0.998216264730506   0.998335180415139   0.998573011784404   0.999048674522936   1.000000000000000   1.000000000000000   0.999524337261468   0.999167590207569   0.998810843153671   0.998573011784405   0.998097349045873   0.998097349045873   0.998097349045873   0.998216264730506   0.998335180415139   0.998573011784404   0.999048674522936   1.000000000000000   
PATCH 24 
2 1 
6 2 
0.000000000000000   0.000000000000000   0.000000000000000   0.250000000000000   0.500000000000000   0.750000000000000   1.000000000000000   1.000000000000000   1.000000000000000   
0.000000000000000   0.000000000000000   1.000000000000000   1.000000000000000   
0.016943337792926   0.018032895109650   0.020007360003106   0.021931533204226   0.023940147705545   0.024992726262635   0.017272017237946   0.018289568482936   0.020304367573183   0.022298863263696   0.024273055554476   0.025250000000000   
0.046551437996257   0.046372939039278   0.045471465917689   0.044471585208258   0.043636052048339   0.043288671706545   0.047454477349688   0.047032993823604   0.046146485990198   0.045216437375554   0.044242847979673   0.043734282891114   
1.000000000000000   0.999048674522936   0.998097349045873   0.998097349045873   0.999048674522936   1.000000000000000   1.000000000000000   0.999048674522936   0.998097349045873   0.998097349045873   0.999048674522936   1.000000000000000   
PATCH 25 
2 1 
6 2 
0.000000000000000   0.000000000000000   0.000000000000000   0.250000000000000   0.500000000000000   0.750000000000000   1.000000000000000   1.000000000000000   1.000000000000000   
0.000000000000000   0.000000000000000   1.000000000000000   1.000000000000000   
0.016943337792926   0.018032895109650   0.020007360003106   0.021931533204226   0.023940147705545   0.024992726262635   0.007863709608472   0.008900622642009   0.010974448709082   0.013048274776156   0.015122100843229   0.016159013876766   
0.046551437996257   0.046372939039278   0.045471465917689   0.044471585208258   0.043636052048339   0.043288671706545   0.045103600215533   0.042027475017997   0.035875224622925   0.029722974227853   0.023570723832781   0.020494598635245   
1.000000000000000   0.999048674522936   0.998097349045873   0.998097349045873   0.999048674522936   1.000000000000000   1.000000000000000   1.000000000000000   1.000000000000000   1.000000000000000   1.000000000000000   1.000000000000000   
PATCH 26 
2 1 
13 2 
0.000000000000000   0.000000000000000   0.000000000000000   0.250000000000000   0.250000000000000   0.375000000000000   0.375000000000000   0.500000000000000   0.500000000000000   0.750000000000000   0.750000000000000   0.875000000000000   0.875000000000000   1.000000000000000   1.000000000000000   1.000000000000000   
0.000000000000000   0.000000000000000   1.000000000000000   1.000000000000000   
0.024992726262635   0.026304467905774   0.027584462538723   0.028215124352127   0.028827929758551   0.029397786714868   0.030079822664451   0.031008096118737   0.031765574774084   0.032325404890039   0.032862483355235   0.033462201022894   0.034042213016056   0.016159013876766   0.016346619499125   0.016534225121483   0.016433748403989   0.016441176380218   0.016448604356447   0.016563937026399   0.016948549831356   0.017333162636314   0.015248732239682   0.015244134974424   0.015239537709166   0.017314773575283   
0.043288671706545   0.042425349624968   0.041519068190095   0.041052227475849   0.040561756715056   0.040014552306379   0.039620499951524   0.038279620806970   0.036785025943951   0.036265154908311   0.035721276042697   0.035246689986190   0.034748906892812   0.020494598635245   0.019938044359745   0.019381490084245   0.019242651110734   0.019228559262774   0.019214467414814   0.019325122692405   0.018813988175820   0.018302853659234   0.016007773163989   0.015942354734465   0.015876936304941   0.018041179941138   
1.000000000000000   0.998025550172528   0.997038325258791   0.996544712801923   0.996297906573489   0.996051100345055   0.996051100345055   0.996051100345055   0.997038325258791   0.997531937715659   0.998272356400961   0.999012775086264   1.000000000000000   1.000000000000000   1.000000000000000   1.000000000000000   0.993615361142045   0.993615361142045   0.993615361142045   1.000000000000000   1.000000000000000   1.000000000000000   0.877468350685277   0.877468350685277   0.877468350685277   1.000000000000000   
PATCH 27 
2 2 
6 4 
0.000000000000000   0.000000000000000   0.000000000000000   0.250000000000000   0.500000000000000   0.750000000000000   1.000000000000000   1.000000000000000   1.000000000000000   
0.000000000000000   0.000000000000000   0.000000000000000   0.500000000000000   1.000000000000000   1.000000000000000   1.000000000000000   
0.013103268745601   0.012066355712064   0.009992529644990   0.007918703577917   0.005844877510843   0.004807964477306   0.013867205028392   0.012830291994855   0.010756465927782   0.008682639860708   0.006608813793634   0.005571900760098   0.015395077593975   0.014358164560438   0.012284338493364   0.010210512426291   0.008136686359217   0.007099773325680   0.016159013876766   0.015122100843229   0.013048274776156   0.010974448709082   0.008900622642009   0.007863709608472   
0.019464555398965   0.022540680596501   0.028692930991573   0.034845181386645   0.040997431781717   0.044073556979253   0.019722066208035   0.022798191405571   0.028950441800643   0.035102692195715   0.041254942590787   0.044331067788323   0.020237087826175   0.023313213023711   0.029465463418783   0.035617713813855   0.041769964208927   0.044846089406463   0.020494598635245   0.023570723832781   0.029722974227853   0.035875224622925   0.042027475017997   0.045103600215533   
1.000000000000000   1.000000000000000   1.000000000000000   1.000000000000000   1.000000000000000   1.000000000000000   1.000000000000000   1.000000000000000   1.000000000000000   1.000000000000000   1.000000000000000   1.000000000000000   1.000000000000000   1.000000000000000   1.000000000000000   1.000000000000000   1.000000000000000   1.000000000000000   1.000000000000000   1.000000000000000   1.000000000000000   1.000000000000000   1.000000000000000   1.000000000000000   
PATCH 28 
2 2 
13 4 
0.000000000000000   0.000000000000000   0.000000000000000   0.250000000000000   0.250000000000000   0.375000000000000   0.375000000000000   0.500000000000000   0.500000000000000   0.750000000000000   0.750000000000000   0.875000000000000   0.875000000000000   1.000000000000000   1.000000000000000   1.000000000000000   
0.000000000000000   0.000000000000000   0.000000000000000   0.500000000000000   1.000000000000000   1.000000000000000   1.000000000000000   
0.013103268745601   0.013282866422901   0.013462464100201   0.013376005784012   0.013378624473004   0.013381243161996   0.013472938856169   0.013463018277518   0.013453097698866   0.011175129672158   0.013576058975061   0.011380625641412   0.013794516133255   0.013867205028392   0.014048804691957   0.014230404355522   0.014140441439006   0.014144262449807   0.014148083460609   0.014245688398727   0.014334401165977   0.014423113933228   0.012193530314039   0.013993077974902   0.012345353658351   0.014674580493762   0.015395077593975   0.015580681230069   0.015766284866163   0.015669312748995   0.015675538403415   0.015681764057834   0.015791187483841   0.016077166942897   0.016363146401952   0.014230331597801   0.014827115974583   0.014274809692228   0.016434709214776   0.016159013876766   0.016346619499125   0.016534225121483   0.016433748403989   0.016441176380218   0.016448604356447   0.016563937026399   0.016948549831356   0.017333162636314   0.015248732239682   0.015244134974424   0.015239537709166   0.017314773575283   
0.019464555398965   0.018931757639950   0.018398959880934   0.018258027247688   0.018241785735534   0.018225544223379   0.018333993832315   0.016498709383132   0.014663424933948   0.012069835178694   0.014477775479896   0.011984064543547   0.014520922499111   0.019722066208035   0.019183329319899   0.018644592431762   0.018504183213450   0.018488479117344   0.018472775021238   0.018581776047337   0.017077529081304   0.015573282115270   0.013054319675018   0.014843920293538   0.012957282483896   0.015400986859618   0.020237087826175   0.019686472679796   0.019135857533417   0.018996495144972   0.018981865880964   0.018967236616955   0.019077340477382   0.018235168477648   0.017392996477913   0.015023288667665   0.015576209920823   0.014903718364593   0.017161115580631   0.020494598635245   0.019938044359745   0.019381490084245   0.019242651110734   0.019228559262774   0.019214467414814   0.019325122692405   0.018813988175820   0.018302853659234   0.016007773163989   0.015942354734465   0.015876936304941   0.018041179941138   
1.000000000000000   1.000000000000000   1.000000000000000   0.993187483389669   0.993187483389669   0.993187483389669   1.000000000000000   1.000000000000000   1.000000000000000   0.830718080814357   1.000000000000000   0.830718080814357   1.000000000000000   1.000000000000000   1.000000000000000   1.000000000000000   0.993294452827763   0.993294452827763   0.993294452827763   1.000000000000000   1.000000000000000   1.000000000000000   0.842405648282087   0.969367087671319   0.842405648282087   1.000000000000000   1.000000000000000   1.000000000000000   1.000000000000000   0.993508391703951   0.993508391703951   0.993508391703951   1.000000000000000   1.000000000000000   1.000000000000000   0.865780783217547   0.908101263013958   0.865780783217547   1.000000000000000   1.000000000000000   1.000000000000000   1.000000000000000   0.993615361142045   0.993615361142045   0.993615361142045   1.000000000000000   1.000000000000000   1.000000000000000   0.877468350685277   0.877468350685277   0.877468350685277   1.000000000000000   
PATCH 29 
2 1 
13 2 
0.000000000000000   0.000000000000000   0.000000000000000   0.250000000000000   0.250000000000000   0.375000000000000   0.375000000000000   0.500000000000000   0.500000000000000   0.750000000000000   0.750000000000000   0.875000000000000   0.875000000000000   1.000000000000000   1.000000000000000   1.000000000000000   
0.000000000000000   0.000000000000000   1.000000000000000   1.000000000000000   
0.024992726262635   0.026304467905774   0.027584462538723   0.028215124352127   0.028827929758551   0.029397786714868   0.030079822664451   0.031008096118737   0.031765574774084   0.032325404890039   0.032862483355235   0.033462201022894   0.034042213016056   0.025250000000000   0.026178902508932   0.027094027156471   0.027551589480241   0.028005707338662   0.028459825197083   0.028910498590156   0.029811845376303   0.030699414301056   0.031143198763433   0.031583538760461   0.032023878757490   0.032460774289170   
0.043288671706545   0.042425349624968   0.041519068190095   0.041052227475849   0.040561756715056   0.040014552306379   0.039620499951524   0.038279620806970   0.036785025943951   0.036265154908311   0.035721276042697   0.035246689986190   0.034748906892812   0.043734282891114   0.043142506727484   0.042531053738569   0.042225327244111   0.041914681543332   0.041604035842553   0.041288470935453   0.040657341121252   0.040006534481766   0.039681131162023   0.039350808635958   0.039020486109894   0.038685244377508   
1.000000000000000   0.998025550172528   0.997038325258791   0.996544712801923   0.996297906573489   0.996051100345055   0.996051100345055   0.996051100345055   0.997038325258791   0.997531937715659   0.998272356400961   0.999012775086264   1.000000000000000   1.000000000000000   0.999048674522937   0.998573011784405   0.998335180415139   0.998216264730506   0.998097349045873   0.998097349045873   0.998097349045873   0.998573011784405   0.998810843153671   0.999167590207569   0.999524337261468   1.000000000000000   
PATCH 30 
2 1 
6 2 
0.000000000000000   0.000000000000000   0.000000000000000   0.250000000000000   0.500000000000000   0.750000000000000   1.000000000000000   1.000000000000000   1.000000000000000   
0.000000000000000   0.000000000000000   1.000000000000000   1.000000000000000   
0.013103268745601   0.012066355712064   0.009992529644990   0.007918703577917   0.005844877510843   0.004807964477306   0.000000000000000   0.000000000000000   0.000000000000000   0.000000000000000   0.000000000000000   0.000000000000000   
0.019464555398965   0.022540680596501   0.028692930991573   0.034845181386645   0.040997431781717   0.044073556979253   0.014550000000000   0.018240444622407   0.025621333867220   0.033002223112033   0.040383112356846   0.044073556979253   
1.000000000000000   1.000000000000000   1.000000000000000   1.000000000000000   1.000000000000000   1.000000000000000   1.000000000000000   1.000000000000000   1.000000000000000   1.000000000000000   1.000000000000000   1.000000000000000   
PATCH 31 
2 1 
13 2 
0.000000000000000   0.000000000000000   0.000000000000000   0.250000000000000   0.250000000000000   0.375000000000000   0.375000000000000   0.500000000000000   0.500000000000000   0.750000000000000   0.750000000000000   0.875000000000000   0.875000000000000   1.000000000000000   1.000000000000000   1.000000000000000   
0.000000000000000   0.000000000000000   1.000000000000000   1.000000000000000   
0.004807964477306   0.004288086810179   0.003768209143052   0.003755524039257   0.003753290782952   0.003751057526646   0.003759276117831   0.003704082046823   0.003648887975815   0.003266821903859   0.003705943302464   0.003391128337827   0.003872211967719   0.000000000000000   0.000000000000000   0.000000000000000   0.000000000000000   0.000000000000000   0.000000000000000   0.000000000000000   0.000000000000000   0.000000000000000   0.000000000000000   0.000000000000000   0.000000000000000   0.000000000000000   
0.044073556979253   0.045615835588705   0.047158114198156   0.047048919012993   0.047058688062908   0.047068457112823   0.047197190397818   0.047638710004752   0.048080229611686   0.043276719379569   0.048246481070544   0.043400988315131   0.048303486235447   0.044073556979253   0.044814362356846   0.045555167734440   0.045925570423236   0.046295973112033   0.046666375800830   0.047036778489626   0.047777583867220   0.048518389244813   0.048888791933610   0.049259194622407   0.049629597311203   0.050000000000000   
1.000000000000000   1.000000000000000   1.000000000000000   0.997483121071095   0.997483121071095   0.997483121071095   1.000000000000000   1.000000000000000   1.000000000000000   0.898280100137910   1.000000000000000   0.898280100137910   1.000000000000000   1.000000000000000   1.000000000000000   1.000000000000000   1.000000000000000   1.000000000000000   1.000000000000000   1.000000000000000   1.000000000000000   1.000000000000000   1.000000000000000   1.000000000000000   1.000000000000000   1.000000000000000   
PATCH 32 
2 1 
13 2 
0.000000000000000   0.000000000000000   0.000000000000000   0.250000000000000   0.250000000000000   0.375000000000000   0.375000000000000   0.500000000000000   0.500000000000000   0.750000000000000   0.750000000000000   0.875000000000000   0.875000000000000   1.000000000000000   1.000000000000000   1.000000000000000   
0.000000000000000   0.000000000000000   1.000000000000000   1.000000000000000   
0.000000000000000   0.001374731629488   0.002698483336437   0.003360359189912   0.004009490062751   0.004658620935591   0.005295006827796   0.006567778612206   0.007789570474076   0.008400466405011   0.008998617355312   0.009596768305612   0.010182174275277   0.013103268745601   0.013282866422901   0.013462464100201   0.013376005784012   0.013378624473004   0.013381243161996   0.013472938856169   0.013463018277518   0.013453097698866   0.011175129672158   0.013576058975061   0.011380625641412   0.013794516133255   
0.014550000000000   0.014280217208568   0.013885547523764   0.013688212681362   0.013459656115617   0.013231099549872   0.012971321260784   0.012451764682608   0.011807321211060   0.011485099475286   0.011131656016169   0.010778212557052   0.010393547374592   0.019464555398965   0.018931757639950   0.018398959880934   0.018258027247688   0.018241785735534   0.018225544223379   0.018333993832315   0.016498709383132   0.014663424933948   0.012069835178694   0.014477775479896   0.011984064543547   0.014520922499111   
1.000000000000000   0.981458227392985   0.972187341089478   0.967551897937724   0.965234176361847   0.962916454785970   0.962916454785970   0.962916454785970   0.972187341089478   0.976822784241231   0.983775948968862   0.990729113696493   1.000000000000000   1.000000000000000   1.000000000000000   1.000000000000000   0.993187483389669   0.993187483389669   0.993187483389669   1.000000000000000   1.000000000000000   1.000000000000000   0.830718080814357   1.000000000000000   0.830718080814357   1.000000000000000   
INTERFACE 1 
1 2 
5 1 
1 
INTERFACE 2 
1 3 
2 4 
1 
INTERFACE 3 
2 1 
13 2 
1 
INTERFACE 4 
2 2 
3 1 
1 
INTERFACE 5 
2 3 
4 2 
1 
INTERFACE 6 
3 2 
7 1 
-1 
INTERFACE 7 
3 3 
4 4 
-1 
INTERFACE 8 
3 4 
5 3 
1 
INTERFACE 9 
4 1 
9 2 
1 
INTERFACE 10 
4 3 
13 3 
1 
INTERFACE 11 
5 2 
6 1 
1 
INTERFACE 12 
6 2 
11 1 
1 
INTERFACE 13 
6 3 
7 3 
1 
INTERFACE 14 
7 2 
8 1 
1 
INTERFACE 15 
7 4 
9 4 
-1 
INTERFACE 16 
8 2 
15 1 
1 
INTERFACE 17 
8 3 
11 3 
1 
INTERFACE 18 
8 4 
10 4 
1 
INTERFACE 19 
9 1 
10 1 
1 
INTERFACE 20 
9 3 
12 3 
1 
INTERFACE 21 
10 2 
16 3 
1 
INTERFACE 22 
10 3 
14 4 
1 
INTERFACE 23 
11 2 
18 1 
1 
INTERFACE 24 
12 1 
14 1 
-1 
INTERFACE 25 
12 2 
13 1 
1 
INTERFACE 26 
14 2 
17 1 
-1 
INTERFACE 27 
15 2 
26 2 
1 
INTERFACE 28 
15 3 
18 3 
1 
INTERFACE 29 
15 4 
16 2 
1 
INTERFACE 30 
16 1 
17 3 
1 
INTERFACE 31 
16 4 
28 2 
1 
INTERFACE 32 
17 2 
32 2 
-1 
INTERFACE 33 
18 2 
29 2 
1 
INTERFACE 34 
19 2 
23 1 
1 
INTERFACE 35 
19 3 
20 4 
1 
INTERFACE 36 
20 1 
31 2 
1 
INTERFACE 37 
20 2 
21 1 
1 
INTERFACE 38 
20 3 
22 2 
1 
INTERFACE 39 
21 2 
25 1 
-1 
INTERFACE 40 
21 3 
22 4 
-1 
INTERFACE 41 
21 4 
23 3 
1 
INTERFACE 42 
22 1 
27 2 
1 
INTERFACE 43 
22 3 
31 3 
1 
INTERFACE 44 
23 2 
24 1 
1 
INTERFACE 45 
24 2 
29 1 
1 
INTERFACE 46 
24 3 
25 3 
1 
INTERFACE 47 
25 2 
26 1 
1 
INTERFACE 48 
25 4 
27 4 
-1 
INTERFACE 49 
26 3 
29 3 
1 
INTERFACE 50 
26 4 
28 4 
1 
INTERFACE 51 
27 1 
28 1 
1 
INTERFACE 52 
27 3 
30 3 
1 
INTERFACE 53 
28 3 
32 4 
1 
INTERFACE 54 
30 1 
32 1 
-1 
INTERFACE 55 
30 2 
31 1 
1 
BOUNDARY 1 
1 
1 1 
BOUNDARY 2 
1 
1 4 
BOUNDARY 3 
1 
5 4 
BOUNDARY 4 
1 
6 4 
BOUNDARY 5 
1 
11 4 
BOUNDARY 6 
1 
12 4 
BOUNDARY 7 
1 
13 4 
BOUNDARY 8 
1 
14 3 
BOUNDARY 9 
1 
17 4 
BOUNDARY 10 
1 
18 4 
BOUNDARY 11 
1 
19 1 
BOUNDARY 12 
1 
19 4 
BOUNDARY 13 
1 
23 4 
BOUNDARY 14 
1 
24 4 
BOUNDARY 15 
1 
29 4 
BOUNDARY 16 
1 
30 4 
BOUNDARY 17 
1 
31 4 
BOUNDARY 18 
1 
32 3 
