# nurbs mesh v.2.1
#
# 14-Jul-2024
#
2 2 32 55 0 
PATCH 1 
2 1 
4 2 
0.000000000000000   0.000000000000000   0.000000000000000   0.500000000000000   1.000000000000000   1.000000000000000   1.000000000000000   
0.000000000000000   0.000000000000000   1.000000000000000   1.000000000000000   
0.050000000000000   0.049904867452294   0.049525061277599   0.049240387650610   0.050500000000000   0.050403916126817   0.050020311890375   0.049732791527117   
0.000000000000000   0.002178893568691   0.006520098010365   0.008682408883347   0.000000000000000   0.002200682504378   0.006585298990468   0.008769232972180   
1.000000000000000   0.998097349045873   0.998097349045873   1.000000000000000   1.000000000000000   0.998097349045873   0.998097349045873   1.000000000000000   
PATCH 2 
2 1 
4 2 
0.000000000000000   0.000000000000000   0.000000000000000   0.500000000000000   1.000000000000000   1.000000000000000   1.000000000000000   
0.000000000000000   0.000000000000000   1.000000000000000   1.000000000000000   
0.048330747466616   0.048201490830727   0.047942977558948   0.047813720923058   0.050000000000000   0.049904867452294   0.049525061277599   0.049240387650610   
0.003290921620720   0.004433012928166   0.006717195543058   0.007859286850504   0.000000000000000   0.002178893568691   0.006520098010365   0.008682408883347   
1.000000000000000   1.000000000000000   1.000000000000000   1.000000000000000   1.000000000000000   0.998097349045873   0.998097349045873   1.000000000000000   
PATCH 3 
2 1 
13 2 
0.000000000000000   0.000000000000000   0.000000000000000   0.125000000000000   0.125000000000000   0.250000000000000   0.250000000000000   0.500000000000000   0.500000000000000   0.625000000000000   0.625000000000000   0.750000000000000   0.750000000000000   1.000000000000000   1.000000000000000   1.000000000000000   
0.000000000000000   0.000000000000000   1.000000000000000   1.000000000000000   
0.047813720923058   0.043543515988472   0.047729129060888   0.043407971786641   0.047566790584282   0.045644861670369   0.043722932756457   0.042971080227398   0.042945508473649   0.042919936719901   0.043620645741465   0.043385897056897   0.043151148372329   0.049240387650610   0.049122375608591   0.048470419748079   0.048465545331413   0.048235201334467   0.048003276389690   0.047797923629607   0.047663523540022   0.047582458934617   0.047502831281899   0.047414772868440   0.047145289729064   0.046882510026109   
0.007859286850504   0.007240914425785   0.008001027469141   0.007335116100224   0.008030900619799   0.007553658995423   0.007076417371047   0.006952586240825   0.006952975714064   0.006953365187304   0.007077975264005   0.007143917909884   0.007209860555763   0.008682408883347   0.009214726804819   0.009640450185270   0.010190222506191   0.010692435214812   0.011745798442501   0.012807415036438   0.013330649768608   0.013869692570716   0.014410702141616   0.014950903579919   0.016004215610477   0.017063838157191   
1.000000000000000   0.910884919607370   1.000000000000000   0.910884919607370   1.000000000000000   1.000000000000000   1.000000000000000   0.983371847567707   0.983371847567707   0.983371847567707   1.000000000000000   1.000000000000000   1.000000000000000   1.000000000000000   0.999524337261468   0.999167590207569   0.998810843153671   0.998573011784405   0.998097349045873   0.998097349045873   0.998097349045873   0.998216264730506   0.998335180415139   0.998573011784404   0.999048674522936   1.000000000000000   
PATCH 4 
2 2 
13 4 
0.000000000000000   0.000000000000000   0.000000000000000   0.250000000000000   0.250000000000000   0.375000000000000   0.375000000000000   0.500000000000000   0.500000000000000   0.750000000000000   0.750000000000000   0.875000000000000   0.875000000000000   1.000000000000000   1.000000000000000   1.000000000000000   
0.000000000000000   0.000000000000000   0.000000000000000   0.500000000000000   1.000000000000000   1.000000000000000   1.000000000000000   
0.042331442990745   0.044176380280887   0.046021317571029   0.045929962781396   0.045939139679125   0.045948316576854   0.046058025161944   0.047086330463885   0.048114635765825   0.043563168809851   0.048275241947383   0.043682748555911   0.048330747466616   0.042536369336141   0.043978759474890   0.045421149613638   0.045177456266023   0.045190731877756   0.045204007489490   0.045474252060573   0.046725963265506   0.047977674470439   0.043524369554049   0.048138713725759   0.043647940414051   0.048201490830727   0.042946222026933   0.043583517862895   0.044220813698856   0.043672443235275   0.043693916275018   0.043715389314762   0.044306705857829   0.046005228868748   0.047703751879667   0.043446771042443   0.047865657282512   0.043578324130332   0.047942977558948   0.043151148372329   0.043385897056897   0.043620645741465   0.042919936719901   0.042945508473649   0.042971080227398   0.043722932756457   0.045644861670369   0.047566790584282   0.043407971786641   0.047729129060888   0.043543515988472   0.047813720923058   
0.004291798086551   0.003773541523722   0.003255284960892   0.003245665047297   0.003243991046582   0.003242317045866   0.003248588958029   0.003158887855340   0.003069186752650   0.002765965076770   0.003128836525054   0.002888656255078   0.003290921620720   0.005021313703854   0.004616135620262   0.004210957536671   0.004172590082299   0.004171237213452   0.004169884344605   0.004205546061283   0.004257580640360   0.004309615219437   0.003908252832633   0.004346884261075   0.003976720797755   0.004433012928166   0.006480344938460   0.006301323813343   0.006122302688227   0.006026440152302   0.006025729547193   0.006025018942085   0.006119460267792   0.006454966210402   0.006790472153012   0.006192828344360   0.006782979733119   0.006152849883109   0.006717195543058   0.007209860555763   0.007143917909884   0.007077975264005   0.006953365187304   0.006952975714064   0.006952586240825   0.007076417371047   0.007553658995423   0.008030900619799   0.007335116100224   0.008001027469141   0.007240914425785   0.007859286850504   
1.000000000000000   1.000000000000000   1.000000000000000   0.997819803485109   0.997819803485109   0.997819803485109   1.000000000000000   1.000000000000000   1.000000000000000   0.903630037326936   1.000000000000000   0.903630037326936   1.000000000000000   1.000000000000000   1.000000000000000   1.000000000000000   0.994207814505759   0.994207814505759   0.994207814505759   1.000000000000000   1.000000000000000   1.000000000000000   0.905443757897044   1.000000000000000   0.905443757897044   1.000000000000000   1.000000000000000   1.000000000000000   1.000000000000000   0.986983836547058   0.986983836547058   0.986983836547058   1.000000000000000   1.000000000000000   1.000000000000000   0.909071199037261   1.000000000000000   0.909071199037261   1.000000000000000   1.000000000000000   1.000000000000000   1.000000000000000   0.983371847567707   0.983371847567707   0.983371847567707   1.000000000000000   1.000000000000000   1.000000000000000   0.910884919607370   1.000000000000000   0.910884919607370   1.000000000000000   
PATCH 5 
2 1 
13 2 
0.000000000000000   0.000000000000000   0.000000000000000   0.125000000000000   0.125000000000000   0.250000000000000   0.250000000000000   0.500000000000000   0.500000000000000   0.625000000000000   0.625000000000000   0.750000000000000   0.750000000000000   1.000000000000000   1.000000000000000   1.000000000000000   
0.000000000000000   0.000000000000000   1.000000000000000   1.000000000000000   
0.049240387650610   0.049122375608591   0.048470419748079   0.048465545331413   0.048235201334467   0.048003276389690   0.047797923629607   0.047663523540022   0.047582458934617   0.047502831281899   0.047414772868440   0.047145289729064   0.046882510026109   0.049732791527117   0.049613599364677   0.049488606583825   0.049363613802972   0.049232820403708   0.048971233605179   0.048686444333000   0.048544049696911   0.048395854442409   0.048247659187908   0.048093663314994   0.047785671569166   0.047454477349688   
0.008682408883347   0.009214726804819   0.009640450185270   0.010190222506191   0.010692435214812   0.011745798442501   0.012807415036438   0.013330649768608   0.013869692570716   0.014410702141616   0.014950903579919   0.016004215610477   0.017063838157191   0.008769232972180   0.009306874072867   0.009842960902535   0.010379047732203   0.010913580290852   0.011982645408149   0.013045493441370   0.013576917457981   0.014106787203572   0.014636656949163   0.015164972423735   0.016221603372879   0.017272017237946   
1.000000000000000   0.999524337261468   0.999167590207569   0.998810843153671   0.998573011784405   0.998097349045873   0.998097349045873   0.998097349045873   0.998216264730506   0.998335180415139   0.998573011784404   0.999048674522936   1.000000000000000   1.000000000000000   0.999524337261468   0.999167590207569   0.998810843153671   0.998573011784405   0.998097349045873   0.998097349045873   0.998097349045873   0.998216264730506   0.998335180415139   0.998573011784404   0.999048674522936   1.000000000000000   
PATCH 6 
2 1 
6 2 
0.000000000000000   0.000000000000000   0.000000000000000   0.250000000000000   0.500000000000000   0.750000000000000   1.000000000000000   1.000000000000000   1.000000000000000   
0.000000000000000   0.000000000000000   1.000000000000000   1.000000000000000   
0.046882510026109   0.046546737913755   0.045676337650233   0.044604952375837   0.043708593359042   0.043293946685770   0.047454477349688   0.047032993823604   0.046146485990198   0.045216437375554   0.044242847979673   0.043734282891114   
0.017063838157191   0.018100479716936   0.020097503182455   0.021997304335396   0.023979946211860   0.024995771773310   0.017272017237946   0.018289568482936   0.020304367573183   0.022298863263696   0.024273055554476   0.025250000000000   
1.000000000000000   0.999048674522936   0.998097349045873   0.998097349045873   0.999048674522936   1.000000000000000   1.000000000000000   0.999048674522936   0.998097349045873   0.998097349045873   0.999048674522936   1.000000000000000   
PATCH 7 
2 1 
6 2 
0.000000000000000   0.000000000000000   0.000000000000000   0.250000000000000   0.500000000000000   0.750000000000000   1.000000000000000   1.000000000000000   1.000000000000000   
0.000000000000000   0.000000000000000   1.000000000000000   1.000000000000000   
0.046882510026109   0.046546737913755   0.045676337650233   0.044604952375837   0.043708593359042   0.043293946685770   0.043151148372329   0.040066519506100   0.033897261773643   0.027728004041185   0.021558746308727   0.018474117442498   
0.017063838157191   0.018100479716936   0.020097503182455   0.021997304335396   0.023979946211860   0.024995771773310   0.007209860555763   0.008076355673162   0.009809345907961   0.011542336142760   0.013275326377559   0.014141821494959   
1.000000000000000   0.999048674522936   0.998097349045873   0.998097349045873   0.999048674522936   1.000000000000000   1.000000000000000   1.000000000000000   1.000000000000000   1.000000000000000   1.000000000000000   1.000000000000000   
PATCH 8 
2 1 
13 2 
0.000000000000000   0.000000000000000   0.000000000000000   0.250000000000000   0.250000000000000   0.375000000000000   0.375000000000000   0.500000000000000   0.500000000000000   0.750000000000000   0.750000000000000   0.875000000000000   0.875000000000000   1.000000000000000   1.000000000000000   1.000000000000000   
0.000000000000000   0.000000000000000   1.000000000000000   1.000000000000000   
0.043293946685770   0.042423506907560   0.041517106008370   0.041019703660365   0.040480911729759   0.040052201278136   0.039648841421452   0.038349257712207   0.036845502952143   0.036269694153440   0.035702401373629   0.035218450183033   0.034712942574304   0.018474117442498   0.018053841222200   0.017633565001902   0.017469158437260   0.017452842477713   0.017436526518165   0.017568301163712   0.016940254490178   0.016312207816644   0.014276008225810   0.014210814931214   0.014145621636617   0.016051434638257   
0.024995771773310   0.026303332257424   0.027583172896111   0.028192788537931   0.028770493525646   0.029425472303782   0.030101368921760   0.031064544858957   0.031817852589466   0.032329509852351   0.032845184129204   0.033435461421932   0.034007056465568   0.014141821494959   0.014259880201092   0.014377938907225   0.014263072484435   0.014271088305090   0.014279104125745   0.014410002189846   0.014877079740933   0.015344157292020   0.013517144031010   0.013512378348032   0.013507612665053   0.015325094560107   
1.000000000000000   0.998025535475760   0.997038303213640   0.996544687082579   0.996297879017049   0.996051070951519   0.996051070951519   0.996051070951519   0.997038303213639   0.997531919344699   0.998272343541290   0.999012767737880   1.000000000000000   1.000000000000000   1.000000000000000   1.000000000000000   0.991668996461818   0.991668996461818   0.991668996461818   1.000000000000000   1.000000000000000   1.000000000000000   0.878388775116121   0.878388775116121   0.878388775116121   1.000000000000000   
PATCH 9 
2 2 
6 4 
0.000000000000000   0.000000000000000   0.000000000000000   0.250000000000000   0.500000000000000   0.750000000000000   1.000000000000000   1.000000000000000   1.000000000000000   
0.000000000000000   0.000000000000000   0.000000000000000   0.500000000000000   1.000000000000000   1.000000000000000   1.000000000000000   
0.017654412060913   0.020739040927142   0.026908298659600   0.033077556392058   0.039246814124516   0.042331442990745   0.017859338406310   0.020943967272538   0.027113225004996   0.033282482737454   0.039451740469912   0.042536369336141   0.018269191097102   0.021353819963331   0.027523077695789   0.033692335428246   0.039861593160704   0.042946222026933   0.018474117442498   0.021558746308727   0.027728004041185   0.033897261773643   0.040066519506100   0.043151148372329   
0.011223759025747   0.010357263908348   0.008624273673549   0.006891283438750   0.005158293203951   0.004291798086551   0.011953274643050   0.011086779525651   0.009353789290852   0.007620799056053   0.005887808821254   0.005021313703854   0.013412305877656   0.012545810760256   0.010812820525457   0.009079830290658   0.007346840055859   0.006480344938460   0.014141821494959   0.013275326377559   0.011542336142760   0.009809345907961   0.008076355673162   0.007209860555763   
1.000000000000000   1.000000000000000   1.000000000000000   1.000000000000000   1.000000000000000   1.000000000000000   1.000000000000000   1.000000000000000   1.000000000000000   1.000000000000000   1.000000000000000   1.000000000000000   1.000000000000000   1.000000000000000   1.000000000000000   1.000000000000000   1.000000000000000   1.000000000000000   1.000000000000000   1.000000000000000   1.000000000000000   1.000000000000000   1.000000000000000   1.000000000000000   
PATCH 10 
2 2 
13 4 
0.000000000000000   0.000000000000000   0.000000000000000   0.250000000000000   0.250000000000000   0.375000000000000   0.375000000000000   0.500000000000000   0.500000000000000   0.750000000000000   0.750000000000000   0.875000000000000   0.875000000000000   1.000000000000000   1.000000000000000   1.000000000000000   
0.000000000000000   0.000000000000000   0.000000000000000   0.500000000000000   1.000000000000000   1.000000000000000   1.000000000000000   
0.017654412060913   0.017110822785715   0.016567233510516   0.016565064385887   0.016563707066713   0.016562349747538   0.016561804233818   0.015012157222158   0.013462510210498   0.011534122692826   0.013318405090948   0.011480441444336   0.013369747561524   0.017859338406310   0.017346577394836   0.016833816383362   0.016791087898730   0.016785990919463   0.016780893940195   0.016813428466292   0.015494181539163   0.014174934612035   0.012219594076072   0.013541507551014   0.012146736492406   0.014040169330707   0.018269191097102   0.017818086613079   0.017366982129055   0.017243134924417   0.017230558624963   0.017217982325509   0.017316676931239   0.016458230173173   0.015599783415108   0.013590536842564   0.013987712471147   0.013479326588547   0.015381012869074   0.018474117442498   0.018053841222200   0.017633565001902   0.017469158437260   0.017452842477713   0.017436526518165   0.017568301163712   0.016940254490178   0.016312207816644   0.014276008225810   0.014210814931214   0.014145621636617   0.016051434638257   
0.011223759025747   0.011376457283222   0.011529155540698   0.011528966805018   0.011529327597711   0.011529688390403   0.011530598711467   0.011919297148532   0.012307995585597   0.010658772726314   0.012448674711174   0.010852873796416   0.012643407483375   0.011953274643050   0.012097313012690   0.012241351382329   0.012212493224872   0.012214767774555   0.012217042324239   0.012250449581062   0.012658742796632   0.013067036012202   0.011373365552488   0.012714600620389   0.011516558513575   0.013313829252558   0.013412305877656   0.013539024471624   0.013665743065593   0.013579546064581   0.013585648128245   0.013591750191910   0.013690151320251   0.014137634092833   0.014585116865414   0.012802551204836   0.013246452438817   0.012843927947894   0.014654672790924   0.014141821494959   0.014259880201092   0.014377938907225   0.014263072484435   0.014271088305090   0.014279104125745   0.014410002189846   0.014877079740933   0.015344157292020   0.013517144031010   0.013512378348032   0.013507612665053   0.015325094560107   
1.000000000000000   1.000000000000000   1.000000000000000   0.999950685400376   0.999950685400376   0.999950685400376   1.000000000000000   1.000000000000000   1.000000000000000   0.864013520387865   1.000000000000000   0.864013520387865   1.000000000000000   1.000000000000000   1.000000000000000   1.000000000000000   0.997880263165736   0.997880263165736   0.997880263165736   1.000000000000000   1.000000000000000   1.000000000000000   0.867607334069929   0.969597193779030   0.867607334069929   1.000000000000000   1.000000000000000   1.000000000000000   1.000000000000000   0.993739418696458   0.993739418696458   0.993739418696458   1.000000000000000   1.000000000000000   1.000000000000000   0.874794961434057   0.908791581337091   0.874794961434057   1.000000000000000   1.000000000000000   1.000000000000000   1.000000000000000   0.991668996461818   0.991668996461818   0.991668996461818   1.000000000000000   1.000000000000000   1.000000000000000   0.878388775116121   0.878388775116121   0.878388775116121   1.000000000000000   
PATCH 11 
2 1 
13 2 
0.000000000000000   0.000000000000000   0.000000000000000   0.250000000000000   0.250000000000000   0.375000000000000   0.375000000000000   0.500000000000000   0.500000000000000   0.750000000000000   0.750000000000000   0.875000000000000   0.875000000000000   1.000000000000000   1.000000000000000   1.000000000000000   
0.000000000000000   0.000000000000000   1.000000000000000   1.000000000000000   
0.043293946685770   0.042423506907560   0.041517106008370   0.041019703660365   0.040480911729759   0.040052201278136   0.039648841421452   0.038349257712207   0.036845502952143   0.036269694153440   0.035702401373629   0.035218450183033   0.034712942574304   0.043734282891114   0.043142506727484   0.042531053738569   0.042225327244111   0.041914681543332   0.041604035842553   0.041288470935453   0.040657341121252   0.040006534481766   0.039681131162023   0.039350808635958   0.039020486109894   0.038685244377508   
0.024995771773310   0.026303332257424   0.027583172896111   0.028192788537931   0.028770493525646   0.029425472303782   0.030101368921760   0.031064544858957   0.031817852589466   0.032329509852351   0.032845184129204   0.033435461421932   0.034007056465568   0.025250000000000   0.026178902508932   0.027094027156471   0.027551589480241   0.028005707338662   0.028459825197083   0.028910498590156   0.029811845376303   0.030699414301056   0.031143198763433   0.031583538760461   0.032023878757490   0.032460774289170   
1.000000000000000   0.998025535475760   0.997038303213640   0.996544687082579   0.996297879017049   0.996051070951519   0.996051070951519   0.996051070951519   0.997038303213639   0.997531919344699   0.998272343541290   0.999012767737880   1.000000000000000   1.000000000000000   0.999048674522937   0.998573011784405   0.998335180415139   0.998216264730506   0.998097349045873   0.998097349045873   0.998097349045873   0.998573011784405   0.998810843153671   0.999167590207569   0.999524337261468   1.000000000000000   
PATCH 12 
2 1 
6 2 
0.000000000000000   0.000000000000000   0.000000000000000   0.250000000000000   0.500000000000000   0.750000000000000   1.000000000000000   1.000000000000000   1.000000000000000   
0.000000000000000   0.000000000000000   1.000000000000000   1.000000000000000   
0.017654412060913   0.020739040927142   0.026908298659600   0.033077556392058   0.039246814124516   0.042331442990745   0.014550000000000   0.018022680373843   0.024968041121529   0.031913401869216   0.038858762616902   0.042331442990745   
0.011223759025747   0.010357263908348   0.008624273673549   0.006891283438750   0.005158293203951   0.004291798086551   0.000000000000000   0.000000000000000   0.000000000000000   0.000000000000000   0.000000000000000   0.000000000000000   
1.000000000000000   1.000000000000000   1.000000000000000   1.000000000000000   1.000000000000000   1.000000000000000   1.000000000000000   1.000000000000000   1.000000000000000   1.000000000000000   1.000000000000000   1.000000000000000   
PATCH 13 
2 1 
13 2 
0.000000000000000   0.000000000000000   0.000000000000000   0.250000000000000   0.250000000000000   0.375000000000000   0.375000000000000   0.500000000000000   0.500000000000000   0.750000000000000   0.750000000000000   0.875000000000000   0.875000000000000   1.000000000000000   1.000000000000000   1.000000000000000   
0.000000000000000   0.000000000000000   1.000000000000000   1.000000000000000   
0.042331442990745   0.044176380280887   0.046021317571029   0.045929962781396   0.045939139679125   0.045948316576854   0.046058025161944   0.047086330463885   0.048114635765825   0.043563168809851   0.048275241947383   0.043682748555911   0.048330747466616   0.042331442990745   0.043290012616902   0.044248582243059   0.044727867056137   0.045207151869216   0.045686436682294   0.046165721495373   0.047124291121529   0.048082860747686   0.048562145560765   0.049041430373843   0.049520715186922   0.050000000000000   
0.004291798086551   0.003773541523722   0.003255284960892   0.003245665047297   0.003243991046582   0.003242317045866   0.003248588958029   0.003158887855340   0.003069186752650   0.002765965076770   0.003128836525054   0.002888656255078   0.003290921620720   0.000000000000000   0.000000000000000   0.000000000000000   0.000000000000000   0.000000000000000   0.000000000000000   0.000000000000000   0.000000000000000   0.000000000000000   0.000000000000000   0.000000000000000   0.000000000000000   0.000000000000000   
1.000000000000000   1.000000000000000   1.000000000000000   0.997819803485109   0.997819803485109   0.997819803485109   1.000000000000000   1.000000000000000   1.000000000000000   0.903630037326936   1.000000000000000   0.903630037326936   1.000000000000000   1.000000000000000   1.000000000000000   1.000000000000000   1.000000000000000   1.000000000000000   1.000000000000000   1.000000000000000   1.000000000000000   1.000000000000000   1.000000000000000   1.000000000000000   1.000000000000000   1.000000000000000   
PATCH 14 
2 1 
13 2 
0.000000000000000   0.000000000000000   0.000000000000000   0.250000000000000   0.250000000000000   0.375000000000000   0.375000000000000   0.500000000000000   0.500000000000000   0.750000000000000   0.750000000000000   0.875000000000000   0.875000000000000   1.000000000000000   1.000000000000000   1.000000000000000   
0.000000000000000   0.000000000000000   1.000000000000000   1.000000000000000   
0.014550000000000   0.014280216564265   0.013885545960792   0.013688210659055   0.013459653565385   0.013231096471714   0.012971317586109   0.012451759814898   0.011807314875951   0.011485092406477   0.011131648145068   0.010778203883660   0.010393537830318   0.017654412060913   0.017110822785715   0.016567233510516   0.016565064385887   0.016563707066713   0.016562349747538   0.016561804233818   0.015012157222158   0.013462510210498   0.011534122692826   0.013318405090948   0.011480441444336   0.013369747561524   
0.000000000000000   0.001374733207854   0.002698486312886   0.003360362865402   0.004009494392212   0.004658625919022   0.005295012420127   0.006567785422336   0.007789578321723   0.008400474771416   0.008998626195404   0.009596777619391   0.010182184017673   0.011223759025747   0.011376457283222   0.011529155540698   0.011528966805018   0.011529327597711   0.011529688390403   0.011530598711467   0.011919297148532   0.012307995585597   0.010658772726314   0.012448674711174   0.010852873796416   0.012643407483375   
1.000000000000000   0.981458183110973   0.972187274666459   0.967551820444202   0.965234093333074   0.962916366221945   0.962916366221945   0.962916366221945   0.972187274666459   0.976822728888716   0.983775910222101   0.990729091555486   1.000000000000000   1.000000000000000   1.000000000000000   1.000000000000000   0.999950685400376   0.999950685400376   0.999950685400376   1.000000000000000   1.000000000000000   1.000000000000000   0.864013520387865   1.000000000000000   0.864013520387865   1.000000000000000   
PATCH 15 
2 1 
4 2 
0.000000000000000   0.000000000000000   0.000000000000000   0.500000000000000   1.000000000000000   1.000000000000000   1.000000000000000   
0.000000000000000   0.000000000000000   1.000000000000000   1.000000000000000   
0.034712942574304   0.034549747483171   0.034196677980012   0.034007056465568   0.016051434638257   0.015869849618719   0.015506679579645   0.015325094560107   
0.034007056465568   0.034196677980012   0.034549747483171   0.034712942574304   0.015325094560107   0.015506679579645   0.015869849618719   0.016051434638257   
1.000000000000000   0.999973623591835   0.999973623591835   1.000000000000000   1.000000000000000   1.000000000000000   1.000000000000000   1.000000000000000   
PATCH 16 
2 2 
4 4 
0.000000000000000   0.000000000000000   0.000000000000000   0.500000000000000   1.000000000000000   1.000000000000000   1.000000000000000   
0.000000000000000   0.000000000000000   0.000000000000000   0.500000000000000   1.000000000000000   1.000000000000000   1.000000000000000   
0.013369747561524   0.014040169330707   0.015381012869074   0.016051434638257   0.013188162541987   0.013858584311170   0.015199427849536   0.015869849618719   0.012824992502912   0.013495414272095   0.014836257810462   0.015506679579645   0.012643407483375   0.013313829252558   0.014654672790924   0.015325094560107   
0.012643407483375   0.013313829252558   0.014654672790924   0.015325094560107   0.012824992502912   0.013495414272095   0.014836257810462   0.015506679579645   0.013188162541987   0.013858584311170   0.015199427849536   0.015869849618719   0.013369747561524   0.014040169330707   0.015381012869074   0.016051434638257   
1.000000000000000   1.000000000000000   1.000000000000000   1.000000000000000   1.000000000000000   1.000000000000000   1.000000000000000   1.000000000000000   1.000000000000000   1.000000000000000   1.000000000000000   1.000000000000000   1.000000000000000   1.000000000000000   1.000000000000000   1.000000000000000   
PATCH 17 
2 1 
4 2 
0.000000000000000   0.000000000000000   0.000000000000000   0.500000000000000   1.000000000000000   1.000000000000000   1.000000000000000   
0.000000000000000   0.000000000000000   1.000000000000000   1.000000000000000   
0.013369747561524   0.013188162541987   0.012824992502912   0.012643407483375   0.010393537830318   0.010340970748291   0.010235293841969   0.010182184017673   
0.012643407483375   0.012824992502912   0.013188162541987   0.013369747561524   0.010182184017673   0.010235293841969   0.010340970748291   0.010393537830318   
1.000000000000000   1.000000000000000   1.000000000000000   1.000000000000000   1.000000000000000   0.999973623591835   0.999973623591835   1.000000000000000   
PATCH 18 
2 1 
4 2 
0.000000000000000   0.000000000000000   0.000000000000000   0.500000000000000   1.000000000000000   1.000000000000000   1.000000000000000   
0.000000000000000   0.000000000000000   1.000000000000000   1.000000000000000   
0.034712942574304   0.034549747483171   0.034196677980012   0.034007056465568   0.038685244377508   0.037197068413715   0.034084833369545   0.032460774289170   
0.034007056465568   0.034196677980012   0.034549747483171   0.034712942574304   0.032460774289170   0.034084833369545   0.037197068413715   0.038685244377508   
1.000000000000000   0.999973623591835   0.999973623591835   1.000000000000000   1.000000000000000   0.998097349045873   0.998097349045873   1.000000000000000   
PATCH 19 
2 1 
4 2 
0.000000000000000   0.000000000000000   0.000000000000000   0.500000000000000   1.000000000000000   1.000000000000000   1.000000000000000   
0.000000000000000   0.000000000000000   1.000000000000000   1.000000000000000   
0.000000000000000   0.002178893568691   0.006520098010365   0.008682408883347   0.000000000000000   0.002200682504378   0.006585298990468   0.008769232972180   
0.050000000000000   0.049904867452294   0.049525061277599   0.049240387650610   0.050500000000000   0.050403916126817   0.050020311890375   0.049732791527117   
1.000000000000000   0.998097349045873   0.998097349045873   1.000000000000000   1.000000000000000   0.998097349045873   0.998097349045873   1.000000000000000   
PATCH 20 
2 1 
4 2 
0.000000000000000   0.000000000000000   0.000000000000000   0.500000000000000   1.000000000000000   1.000000000000000   1.000000000000000   
0.000000000000000   0.000000000000000   1.000000000000000   1.000000000000000   
0.003290921620720   0.004433012928166   0.006717195543058   0.007859286850504   0.000000000000000   0.002178893568691   0.006520098010365   0.008682408883347   
0.048330747466616   0.048201490830727   0.047942977558948   0.047813720923058   0.050000000000000   0.049904867452294   0.049525061277599   0.049240387650610   
1.000000000000000   1.000000000000000   1.000000000000000   1.000000000000000   1.000000000000000   0.998097349045873   0.998097349045873   1.000000000000000   
PATCH 21 
2 1 
13 2 
0.000000000000000   0.000000000000000   0.000000000000000   0.125000000000000   0.125000000000000   0.250000000000000   0.250000000000000   0.500000000000000   0.500000000000000   0.625000000000000   0.625000000000000   0.750000000000000   0.750000000000000   1.000000000000000   1.000000000000000   1.000000000000000   
0.000000000000000   0.000000000000000   1.000000000000000   1.000000000000000   
0.007859286850504   0.007240914425785   0.008001027469141   0.007335116100224   0.008030900619799   0.007553658995423   0.007076417371047   0.006952586240825   0.006952975714064   0.006953365187304   0.007077975264005   0.007143917909884   0.007209860555763   0.008682408883347   0.009214726804819   0.009640450185270   0.010190222506191   0.010692435214812   0.011745798442501   0.012807415036438   0.013330649768608   0.013869692570716   0.014410702141616   0.014950903579919   0.016004215610477   0.017063838157191   
0.047813720923058   0.043543515988472   0.047729129060888   0.043407971786641   0.047566790584282   0.045644861670369   0.043722932756457   0.042971080227398   0.042945508473649   0.042919936719901   0.043620645741465   0.043385897056897   0.043151148372329   0.049240387650610   0.049122375608591   0.048470419748079   0.048465545331413   0.048235201334467   0.048003276389690   0.047797923629607   0.047663523540022   0.047582458934617   0.047502831281899   0.047414772868440   0.047145289729064   0.046882510026109   
1.000000000000000   0.910884919607370   1.000000000000000   0.910884919607370   1.000000000000000   1.000000000000000   1.000000000000000   0.983371847567707   0.983371847567707   0.983371847567707   1.000000000000000   1.000000000000000   1.000000000000000   1.000000000000000   0.999524337261468   0.999167590207569   0.998810843153671   0.998573011784405   0.998097349045873   0.998097349045873   0.998097349045873   0.998216264730506   0.998335180415139   0.998573011784404   0.999048674522936   1.000000000000000   
PATCH 22 
2 2 
13 4 
0.000000000000000   0.000000000000000   0.000000000000000   0.250000000000000   0.250000000000000   0.375000000000000   0.375000000000000   0.500000000000000   0.500000000000000   0.750000000000000   0.750000000000000   0.875000000000000   0.875000000000000   1.000000000000000   1.000000000000000   1.000000000000000   
0.000000000000000   0.000000000000000   0.000000000000000   0.500000000000000   1.000000000000000   1.000000000000000   1.000000000000000   
0.004291798086551   0.003773541523722   0.003255284960892   0.003245665047297   0.003243991046582   0.003242317045866   0.003248588958029   0.003158887855340   0.003069186752650   0.002765965076770   0.003128836525054   0.002888656255078   0.003290921620720   0.005021313703854   0.004616135620262   0.004210957536671   0.004172590082299   0.004171237213452   0.004169884344605   0.004205546061283   0.004257580640360   0.004309615219437   0.003908252832633   0.004346884261075   0.003976720797755   0.004433012928166   0.006480344938460   0.006301323813343   0.006122302688227   0.006026440152302   0.006025729547193   0.006025018942085   0.006119460267792   0.006454966210402   0.006790472153012   0.006192828344360   0.006782979733119   0.006152849883109   0.006717195543058   0.007209860555763   0.007143917909884   0.007077975264005   0.006953365187304   0.006952975714064   0.006952586240825   0.007076417371047   0.007553658995423   0.008030900619799   0.007335116100224   0.008001027469141   0.007240914425785   0.007859286850504   
0.042331442990745   0.044176380280887   0.046021317571029   0.045929962781396   0.045939139679125   0.045948316576854   0.046058025161944   0.047086330463885   0.048114635765825   0.043563168809851   0.048275241947383   0.043682748555911   0.048330747466616   0.042536369336141   0.043978759474890   0.045421149613638   0.045177456266023   0.045190731877756   0.045204007489490   0.045474252060573   0.046725963265506   0.047977674470439   0.043524369554049   0.048138713725759   0.043647940414051   0.048201490830727   0.042946222026933   0.043583517862895   0.044220813698856   0.043672443235275   0.043693916275018   0.043715389314762   0.044306705857829   0.046005228868748   0.047703751879667   0.043446771042443   0.047865657282512   0.043578324130332   0.047942977558948   0.043151148372329   0.043385897056897   0.043620645741465   0.042919936719901   0.042945508473649   0.042971080227398   0.043722932756457   0.045644861670369   0.047566790584282   0.043407971786641   0.047729129060888   0.043543515988472   0.047813720923058   
1.000000000000000   1.000000000000000   1.000000000000000   0.997819803485109   0.997819803485109   0.997819803485109   1.000000000000000   1.000000000000000   1.000000000000000   0.903630037326936   1.000000000000000   0.903630037326936   1.000000000000000   1.000000000000000   1.000000000000000   1.000000000000000   0.994207814505759   0.994207814505759   0.994207814505759   1.000000000000000   1.000000000000000   1.000000000000000   0.905443757897044   1.000000000000000   0.905443757897044   1.000000000000000   1.000000000000000   1.000000000000000   1.000000000000000   0.986983836547058   0.986983836547058   0.986983836547058   1.000000000000000   1.000000000000000   1.000000000000000   0.909071199037261   1.000000000000000   0.909071199037261   1.000000000000000   1.000000000000000   1.000000000000000   1.000000000000000   0.983371847567707   0.983371847567707   0.983371847567707   1.000000000000000   1.000000000000000   1.000000000000000   0.910884919607370   1.000000000000000   0.910884919607370   1.000000000000000   
PATCH 23 
2 1 
13 2 
0.000000000000000   0.000000000000000   0.000000000000000   0.125000000000000   0.125000000000000   0.250000000000000   0.250000000000000   0.500000000000000   0.500000000000000   0.625000000000000   0.625000000000000   0.750000000000000   0.750000000000000   1.000000000000000   1.000000000000000   1.000000000000000   
0.000000000000000   0.000000000000000   1.000000000000000   1.000000000000000   
0.008682408883347   0.009214726804819   0.009640450185270   0.010190222506191   0.010692435214812   0.011745798442501   0.012807415036438   0.013330649768608   0.013869692570716   0.014410702141616   0.014950903579919   0.016004215610477   0.017063838157191   0.008769232972180   0.009306874072867   0.009842960902535   0.010379047732203   0.010913580290852   0.011982645408149   0.013045493441370   0.013576917457981   0.014106787203572   0.014636656949163   0.015164972423735   0.016221603372879   0.017272017237946   
0.049240387650610   0.049122375608591   0.048470419748079   0.048465545331413   0.048235201334467   0.048003276389690   0.047797923629607   0.047663523540022   0.047582458934617   0.047502831281899   0.047414772868440   0.047145289729064   0.046882510026109   0.049732791527117   0.049613599364677   0.049488606583825   0.049363613802972   0.049232820403708   0.048971233605179   0.048686444333000   0.048544049696911   0.048395854442409   0.048247659187908   0.048093663314994   0.047785671569166   0.047454477349688   
1.000000000000000   0.999524337261468   0.999167590207569   0.998810843153671   0.998573011784405   0.998097349045873   0.998097349045873   0.998097349045873   0.998216264730506   0.998335180415139   0.998573011784404   0.999048674522936   1.000000000000000   1.000000000000000   0.999524337261468   0.999167590207569   0.998810843153671   0.998573011784405   0.998097349045873   0.998097349045873   0.998097349045873   0.998216264730506   0.998335180415139   0.998573011784404   0.999048674522936   1.000000000000000   
PATCH 24 
2 1 
6 2 
0.000000000000000   0.000000000000000   0.000000000000000   0.250000000000000   0.500000000000000   0.750000000000000   1.000000000000000   1.000000000000000   1.000000000000000   
0.000000000000000   0.000000000000000   1.000000000000000   1.000000000000000   
0.017063838157191   0.018100479716936   0.020097503182455   0.021997304335396   0.023979946211860   0.024995771773310   0.017272017237946   0.018289568482936   0.020304367573183   0.022298863263696   0.024273055554476   0.025250000000000   
0.046882510026109   0.046546737913755   0.045676337650233   0.044604952375837   0.043708593359042   0.043293946685770   0.047454477349688   0.047032993823604   0.046146485990198   0.045216437375554   0.044242847979673   0.043734282891114   
1.000000000000000   0.999048674522936   0.998097349045873   0.998097349045873   0.999048674522936   1.000000000000000   1.000000000000000   0.999048674522936   0.998097349045873   0.998097349045873   0.999048674522936   1.000000000000000   
PATCH 25 
2 1 
6 2 
0.000000000000000   0.000000000000000   0.000000000000000   0.250000000000000   0.500000000000000   0.750000000000000   1.000000000000000   1.000000000000000   1.000000000000000   
0.000000000000000   0.000000000000000   1.000000000000000   1.000000000000000   
0.017063838157191   0.018100479716936   0.020097503182455   0.021997304335396   0.023979946211860   0.024995771773310   0.007209860555763   0.008076355673162   0.009809345907961   0.011542336142760   0.013275326377559   0.014141821494959   
0.046882510026109   0.046546737913755   0.045676337650233   0.044604952375837   0.043708593359042   0.043293946685770   0.043151148372329   0.040066519506100   0.033897261773643   0.027728004041185   0.021558746308727   0.018474117442498   
1.000000000000000   0.999048674522936   0.998097349045873   0.998097349045873   0.999048674522936   1.000000000000000   1.000000000000000   1.000000000000000   1.000000000000000   1.000000000000000   1.000000000000000   1.000000000000000   
PATCH 26 
2 1 
13 2 
0.000000000000000   0.000000000000000   0.000000000000000   0.250000000000000   0.250000000000000   0.375000000000000   0.375000000000000   0.500000000000000   0.500000000000000   0.750000000000000   0.750000000000000   0.875000000000000   0.875000000000000   1.000000000000000   1.000000000000000   1.000000000000000   
0.000000000000000   0.000000000000000   1.000000000000000   1.000000000000000   
0.024995771773310   0.026303332257424   0.027583172896111   0.028192788537931   0.028770493525646   0.029425472303782   0.030101368921760   0.031064544858957   0.031817852589466   0.032329509852351   0.032845184129204   0.033435461421932   0.034007056465568   0.014141821494959   0.014259880201092   0.014377938907225   0.014263072484435   0.014271088305090   0.014279104125745   0.014410002189846   0.014877079740933   0.015344157292020   0.013517144031010   0.013512378348032   0.013507612665053   0.015325094560107   
0.043293946685770   0.042423506907560   0.041517106008370   0.041019703660365   0.040480911729759   0.040052201278136   0.039648841421452   0.038349257712207   0.036845502952143   0.036269694153440   0.035702401373629   0.035218450183033   0.034712942574304   0.018474117442498   0.018053841222200   0.017633565001902   0.017469158437260   0.017452842477713   0.017436526518165   0.017568301163712   0.016940254490178   0.016312207816644   0.014276008225810   0.014210814931214   0.014145621636617   0.016051434638257   
1.000000000000000   0.998025535475760   0.997038303213640   0.996544687082579   0.996297879017049   0.996051070951519   0.996051070951519   0.996051070951519   0.997038303213639   0.997531919344699   0.998272343541290   0.999012767737880   1.000000000000000   1.000000000000000   1.000000000000000   1.000000000000000   0.991668996461818   0.991668996461818   0.991668996461818   1.000000000000000   1.000000000000000   1.000000000000000   0.878388775116121   0.878388775116121   0.878388775116121   1.000000000000000   
PATCH 27 
2 2 
6 4 
0.000000000000000   0.000000000000000   0.000000000000000   0.250000000000000   0.500000000000000   0.750000000000000   1.000000000000000   1.000000000000000   1.000000000000000   
0.000000000000000   0.000000000000000   0.000000000000000   0.500000000000000   1.000000000000000   1.000000000000000   1.000000000000000   
0.011223759025747   0.010357263908348   0.008624273673549   0.006891283438750   0.005158293203951   0.004291798086551   0.011953274643050   0.011086779525651   0.009353789290852   0.007620799056053   0.005887808821254   0.005021313703854   0.013412305877656   0.012545810760256   0.010812820525457   0.009079830290658   0.007346840055859   0.006480344938460   0.014141821494959   0.013275326377559   0.011542336142760   0.009809345907961   0.008076355673162   0.007209860555763   
0.017654412060913   0.020739040927142   0.026908298659600   0.033077556392058   0.039246814124516   0.042331442990745   0.017859338406310   0.020943967272538   0.027113225004996   0.033282482737454   0.039451740469912   0.042536369336141   0.018269191097102   0.021353819963331   0.027523077695789   0.033692335428246   0.039861593160704   0.042946222026933   0.018474117442498   0.021558746308727   0.027728004041185   0.033897261773643   0.040066519506100   0.043151148372329   
1.000000000000000   1.000000000000000   1.000000000000000   1.000000000000000   1.000000000000000   1.000000000000000   1.000000000000000   1.000000000000000   1.000000000000000   1.000000000000000   1.000000000000000   1.000000000000000   1.000000000000000   1.000000000000000   1.000000000000000   1.000000000000000   1.000000000000000   1.000000000000000   1.000000000000000   1.000000000000000   1.000000000000000   1.000000000000000   1.000000000000000   1.000000000000000   
PATCH 28 
2 2 
13 4 
0.000000000000000   0.000000000000000   0.000000000000000   0.250000000000000   0.250000000000000   0.375000000000000   0.375000000000000   0.500000000000000   0.500000000000000   0.750000000000000   0.750000000000000   0.875000000000000   0.875000000000000   1.000000000000000   1.000000000000000   1.000000000000000   
0.000000000000000   0.000000000000000   0.000000000000000   0.500000000000000   1.000000000000000   1.000000000000000   1.000000000000000   
0.011223759025747   0.011376457283222   0.011529155540698   0.011528966805018   0.011529327597711   0.011529688390403   0.011530598711467   0.011919297148532   0.012307995585597   0.010658772726314   0.012448674711174   0.010852873796416   0.012643407483375   0.011953274643050   0.012097313012690   0.012241351382329   0.012212493224872   0.012214767774555   0.012217042324239   0.012250449581062   0.012658742796632   0.013067036012202   0.011373365552488   0.012714600620389   0.011516558513575   0.013313829252558   0.013412305877656   0.013539024471624   0.013665743065593   0.013579546064581   0.013585648128245   0.013591750191910   0.013690151320251   0.014137634092833   0.014585116865414   0.012802551204836   0.013246452438817   0.012843927947894   0.014654672790924   0.014141821494959   0.014259880201092   0.014377938907225   0.014263072484435   0.014271088305090   0.014279104125745   0.014410002189846   0.014877079740933   0.015344157292020   0.013517144031010   0.013512378348032   0.013507612665053   0.015325094560107   
0.017654412060913   0.017110822785715   0.016567233510516   0.016565064385887   0.016563707066713   0.016562349747538   0.016561804233818   0.015012157222158   0.013462510210498   0.011534122692826   0.013318405090948   0.011480441444336   0.013369747561524   0.017859338406310   0.017346577394836   0.016833816383362   0.016791087898730   0.016785990919463   0.016780893940195   0.016813428466292   0.015494181539163   0.014174934612035   0.012219594076072   0.013541507551014   0.012146736492406   0.014040169330707   0.018269191097102   0.017818086613079   0.017366982129055   0.017243134924417   0.017230558624963   0.017217982325509   0.017316676931239   0.016458230173173   0.015599783415108   0.013590536842564   0.013987712471147   0.013479326588547   0.015381012869074   0.018474117442498   0.018053841222200   0.017633565001902   0.017469158437260   0.017452842477713   0.017436526518165   0.017568301163712   0.016940254490178   0.016312207816644   0.014276008225810   0.014210814931214   0.014145621636617   0.016051434638257   
1.000000000000000   1.000000000000000   1.000000000000000   0.999950685400376   0.999950685400376   0.999950685400376   1.000000000000000   1.000000000000000   1.000000000000000   0.864013520387865   1.000000000000000   0.864013520387865   1.000000000000000   1.000000000000000   1.000000000000000   1.000000000000000   0.997880263165736   0.997880263165736   0.997880263165736   1.000000000000000   1.000000000000000   1.000000000000000   0.867607334069929   0.969597193779030   0.867607334069929   1.000000000000000   1.000000000000000   1.000000000000000   1.000000000000000   0.993739418696458   0.993739418696458   0.993739418696458   1.000000000000000   1.000000000000000   1.000000000000000   0.874794961434057   0.908791581337091   0.874794961434057   1.000000000000000   1.000000000000000   1.000000000000000   1.000000000000000   0.991668996461818   0.991668996461818   0.991668996461818   1.000000000000000   1.000000000000000   1.000000000000000   0.878388775116121   0.878388775116121   0.878388775116121   1.000000000000000   
PATCH 29 
2 1 
13 2 
0.000000000000000   0.000000000000000   0.000000000000000   0.250000000000000   0.250000000000000   0.375000000000000   0.375000000000000   0.500000000000000   0.500000000000000   0.750000000000000   0.750000000000000   0.875000000000000   0.875000000000000   1.000000000000000   1.000000000000000   1.000000000000000   
0.000000000000000   0.000000000000000   1.000000000000000   1.000000000000000   
0.024995771773310   0.026303332257424   0.027583172896111   0.028192788537931   0.028770493525646   0.029425472303782   0.030101368921760   0.031064544858957   0.031817852589466   0.032329509852351   0.032845184129204   0.033435461421932   0.034007056465568   0.025250000000000   0.026178902508932   0.027094027156471   0.027551589480241   0.028005707338662   0.028459825197083   0.028910498590156   0.029811845376303   0.030699414301056   0.031143198763433   0.031583538760461   0.032023878757490   0.032460774289170   
0.043293946685770   0.042423506907560   0.041517106008370   0.041019703660365   0.040480911729759   0.040052201278136   0.039648841421452   0.038349257712207   0.036845502952143   0.036269694153440   0.035702401373629   0.035218450183033   0.034712942574304   0.043734282891114   0.043142506727484   0.042531053738569   0.042225327244111   0.041914681543332   0.041604035842553   0.041288470935453   0.040657341121252   0.040006534481766   0.039681131162023   0.039350808635958   0.039020486109894   0.038685244377508   
1.000000000000000   0.998025535475760   0.997038303213640   0.996544687082579   0.996297879017049   0.996051070951519   0.996051070951519   0.996051070951519   0.997038303213639   0.997531919344699   0.998272343541290   0.999012767737880   1.000000000000000   1.000000000000000   0.999048674522937   0.998573011784405   0.998335180415139   0.998216264730506   0.998097349045873   0.998097349045873   0.998097349045873   0.998573011784405   0.998810843153671   0.999167590207569   0.999524337261468   1.000000000000000   
PATCH 30 
2 1 
6 2 
0.000000000000000   0.000000000000000   0.000000000000000   0.250000000000000   0.500000000000000   0.750000000000000   1.000000000000000   1.000000000000000   1.000000000000000   
0.000000000000000   0.000000000000000   1.000000000000000   1.000000000000000   
0.011223759025747   0.010357263908348   0.008624273673549   0.006891283438750   0.005158293203951   0.004291798086551   0.000000000000000   0.000000000000000   0.000000000000000   0.000000000000000   0.000000000000000   0.000000000000000   
0.017654412060913   0.020739040927142   0.026908298659600   0.033077556392058   0.039246814124516   0.042331442990745   0.014550000000000   0.018022680373843   0.024968041121529   0.031913401869216   0.038858762616902   0.042331442990745   
1.000000000000000   1.000000000000000   1.000000000000000   1.000000000000000   1.000000000000000   1.000000000000000   1.000000000000000   1.000000000000000   1.000000000000000   1.000000000000000   1.000000000000000   1.000000000000000   
PATCH 31 
2 1 
13 2 
0.000000000000000   0.000000000000000   0.000000000000000   0.250000000000000   0.250000000000000   0.375000000000000   0.375000000000000   0.500000000000000   0.500000000000000   0.750000000000000   0.750000000000000   0.875000000000000   0.875000000000000   1.000000000000000   1.000000000000000   1.000000000000000   
0.000000000000000   0.000000000000000   1.000000000000000   1.000000000000000   
0.004291798086551   0.003773541523722   0.003255284960892   0.003245665047297   0.003243991046582   0.003242317045866   0.003248588958029   0.003158887855340   0.003069186752650   0.002765965076770   0.003128836525054   0.002888656255078   0.003290921620720   0.000000000000000   0.000000000000000   0.000000000000000   0.000000000000000   0.000000000000000   0.000000000000000   0.000000000000000   0.000000000000000   0.000000000000000   0.000000000000000   0.000000000000000   0.000000000000000   0.000000000000000   
0.042331442990745   0.044176380280887   0.046021317571029   0.045929962781396   0.045939139679125   0.045948316576854   0.046058025161944   0.047086330463885   0.048114635765825   0.043563168809851   0.048275241947383   0.043682748555911   0.048330747466616   0.042331442990745   0.043290012616902   0.044248582243059   0.044727867056137   0.045207151869216   0.045686436682294   0.046165721495373   0.047124291121529   0.048082860747686   0.048562145560765   0.049041430373843   0.049520715186922   0.050000000000000   
1.000000000000000   1.000000000000000   1.000000000000000   0.997819803485109   0.997819803485109   0.997819803485109   1.000000000000000   1.000000000000000   1.000000000000000   0.903630037326936   1.000000000000000   0.903630037326936   1.000000000000000   1.000000000000000   1.000000000000000   1.000000000000000   1.000000000000000   1.000000000000000   1.000000000000000   1.000000000000000   1.000000000000000   1.000000000000000   1.000000000000000   1.000000000000000   1.000000000000000   1.000000000000000   
PATCH 32 
2 1 
13 2 
0.000000000000000   0.000000000000000   0.000000000000000   0.250000000000000   0.250000000000000   0.375000000000000   0.375000000000000   0.500000000000000   0.500000000000000   0.750000000000000   0.750000000000000   0.875000000000000   0.875000000000000   1.000000000000000   1.000000000000000   1.000000000000000   
0.000000000000000   0.000000000000000   1.000000000000000   1.000000000000000   
0.000000000000000   0.001374733207854   0.002698486312886   0.003360362865402   0.004009494392212   0.004658625919022   0.005295012420127   0.006567785422336   0.007789578321723   0.008400474771416   0.008998626195404   0.009596777619391   0.010182184017673   0.011223759025747   0.011376457283222   0.011529155540698   0.011528966805018   0.011529327597711   0.011529688390403   0.011530598711467   0.011919297148532   0.012307995585597   0.010658772726314   0.012448674711174   0.010852873796416   0.012643407483375   
0.014550000000000   0.014280216564265   0.013885545960792   0.013688210659055   0.013459653565385   0.013231096471714   0.012971317586109   0.012451759814898   0.011807314875951   0.011485092406477   0.011131648145068   0.010778203883660   0.010393537830318   0.017654412060913   0.017110822785715   0.016567233510516   0.016565064385887   0.016563707066713   0.016562349747538   0.016561804233818   0.015012157222158   0.013462510210498   0.011534122692826   0.013318405090948   0.011480441444336   0.013369747561524   
1.000000000000000   0.981458183110973   0.972187274666459   0.967551820444202   0.965234093333074   0.962916366221945   0.962916366221945   0.962916366221945   0.972187274666459   0.976822728888716   0.983775910222101   0.990729091555486   1.000000000000000   1.000000000000000   1.000000000000000   1.000000000000000   0.999950685400376   0.999950685400376   0.999950685400376   1.000000000000000   1.000000000000000   1.000000000000000   0.864013520387865   1.000000000000000   0.864013520387865   1.000000000000000   
INTERFACE 1 
1 2 
5 1 
1 
INTERFACE 2 
1 3 
2 4 
1 
INTERFACE 3 
2 1 
13 2 
1 
INTERFACE 4 
2 2 
3 1 
1 
INTERFACE 5 
2 3 
4 2 
1 
INTERFACE 6 
3 2 
7 1 
-1 
INTERFACE 7 
3 3 
4 4 
-1 
INTERFACE 8 
3 4 
5 3 
1 
INTERFACE 9 
4 1 
9 2 
1 
INTERFACE 10 
4 3 
13 3 
1 
INTERFACE 11 
5 2 
6 1 
1 
INTERFACE 12 
6 2 
11 1 
1 
INTERFACE 13 
6 3 
7 3 
1 
INTERFACE 14 
7 2 
8 1 
1 
INTERFACE 15 
7 4 
9 4 
-1 
INTERFACE 16 
8 2 
15 1 
1 
INTERFACE 17 
8 3 
11 3 
1 
INTERFACE 18 
8 4 
10 4 
1 
INTERFACE 19 
9 1 
10 1 
1 
INTERFACE 20 
9 3 
12 3 
1 
INTERFACE 21 
10 2 
16 3 
1 
INTERFACE 22 
10 3 
14 4 
1 
INTERFACE 23 
11 2 
18 1 
1 
INTERFACE 24 
12 1 
14 1 
-1 
INTERFACE 25 
12 2 
13 1 
1 
INTERFACE 26 
14 2 
17 1 
-1 
INTERFACE 27 
15 2 
26 2 
1 
INTERFACE 28 
15 3 
18 3 
1 
INTERFACE 29 
15 4 
16 2 
1 
INTERFACE 30 
16 1 
17 3 
1 
INTERFACE 31 
16 4 
28 2 
1 
INTERFACE 32 
17 2 
32 2 
-1 
INTERFACE 33 
18 2 
29 2 
1 
INTERFACE 34 
19 2 
23 1 
1 
INTERFACE 35 
19 3 
20 4 
1 
INTERFACE 36 
20 1 
31 2 
1 
INTERFACE 37 
20 2 
21 1 
1 
INTERFACE 38 
20 3 
22 2 
1 
INTERFACE 39 
21 2 
25 1 
-1 
INTERFACE 40 
21 3 
22 4 
-1 
INTERFACE 41 
21 4 
23 3 
1 
INTERFACE 42 
22 1 
27 2 
1 
INTERFACE 43 
22 3 
31 3 
1 
INTERFACE 44 
23 2 
24 1 
1 
INTERFACE 45 
24 2 
29 1 
1 
INTERFACE 46 
24 3 
25 3 
1 
INTERFACE 47 
25 2 
26 1 
1 
INTERFACE 48 
25 4 
27 4 
-1 
INTERFACE 49 
26 3 
29 3 
1 
INTERFACE 50 
26 4 
28 4 
1 
INTERFACE 51 
27 1 
28 1 
1 
INTERFACE 52 
27 3 
30 3 
1 
INTERFACE 53 
28 3 
32 4 
1 
INTERFACE 54 
30 1 
32 1 
-1 
INTERFACE 55 
30 2 
31 1 
1 
BOUNDARY 1 
1 
1 1 
BOUNDARY 2 
1 
1 4 
BOUNDARY 3 
1 
5 4 
BOUNDARY 4 
1 
6 4 
BOUNDARY 5 
1 
11 4 
BOUNDARY 6 
1 
12 4 
BOUNDARY 7 
1 
13 4 
BOUNDARY 8 
1 
14 3 
BOUNDARY 9 
1 
17 4 
BOUNDARY 10 
1 
18 4 
BOUNDARY 11 
1 
19 1 
BOUNDARY 12 
1 
19 4 
BOUNDARY 13 
1 
23 4 
BOUNDARY 14 
1 
24 4 
BOUNDARY 15 
1 
29 4 
BOUNDARY 16 
1 
30 4 
BOUNDARY 17 
1 
31 4 
BOUNDARY 18 
1 
32 3 
