# nurbs mesh v.2.1
#
# 14-Jul-2024
#
2 2 32 55 0 
PATCH 1 
2 1 
4 2 
0.000000000000000   0.000000000000000   0.000000000000000   0.500000000000000   1.000000000000000   1.000000000000000   1.000000000000000   
0.000000000000000   0.000000000000000   1.000000000000000   1.000000000000000   
0.050000000000000   0.049904867452294   0.049525061277599   0.049240387650610   0.050500000000000   0.050403916126817   0.050020311890375   0.049732791527117   
0.000000000000000   0.002178893568691   0.006520098010365   0.008682408883347   0.000000000000000   0.002200682504378   0.006585298990468   0.008769232972180   
1.000000000000000   0.998097349045873   0.998097349045873   1.000000000000000   1.000000000000000   0.998097349045873   0.998097349045873   1.000000000000000   
PATCH 2 
2 1 
4 2 
0.000000000000000   0.000000000000000   0.000000000000000   0.500000000000000   1.000000000000000   1.000000000000000   1.000000000000000   
0.000000000000000   0.000000000000000   1.000000000000000   1.000000000000000   
0.048308771824814   0.048181861306899   0.047928040271069   0.047801129753154   0.050000000000000   0.049904867452294   0.049525061277599   0.049240387650610   
0.003762241284392   0.004810181709940   0.006906062561036   0.007954002986584   0.000000000000000   0.002178893568691   0.006520098010365   0.008682408883347   
1.000000000000000   1.000000000000000   1.000000000000000   1.000000000000000   1.000000000000000   0.998097349045873   0.998097349045873   1.000000000000000   
PATCH 3 
2 1 
13 2 
0.000000000000000   0.000000000000000   0.000000000000000   0.125000000000000   0.125000000000000   0.250000000000000   0.250000000000000   0.500000000000000   0.500000000000000   0.625000000000000   0.625000000000000   0.750000000000000   0.750000000000000   1.000000000000000   1.000000000000000   1.000000000000000   
0.000000000000000   0.000000000000000   1.000000000000000   1.000000000000000   
0.047801129753154   0.043777294958026   0.047719565549614   0.043647155893575   0.047562708968871   0.046384033638957   0.045205358309042   0.044446579515366   0.044421340208137   0.044396100900909   0.045104401080129   0.044868854141198   0.044633307202267   0.049240387650610   0.049122375608591   0.048294116480909   0.048295348092279   0.048044137842776   0.047717397983449   0.047418062964408   0.047376056503519   0.047321174411474   0.047235379229461   0.047199208880475   0.046971610521854   0.046648353285464   
0.007954002986584   0.007365693831623   0.008092175136563   0.007459545236688   0.008125943100770   0.007886152081832   0.007646361062894   0.007517166276417   0.007518551871897   0.007519937467376   0.007651903444811   0.007727456559451   0.007803009674092   0.008682408883347   0.009214726804819   0.009605384615930   0.010154437337060   0.010650081623445   0.011675847589323   0.012705631677961   0.013250250291208   0.013793531395135   0.014329566517468   0.014882931591351   0.015945257451661   0.016978612073443   
1.000000000000000   0.916023122221282   1.000000000000000   0.916023122221282   1.000000000000000   1.000000000000000   1.000000000000000   0.983762790420115   0.983762790420115   0.983762790420115   1.000000000000000   1.000000000000000   1.000000000000000   1.000000000000000   0.999524337261468   0.999167590207569   0.998810843153671   0.998573011784405   0.998097349045873   0.998097349045873   0.998097349045873   0.998216264730506   0.998335180415139   0.998573011784404   0.999048674522936   1.000000000000000   
PATCH 4 
2 2 
13 4 
0.000000000000000   0.000000000000000   0.000000000000000   0.250000000000000   0.250000000000000   0.375000000000000   0.375000000000000   0.500000000000000   0.500000000000000   0.750000000000000   0.750000000000000   0.875000000000000   0.875000000000000   1.000000000000000   1.000000000000000   1.000000000000000   
0.000000000000000   0.000000000000000   0.000000000000000   0.500000000000000   1.000000000000000   1.000000000000000   1.000000000000000   
0.043658993918298   0.045394897106995   0.047130800295692   0.047025368848794   0.047035008409277   0.047044647969760   0.047169358537625   0.047628526776908   0.048087695016192   0.043365112468430   0.048252183126191   0.043487934166320   0.048308771824814   0.043902572239290   0.045263386365546   0.046624200491802   0.046368051861823   0.046381591358992   0.046395130856161   0.046678358480479   0.047317403492420   0.047956448504362   0.043435623324716   0.048119028732047   0.043560274364246   0.048181861306899   0.044389728881275   0.045000364882648   0.045611000884020   0.045053417887880   0.045074757258422   0.045096096628964   0.045696358366188   0.046695156923445   0.047693955480701   0.043576645037289   0.047852719943758   0.043704954760100   0.047928040271069   0.044633307202267   0.044868854141198   0.045104401080129   0.044396100900909   0.044421340208137   0.044446579515366   0.045205358309042   0.046384033638957   0.047562708968871   0.043647155893575   0.047719565549614   0.043777294958026   0.047801129753154   
0.004765457712253   0.004208656196532   0.003651854680811   0.003639946663806   0.003637875603436   0.003635804543066   0.003643570439332   0.003591519619880   0.003539468800428   0.003175669597434   0.003597315985218   0.003299433346758   0.003762241284392   0.005524845702713   0.005088356287262   0.004651866871811   0.004609944364698   0.004608044670551   0.004606144976404   0.004644268095223   0.004665177735368   0.004686087375513   0.004246638507248   0.004721030773055   0.004315998467974   0.004810181709940   0.007043621683632   0.006847756468722   0.006651891253811   0.006549939766483   0.006548382804781   0.006546825843080   0.006645663407004   0.006812493966344   0.006979324525684   0.006388576326875   0.006968460348727   0.006349128710407   0.006906062561036   0.007803009674092   0.007727456559451   0.007651903444811   0.007519937467376   0.007518551871897   0.007517166276417   0.007646361062894   0.007886152081832   0.008125943100770   0.007459545236688   0.008092175136563   0.007365693831623   0.007954002986584   
1.000000000000000   1.000000000000000   1.000000000000000   0.997563804517519   0.997563804517519   0.997563804517519   1.000000000000000   1.000000000000000   1.000000000000000   0.899990850233745   1.000000000000000   0.899990850233745   1.000000000000000   1.000000000000000   1.000000000000000   1.000000000000000   0.994113550993168   0.994113550993168   0.994113550993168   1.000000000000000   1.000000000000000   1.000000000000000   0.903998918230629   1.000000000000000   0.903998918230629   1.000000000000000   1.000000000000000   1.000000000000000   1.000000000000000   0.987213043944466   0.987213043944466   0.987213043944466   1.000000000000000   1.000000000000000   1.000000000000000   0.912015054224398   1.000000000000000   0.912015054224398   1.000000000000000   1.000000000000000   1.000000000000000   1.000000000000000   0.983762790420115   0.983762790420115   0.983762790420115   1.000000000000000   1.000000000000000   1.000000000000000   0.916023122221282   1.000000000000000   0.916023122221282   1.000000000000000   
PATCH 5 
2 1 
13 2 
0.000000000000000   0.000000000000000   0.000000000000000   0.125000000000000   0.125000000000000   0.250000000000000   0.250000000000000   0.500000000000000   0.500000000000000   0.625000000000000   0.625000000000000   0.750000000000000   0.750000000000000   1.000000000000000   1.000000000000000   1.000000000000000   
0.000000000000000   0.000000000000000   1.000000000000000   1.000000000000000   
0.049240387650610   0.049122375608591   0.048294116480909   0.048295348092279   0.048044137842776   0.047717397983449   0.047418062964408   0.047376056503519   0.047321174411474   0.047235379229461   0.047199208880475   0.046971610521854   0.046648353285464   0.049732791527117   0.049613599364677   0.049488606583825   0.049363613802972   0.049232820403708   0.048971233605179   0.048686444333000   0.048544049696911   0.048395854442409   0.048247659187908   0.048093663314994   0.047785671569166   0.047454477349688   
0.008682408883347   0.009214726804819   0.009605384615930   0.010154437337060   0.010650081623445   0.011675847589323   0.012705631677961   0.013250250291208   0.013793531395135   0.014329566517468   0.014882931591351   0.015945257451661   0.016978612073443   0.008769232972180   0.009306874072867   0.009842960902535   0.010379047732203   0.010913580290852   0.011982645408149   0.013045493441370   0.013576917457981   0.014106787203572   0.014636656949163   0.015164972423735   0.016221603372879   0.017272017237946   
1.000000000000000   0.999524337261468   0.999167590207569   0.998810843153671   0.998573011784405   0.998097349045873   0.998097349045873   0.998097349045873   0.998216264730506   0.998335180415139   0.998573011784404   0.999048674522936   1.000000000000000   1.000000000000000   0.999524337261468   0.999167590207569   0.998810843153671   0.998573011784405   0.998097349045873   0.998097349045873   0.998097349045873   0.998216264730506   0.998335180415139   0.998573011784404   0.999048674522936   1.000000000000000   
PATCH 6 
2 1 
6 2 
0.000000000000000   0.000000000000000   0.000000000000000   0.250000000000000   0.500000000000000   0.750000000000000   1.000000000000000   1.000000000000000   1.000000000000000   
0.000000000000000   0.000000000000000   1.000000000000000   1.000000000000000   
0.046648353285464   0.046349547544471   0.045546241534529   0.044451679850230   0.043699285238812   0.043292116137065   0.047454477349688   0.047032993823604   0.046146485990198   0.045216437375554   0.044242847979673   0.043734282891114   
0.016978612073443   0.018023798934574   0.020040261134737   0.021921716710874   0.023974839476426   0.024994714905523   0.017272017237946   0.018289568482936   0.020304367573183   0.022298863263696   0.024273055554476   0.025250000000000   
1.000000000000000   0.999048674522936   0.998097349045873   0.998097349045873   0.999048674522936   1.000000000000000   1.000000000000000   0.999048674522936   0.998097349045873   0.998097349045873   0.999048674522936   1.000000000000000   
PATCH 7 
2 1 
6 2 
0.000000000000000   0.000000000000000   0.000000000000000   0.250000000000000   0.500000000000000   0.750000000000000   1.000000000000000   1.000000000000000   1.000000000000000   
0.000000000000000   0.000000000000000   1.000000000000000   1.000000000000000   
0.046648353285464   0.046349547544471   0.045546241534529   0.044451679850230   0.043699285238812   0.043292116137065   0.044633307202267   0.041557448164096   0.035405730087752   0.029254012011408   0.023102293935064   0.020026434896892   
0.016978612073443   0.018023798934574   0.020040261134737   0.021921716710874   0.023974839476426   0.024994714905523   0.007803009674092   0.008789610186003   0.010762811209827   0.012736012233650   0.014709213257473   0.015695813769385   
1.000000000000000   0.999048674522936   0.998097349045873   0.998097349045873   0.999048674522936   1.000000000000000   1.000000000000000   1.000000000000000   1.000000000000000   1.000000000000000   1.000000000000000   1.000000000000000   
PATCH 8 
2 1 
13 2 
0.000000000000000   0.000000000000000   0.000000000000000   0.250000000000000   0.250000000000000   0.375000000000000   0.375000000000000   0.500000000000000   0.500000000000000   0.750000000000000   0.750000000000000   0.875000000000000   0.875000000000000   1.000000000000000   1.000000000000000   1.000000000000000   
0.000000000000000   0.000000000000000   1.000000000000000   1.000000000000000   
0.043292116137065   0.042423712114799   0.041518827600463   0.041050642019992   0.040565344657909   0.040059053253594   0.039643949436110   0.038343407934661   0.036845401787110   0.036271624493608   0.035707978633680   0.035223247271586   0.034715835468085   0.020026434896892   0.019591468007399   0.019156501117905   0.019028656380066   0.019014947720684   0.019001239061302   0.019101666480377   0.018477172672289   0.017852678864202   0.015690497580758   0.015626162145418   0.015561826710079   0.017595337122844   
0.024994714905523   0.026303470565656   0.027584339260894   0.028214080912552   0.028830535935244   0.029430547045152   0.030097702211521   0.031059866002003   0.031817837180835   0.032331309238895   0.032850400822529   0.033440108975664   0.034009991622594   0.015695813769385   0.015835332047210   0.015974850325035   0.015885096242922   0.015891962002104   0.015898827761286   0.016002313361764   0.016446488013008   0.016890662664252   0.014932188645346   0.014926798996743   0.014921409348140   0.016869104069841   
1.000000000000000   0.998025511746904   0.997038267620356   0.996544645557082   0.996297834525445   0.996051023493808   0.996051023493808   0.996051023493808   0.997038267620356   0.997531889683630   0.998272322778541   0.999012755873452   1.000000000000000   1.000000000000000   1.000000000000000   1.000000000000000   0.994088403243774   0.994088403243774   0.994088403243774   1.000000000000000   1.000000000000000   1.000000000000000   0.881834501047486   0.881834501047486   0.881834501047486   1.000000000000000   
PATCH 9 
2 2 
6 4 
0.000000000000000   0.000000000000000   0.000000000000000   0.250000000000000   0.500000000000000   0.750000000000000   1.000000000000000   1.000000000000000   1.000000000000000   
0.000000000000000   0.000000000000000   0.000000000000000   0.500000000000000   1.000000000000000   1.000000000000000   1.000000000000000   
0.019052121612922   0.022127980651094   0.028279698727438   0.034431416803782   0.040583134880126   0.043658993918298   0.019295699933915   0.022371558972087   0.028523277048431   0.034674995124775   0.040826713201118   0.043902572239290   0.019782856575899   0.022858715614071   0.029010433690415   0.035162151766759   0.041313869843103   0.044389728881275   0.020026434896892   0.023102293935064   0.029254012011408   0.035405730087752   0.041557448164096   0.044633307202267   
0.012658261807546   0.011671661295635   0.009698460271811   0.007725259247988   0.005752058224165   0.004765457712253   0.013417649798006   0.012431049286094   0.010457848262271   0.008484647238448   0.006511446214624   0.005524845702713   0.014936425778925   0.013949825267014   0.011976624243190   0.010003423219367   0.008030222195544   0.007043621683632   0.015695813769385   0.014709213257473   0.012736012233650   0.010762811209827   0.008789610186003   0.007803009674092   
1.000000000000000   1.000000000000000   1.000000000000000   1.000000000000000   1.000000000000000   1.000000000000000   1.000000000000000   1.000000000000000   1.000000000000000   1.000000000000000   1.000000000000000   1.000000000000000   1.000000000000000   1.000000000000000   1.000000000000000   1.000000000000000   1.000000000000000   1.000000000000000   1.000000000000000   1.000000000000000   1.000000000000000   1.000000000000000   1.000000000000000   1.000000000000000   
PATCH 10 
2 2 
13 4 
0.000000000000000   0.000000000000000   0.000000000000000   0.250000000000000   0.250000000000000   0.375000000000000   0.375000000000000   0.500000000000000   0.500000000000000   0.750000000000000   0.750000000000000   0.875000000000000   0.875000000000000   1.000000000000000   1.000000000000000   1.000000000000000   
0.000000000000000   0.000000000000000   0.000000000000000   0.500000000000000   1.000000000000000   1.000000000000000   1.000000000000000   
0.019052121612922   0.018638516658494   0.018224911704066   0.018090227787937   0.018074274970014   0.018058322152091   0.018161100432373   0.016125261793199   0.014089423154025   0.011576520737708   0.013902447531627   0.011489640462166   0.013945276273688   0.019295699933915   0.018876754495720   0.018457809057526   0.018324834935970   0.018309443157682   0.018294051379394   0.018396241944374   0.016713239512972   0.015030237081569   0.012605014948471   0.014333376185075   0.012507687024144   0.014857791485977   0.019782856575899   0.019353230170172   0.018923603764445   0.018794049232034   0.018779779533017   0.018765509833999   0.018866524968376   0.017889194952517   0.016911864936658   0.014662003369996   0.015195233491971   0.014543780148101   0.016682821910555   0.020026434896892   0.019591468007399   0.019156501117905   0.019028656380066   0.019014947720684   0.019001239061302   0.019101666480377   0.018477172672289   0.017852678864202   0.015690497580758   0.015626162145418   0.015561826710079   0.017595337122844   
0.012658261807546   0.012790928114651   0.012923594421755   0.012843905880275   0.012846290490415   0.012848675100554   0.012933132862312   0.012905386649413   0.012877640436514   0.010681407440746   0.012999827897605   0.010887177887460   0.013219043220685   0.013417649798006   0.013552029097791   0.013686408397575   0.013604203470937   0.013607708368337   0.013611213265737   0.013700427987175   0.013790661990312   0.013880895993449   0.011744102741896   0.013481570672390   0.011895735752630   0.014131558432974   0.014936425778925   0.015074231064070   0.015212036349215   0.015124798652261   0.015130544124182   0.015136289596103   0.015235018236901   0.015561212672109   0.015887407107318   0.013869493344196   0.014445056221958   0.013912851482970   0.015956588857552   0.015695813769385   0.015835332047210   0.015974850325035   0.015885096242922   0.015891962002104   0.015898827761286   0.016002313361764   0.016446488013008   0.016890662664252   0.014932188645346   0.014926798996743   0.014921409348140   0.016869104069841   
1.000000000000000   1.000000000000000   1.000000000000000   0.993452663251329   0.993452663251329   0.993452663251329   1.000000000000000   1.000000000000000   1.000000000000000   0.829571956570999   1.000000000000000   0.829571956570999   1.000000000000000   1.000000000000000   1.000000000000000   1.000000000000000   0.993611598249440   0.993611598249440   0.993611598249440   1.000000000000000   1.000000000000000   1.000000000000000   0.842637592690121   0.970458625261871   0.842637592690121   1.000000000000000   1.000000000000000   1.000000000000000   1.000000000000000   0.993929468245663   0.993929468245663   0.993929468245663   1.000000000000000   1.000000000000000   1.000000000000000   0.868768864928364   0.911375875785615   0.868768864928364   1.000000000000000   1.000000000000000   1.000000000000000   1.000000000000000   0.994088403243774   0.994088403243774   0.994088403243774   1.000000000000000   1.000000000000000   1.000000000000000   0.881834501047486   0.881834501047486   0.881834501047486   1.000000000000000   
PATCH 11 
2 1 
13 2 
0.000000000000000   0.000000000000000   0.000000000000000   0.250000000000000   0.250000000000000   0.375000000000000   0.375000000000000   0.500000000000000   0.500000000000000   0.750000000000000   0.750000000000000   0.875000000000000   0.875000000000000   1.000000000000000   1.000000000000000   1.000000000000000   
0.000000000000000   0.000000000000000   1.000000000000000   1.000000000000000   
0.043292116137065   0.042423712114799   0.041518827600463   0.041050642019992   0.040565344657909   0.040059053253594   0.039643949436110   0.038343407934661   0.036845401787110   0.036271624493608   0.035707978633680   0.035223247271586   0.034715835468085   0.043734282891114   0.043142506727484   0.042531053738569   0.042225327244111   0.041914681543332   0.041604035842553   0.041288470935453   0.040657341121252   0.040006534481766   0.039681131162023   0.039350808635958   0.039020486109894   0.038685244377508   
0.024994714905523   0.026303470565656   0.027584339260894   0.028214080912552   0.028830535935244   0.029430547045152   0.030097702211521   0.031059866002003   0.031817837180835   0.032331309238895   0.032850400822529   0.033440108975664   0.034009991622594   0.025250000000000   0.026178902508932   0.027094027156471   0.027551589480241   0.028005707338662   0.028459825197083   0.028910498590156   0.029811845376303   0.030699414301056   0.031143198763433   0.031583538760461   0.032023878757490   0.032460774289170   
1.000000000000000   0.998025511746904   0.997038267620356   0.996544645557082   0.996297834525445   0.996051023493808   0.996051023493808   0.996051023493808   0.997038267620356   0.997531889683630   0.998272322778541   0.999012755873452   1.000000000000000   1.000000000000000   0.999048674522937   0.998573011784405   0.998335180415139   0.998216264730506   0.998097349045873   0.998097349045873   0.998097349045873   0.998573011784405   0.998810843153671   0.999167590207569   0.999524337261468   1.000000000000000   
PATCH 12 
2 1 
6 2 
0.000000000000000   0.000000000000000   0.000000000000000   0.250000000000000   0.500000000000000   0.750000000000000   1.000000000000000   1.000000000000000   1.000000000000000   
0.000000000000000   0.000000000000000   1.000000000000000   1.000000000000000   
0.019052121612922   0.022127980651094   0.028279698727438   0.034431416803782   0.040583134880126   0.043658993918298   0.014550000000000   0.018188624239787   0.025465872719362   0.032743121198936   0.040020369678511   0.043658993918298   
0.012658261807546   0.011671661295635   0.009698460271811   0.007725259247988   0.005752058224165   0.004765457712253   0.000000000000000   0.000000000000000   0.000000000000000   0.000000000000000   0.000000000000000   0.000000000000000   
1.000000000000000   1.000000000000000   1.000000000000000   1.000000000000000   1.000000000000000   1.000000000000000   1.000000000000000   1.000000000000000   1.000000000000000   1.000000000000000   1.000000000000000   1.000000000000000   
PATCH 13 
2 1 
13 2 
0.000000000000000   0.000000000000000   0.000000000000000   0.250000000000000   0.250000000000000   0.375000000000000   0.375000000000000   0.500000000000000   0.500000000000000   0.750000000000000   0.750000000000000   0.875000000000000   0.875000000000000   1.000000000000000   1.000000000000000   1.000000000000000   
0.000000000000000   0.000000000000000   1.000000000000000   1.000000000000000   
0.043658993918298   0.045394897106995   0.047130800295692   0.047025368848794   0.047035008409277   0.047044647969760   0.047169358537625   0.047628526776908   0.048087695016192   0.043365112468430   0.048252183126191   0.043487934166320   0.048308771824814   0.043658993918298   0.044451619678511   0.045244245438724   0.045640558318830   0.046036871198936   0.046433184079043   0.046829496959149   0.047622122719362   0.048414748479575   0.048811061359681   0.049207374239787   0.049603687119894   0.050000000000000   
0.004765457712253   0.004208656196532   0.003651854680811   0.003639946663806   0.003637875603436   0.003635804543066   0.003643570439332   0.003591519619880   0.003539468800428   0.003175669597434   0.003597315985218   0.003299433346758   0.003762241284392   0.000000000000000   0.000000000000000   0.000000000000000   0.000000000000000   0.000000000000000   0.000000000000000   0.000000000000000   0.000000000000000   0.000000000000000   0.000000000000000   0.000000000000000   0.000000000000000   0.000000000000000   
1.000000000000000   1.000000000000000   1.000000000000000   0.997563804517519   0.997563804517519   0.997563804517519   1.000000000000000   1.000000000000000   1.000000000000000   0.899990850233745   1.000000000000000   0.899990850233745   1.000000000000000   1.000000000000000   1.000000000000000   1.000000000000000   1.000000000000000   1.000000000000000   1.000000000000000   1.000000000000000   1.000000000000000   1.000000000000000   1.000000000000000   1.000000000000000   1.000000000000000   1.000000000000000   
PATCH 14 
2 1 
13 2 
0.000000000000000   0.000000000000000   0.000000000000000   0.250000000000000   0.250000000000000   0.375000000000000   0.375000000000000   0.500000000000000   0.500000000000000   0.750000000000000   0.750000000000000   0.875000000000000   0.875000000000000   1.000000000000000   1.000000000000000   1.000000000000000   
0.000000000000000   0.000000000000000   1.000000000000000   1.000000000000000   
0.014550000000000   0.014280215524000   0.013885543437284   0.013688207393926   0.013459649447889   0.013231091501852   0.012971311653136   0.012451751955704   0.011807304647555   0.011485080993481   0.011131635436728   0.010778189879975   0.010393522420543   0.019052121612922   0.018638516658494   0.018224911704066   0.018090227787937   0.018074274970014   0.018058322152091   0.018161100432373   0.016125261793199   0.014089423154025   0.011576520737708   0.013902447531627   0.011489640462166   0.013945276273688   
0.000000000000000   0.001374735756213   0.002698491118524   0.003360368799680   0.004009501382361   0.004658633965042   0.005295021449247   0.006567796417658   0.007789590992168   0.008400488279424   0.008998640468204   0.009596792656983   0.010182199747288   0.012658261807546   0.012790928114651   0.012923594421755   0.012843905880275   0.012846290490415   0.012848675100554   0.012933132862312   0.012905386649413   0.012877640436514   0.010681407440746   0.012999827897605   0.010887177887460   0.013219043220685   
1.000000000000000   0.981458111615120   0.972187167422680   0.967551695326460   0.965233959278350   0.962916223230240   0.962916223230240   0.962916223230240   0.972187167422680   0.976822639518900   0.983775847663230   0.990729055807560   1.000000000000000   1.000000000000000   1.000000000000000   1.000000000000000   0.993452663251329   0.993452663251329   0.993452663251329   1.000000000000000   1.000000000000000   1.000000000000000   0.829571956570999   1.000000000000000   0.829571956570999   1.000000000000000   
PATCH 15 
2 1 
4 2 
0.000000000000000   0.000000000000000   0.000000000000000   0.500000000000000   1.000000000000000   1.000000000000000   1.000000000000000   
0.000000000000000   0.000000000000000   1.000000000000000   1.000000000000000   
0.034715835468085   0.034550803865098   0.034197774397004   0.034009991622594   0.017595337122844   0.017413778859593   0.017050662333092   0.016869104069841   
0.034009991622594   0.034197774397004   0.034550803865098   0.034715835468085   0.016869104069841   0.017050662333092   0.017413778859593   0.017595337122844   
1.000000000000000   0.999973631363698   0.999973631363698   1.000000000000000   1.000000000000000   1.000000000000000   1.000000000000000   1.000000000000000   
PATCH 16 
2 2 
4 4 
0.000000000000000   0.000000000000000   0.000000000000000   0.500000000000000   1.000000000000000   1.000000000000000   1.000000000000000   
0.000000000000000   0.000000000000000   0.000000000000000   0.500000000000000   1.000000000000000   1.000000000000000   1.000000000000000   
0.013945276273688   0.014857791485977   0.016682821910555   0.017595337122844   0.013763718010437   0.014676233222726   0.016501263647304   0.017413778859593   0.013400601483936   0.014313116696225   0.016138147120803   0.017050662333092   0.013219043220685   0.014131558432974   0.015956588857552   0.016869104069841   
0.013219043220685   0.014131558432974   0.015956588857552   0.016869104069841   0.013400601483936   0.014313116696225   0.016138147120803   0.017050662333092   0.013763718010437   0.014676233222726   0.016501263647304   0.017413778859593   0.013945276273688   0.014857791485977   0.016682821910555   0.017595337122844   
1.000000000000000   1.000000000000000   1.000000000000000   1.000000000000000   1.000000000000000   1.000000000000000   1.000000000000000   1.000000000000000   1.000000000000000   1.000000000000000   1.000000000000000   1.000000000000000   1.000000000000000   1.000000000000000   1.000000000000000   1.000000000000000   
PATCH 17 
2 1 
4 2 
0.000000000000000   0.000000000000000   0.000000000000000   0.500000000000000   1.000000000000000   1.000000000000000   1.000000000000000   
0.000000000000000   0.000000000000000   1.000000000000000   1.000000000000000   
0.013945276273688   0.013763718010437   0.013400601483936   0.013219043220685   0.010393522420543   0.010340963043404   0.010235301706776   0.010182199747288   
0.013219043220685   0.013400601483936   0.013763718010437   0.013945276273688   0.010182199747288   0.010235301706776   0.010340963043404   0.010393522420543   
1.000000000000000   1.000000000000000   1.000000000000000   1.000000000000000   1.000000000000000   0.999973631363698   0.999973631363698   1.000000000000000   
PATCH 18 
2 1 
4 2 
0.000000000000000   0.000000000000000   0.000000000000000   0.500000000000000   1.000000000000000   1.000000000000000   1.000000000000000   
0.000000000000000   0.000000000000000   1.000000000000000   1.000000000000000   
0.034715835468085   0.034550803865098   0.034197774397004   0.034009991622594   0.038685244377508   0.037197068413715   0.034084833369545   0.032460774289170   
0.034009991622594   0.034197774397004   0.034550803865098   0.034715835468085   0.032460774289170   0.034084833369545   0.037197068413715   0.038685244377508   
1.000000000000000   0.999973631363698   0.999973631363698   1.000000000000000   1.000000000000000   0.998097349045873   0.998097349045873   1.000000000000000   
PATCH 19 
2 1 
4 2 
0.000000000000000   0.000000000000000   0.000000000000000   0.500000000000000   1.000000000000000   1.000000000000000   1.000000000000000   
0.000000000000000   0.000000000000000   1.000000000000000   1.000000000000000   
0.000000000000000   0.002178893568691   0.006520098010365   0.008682408883347   0.000000000000000   0.002200682504378   0.006585298990468   0.008769232972180   
0.050000000000000   0.049904867452294   0.049525061277599   0.049240387650610   0.050500000000000   0.050403916126817   0.050020311890375   0.049732791527117   
1.000000000000000   0.998097349045873   0.998097349045873   1.000000000000000   1.000000000000000   0.998097349045873   0.998097349045873   1.000000000000000   
PATCH 20 
2 1 
4 2 
0.000000000000000   0.000000000000000   0.000000000000000   0.500000000000000   1.000000000000000   1.000000000000000   1.000000000000000   
0.000000000000000   0.000000000000000   1.000000000000000   1.000000000000000   
0.003762241284392   0.004810181709940   0.006906062561036   0.007954002986584   0.000000000000000   0.002178893568691   0.006520098010365   0.008682408883347   
0.048308771824814   0.048181861306899   0.047928040271069   0.047801129753154   0.050000000000000   0.049904867452294   0.049525061277599   0.049240387650610   
1.000000000000000   1.000000000000000   1.000000000000000   1.000000000000000   1.000000000000000   0.998097349045873   0.998097349045873   1.000000000000000   
PATCH 21 
2 1 
13 2 
0.000000000000000   0.000000000000000   0.000000000000000   0.125000000000000   0.125000000000000   0.250000000000000   0.250000000000000   0.500000000000000   0.500000000000000   0.625000000000000   0.625000000000000   0.750000000000000   0.750000000000000   1.000000000000000   1.000000000000000   1.000000000000000   
0.000000000000000   0.000000000000000   1.000000000000000   1.000000000000000   
0.007954002986584   0.007365693831623   0.008092175136563   0.007459545236688   0.008125943100770   0.007886152081832   0.007646361062894   0.007517166276417   0.007518551871897   0.007519937467376   0.007651903444811   0.007727456559451   0.007803009674092   0.008682408883347   0.009214726804819   0.009605384615930   0.010154437337060   0.010650081623445   0.011675847589323   0.012705631677961   0.013250250291208   0.013793531395135   0.014329566517468   0.014882931591351   0.015945257451661   0.016978612073443   
0.047801129753154   0.043777294958026   0.047719565549614   0.043647155893575   0.047562708968871   0.046384033638957   0.045205358309042   0.044446579515366   0.044421340208137   0.044396100900909   0.045104401080129   0.044868854141198   0.044633307202267   0.049240387650610   0.049122375608591   0.048294116480909   0.048295348092279   0.048044137842776   0.047717397983449   0.047418062964408   0.047376056503519   0.047321174411474   0.047235379229461   0.047199208880475   0.046971610521854   0.046648353285464   
1.000000000000000   0.916023122221282   1.000000000000000   0.916023122221282   1.000000000000000   1.000000000000000   1.000000000000000   0.983762790420115   0.983762790420115   0.983762790420115   1.000000000000000   1.000000000000000   1.000000000000000   1.000000000000000   0.999524337261468   0.999167590207569   0.998810843153671   0.998573011784405   0.998097349045873   0.998097349045873   0.998097349045873   0.998216264730506   0.998335180415139   0.998573011784404   0.999048674522936   1.000000000000000   
PATCH 22 
2 2 
13 4 
0.000000000000000   0.000000000000000   0.000000000000000   0.250000000000000   0.250000000000000   0.375000000000000   0.375000000000000   0.500000000000000   0.500000000000000   0.750000000000000   0.750000000000000   0.875000000000000   0.875000000000000   1.000000000000000   1.000000000000000   1.000000000000000   
0.000000000000000   0.000000000000000   0.000000000000000   0.500000000000000   1.000000000000000   1.000000000000000   1.000000000000000   
0.004765457712253   0.004208656196532   0.003651854680811   0.003639946663806   0.003637875603436   0.003635804543066   0.003643570439332   0.003591519619880   0.003539468800428   0.003175669597434   0.003597315985218   0.003299433346758   0.003762241284392   0.005524845702713   0.005088356287262   0.004651866871811   0.004609944364698   0.004608044670551   0.004606144976404   0.004644268095223   0.004665177735368   0.004686087375513   0.004246638507248   0.004721030773055   0.004315998467974   0.004810181709940   0.007043621683632   0.006847756468722   0.006651891253811   0.006549939766483   0.006548382804781   0.006546825843080   0.006645663407004   0.006812493966344   0.006979324525684   0.006388576326875   0.006968460348727   0.006349128710407   0.006906062561036   0.007803009674092   0.007727456559451   0.007651903444811   0.007519937467376   0.007518551871897   0.007517166276417   0.007646361062894   0.007886152081832   0.008125943100770   0.007459545236688   0.008092175136563   0.007365693831623   0.007954002986584   
0.043658993918298   0.045394897106995   0.047130800295692   0.047025368848794   0.047035008409277   0.047044647969760   0.047169358537625   0.047628526776908   0.048087695016192   0.043365112468430   0.048252183126191   0.043487934166320   0.048308771824814   0.043902572239290   0.045263386365546   0.046624200491802   0.046368051861823   0.046381591358992   0.046395130856161   0.046678358480479   0.047317403492420   0.047956448504362   0.043435623324716   0.048119028732047   0.043560274364246   0.048181861306899   0.044389728881275   0.045000364882648   0.045611000884020   0.045053417887880   0.045074757258422   0.045096096628964   0.045696358366188   0.046695156923445   0.047693955480701   0.043576645037289   0.047852719943758   0.043704954760100   0.047928040271069   0.044633307202267   0.044868854141198   0.045104401080129   0.044396100900909   0.044421340208137   0.044446579515366   0.045205358309042   0.046384033638957   0.047562708968871   0.043647155893575   0.047719565549614   0.043777294958026   0.047801129753154   
1.000000000000000   1.000000000000000   1.000000000000000   0.997563804517519   0.997563804517519   0.997563804517519   1.000000000000000   1.000000000000000   1.000000000000000   0.899990850233745   1.000000000000000   0.899990850233745   1.000000000000000   1.000000000000000   1.000000000000000   1.000000000000000   0.994113550993168   0.994113550993168   0.994113550993168   1.000000000000000   1.000000000000000   1.000000000000000   0.903998918230629   1.000000000000000   0.903998918230629   1.000000000000000   1.000000000000000   1.000000000000000   1.000000000000000   0.987213043944466   0.987213043944466   0.987213043944466   1.000000000000000   1.000000000000000   1.000000000000000   0.912015054224398   1.000000000000000   0.912015054224398   1.000000000000000   1.000000000000000   1.000000000000000   1.000000000000000   0.983762790420115   0.983762790420115   0.983762790420115   1.000000000000000   1.000000000000000   1.000000000000000   0.916023122221282   1.000000000000000   0.916023122221282   1.000000000000000   
PATCH 23 
2 1 
13 2 
0.000000000000000   0.000000000000000   0.000000000000000   0.125000000000000   0.125000000000000   0.250000000000000   0.250000000000000   0.500000000000000   0.500000000000000   0.625000000000000   0.625000000000000   0.750000000000000   0.750000000000000   1.000000000000000   1.000000000000000   1.000000000000000   
0.000000000000000   0.000000000000000   1.000000000000000   1.000000000000000   
0.008682408883347   0.009214726804819   0.009605384615930   0.010154437337060   0.010650081623445   0.011675847589323   0.012705631677961   0.013250250291208   0.013793531395135   0.014329566517468   0.014882931591351   0.015945257451661   0.016978612073443   0.008769232972180   0.009306874072867   0.009842960902535   0.010379047732203   0.010913580290852   0.011982645408149   0.013045493441370   0.013576917457981   0.014106787203572   0.014636656949163   0.015164972423735   0.016221603372879   0.017272017237946   
0.049240387650610   0.049122375608591   0.048294116480909   0.048295348092279   0.048044137842776   0.047717397983449   0.047418062964408   0.047376056503519   0.047321174411474   0.047235379229461   0.047199208880475   0.046971610521854   0.046648353285464   0.049732791527117   0.049613599364677   0.049488606583825   0.049363613802972   0.049232820403708   0.048971233605179   0.048686444333000   0.048544049696911   0.048395854442409   0.048247659187908   0.048093663314994   0.047785671569166   0.047454477349688   
1.000000000000000   0.999524337261468   0.999167590207569   0.998810843153671   0.998573011784405   0.998097349045873   0.998097349045873   0.998097349045873   0.998216264730506   0.998335180415139   0.998573011784404   0.999048674522936   1.000000000000000   1.000000000000000   0.999524337261468   0.999167590207569   0.998810843153671   0.998573011784405   0.998097349045873   0.998097349045873   0.998097349045873   0.998216264730506   0.998335180415139   0.998573011784404   0.999048674522936   1.000000000000000   
PATCH 24 
2 1 
6 2 
0.000000000000000   0.000000000000000   0.000000000000000   0.250000000000000   0.500000000000000   0.750000000000000   1.000000000000000   1.000000000000000   1.000000000000000   
0.000000000000000   0.000000000000000   1.000000000000000   1.000000000000000   
0.016978612073443   0.018023798934574   0.020040261134737   0.021921716710874   0.023974839476426   0.024994714905523   0.017272017237946   0.018289568482936   0.020304367573183   0.022298863263696   0.024273055554476   0.025250000000000   
0.046648353285464   0.046349547544471   0.045546241534529   0.044451679850230   0.043699285238812   0.043292116137065   0.047454477349688   0.047032993823604   0.046146485990198   0.045216437375554   0.044242847979673   0.043734282891114   
1.000000000000000   0.999048674522936   0.998097349045873   0.998097349045873   0.999048674522936   1.000000000000000   1.000000000000000   0.999048674522936   0.998097349045873   0.998097349045873   0.999048674522936   1.000000000000000   
PATCH 25 
2 1 
6 2 
0.000000000000000   0.000000000000000   0.000000000000000   0.250000000000000   0.500000000000000   0.750000000000000   1.000000000000000   1.000000000000000   1.000000000000000   
0.000000000000000   0.000000000000000   1.000000000000000   1.000000000000000   
0.016978612073443   0.018023798934574   0.020040261134737   0.021921716710874   0.023974839476426   0.024994714905523   0.007803009674092   0.008789610186003   0.010762811209827   0.012736012233650   0.014709213257473   0.015695813769385   
0.046648353285464   0.046349547544471   0.045546241534529   0.044451679850230   0.043699285238812   0.043292116137065   0.044633307202267   0.041557448164096   0.035405730087752   0.029254012011408   0.023102293935064   0.020026434896892   
1.000000000000000   0.999048674522936   0.998097349045873   0.998097349045873   0.999048674522936   1.000000000000000   1.000000000000000   1.000000000000000   1.000000000000000   1.000000000000000   1.000000000000000   1.000000000000000   
PATCH 26 
2 1 
13 2 
0.000000000000000   0.000000000000000   0.000000000000000   0.250000000000000   0.250000000000000   0.375000000000000   0.375000000000000   0.500000000000000   0.500000000000000   0.750000000000000   0.750000000000000   0.875000000000000   0.875000000000000   1.000000000000000   1.000000000000000   1.000000000000000   
0.000000000000000   0.000000000000000   1.000000000000000   1.000000000000000   
0.024994714905523   0.026303470565656   0.027584339260894   0.028214080912552   0.028830535935244   0.029430547045152   0.030097702211521   0.031059866002003   0.031817837180835   0.032331309238895   0.032850400822529   0.033440108975664   0.034009991622594   0.015695813769385   0.015835332047210   0.015974850325035   0.015885096242922   0.015891962002104   0.015898827761286   0.016002313361764   0.016446488013008   0.016890662664252   0.014932188645346   0.014926798996743   0.014921409348140   0.016869104069841   
0.043292116137065   0.042423712114799   0.041518827600463   0.041050642019992   0.040565344657909   0.040059053253594   0.039643949436110   0.038343407934661   0.036845401787110   0.036271624493608   0.035707978633680   0.035223247271586   0.034715835468085   0.020026434896892   0.019591468007399   0.019156501117905   0.019028656380066   0.019014947720684   0.019001239061302   0.019101666480377   0.018477172672289   0.017852678864202   0.015690497580758   0.015626162145418   0.015561826710079   0.017595337122844   
1.000000000000000   0.998025511746904   0.997038267620356   0.996544645557082   0.996297834525445   0.996051023493808   0.996051023493808   0.996051023493808   0.997038267620356   0.997531889683630   0.998272322778541   0.999012755873452   1.000000000000000   1.000000000000000   1.000000000000000   1.000000000000000   0.994088403243774   0.994088403243774   0.994088403243774   1.000000000000000   1.000000000000000   1.000000000000000   0.881834501047486   0.881834501047486   0.881834501047486   1.000000000000000   
PATCH 27 
2 2 
6 4 
0.000000000000000   0.000000000000000   0.000000000000000   0.250000000000000   0.500000000000000   0.750000000000000   1.000000000000000   1.000000000000000   1.000000000000000   
0.000000000000000   0.000000000000000   0.000000000000000   0.500000000000000   1.000000000000000   1.000000000000000   1.000000000000000   
0.012658261807546   0.011671661295635   0.009698460271811   0.007725259247988   0.005752058224165   0.004765457712253   0.013417649798006   0.012431049286094   0.010457848262271   0.008484647238448   0.006511446214624   0.005524845702713   0.014936425778925   0.013949825267014   0.011976624243190   0.010003423219367   0.008030222195544   0.007043621683632   0.015695813769385   0.014709213257473   0.012736012233650   0.010762811209827   0.008789610186003   0.007803009674092   
0.019052121612922   0.022127980651094   0.028279698727438   0.034431416803782   0.040583134880126   0.043658993918298   0.019295699933915   0.022371558972087   0.028523277048431   0.034674995124775   0.040826713201118   0.043902572239290   0.019782856575899   0.022858715614071   0.029010433690415   0.035162151766759   0.041313869843103   0.044389728881275   0.020026434896892   0.023102293935064   0.029254012011408   0.035405730087752   0.041557448164096   0.044633307202267   
1.000000000000000   1.000000000000000   1.000000000000000   1.000000000000000   1.000000000000000   1.000000000000000   1.000000000000000   1.000000000000000   1.000000000000000   1.000000000000000   1.000000000000000   1.000000000000000   1.000000000000000   1.000000000000000   1.000000000000000   1.000000000000000   1.000000000000000   1.000000000000000   1.000000000000000   1.000000000000000   1.000000000000000   1.000000000000000   1.000000000000000   1.000000000000000   
PATCH 28 
2 2 
13 4 
0.000000000000000   0.000000000000000   0.000000000000000   0.250000000000000   0.250000000000000   0.375000000000000   0.375000000000000   0.500000000000000   0.500000000000000   0.750000000000000   0.750000000000000   0.875000000000000   0.875000000000000   1.000000000000000   1.000000000000000   1.000000000000000   
0.000000000000000   0.000000000000000   0.000000000000000   0.500000000000000   1.000000000000000   1.000000000000000   1.000000000000000   
0.012658261807546   0.012790928114651   0.012923594421755   0.012843905880275   0.012846290490415   0.012848675100554   0.012933132862312   0.012905386649413   0.012877640436514   0.010681407440746   0.012999827897605   0.010887177887460   0.013219043220685   0.013417649798006   0.013552029097791   0.013686408397575   0.013604203470937   0.013607708368337   0.013611213265737   0.013700427987175   0.013790661990312   0.013880895993449   0.011744102741896   0.013481570672390   0.011895735752630   0.014131558432974   0.014936425778925   0.015074231064070   0.015212036349215   0.015124798652261   0.015130544124182   0.015136289596103   0.015235018236901   0.015561212672109   0.015887407107318   0.013869493344196   0.014445056221958   0.013912851482970   0.015956588857552   0.015695813769385   0.015835332047210   0.015974850325035   0.015885096242922   0.015891962002104   0.015898827761286   0.016002313361764   0.016446488013008   0.016890662664252   0.014932188645346   0.014926798996743   0.014921409348140   0.016869104069841   
0.019052121612922   0.018638516658494   0.018224911704066   0.018090227787937   0.018074274970014   0.018058322152091   0.018161100432373   0.016125261793199   0.014089423154025   0.011576520737708   0.013902447531627   0.011489640462166   0.013945276273688   0.019295699933915   0.018876754495720   0.018457809057526   0.018324834935970   0.018309443157682   0.018294051379394   0.018396241944374   0.016713239512972   0.015030237081569   0.012605014948471   0.014333376185075   0.012507687024144   0.014857791485977   0.019782856575899   0.019353230170172   0.018923603764445   0.018794049232034   0.018779779533017   0.018765509833999   0.018866524968376   0.017889194952517   0.016911864936658   0.014662003369996   0.015195233491971   0.014543780148101   0.016682821910555   0.020026434896892   0.019591468007399   0.019156501117905   0.019028656380066   0.019014947720684   0.019001239061302   0.019101666480377   0.018477172672289   0.017852678864202   0.015690497580758   0.015626162145418   0.015561826710079   0.017595337122844   
1.000000000000000   1.000000000000000   1.000000000000000   0.993452663251329   0.993452663251329   0.993452663251329   1.000000000000000   1.000000000000000   1.000000000000000   0.829571956570999   1.000000000000000   0.829571956570999   1.000000000000000   1.000000000000000   1.000000000000000   1.000000000000000   0.993611598249440   0.993611598249440   0.993611598249440   1.000000000000000   1.000000000000000   1.000000000000000   0.842637592690121   0.970458625261871   0.842637592690121   1.000000000000000   1.000000000000000   1.000000000000000   1.000000000000000   0.993929468245663   0.993929468245663   0.993929468245663   1.000000000000000   1.000000000000000   1.000000000000000   0.868768864928364   0.911375875785615   0.868768864928364   1.000000000000000   1.000000000000000   1.000000000000000   1.000000000000000   0.994088403243774   0.994088403243774   0.994088403243774   1.000000000000000   1.000000000000000   1.000000000000000   0.881834501047486   0.881834501047486   0.881834501047486   1.000000000000000   
PATCH 29 
2 1 
13 2 
0.000000000000000   0.000000000000000   0.000000000000000   0.250000000000000   0.250000000000000   0.375000000000000   0.375000000000000   0.500000000000000   0.500000000000000   0.750000000000000   0.750000000000000   0.875000000000000   0.875000000000000   1.000000000000000   1.000000000000000   1.000000000000000   
0.000000000000000   0.000000000000000   1.000000000000000   1.000000000000000   
0.024994714905523   0.026303470565656   0.027584339260894   0.028214080912552   0.028830535935244   0.029430547045152   0.030097702211521   0.031059866002003   0.031817837180835   0.032331309238895   0.032850400822529   0.033440108975664   0.034009991622594   0.025250000000000   0.026178902508932   0.027094027156471   0.027551589480241   0.028005707338662   0.028459825197083   0.028910498590156   0.029811845376303   0.030699414301056   0.031143198763433   0.031583538760461   0.032023878757490   0.032460774289170   
0.043292116137065   0.042423712114799   0.041518827600463   0.041050642019992   0.040565344657909   0.040059053253594   0.039643949436110   0.038343407934661   0.036845401787110   0.036271624493608   0.035707978633680   0.035223247271586   0.034715835468085   0.043734282891114   0.043142506727484   0.042531053738569   0.042225327244111   0.041914681543332   0.041604035842553   0.041288470935453   0.040657341121252   0.040006534481766   0.039681131162023   0.039350808635958   0.039020486109894   0.038685244377508   
1.000000000000000   0.998025511746904   0.997038267620356   0.996544645557082   0.996297834525445   0.996051023493808   0.996051023493808   0.996051023493808   0.997038267620356   0.997531889683630   0.998272322778541   0.999012755873452   1.000000000000000   1.000000000000000   0.999048674522937   0.998573011784405   0.998335180415139   0.998216264730506   0.998097349045873   0.998097349045873   0.998097349045873   0.998573011784405   0.998810843153671   0.999167590207569   0.999524337261468   1.000000000000000   
PATCH 30 
2 1 
6 2 
0.000000000000000   0.000000000000000   0.000000000000000   0.250000000000000   0.500000000000000   0.750000000000000   1.000000000000000   1.000000000000000   1.000000000000000   
0.000000000000000   0.000000000000000   1.000000000000000   1.000000000000000   
0.012658261807546   0.011671661295635   0.009698460271811   0.007725259247988   0.005752058224165   0.004765457712253   0.000000000000000   0.000000000000000   0.000000000000000   0.000000000000000   0.000000000000000   0.000000000000000   
0.019052121612922   0.022127980651094   0.028279698727438   0.034431416803782   0.040583134880126   0.043658993918298   0.014550000000000   0.018188624239787   0.025465872719362   0.032743121198936   0.040020369678511   0.043658993918298   
1.000000000000000   1.000000000000000   1.000000000000000   1.000000000000000   1.000000000000000   1.000000000000000   1.000000000000000   1.000000000000000   1.000000000000000   1.000000000000000   1.000000000000000   1.000000000000000   
PATCH 31 
2 1 
13 2 
0.000000000000000   0.000000000000000   0.000000000000000   0.250000000000000   0.250000000000000   0.375000000000000   0.375000000000000   0.500000000000000   0.500000000000000   0.750000000000000   0.750000000000000   0.875000000000000   0.875000000000000   1.000000000000000   1.000000000000000   1.000000000000000   
0.000000000000000   0.000000000000000   1.000000000000000   1.000000000000000   
0.004765457712253   0.004208656196532   0.003651854680811   0.003639946663806   0.003637875603436   0.003635804543066   0.003643570439332   0.003591519619880   0.003539468800428   0.003175669597434   0.003597315985218   0.003299433346758   0.003762241284392   0.000000000000000   0.000000000000000   0.000000000000000   0.000000000000000   0.000000000000000   0.000000000000000   0.000000000000000   0.000000000000000   0.000000000000000   0.000000000000000   0.000000000000000   0.000000000000000   0.000000000000000   
0.043658993918298   0.045394897106995   0.047130800295692   0.047025368848794   0.047035008409277   0.047044647969760   0.047169358537625   0.047628526776908   0.048087695016192   0.043365112468430   0.048252183126191   0.043487934166320   0.048308771824814   0.043658993918298   0.044451619678511   0.045244245438724   0.045640558318830   0.046036871198936   0.046433184079043   0.046829496959149   0.047622122719362   0.048414748479575   0.048811061359681   0.049207374239787   0.049603687119894   0.050000000000000   
1.000000000000000   1.000000000000000   1.000000000000000   0.997563804517519   0.997563804517519   0.997563804517519   1.000000000000000   1.000000000000000   1.000000000000000   0.899990850233745   1.000000000000000   0.899990850233745   1.000000000000000   1.000000000000000   1.000000000000000   1.000000000000000   1.000000000000000   1.000000000000000   1.000000000000000   1.000000000000000   1.000000000000000   1.000000000000000   1.000000000000000   1.000000000000000   1.000000000000000   1.000000000000000   
PATCH 32 
2 1 
13 2 
0.000000000000000   0.000000000000000   0.000000000000000   0.250000000000000   0.250000000000000   0.375000000000000   0.375000000000000   0.500000000000000   0.500000000000000   0.750000000000000   0.750000000000000   0.875000000000000   0.875000000000000   1.000000000000000   1.000000000000000   1.000000000000000   
0.000000000000000   0.000000000000000   1.000000000000000   1.000000000000000   
0.000000000000000   0.001374735756213   0.002698491118524   0.003360368799680   0.004009501382361   0.004658633965042   0.005295021449247   0.006567796417658   0.007789590992168   0.008400488279424   0.008998640468204   0.009596792656983   0.010182199747288   0.012658261807546   0.012790928114651   0.012923594421755   0.012843905880275   0.012846290490415   0.012848675100554   0.012933132862312   0.012905386649413   0.012877640436514   0.010681407440746   0.012999827897605   0.010887177887460   0.013219043220685   
0.014550000000000   0.014280215524000   0.013885543437284   0.013688207393926   0.013459649447889   0.013231091501852   0.012971311653136   0.012451751955704   0.011807304647555   0.011485080993481   0.011131635436728   0.010778189879975   0.010393522420543   0.019052121612922   0.018638516658494   0.018224911704066   0.018090227787937   0.018074274970014   0.018058322152091   0.018161100432373   0.016125261793199   0.014089423154025   0.011576520737708   0.013902447531627   0.011489640462166   0.013945276273688   
1.000000000000000   0.981458111615120   0.972187167422680   0.967551695326460   0.965233959278350   0.962916223230240   0.962916223230240   0.962916223230240   0.972187167422680   0.976822639518900   0.983775847663230   0.990729055807560   1.000000000000000   1.000000000000000   1.000000000000000   1.000000000000000   0.993452663251329   0.993452663251329   0.993452663251329   1.000000000000000   1.000000000000000   1.000000000000000   0.829571956570999   1.000000000000000   0.829571956570999   1.000000000000000   
INTERFACE 1 
1 2 
5 1 
1 
INTERFACE 2 
1 3 
2 4 
1 
INTERFACE 3 
2 1 
13 2 
1 
INTERFACE 4 
2 2 
3 1 
1 
INTERFACE 5 
2 3 
4 2 
1 
INTERFACE 6 
3 2 
7 1 
-1 
INTERFACE 7 
3 3 
4 4 
-1 
INTERFACE 8 
3 4 
5 3 
1 
INTERFACE 9 
4 1 
9 2 
1 
INTERFACE 10 
4 3 
13 3 
1 
INTERFACE 11 
5 2 
6 1 
1 
INTERFACE 12 
6 2 
11 1 
1 
INTERFACE 13 
6 3 
7 3 
1 
INTERFACE 14 
7 2 
8 1 
1 
INTERFACE 15 
7 4 
9 4 
-1 
INTERFACE 16 
8 2 
15 1 
1 
INTERFACE 17 
8 3 
11 3 
1 
INTERFACE 18 
8 4 
10 4 
1 
INTERFACE 19 
9 1 
10 1 
1 
INTERFACE 20 
9 3 
12 3 
1 
INTERFACE 21 
10 2 
16 3 
1 
INTERFACE 22 
10 3 
14 4 
1 
INTERFACE 23 
11 2 
18 1 
1 
INTERFACE 24 
12 1 
14 1 
-1 
INTERFACE 25 
12 2 
13 1 
1 
INTERFACE 26 
14 2 
17 1 
-1 
INTERFACE 27 
15 2 
26 2 
1 
INTERFACE 28 
15 3 
18 3 
1 
INTERFACE 29 
15 4 
16 2 
1 
INTERFACE 30 
16 1 
17 3 
1 
INTERFACE 31 
16 4 
28 2 
1 
INTERFACE 32 
17 2 
32 2 
-1 
INTERFACE 33 
18 2 
29 2 
1 
INTERFACE 34 
19 2 
23 1 
1 
INTERFACE 35 
19 3 
20 4 
1 
INTERFACE 36 
20 1 
31 2 
1 
INTERFACE 37 
20 2 
21 1 
1 
INTERFACE 38 
20 3 
22 2 
1 
INTERFACE 39 
21 2 
25 1 
-1 
INTERFACE 40 
21 3 
22 4 
-1 
INTERFACE 41 
21 4 
23 3 
1 
INTERFACE 42 
22 1 
27 2 
1 
INTERFACE 43 
22 3 
31 3 
1 
INTERFACE 44 
23 2 
24 1 
1 
INTERFACE 45 
24 2 
29 1 
1 
INTERFACE 46 
24 3 
25 3 
1 
INTERFACE 47 
25 2 
26 1 
1 
INTERFACE 48 
25 4 
27 4 
-1 
INTERFACE 49 
26 3 
29 3 
1 
INTERFACE 50 
26 4 
28 4 
1 
INTERFACE 51 
27 1 
28 1 
1 
INTERFACE 52 
27 3 
30 3 
1 
INTERFACE 53 
28 3 
32 4 
1 
INTERFACE 54 
30 1 
32 1 
-1 
INTERFACE 55 
30 2 
31 1 
1 
BOUNDARY 1 
1 
1 1 
BOUNDARY 2 
1 
1 4 
BOUNDARY 3 
1 
5 4 
BOUNDARY 4 
1 
6 4 
BOUNDARY 5 
1 
11 4 
BOUNDARY 6 
1 
12 4 
BOUNDARY 7 
1 
13 4 
BOUNDARY 8 
1 
14 3 
BOUNDARY 9 
1 
17 4 
BOUNDARY 10 
1 
18 4 
BOUNDARY 11 
1 
19 1 
BOUNDARY 12 
1 
19 4 
BOUNDARY 13 
1 
23 4 
BOUNDARY 14 
1 
24 4 
BOUNDARY 15 
1 
29 4 
BOUNDARY 16 
1 
30 4 
BOUNDARY 17 
1 
31 4 
BOUNDARY 18 
1 
32 3 
