# nurbs mesh v.2.1
#
# 14-Jul-2024
#
2 2 32 55 0 
PATCH 1 
2 1 
4 2 
0.000000000000000   0.000000000000000   0.000000000000000   0.500000000000000   1.000000000000000   1.000000000000000   1.000000000000000   
0.000000000000000   0.000000000000000   1.000000000000000   1.000000000000000   
0.050000000000000   0.049904867452294   0.049525061277599   0.049240387650610   0.050500000000000   0.050403916126817   0.050020311890375   0.049732791527117   
0.000000000000000   0.002178893568691   0.006520098010365   0.008682408883347   0.000000000000000   0.002200682504378   0.006585298990468   0.008769232972180   
1.000000000000000   0.998097349045873   0.998097349045873   1.000000000000000   1.000000000000000   0.998097349045873   0.998097349045873   1.000000000000000   
PATCH 2 
2 1 
4 2 
0.000000000000000   0.000000000000000   0.000000000000000   0.500000000000000   1.000000000000000   1.000000000000000   1.000000000000000   
0.000000000000000   0.000000000000000   1.000000000000000   1.000000000000000   
0.048324240883058   0.048196680886581   0.047941560893626   0.047814000897148   0.050000000000000   0.049904867452294   0.049525061277599   0.049240387650610   
0.003327265350971   0.004461506300178   0.006729988198593   0.007864229147800   0.000000000000000   0.002178893568691   0.006520098010365   0.008682408883347   
1.000000000000000   1.000000000000000   1.000000000000000   1.000000000000000   1.000000000000000   0.998097349045873   0.998097349045873   1.000000000000000   
PATCH 3 
2 1 
13 2 
0.000000000000000   0.000000000000000   0.000000000000000   0.125000000000000   0.125000000000000   0.250000000000000   0.250000000000000   0.500000000000000   0.500000000000000   0.625000000000000   0.625000000000000   0.750000000000000   0.750000000000000   1.000000000000000   1.000000000000000   1.000000000000000   
0.000000000000000   0.000000000000000   1.000000000000000   1.000000000000000   
0.047814000897148   0.043447291291038   0.047727907319494   0.043309440944967   0.047563425369446   0.045573200424263   0.043582975479080   0.042831983582572   0.042806381945591   0.042780780308610   0.043480568931155   0.043243997878673   0.043007426826190   0.049240387650610   0.049122375608591   0.048457129703855   0.048469657674013   0.048247106012042   0.048015645608733   0.047799568715373   0.047662064623902   0.047578407731224   0.047503661927892   0.047412724804075   0.047149070828265   0.046864275048078   
0.007864229147800   0.007230440178917   0.008007132397287   0.007324412115768   0.008035045314294   0.007501052353774   0.006967059393254   0.006844326135405   0.006844243348893   0.006844160562380   0.006966728247204   0.007028564826581   0.007090401405957   0.008682408883347   0.009214726804819   0.009637806882201   0.010191087155208   0.010695074158782   0.011748825034948   0.012807855835840   0.013330241735412   0.013868511695518   0.014410954130638   0.014950257780920   0.016005499164511   0.017057201167965   
1.000000000000000   0.908867967489633   1.000000000000000   0.908867967489633   1.000000000000000   1.000000000000000   1.000000000000000   0.983336045890303   0.983336045890303   0.983336045890303   1.000000000000000   1.000000000000000   1.000000000000000   1.000000000000000   0.999524337261468   0.999167590207569   0.998810843153671   0.998573011784405   0.998097349045873   0.998097349045873   0.998097349045873   0.998216264730506   0.998335180415139   0.998573011784404   0.999048674522936   1.000000000000000   
PATCH 4 
2 2 
13 4 
0.000000000000000   0.000000000000000   0.000000000000000   0.250000000000000   0.250000000000000   0.375000000000000   0.375000000000000   0.500000000000000   0.500000000000000   0.750000000000000   0.750000000000000   0.875000000000000   0.875000000000000   1.000000000000000   1.000000000000000   1.000000000000000   
0.000000000000000   0.000000000000000   0.000000000000000   0.500000000000000   1.000000000000000   1.000000000000000   1.000000000000000   
0.042258144544127   0.044108575970627   0.045959007397127   0.045867447517088   0.045876672092079   0.045885896667069   0.045995905697089   0.047053859847109   0.048111813997129   0.043658605701990   0.048269960134244   0.043775880221386   0.048324240883058   0.042445465114643   0.043892431447638   0.045339397780634   0.045095780714968   0.045109099555457   0.045122418395945   0.045392673142587   0.046683694991398   0.047974716840208   0.043571314512734   0.048134446930557   0.043693732988799   0.048196680886581   0.042820106255675   0.043460142401661   0.044100178547648   0.043552447110729   0.043573954482213   0.043595461853697   0.044186208033583   0.045943365279975   0.047700522526367   0.043396732134223   0.047863420523182   0.043529438523625   0.047941560893626   0.043007426826190   0.043243997878673   0.043480568931155   0.042780780308610   0.042806381945591   0.042831983582572   0.043582975479080   0.045573200424263   0.047563425369446   0.043309440944967   0.047727907319494   0.043447291291038   0.047814000897148   
0.004223837636402   0.003740159060410   0.003256480484417   0.003246988351197   0.003245480194098   0.003243972036998   0.003250447856019   0.003177914964973   0.003105382073927   0.002806689569624   0.003166604325556   0.002929184679240   0.003327265350971   0.004940478578791   0.004562260501952   0.004184042425114   0.004146281403993   0.004145170982796   0.004144060561600   0.004179600740328   0.004258699312173   0.004337797884019   0.003936120206160   0.004376736343489   0.004004498554159   0.004461506300178   0.006373760463568   0.006206463385038   0.006039166306507   0.005944867509584   0.005944552560194   0.005944237610803   0.006037906508945   0.006420268006574   0.006802629504202   0.006194981479232   0.006797000379354   0.006155126303998   0.006729988198593   0.007090401405957   0.007028564826581   0.006966728247204   0.006844160562380   0.006844243348893   0.006844326135405   0.006967059393254   0.007501052353774   0.008035045314294   0.007324412115768   0.008007132397287   0.007230440178917   0.007864229147800   
1.000000000000000   1.000000000000000   1.000000000000000   0.997811025350089   0.997811025350089   0.997811025350089   1.000000000000000   1.000000000000000   1.000000000000000   0.905682184947016   1.000000000000000   0.905682184947016   1.000000000000000   1.000000000000000   1.000000000000000   1.000000000000000   0.994192280485142   0.994192280485142   0.994192280485142   1.000000000000000   1.000000000000000   1.000000000000000   0.906478630582670   1.000000000000000   0.906478630582670   1.000000000000000   1.000000000000000   1.000000000000000   1.000000000000000   0.986954790755250   0.986954790755250   0.986954790755250   1.000000000000000   1.000000000000000   1.000000000000000   0.908071521853979   1.000000000000000   0.908071521853979   1.000000000000000   1.000000000000000   1.000000000000000   1.000000000000000   0.983336045890303   0.983336045890303   0.983336045890303   1.000000000000000   1.000000000000000   1.000000000000000   0.908867967489633   1.000000000000000   0.908867967489633   1.000000000000000   
PATCH 5 
2 1 
13 2 
0.000000000000000   0.000000000000000   0.000000000000000   0.125000000000000   0.125000000000000   0.250000000000000   0.250000000000000   0.500000000000000   0.500000000000000   0.625000000000000   0.625000000000000   0.750000000000000   0.750000000000000   1.000000000000000   1.000000000000000   1.000000000000000   
0.000000000000000   0.000000000000000   1.000000000000000   1.000000000000000   
0.049240387650610   0.049122375608591   0.048457129703855   0.048469657674013   0.048247106012042   0.048015645608733   0.047799568715373   0.047662064623902   0.047578407731224   0.047503661927892   0.047412724804075   0.047149070828265   0.046864275048078   0.049732791527117   0.049613599364677   0.049488606583825   0.049363613802972   0.049232820403708   0.048971233605179   0.048686444333000   0.048544049696911   0.048395854442409   0.048247659187908   0.048093663314994   0.047785671569166   0.047454477349688   
0.008682408883347   0.009214726804819   0.009637806882201   0.010191087155208   0.010695074158782   0.011748825034948   0.012807855835840   0.013330241735412   0.013868511695518   0.014410954130638   0.014950257780920   0.016005499164511   0.017057201167965   0.008769232972180   0.009306874072867   0.009842960902535   0.010379047732203   0.010913580290852   0.011982645408149   0.013045493441370   0.013576917457981   0.014106787203572   0.014636656949163   0.015164972423735   0.016221603372879   0.017272017237946   
1.000000000000000   0.999524337261468   0.999167590207569   0.998810843153671   0.998573011784405   0.998097349045873   0.998097349045873   0.998097349045873   0.998216264730506   0.998335180415139   0.998573011784404   0.999048674522936   1.000000000000000   1.000000000000000   0.999524337261468   0.999167590207569   0.998810843153671   0.998573011784405   0.998097349045873   0.998097349045873   0.998097349045873   0.998216264730506   0.998335180415139   0.998573011784404   0.999048674522936   1.000000000000000   
PATCH 6 
2 1 
6 2 
0.000000000000000   0.000000000000000   0.000000000000000   0.250000000000000   0.500000000000000   0.750000000000000   1.000000000000000   1.000000000000000   1.000000000000000   
0.000000000000000   0.000000000000000   1.000000000000000   1.000000000000000   
0.046864275048078   0.046546927156007   0.045677494502491   0.044605555838096   0.043697034025070   0.043293822634471   0.047454477349688   0.047032993823604   0.046146485990198   0.045216437375554   0.044242847979673   0.043734282891114   
0.017057201167965   0.018100553306959   0.020098012195286   0.021997601937843   0.023973604387847   0.024995700152260   0.017272017237946   0.018289568482936   0.020304367573183   0.022298863263696   0.024273055554476   0.025250000000000   
1.000000000000000   0.999048674522936   0.998097349045873   0.998097349045873   0.999048674522936   1.000000000000000   1.000000000000000   0.999048674522936   0.998097349045873   0.998097349045873   0.999048674522936   1.000000000000000   
PATCH 7 
2 1 
6 2 
0.000000000000000   0.000000000000000   0.000000000000000   0.250000000000000   0.500000000000000   0.750000000000000   1.000000000000000   1.000000000000000   1.000000000000000   
0.000000000000000   0.000000000000000   1.000000000000000   1.000000000000000   
0.046864275048078   0.046546927156007   0.045677494502491   0.044605555838096   0.043697034025070   0.043293822634471   0.043007426826190   0.039877564023458   0.033617838417994   0.027358112812529   0.021098387207064   0.017968524404332   
0.017057201167965   0.018100553306959   0.020098012195286   0.021997601937843   0.023973604387847   0.024995700152260   0.007090401405957   0.007908506612017   0.009544717024138   0.011180927436258   0.012817137848378   0.013635243054438   
1.000000000000000   0.999048674522936   0.998097349045873   0.998097349045873   0.999048674522936   1.000000000000000   1.000000000000000   1.000000000000000   1.000000000000000   1.000000000000000   1.000000000000000   1.000000000000000   
PATCH 8 
2 1 
13 2 
0.000000000000000   0.000000000000000   0.000000000000000   0.250000000000000   0.250000000000000   0.375000000000000   0.375000000000000   0.500000000000000   0.500000000000000   0.750000000000000   0.750000000000000   0.875000000000000   0.875000000000000   1.000000000000000   1.000000000000000   1.000000000000000   
0.000000000000000   0.000000000000000   1.000000000000000   1.000000000000000   
0.043293822634471   0.042423042341475   0.041517372552652   0.041034613447625   0.040512200266531   0.040045565931056   0.039648286606999   0.038347486227356   0.036850958112015   0.036273438160907   0.035702190964103   0.035217833756204   0.034712722523042   0.017968524404332   0.017541631876124   0.017114739347917   0.016921893133362   0.016903919394800   0.016885945656238   0.017042844393669   0.016430063179823   0.015817281965977   0.013790530966024   0.013724557362639   0.013658583759253   0.015553387552435   
0.024995700152260   0.026302977249698   0.027583213512970   0.028202863551875   0.028792521706916   0.029420350626644   0.030100661770553   0.031062745433282   0.031822118211798   0.032332358803933   0.032844457699499   0.033434296521684   0.034006212880227   0.013635243054438   0.013746827178653   0.013858411302868   0.013723016826260   0.013731862823772   0.013740708821285   0.013893795292919   0.014368444713957   0.014843094134995   0.013030694162194   0.013026520753618   0.013022347345041   0.014826400500689   
1.000000000000000   0.998025678915111   0.997038518372667   0.996544938101445   0.996298147965834   0.996051357830222   0.996051357830223   0.996051357830223   0.997038518372667   0.997532098643889   0.998272469050722   0.999012839457556   1.000000000000000   1.000000000000000   1.000000000000000   1.000000000000000   0.989864599917966   0.989864599917966   0.989864599917966   1.000000000000000   1.000000000000000   1.000000000000000   0.875168839230559   0.875168839230559   0.875168839230559   1.000000000000000   
PATCH 9 
2 2 
6 4 
0.000000000000000   0.000000000000000   0.000000000000000   0.250000000000000   0.500000000000000   0.750000000000000   1.000000000000000   1.000000000000000   1.000000000000000   
0.000000000000000   0.000000000000000   0.000000000000000   0.500000000000000   1.000000000000000   1.000000000000000   1.000000000000000   
0.017219242122269   0.020349104925001   0.026608830530466   0.032868556135930   0.039128281741395   0.042258144544127   0.017406562692784   0.020536425495517   0.026796151100981   0.033055876706446   0.039315602311911   0.042445465114643   0.017781203833816   0.020911066636548   0.027170792242013   0.033430517847478   0.039690243452942   0.042820106255675   0.017968524404332   0.021098387207064   0.027358112812529   0.033617838417994   0.039877564023458   0.043007426826190   
0.010768679284883   0.009950574078823   0.008314363666703   0.006678153254582   0.005041942842462   0.004223837636402   0.011485320227272   0.010667215021212   0.009031004609091   0.007394794196971   0.005758583784851   0.004940478578791   0.012918602112049   0.012100496905989   0.010464286493869   0.008828076081749   0.007191865669629   0.006373760463568   0.013635243054438   0.012817137848378   0.011180927436258   0.009544717024138   0.007908506612017   0.007090401405957   
1.000000000000000   1.000000000000000   1.000000000000000   1.000000000000000   1.000000000000000   1.000000000000000   1.000000000000000   1.000000000000000   1.000000000000000   1.000000000000000   1.000000000000000   1.000000000000000   1.000000000000000   1.000000000000000   1.000000000000000   1.000000000000000   1.000000000000000   1.000000000000000   1.000000000000000   1.000000000000000   1.000000000000000   1.000000000000000   1.000000000000000   1.000000000000000   
PATCH 10 
2 2 
13 4 
0.000000000000000   0.000000000000000   0.000000000000000   0.250000000000000   0.250000000000000   0.375000000000000   0.375000000000000   0.500000000000000   0.500000000000000   0.750000000000000   0.750000000000000   0.875000000000000   0.875000000000000   1.000000000000000   1.000000000000000   1.000000000000000   
0.000000000000000   0.000000000000000   0.000000000000000   0.500000000000000   1.000000000000000   1.000000000000000   1.000000000000000   
0.017219242122269   0.016616843023192   0.016014443924116   0.015992849673245   0.015986930097567   0.015981010521890   0.015990765621406   0.014641314969118   0.013291864316831   0.011614996058742   0.013170207531130   0.011576854370169   0.013224699366361   0.017406562692784   0.016848040236425   0.016289517780066   0.016225110538274   0.016216177421876   0.016207244305477   0.016253785314472   0.015088502021795   0.013923218729117   0.012158879785563   0.013308794989007   0.012097286717440   0.013806871412879   0.017781203833816   0.017310434662891   0.016839665491966   0.016689632268333   0.016674672070492   0.016659711872651   0.016779824700603   0.015982876127147   0.015185927553690   0.013246647239204   0.013585969904761   0.013138151411982   0.014971215505916   0.017968524404332   0.017541631876124   0.017114739347917   0.016921893133362   0.016903919394800   0.016885945656238   0.017042844393669   0.016430063179823   0.015817281965977   0.013790530966024   0.013724557362639   0.013658583759253   0.015553387552435   
0.010768679284883   0.010926138531547   0.011083597778211   0.011074401460838   0.011076350198860   0.011078298936883   0.011091392730302   0.011630989830088   0.012170586929874   0.010750998459073   0.012316066321540   0.010936766697746   0.012497712314615   0.011485320227272   0.011631310693323   0.011777301159375   0.011736555302193   0.011740228355088   0.011743901407984   0.011791993370956   0.012315353551055   0.012838713731154   0.011320922384853   0.012493679929560   0.011458161859570   0.013079884361133   0.012918602112049   0.013041655016876   0.013164707921703   0.013060862984904   0.013067984667544   0.013075106350185   0.013193194652265   0.013684080992990   0.014174967333715   0.012460770236414   0.012848907145598   0.012500952183217   0.014244228454170   0.013635243054438   0.013746827178653   0.013858411302868   0.013723016826260   0.013731862823772   0.013740708821285   0.013893795292919   0.014368444713957   0.014843094134995   0.013030694162194   0.013026520753618   0.013022347345041   0.014826400500689   
1.000000000000000   1.000000000000000   1.000000000000000   0.999028081472306   0.999028081472306   0.999028081472306   1.000000000000000   1.000000000000000   1.000000000000000   0.880466400172268   1.000000000000000   0.880466400172268   1.000000000000000   1.000000000000000   1.000000000000000   1.000000000000000   0.996737211083721   0.996737211083721   0.996737211083721   1.000000000000000   1.000000000000000   1.000000000000000   0.879142009936841   0.968792209807640   0.879142009936841   1.000000000000000   1.000000000000000   1.000000000000000   1.000000000000000   0.992155470306551   0.992155470306551   0.992155470306551   1.000000000000000   1.000000000000000   1.000000000000000   0.876493229465987   0.906376629422920   0.876493229465987   1.000000000000000   1.000000000000000   1.000000000000000   1.000000000000000   0.989864599917966   0.989864599917966   0.989864599917966   1.000000000000000   1.000000000000000   1.000000000000000   0.875168839230559   0.875168839230559   0.875168839230559   1.000000000000000   
PATCH 11 
2 1 
13 2 
0.000000000000000   0.000000000000000   0.000000000000000   0.250000000000000   0.250000000000000   0.375000000000000   0.375000000000000   0.500000000000000   0.500000000000000   0.750000000000000   0.750000000000000   0.875000000000000   0.875000000000000   1.000000000000000   1.000000000000000   1.000000000000000   
0.000000000000000   0.000000000000000   1.000000000000000   1.000000000000000   
0.043293822634471   0.042423042341475   0.041517372552652   0.041034613447625   0.040512200266531   0.040045565931056   0.039648286606999   0.038347486227356   0.036850958112015   0.036273438160907   0.035702190964103   0.035217833756204   0.034712722523042   0.043734282891114   0.043142506727484   0.042531053738569   0.042225327244111   0.041914681543332   0.041604035842553   0.041288470935453   0.040657341121252   0.040006534481766   0.039681131162023   0.039350808635958   0.039020486109894   0.038685244377508   
0.024995700152260   0.026302977249698   0.027583213512970   0.028202863551875   0.028792521706916   0.029420350626644   0.030100661770553   0.031062745433282   0.031822118211798   0.032332358803933   0.032844457699499   0.033434296521684   0.034006212880227   0.025250000000000   0.026178902508932   0.027094027156471   0.027551589480241   0.028005707338662   0.028459825197083   0.028910498590156   0.029811845376303   0.030699414301056   0.031143198763433   0.031583538760461   0.032023878757490   0.032460774289170   
1.000000000000000   0.998025678915111   0.997038518372667   0.996544938101445   0.996298147965834   0.996051357830222   0.996051357830223   0.996051357830223   0.997038518372667   0.997532098643889   0.998272469050722   0.999012839457556   1.000000000000000   1.000000000000000   0.999048674522937   0.998573011784405   0.998335180415139   0.998216264730506   0.998097349045873   0.998097349045873   0.998097349045873   0.998573011784405   0.998810843153671   0.999167590207569   0.999524337261468   1.000000000000000   
PATCH 12 
2 1 
6 2 
0.000000000000000   0.000000000000000   0.000000000000000   0.250000000000000   0.500000000000000   0.750000000000000   1.000000000000000   1.000000000000000   1.000000000000000   
0.000000000000000   0.000000000000000   1.000000000000000   1.000000000000000   
0.017219242122269   0.020349104925001   0.026608830530466   0.032868556135930   0.039128281741395   0.042258144544127   0.014550000000000   0.018013518068016   0.024940554204048   0.031867590340079   0.038794626476111   0.042258144544127   
0.010768679284883   0.009950574078823   0.008314363666703   0.006678153254582   0.005041942842462   0.004223837636402   0.000000000000000   0.000000000000000   0.000000000000000   0.000000000000000   0.000000000000000   0.000000000000000   
1.000000000000000   1.000000000000000   1.000000000000000   1.000000000000000   1.000000000000000   1.000000000000000   1.000000000000000   1.000000000000000   1.000000000000000   1.000000000000000   1.000000000000000   1.000000000000000   
PATCH 13 
2 1 
13 2 
0.000000000000000   0.000000000000000   0.000000000000000   0.250000000000000   0.250000000000000   0.375000000000000   0.375000000000000   0.500000000000000   0.500000000000000   0.750000000000000   0.750000000000000   0.875000000000000   0.875000000000000   1.000000000000000   1.000000000000000   1.000000000000000   
0.000000000000000   0.000000000000000   1.000000000000000   1.000000000000000   
0.042258144544127   0.044108575970627   0.045959007397127   0.045867447517088   0.045876672092079   0.045885896667069   0.045995905697089   0.047053859847109   0.048111813997129   0.043658605701990   0.048269960134244   0.043775880221386   0.048324240883058   0.042258144544127   0.043225876476111   0.044193608408095   0.044677474374087   0.045161340340079   0.045645206306072   0.046129072272064   0.047096804204048   0.048064536136032   0.048548402102024   0.049032268068016   0.049516134034008   0.050000000000000   
0.004223837636402   0.003740159060410   0.003256480484417   0.003246988351197   0.003245480194098   0.003243972036998   0.003250447856019   0.003177914964973   0.003105382073927   0.002806689569624   0.003166604325556   0.002929184679240   0.003327265350971   0.000000000000000   0.000000000000000   0.000000000000000   0.000000000000000   0.000000000000000   0.000000000000000   0.000000000000000   0.000000000000000   0.000000000000000   0.000000000000000   0.000000000000000   0.000000000000000   0.000000000000000   
1.000000000000000   1.000000000000000   1.000000000000000   0.997811025350089   0.997811025350089   0.997811025350089   1.000000000000000   1.000000000000000   1.000000000000000   0.905682184947016   1.000000000000000   0.905682184947016   1.000000000000000   1.000000000000000   1.000000000000000   1.000000000000000   1.000000000000000   1.000000000000000   1.000000000000000   1.000000000000000   1.000000000000000   1.000000000000000   1.000000000000000   1.000000000000000   1.000000000000000   1.000000000000000   
PATCH 14 
2 1 
13 2 
0.000000000000000   0.000000000000000   0.000000000000000   0.250000000000000   0.250000000000000   0.375000000000000   0.375000000000000   0.500000000000000   0.500000000000000   0.750000000000000   0.750000000000000   0.875000000000000   0.875000000000000   1.000000000000000   1.000000000000000   1.000000000000000   
0.000000000000000   0.000000000000000   1.000000000000000   1.000000000000000   
0.014550000000000   0.014280222852687   0.013885561215457   0.013688230396843   0.013459678455749   0.013231126514656   0.012971353451083   0.012451807323937   0.011807376706876   0.011485161398345   0.011131724967336   0.010778288536326   0.010393630982837   0.017219242122269   0.016616843023192   0.016014443924116   0.015992849673245   0.015986930097567   0.015981010521890   0.015990765621406   0.014641314969118   0.013291864316831   0.011614996058742   0.013170207531130   0.011576854370169   0.013224699366361   
0.000000000000000   0.001374717802857   0.002698457262454   0.003360326992252   0.004009452136236   0.004658577280219   0.005294957838388   0.006567718954725   0.007789501727802   0.008400393114340   0.008998539915064   0.009596686715788   0.010182088930696   0.010768679284883   0.010926138531547   0.011083597778211   0.011074401460838   0.011076350198860   0.011078298936883   0.011091392730302   0.011630989830088   0.012170586929874   0.010750998459073   0.012316066321540   0.010936766697746   0.012497712314615   
1.000000000000000   0.981458615304933   0.972187922957400   0.967552576783633   0.965234903696749   0.962917230609866   0.962917230609866   0.962917230609866   0.972187922957400   0.976823269131166   0.983776288391816   0.990729307652466   1.000000000000000   1.000000000000000   1.000000000000000   1.000000000000000   0.999028081472306   0.999028081472306   0.999028081472306   1.000000000000000   1.000000000000000   1.000000000000000   0.880466400172268   1.000000000000000   0.880466400172268   1.000000000000000   
PATCH 15 
2 1 
4 2 
0.000000000000000   0.000000000000000   0.000000000000000   0.500000000000000   1.000000000000000   1.000000000000000   1.000000000000000   
0.000000000000000   0.000000000000000   1.000000000000000   1.000000000000000   
0.034712722523042   0.034549676346378   0.034196291898716   0.034006212880227   0.015553387552435   0.015371640789498   0.015008147263626   0.014826400500689   
0.034006212880227   0.034196291898716   0.034549676346378   0.034712722523042   0.014826400500689   0.015008147263626   0.015371640789498   0.015553387552435   
1.000000000000000   0.999973576586068   0.999973576586068   1.000000000000000   1.000000000000000   1.000000000000000   1.000000000000000   1.000000000000000   
PATCH 16 
2 2 
4 4 
0.000000000000000   0.000000000000000   0.000000000000000   0.500000000000000   1.000000000000000   1.000000000000000   1.000000000000000   
0.000000000000000   0.000000000000000   0.000000000000000   0.500000000000000   1.000000000000000   1.000000000000000   1.000000000000000   
0.013224699366361   0.013806871412879   0.014971215505916   0.015553387552435   0.013042952603424   0.013625124649943   0.014789468742980   0.015371640789498   0.012679459077551   0.013261631124070   0.014425975217107   0.015008147263626   0.012497712314615   0.013079884361133   0.014244228454170   0.014826400500689   
0.012497712314615   0.013079884361133   0.014244228454170   0.014826400500689   0.012679459077551   0.013261631124070   0.014425975217107   0.015008147263626   0.013042952603424   0.013625124649943   0.014789468742980   0.015371640789498   0.013224699366361   0.013806871412879   0.014971215505916   0.015553387552435   
1.000000000000000   1.000000000000000   1.000000000000000   1.000000000000000   1.000000000000000   1.000000000000000   1.000000000000000   1.000000000000000   1.000000000000000   1.000000000000000   1.000000000000000   1.000000000000000   1.000000000000000   1.000000000000000   1.000000000000000   1.000000000000000   
PATCH 17 
2 1 
4 2 
0.000000000000000   0.000000000000000   0.000000000000000   0.500000000000000   1.000000000000000   1.000000000000000   1.000000000000000   
0.000000000000000   0.000000000000000   1.000000000000000   1.000000000000000   
0.013224699366361   0.013042952603424   0.012679459077551   0.012497712314615   0.010393630982837   0.010341017324551   0.010235246298480   0.010182088930696   
0.012497712314615   0.012679459077551   0.013042952603424   0.013224699366361   0.010182088930696   0.010235246298480   0.010341017324551   0.010393630982837   
1.000000000000000   1.000000000000000   1.000000000000000   1.000000000000000   1.000000000000000   0.999973576586068   0.999973576586068   1.000000000000000   
PATCH 18 
2 1 
4 2 
0.000000000000000   0.000000000000000   0.000000000000000   0.500000000000000   1.000000000000000   1.000000000000000   1.000000000000000   
0.000000000000000   0.000000000000000   1.000000000000000   1.000000000000000   
0.034712722523042   0.034549676346378   0.034196291898716   0.034006212880227   0.038685244377508   0.037197068413715   0.034084833369545   0.032460774289170   
0.034006212880227   0.034196291898716   0.034549676346378   0.034712722523042   0.032460774289170   0.034084833369545   0.037197068413715   0.038685244377508   
1.000000000000000   0.999973576586068   0.999973576586068   1.000000000000000   1.000000000000000   0.998097349045873   0.998097349045873   1.000000000000000   
PATCH 19 
2 1 
4 2 
0.000000000000000   0.000000000000000   0.000000000000000   0.500000000000000   1.000000000000000   1.000000000000000   1.000000000000000   
0.000000000000000   0.000000000000000   1.000000000000000   1.000000000000000   
0.000000000000000   0.002178893568691   0.006520098010365   0.008682408883347   0.000000000000000   0.002200682504378   0.006585298990468   0.008769232972180   
0.050000000000000   0.049904867452294   0.049525061277599   0.049240387650610   0.050500000000000   0.050403916126817   0.050020311890375   0.049732791527117   
1.000000000000000   0.998097349045873   0.998097349045873   1.000000000000000   1.000000000000000   0.998097349045873   0.998097349045873   1.000000000000000   
PATCH 20 
2 1 
4 2 
0.000000000000000   0.000000000000000   0.000000000000000   0.500000000000000   1.000000000000000   1.000000000000000   1.000000000000000   
0.000000000000000   0.000000000000000   1.000000000000000   1.000000000000000   
0.003327265350971   0.004461506300178   0.006729988198593   0.007864229147800   0.000000000000000   0.002178893568691   0.006520098010365   0.008682408883347   
0.048324240883058   0.048196680886581   0.047941560893626   0.047814000897148   0.050000000000000   0.049904867452294   0.049525061277599   0.049240387650610   
1.000000000000000   1.000000000000000   1.000000000000000   1.000000000000000   1.000000000000000   0.998097349045873   0.998097349045873   1.000000000000000   
PATCH 21 
2 1 
13 2 
0.000000000000000   0.000000000000000   0.000000000000000   0.125000000000000   0.125000000000000   0.250000000000000   0.250000000000000   0.500000000000000   0.500000000000000   0.625000000000000   0.625000000000000   0.750000000000000   0.750000000000000   1.000000000000000   1.000000000000000   1.000000000000000   
0.000000000000000   0.000000000000000   1.000000000000000   1.000000000000000   
0.007864229147800   0.007230440178917   0.008007132397287   0.007324412115768   0.008035045314294   0.007501052353774   0.006967059393254   0.006844326135405   0.006844243348893   0.006844160562380   0.006966728247204   0.007028564826581   0.007090401405957   0.008682408883347   0.009214726804819   0.009637806882201   0.010191087155208   0.010695074158782   0.011748825034948   0.012807855835840   0.013330241735412   0.013868511695518   0.014410954130638   0.014950257780920   0.016005499164511   0.017057201167965   
0.047814000897148   0.043447291291038   0.047727907319494   0.043309440944967   0.047563425369446   0.045573200424263   0.043582975479080   0.042831983582572   0.042806381945591   0.042780780308610   0.043480568931155   0.043243997878673   0.043007426826190   0.049240387650610   0.049122375608591   0.048457129703855   0.048469657674013   0.048247106012042   0.048015645608733   0.047799568715373   0.047662064623902   0.047578407731224   0.047503661927892   0.047412724804075   0.047149070828265   0.046864275048078   
1.000000000000000   0.908867967489633   1.000000000000000   0.908867967489633   1.000000000000000   1.000000000000000   1.000000000000000   0.983336045890303   0.983336045890303   0.983336045890303   1.000000000000000   1.000000000000000   1.000000000000000   1.000000000000000   0.999524337261468   0.999167590207569   0.998810843153671   0.998573011784405   0.998097349045873   0.998097349045873   0.998097349045873   0.998216264730506   0.998335180415139   0.998573011784404   0.999048674522936   1.000000000000000   
PATCH 22 
2 2 
13 4 
0.000000000000000   0.000000000000000   0.000000000000000   0.250000000000000   0.250000000000000   0.375000000000000   0.375000000000000   0.500000000000000   0.500000000000000   0.750000000000000   0.750000000000000   0.875000000000000   0.875000000000000   1.000000000000000   1.000000000000000   1.000000000000000   
0.000000000000000   0.000000000000000   0.000000000000000   0.500000000000000   1.000000000000000   1.000000000000000   1.000000000000000   
0.004223837636402   0.003740159060410   0.003256480484417   0.003246988351197   0.003245480194098   0.003243972036998   0.003250447856019   0.003177914964973   0.003105382073927   0.002806689569624   0.003166604325556   0.002929184679240   0.003327265350971   0.004940478578791   0.004562260501952   0.004184042425114   0.004146281403993   0.004145170982796   0.004144060561600   0.004179600740328   0.004258699312173   0.004337797884019   0.003936120206160   0.004376736343489   0.004004498554159   0.004461506300178   0.006373760463568   0.006206463385038   0.006039166306507   0.005944867509584   0.005944552560194   0.005944237610803   0.006037906508945   0.006420268006574   0.006802629504202   0.006194981479232   0.006797000379354   0.006155126303998   0.006729988198593   0.007090401405957   0.007028564826581   0.006966728247204   0.006844160562380   0.006844243348893   0.006844326135405   0.006967059393254   0.007501052353774   0.008035045314294   0.007324412115768   0.008007132397287   0.007230440178917   0.007864229147800   
0.042258144544127   0.044108575970627   0.045959007397127   0.045867447517088   0.045876672092079   0.045885896667069   0.045995905697089   0.047053859847109   0.048111813997129   0.043658605701990   0.048269960134244   0.043775880221386   0.048324240883058   0.042445465114643   0.043892431447638   0.045339397780634   0.045095780714968   0.045109099555457   0.045122418395945   0.045392673142587   0.046683694991398   0.047974716840208   0.043571314512734   0.048134446930557   0.043693732988799   0.048196680886581   0.042820106255675   0.043460142401661   0.044100178547648   0.043552447110729   0.043573954482213   0.043595461853697   0.044186208033583   0.045943365279975   0.047700522526367   0.043396732134223   0.047863420523182   0.043529438523625   0.047941560893626   0.043007426826190   0.043243997878673   0.043480568931155   0.042780780308610   0.042806381945591   0.042831983582572   0.043582975479080   0.045573200424263   0.047563425369446   0.043309440944967   0.047727907319494   0.043447291291038   0.047814000897148   
1.000000000000000   1.000000000000000   1.000000000000000   0.997811025350089   0.997811025350089   0.997811025350089   1.000000000000000   1.000000000000000   1.000000000000000   0.905682184947016   1.000000000000000   0.905682184947016   1.000000000000000   1.000000000000000   1.000000000000000   1.000000000000000   0.994192280485142   0.994192280485142   0.994192280485142   1.000000000000000   1.000000000000000   1.000000000000000   0.906478630582670   1.000000000000000   0.906478630582670   1.000000000000000   1.000000000000000   1.000000000000000   1.000000000000000   0.986954790755250   0.986954790755250   0.986954790755250   1.000000000000000   1.000000000000000   1.000000000000000   0.908071521853979   1.000000000000000   0.908071521853979   1.000000000000000   1.000000000000000   1.000000000000000   1.000000000000000   0.983336045890303   0.983336045890303   0.983336045890303   1.000000000000000   1.000000000000000   1.000000000000000   0.908867967489633   1.000000000000000   0.908867967489633   1.000000000000000   
PATCH 23 
2 1 
13 2 
0.000000000000000   0.000000000000000   0.000000000000000   0.125000000000000   0.125000000000000   0.250000000000000   0.250000000000000   0.500000000000000   0.500000000000000   0.625000000000000   0.625000000000000   0.750000000000000   0.750000000000000   1.000000000000000   1.000000000000000   1.000000000000000   
0.000000000000000   0.000000000000000   1.000000000000000   1.000000000000000   
0.008682408883347   0.009214726804819   0.009637806882201   0.010191087155208   0.010695074158782   0.011748825034948   0.012807855835840   0.013330241735412   0.013868511695518   0.014410954130638   0.014950257780920   0.016005499164511   0.017057201167965   0.008769232972180   0.009306874072867   0.009842960902535   0.010379047732203   0.010913580290852   0.011982645408149   0.013045493441370   0.013576917457981   0.014106787203572   0.014636656949163   0.015164972423735   0.016221603372879   0.017272017237946   
0.049240387650610   0.049122375608591   0.048457129703855   0.048469657674013   0.048247106012042   0.048015645608733   0.047799568715373   0.047662064623902   0.047578407731224   0.047503661927892   0.047412724804075   0.047149070828265   0.046864275048078   0.049732791527117   0.049613599364677   0.049488606583825   0.049363613802972   0.049232820403708   0.048971233605179   0.048686444333000   0.048544049696911   0.048395854442409   0.048247659187908   0.048093663314994   0.047785671569166   0.047454477349688   
1.000000000000000   0.999524337261468   0.999167590207569   0.998810843153671   0.998573011784405   0.998097349045873   0.998097349045873   0.998097349045873   0.998216264730506   0.998335180415139   0.998573011784404   0.999048674522936   1.000000000000000   1.000000000000000   0.999524337261468   0.999167590207569   0.998810843153671   0.998573011784405   0.998097349045873   0.998097349045873   0.998097349045873   0.998216264730506   0.998335180415139   0.998573011784404   0.999048674522936   1.000000000000000   
PATCH 24 
2 1 
6 2 
0.000000000000000   0.000000000000000   0.000000000000000   0.250000000000000   0.500000000000000   0.750000000000000   1.000000000000000   1.000000000000000   1.000000000000000   
0.000000000000000   0.000000000000000   1.000000000000000   1.000000000000000   
0.017057201167965   0.018100553306959   0.020098012195286   0.021997601937843   0.023973604387848   0.024995700152260   0.017272017237946   0.018289568482936   0.020304367573183   0.022298863263696   0.024273055554476   0.025250000000000   
0.046864275048078   0.046546927156007   0.045677494502491   0.044605555838096   0.043697034025070   0.043293822634471   0.047454477349688   0.047032993823604   0.046146485990198   0.045216437375554   0.044242847979673   0.043734282891114   
1.000000000000000   0.999048674522936   0.998097349045873   0.998097349045873   0.999048674522936   1.000000000000000   1.000000000000000   0.999048674522936   0.998097349045873   0.998097349045873   0.999048674522936   1.000000000000000   
PATCH 25 
2 1 
6 2 
0.000000000000000   0.000000000000000   0.000000000000000   0.250000000000000   0.500000000000000   0.750000000000000   1.000000000000000   1.000000000000000   1.000000000000000   
0.000000000000000   0.000000000000000   1.000000000000000   1.000000000000000   
0.017057201167965   0.018100553306959   0.020098012195286   0.021997601937843   0.023973604387848   0.024995700152260   0.007090401405957   0.007908506612017   0.009544717024138   0.011180927436258   0.012817137848378   0.013635243054438   
0.046864275048078   0.046546927156007   0.045677494502491   0.044605555838096   0.043697034025070   0.043293822634471   0.043007426826190   0.039877564023458   0.033617838417994   0.027358112812529   0.021098387207064   0.017968524404332   
1.000000000000000   0.999048674522936   0.998097349045873   0.998097349045873   0.999048674522936   1.000000000000000   1.000000000000000   1.000000000000000   1.000000000000000   1.000000000000000   1.000000000000000   1.000000000000000   
PATCH 26 
2 1 
13 2 
0.000000000000000   0.000000000000000   0.000000000000000   0.250000000000000   0.250000000000000   0.375000000000000   0.375000000000000   0.500000000000000   0.500000000000000   0.750000000000000   0.750000000000000   0.875000000000000   0.875000000000000   1.000000000000000   1.000000000000000   1.000000000000000   
0.000000000000000   0.000000000000000   1.000000000000000   1.000000000000000   
0.024995700152260   0.026302977249698   0.027583213512970   0.028202863551875   0.028792521706916   0.029420350626644   0.030100661770553   0.031062745433282   0.031822118211798   0.032332358803933   0.032844457699499   0.033434296521684   0.034006212880227   0.013635243054438   0.013746827178653   0.013858411302868   0.013723016826260   0.013731862823772   0.013740708821285   0.013893795292919   0.014368444713957   0.014843094134995   0.013030694162194   0.013026520753618   0.013022347345041   0.014826400500689   
0.043293822634471   0.042423042341475   0.041517372552652   0.041034613447625   0.040512200266531   0.040045565931056   0.039648286606999   0.038347486227356   0.036850958112015   0.036273438160907   0.035702190964103   0.035217833756204   0.034712722523042   0.017968524404332   0.017541631876124   0.017114739347917   0.016921893133362   0.016903919394800   0.016885945656238   0.017042844393669   0.016430063179823   0.015817281965977   0.013790530966024   0.013724557362639   0.013658583759253   0.015553387552435   
1.000000000000000   0.998025678915111   0.997038518372667   0.996544938101445   0.996298147965834   0.996051357830222   0.996051357830223   0.996051357830223   0.997038518372667   0.997532098643889   0.998272469050722   0.999012839457556   1.000000000000000   1.000000000000000   1.000000000000000   1.000000000000000   0.989864599917966   0.989864599917966   0.989864599917966   1.000000000000000   1.000000000000000   1.000000000000000   0.875168839230559   0.875168839230559   0.875168839230559   1.000000000000000   
PATCH 27 
2 2 
6 4 
0.000000000000000   0.000000000000000   0.000000000000000   0.250000000000000   0.500000000000000   0.750000000000000   1.000000000000000   1.000000000000000   1.000000000000000   
0.000000000000000   0.000000000000000   0.000000000000000   0.500000000000000   1.000000000000000   1.000000000000000   1.000000000000000   
0.010768679284883   0.009950574078823   0.008314363666703   0.006678153254582   0.005041942842462   0.004223837636402   0.011485320227272   0.010667215021212   0.009031004609091   0.007394794196971   0.005758583784851   0.004940478578791   0.012918602112049   0.012100496905989   0.010464286493869   0.008828076081749   0.007191865669629   0.006373760463568   0.013635243054438   0.012817137848378   0.011180927436258   0.009544717024138   0.007908506612017   0.007090401405957   
0.017219242122269   0.020349104925001   0.026608830530466   0.032868556135930   0.039128281741395   0.042258144544127   0.017406562692784   0.020536425495517   0.026796151100981   0.033055876706446   0.039315602311911   0.042445465114643   0.017781203833816   0.020911066636548   0.027170792242013   0.033430517847478   0.039690243452942   0.042820106255675   0.017968524404332   0.021098387207064   0.027358112812529   0.033617838417994   0.039877564023458   0.043007426826190   
1.000000000000000   1.000000000000000   1.000000000000000   1.000000000000000   1.000000000000000   1.000000000000000   1.000000000000000   1.000000000000000   1.000000000000000   1.000000000000000   1.000000000000000   1.000000000000000   1.000000000000000   1.000000000000000   1.000000000000000   1.000000000000000   1.000000000000000   1.000000000000000   1.000000000000000   1.000000000000000   1.000000000000000   1.000000000000000   1.000000000000000   1.000000000000000   
PATCH 28 
2 2 
13 4 
0.000000000000000   0.000000000000000   0.000000000000000   0.250000000000000   0.250000000000000   0.375000000000000   0.375000000000000   0.500000000000000   0.500000000000000   0.750000000000000   0.750000000000000   0.875000000000000   0.875000000000000   1.000000000000000   1.000000000000000   1.000000000000000   
0.000000000000000   0.000000000000000   0.000000000000000   0.500000000000000   1.000000000000000   1.000000000000000   1.000000000000000   
0.010768679284883   0.010926138531547   0.011083597778211   0.011074401460838   0.011076350198860   0.011078298936883   0.011091392730302   0.011630989830088   0.012170586929874   0.010750998459073   0.012316066321540   0.010936766697746   0.012497712314615   0.011485320227272   0.011631310693323   0.011777301159375   0.011736555302193   0.011740228355088   0.011743901407984   0.011791993370956   0.012315353551055   0.012838713731154   0.011320922384853   0.012493679929560   0.011458161859570   0.013079884361133   0.012918602112049   0.013041655016876   0.013164707921703   0.013060862984904   0.013067984667544   0.013075106350185   0.013193194652265   0.013684080992990   0.014174967333715   0.012460770236414   0.012848907145598   0.012500952183217   0.014244228454170   0.013635243054438   0.013746827178653   0.013858411302868   0.013723016826260   0.013731862823772   0.013740708821285   0.013893795292919   0.014368444713957   0.014843094134995   0.013030694162194   0.013026520753618   0.013022347345041   0.014826400500689   
0.017219242122269   0.016616843023192   0.016014443924116   0.015992849673245   0.015986930097567   0.015981010521890   0.015990765621406   0.014641314969118   0.013291864316831   0.011614996058742   0.013170207531130   0.011576854370169   0.013224699366361   0.017406562692784   0.016848040236425   0.016289517780066   0.016225110538274   0.016216177421876   0.016207244305477   0.016253785314472   0.015088502021795   0.013923218729117   0.012158879785563   0.013308794989007   0.012097286717440   0.013806871412879   0.017781203833816   0.017310434662891   0.016839665491966   0.016689632268333   0.016674672070492   0.016659711872651   0.016779824700603   0.015982876127147   0.015185927553690   0.013246647239204   0.013585969904761   0.013138151411982   0.014971215505916   0.017968524404332   0.017541631876124   0.017114739347917   0.016921893133362   0.016903919394800   0.016885945656238   0.017042844393669   0.016430063179823   0.015817281965977   0.013790530966024   0.013724557362639   0.013658583759253   0.015553387552435   
1.000000000000000   1.000000000000000   1.000000000000000   0.999028081472306   0.999028081472306   0.999028081472306   1.000000000000000   1.000000000000000   1.000000000000000   0.880466400172268   1.000000000000000   0.880466400172268   1.000000000000000   1.000000000000000   1.000000000000000   1.000000000000000   0.996737211083721   0.996737211083721   0.996737211083721   1.000000000000000   1.000000000000000   1.000000000000000   0.879142009936841   0.968792209807640   0.879142009936841   1.000000000000000   1.000000000000000   1.000000000000000   1.000000000000000   0.992155470306551   0.992155470306551   0.992155470306551   1.000000000000000   1.000000000000000   1.000000000000000   0.876493229465987   0.906376629422920   0.876493229465987   1.000000000000000   1.000000000000000   1.000000000000000   1.000000000000000   0.989864599917966   0.989864599917966   0.989864599917966   1.000000000000000   1.000000000000000   1.000000000000000   0.875168839230559   0.875168839230559   0.875168839230559   1.000000000000000   
PATCH 29 
2 1 
13 2 
0.000000000000000   0.000000000000000   0.000000000000000   0.250000000000000   0.250000000000000   0.375000000000000   0.375000000000000   0.500000000000000   0.500000000000000   0.750000000000000   0.750000000000000   0.875000000000000   0.875000000000000   1.000000000000000   1.000000000000000   1.000000000000000   
0.000000000000000   0.000000000000000   1.000000000000000   1.000000000000000   
0.024995700152260   0.026302977249698   0.027583213512970   0.028202863551875   0.028792521706916   0.029420350626644   0.030100661770553   0.031062745433282   0.031822118211798   0.032332358803933   0.032844457699499   0.033434296521684   0.034006212880227   0.025250000000000   0.026178902508932   0.027094027156471   0.027551589480241   0.028005707338662   0.028459825197083   0.028910498590156   0.029811845376303   0.030699414301056   0.031143198763433   0.031583538760461   0.032023878757490   0.032460774289170   
0.043293822634471   0.042423042341475   0.041517372552652   0.041034613447625   0.040512200266531   0.040045565931056   0.039648286606999   0.038347486227356   0.036850958112015   0.036273438160907   0.035702190964103   0.035217833756204   0.034712722523042   0.043734282891114   0.043142506727484   0.042531053738569   0.042225327244111   0.041914681543332   0.041604035842553   0.041288470935453   0.040657341121252   0.040006534481766   0.039681131162023   0.039350808635958   0.039020486109894   0.038685244377508   
1.000000000000000   0.998025678915111   0.997038518372667   0.996544938101445   0.996298147965834   0.996051357830222   0.996051357830223   0.996051357830223   0.997038518372667   0.997532098643889   0.998272469050722   0.999012839457556   1.000000000000000   1.000000000000000   0.999048674522937   0.998573011784405   0.998335180415139   0.998216264730506   0.998097349045873   0.998097349045873   0.998097349045873   0.998573011784405   0.998810843153671   0.999167590207569   0.999524337261468   1.000000000000000   
PATCH 30 
2 1 
6 2 
0.000000000000000   0.000000000000000   0.000000000000000   0.250000000000000   0.500000000000000   0.750000000000000   1.000000000000000   1.000000000000000   1.000000000000000   
0.000000000000000   0.000000000000000   1.000000000000000   1.000000000000000   
0.010768679284883   0.009950574078823   0.008314363666703   0.006678153254582   0.005041942842462   0.004223837636402   0.000000000000000   0.000000000000000   0.000000000000000   0.000000000000000   0.000000000000000   0.000000000000000   
0.017219242122269   0.020349104925001   0.026608830530466   0.032868556135930   0.039128281741395   0.042258144544127   0.014550000000000   0.018013518068016   0.024940554204048   0.031867590340079   0.038794626476111   0.042258144544127   
1.000000000000000   1.000000000000000   1.000000000000000   1.000000000000000   1.000000000000000   1.000000000000000   1.000000000000000   1.000000000000000   1.000000000000000   1.000000000000000   1.000000000000000   1.000000000000000   
PATCH 31 
2 1 
13 2 
0.000000000000000   0.000000000000000   0.000000000000000   0.250000000000000   0.250000000000000   0.375000000000000   0.375000000000000   0.500000000000000   0.500000000000000   0.750000000000000   0.750000000000000   0.875000000000000   0.875000000000000   1.000000000000000   1.000000000000000   1.000000000000000   
0.000000000000000   0.000000000000000   1.000000000000000   1.000000000000000   
0.004223837636402   0.003740159060410   0.003256480484417   0.003246988351197   0.003245480194098   0.003243972036998   0.003250447856019   0.003177914964973   0.003105382073927   0.002806689569624   0.003166604325556   0.002929184679240   0.003327265350971   0.000000000000000   0.000000000000000   0.000000000000000   0.000000000000000   0.000000000000000   0.000000000000000   0.000000000000000   0.000000000000000   0.000000000000000   0.000000000000000   0.000000000000000   0.000000000000000   0.000000000000000   
0.042258144544127   0.044108575970627   0.045959007397127   0.045867447517088   0.045876672092079   0.045885896667069   0.045995905697089   0.047053859847109   0.048111813997129   0.043658605701990   0.048269960134244   0.043775880221386   0.048324240883058   0.042258144544127   0.043225876476111   0.044193608408095   0.044677474374087   0.045161340340079   0.045645206306072   0.046129072272064   0.047096804204048   0.048064536136032   0.048548402102024   0.049032268068016   0.049516134034008   0.050000000000000   
1.000000000000000   1.000000000000000   1.000000000000000   0.997811025350089   0.997811025350089   0.997811025350089   1.000000000000000   1.000000000000000   1.000000000000000   0.905682184947016   1.000000000000000   0.905682184947016   1.000000000000000   1.000000000000000   1.000000000000000   1.000000000000000   1.000000000000000   1.000000000000000   1.000000000000000   1.000000000000000   1.000000000000000   1.000000000000000   1.000000000000000   1.000000000000000   1.000000000000000   1.000000000000000   
PATCH 32 
2 1 
13 2 
0.000000000000000   0.000000000000000   0.000000000000000   0.250000000000000   0.250000000000000   0.375000000000000   0.375000000000000   0.500000000000000   0.500000000000000   0.750000000000000   0.750000000000000   0.875000000000000   0.875000000000000   1.000000000000000   1.000000000000000   1.000000000000000   
0.000000000000000   0.000000000000000   1.000000000000000   1.000000000000000   
0.000000000000000   0.001374717802857   0.002698457262454   0.003360326992252   0.004009452136236   0.004658577280219   0.005294957838388   0.006567718954725   0.007789501727802   0.008400393114340   0.008998539915064   0.009596686715788   0.010182088930696   0.010768679284883   0.010926138531547   0.011083597778211   0.011074401460838   0.011076350198860   0.011078298936883   0.011091392730302   0.011630989830088   0.012170586929874   0.010750998459073   0.012316066321540   0.010936766697746   0.012497712314615   
0.014550000000000   0.014280222852687   0.013885561215457   0.013688230396843   0.013459678455749   0.013231126514656   0.012971353451083   0.012451807323937   0.011807376706876   0.011485161398345   0.011131724967336   0.010778288536326   0.010393630982837   0.017219242122269   0.016616843023192   0.016014443924116   0.015992849673245   0.015986930097567   0.015981010521890   0.015990765621406   0.014641314969118   0.013291864316831   0.011614996058742   0.013170207531130   0.011576854370169   0.013224699366361   
1.000000000000000   0.981458615304933   0.972187922957400   0.967552576783633   0.965234903696749   0.962917230609866   0.962917230609866   0.962917230609866   0.972187922957400   0.976823269131166   0.983776288391816   0.990729307652466   1.000000000000000   1.000000000000000   1.000000000000000   1.000000000000000   0.999028081472306   0.999028081472306   0.999028081472306   1.000000000000000   1.000000000000000   1.000000000000000   0.880466400172268   1.000000000000000   0.880466400172268   1.000000000000000   
INTERFACE 1 
1 2 
5 1 
1 
INTERFACE 2 
1 3 
2 4 
1 
INTERFACE 3 
2 1 
13 2 
1 
INTERFACE 4 
2 2 
3 1 
1 
INTERFACE 5 
2 3 
4 2 
1 
INTERFACE 6 
3 2 
7 1 
-1 
INTERFACE 7 
3 3 
4 4 
-1 
INTERFACE 8 
3 4 
5 3 
1 
INTERFACE 9 
4 1 
9 2 
1 
INTERFACE 10 
4 3 
13 3 
1 
INTERFACE 11 
5 2 
6 1 
1 
INTERFACE 12 
6 2 
11 1 
1 
INTERFACE 13 
6 3 
7 3 
1 
INTERFACE 14 
7 2 
8 1 
1 
INTERFACE 15 
7 4 
9 4 
-1 
INTERFACE 16 
8 2 
15 1 
1 
INTERFACE 17 
8 3 
11 3 
1 
INTERFACE 18 
8 4 
10 4 
1 
INTERFACE 19 
9 1 
10 1 
1 
INTERFACE 20 
9 3 
12 3 
1 
INTERFACE 21 
10 2 
16 3 
1 
INTERFACE 22 
10 3 
14 4 
1 
INTERFACE 23 
11 2 
18 1 
1 
INTERFACE 24 
12 1 
14 1 
-1 
INTERFACE 25 
12 2 
13 1 
1 
INTERFACE 26 
14 2 
17 1 
-1 
INTERFACE 27 
15 2 
26 2 
1 
INTERFACE 28 
15 3 
18 3 
1 
INTERFACE 29 
15 4 
16 2 
1 
INTERFACE 30 
16 1 
17 3 
1 
INTERFACE 31 
16 4 
28 2 
1 
INTERFACE 32 
17 2 
32 2 
-1 
INTERFACE 33 
18 2 
29 2 
1 
INTERFACE 34 
19 2 
23 1 
1 
INTERFACE 35 
19 3 
20 4 
1 
INTERFACE 36 
20 1 
31 2 
1 
INTERFACE 37 
20 2 
21 1 
1 
INTERFACE 38 
20 3 
22 2 
1 
INTERFACE 39 
21 2 
25 1 
-1 
INTERFACE 40 
21 3 
22 4 
-1 
INTERFACE 41 
21 4 
23 3 
1 
INTERFACE 42 
22 1 
27 2 
1 
INTERFACE 43 
22 3 
31 3 
1 
INTERFACE 44 
23 2 
24 1 
1 
INTERFACE 45 
24 2 
29 1 
1 
INTERFACE 46 
24 3 
25 3 
1 
INTERFACE 47 
25 2 
26 1 
1 
INTERFACE 48 
25 4 
27 4 
-1 
INTERFACE 49 
26 3 
29 3 
1 
INTERFACE 50 
26 4 
28 4 
1 
INTERFACE 51 
27 1 
28 1 
1 
INTERFACE 52 
27 3 
30 3 
1 
INTERFACE 53 
28 3 
32 4 
1 
INTERFACE 54 
30 1 
32 1 
-1 
INTERFACE 55 
30 2 
31 1 
1 
BOUNDARY 1 
1 
1 1 
BOUNDARY 2 
1 
1 4 
BOUNDARY 3 
1 
5 4 
BOUNDARY 4 
1 
6 4 
BOUNDARY 5 
1 
11 4 
BOUNDARY 6 
1 
12 4 
BOUNDARY 7 
1 
13 4 
BOUNDARY 8 
1 
14 3 
BOUNDARY 9 
1 
17 4 
BOUNDARY 10 
1 
18 4 
BOUNDARY 11 
1 
19 1 
BOUNDARY 12 
1 
19 4 
BOUNDARY 13 
1 
23 4 
BOUNDARY 14 
1 
24 4 
BOUNDARY 15 
1 
29 4 
BOUNDARY 16 
1 
30 4 
BOUNDARY 17 
1 
31 4 
BOUNDARY 18 
1 
32 3 
