# nurbs mesh v.2.1
#
# 14-Jul-2024
#
2 2 32 55 0 
PATCH 1 
2 1 
4 2 
0.000000000000000   0.000000000000000   0.000000000000000   0.500000000000000   1.000000000000000   1.000000000000000   1.000000000000000   
0.000000000000000   0.000000000000000   1.000000000000000   1.000000000000000   
0.050000000000000   0.049904867452294   0.049525061277599   0.049240387650610   0.050500000000000   0.050403916126817   0.050020311890375   0.049732791527117   
0.000000000000000   0.002178893568691   0.006520098010365   0.008682408883347   0.000000000000000   0.002200682504378   0.006585298990468   0.008769232972180   
1.000000000000000   0.998097349045873   0.998097349045873   1.000000000000000   1.000000000000000   0.998097349045873   0.998097349045873   1.000000000000000   
PATCH 2 
2 1 
4 2 
0.000000000000000   0.000000000000000   0.000000000000000   0.500000000000000   1.000000000000000   1.000000000000000   1.000000000000000   
0.000000000000000   0.000000000000000   1.000000000000000   1.000000000000000   
0.048224893619877   0.048107847155967   0.047873754228148   0.047756707764238   0.050000000000000   0.049904867452294   0.049525061277599   0.049240387650610   
0.003612140885809   0.004638679180390   0.006691755769552   0.007718294064132   0.000000000000000   0.002178893568691   0.006520098010365   0.008682408883347   
1.000000000000000   1.000000000000000   1.000000000000000   1.000000000000000   1.000000000000000   0.998097349045873   0.998097349045873   1.000000000000000   
PATCH 3 
2 1 
13 2 
0.000000000000000   0.000000000000000   0.000000000000000   0.125000000000000   0.125000000000000   0.250000000000000   0.250000000000000   0.500000000000000   0.500000000000000   0.625000000000000   0.625000000000000   0.750000000000000   0.750000000000000   1.000000000000000   1.000000000000000   1.000000000000000   
0.000000000000000   0.000000000000000   1.000000000000000   1.000000000000000   
0.047756707764238   0.041050342069474   0.040996756086493   0.040943170103512   0.047542363832314   0.046833887064703   0.046125410297092   0.045492066437109   0.045469473761602   0.045446881086095   0.046035039595065   0.045735297204620   0.045435554814176   0.049240387650610   0.049122375608591   0.048042755143020   0.048197830889507   0.048001784916758   0.047779990139792   0.047462546270724   0.047317769804743   0.047242005854601   0.047186178312820   0.047178776578214   0.046937290524707   0.046600360448185   
0.007718294064132   0.006704708031032   0.006748890756534   0.006793073482036   0.007895024966140   0.007839482432374   0.007783939898609   0.007679118382517   0.007682587876815   0.007686057371113   0.007797817875800   0.007918579512341   0.008039341148882   0.008682408883347   0.009214726804819   0.009555390486128   0.010133933657846   0.010640693129045   0.011691163103342   0.012717550943965   0.013233948526046   0.013770454749462   0.014314640675456   0.014876488844449   0.015933606984833   0.016961144109215   
1.000000000000000   0.859737028784963   0.859737028784963   0.859737028784963   1.000000000000000   1.000000000000000   1.000000000000000   0.986763125728708   0.986763125728708   0.986763125728708   1.000000000000000   1.000000000000000   1.000000000000000   1.000000000000000   0.999524337261468   0.999167590207569   0.998810843153671   0.998573011784405   0.998097349045873   0.998097349045873   0.998097349045873   0.998216264730506   0.998335180415139   0.998573011784404   0.999048674522936   1.000000000000000   
PATCH 4 
2 2 
13 4 
0.000000000000000   0.000000000000000   0.000000000000000   0.250000000000000   0.250000000000000   0.375000000000000   0.375000000000000   0.500000000000000   0.500000000000000   0.750000000000000   0.750000000000000   0.875000000000000   0.875000000000000   1.000000000000000   1.000000000000000   1.000000000000000   
0.000000000000000   0.000000000000000   0.000000000000000   0.500000000000000   1.000000000000000   1.000000000000000   1.000000000000000   
0.044051206441887   0.045335488126176   0.046619769810466   0.046434916637546   0.046447473705608   0.046460030773669   0.046669998082713   0.047335834130466   0.048001670178220   0.043272021712597   0.048166940990384   0.043396081083865   0.048224893619877   0.044397293534959   0.045435440395787   0.046473587256616   0.046187907749684   0.046202973719606   0.046218039689529   0.046533851136307   0.047210347364025   0.047886843591744   0.042689808810326   0.046374394764411   0.042809646330267   0.048107847155967   0.045089467721103   0.045635344935009   0.046181222148915   0.045693889973958   0.045713973747604   0.045734057521249   0.046261557243497   0.046959373831144   0.047657190418790   0.041525383005783   0.042789302312466   0.041636776823072   0.047873754228148   0.045435554814176   0.045735297204620   0.046035039595065   0.045446881086095   0.045469473761602   0.045492066437109   0.046125410297092   0.046833887064703   0.047542363832314   0.040943170103512   0.040996756086493   0.041050342069474   0.047756707764238   
0.004603250829117   0.004085833330228   0.003568415831340   0.003548499070233   0.003545253540822   0.003542008011412   0.003555433713698   0.003473212472612   0.003390991231527   0.003040050848829   0.003447403789760   0.003162957685417   0.003612140885809   0.005462273409058   0.005044019875757   0.004625766342455   0.004582888645453   0.004579587124821   0.004576285604188   0.004612560259926   0.004564779962553   0.004516999665180   0.003978306507130   0.004272775531454   0.004048395271821   0.004638679180390   0.007180318568941   0.006960392966813   0.006740467364685   0.006651667795893   0.006648254292817   0.006644840789741   0.006726813352381   0.006747914942434   0.006769016532487   0.005854817823734   0.005923519014840   0.005819270444628   0.006691755769552   0.008039341148882   0.007918579512341   0.007797817875800   0.007686057371113   0.007682587876815   0.007679118382517   0.007783939898609   0.007839482432374   0.007895024966140   0.006793073482036   0.006748890756534   0.006704708031032   0.007718294064132   
1.000000000000000   1.000000000000000   1.000000000000000   0.995776829343128   0.995776829343128   0.995776829343128   1.000000000000000   1.000000000000000   1.000000000000000   0.899663763303589   1.000000000000000   0.899663763303589   1.000000000000000   1.000000000000000   1.000000000000000   1.000000000000000   0.993523403439523   0.993523403439523   0.993523403439523   1.000000000000000   1.000000000000000   1.000000000000000   0.889682079673933   0.964934257196241   0.889682079673933   1.000000000000000   1.000000000000000   1.000000000000000   1.000000000000000   0.989016551632313   0.989016551632313   0.989016551632313   1.000000000000000   1.000000000000000   1.000000000000000   0.869718712414619   0.894802771588722   0.869718712414619   1.000000000000000   1.000000000000000   1.000000000000000   1.000000000000000   0.986763125728708   0.986763125728708   0.986763125728708   1.000000000000000   1.000000000000000   1.000000000000000   0.859737028784963   0.859737028784963   0.859737028784963   1.000000000000000   
PATCH 5 
2 1 
13 2 
0.000000000000000   0.000000000000000   0.000000000000000   0.125000000000000   0.125000000000000   0.250000000000000   0.250000000000000   0.500000000000000   0.500000000000000   0.625000000000000   0.625000000000000   0.750000000000000   0.750000000000000   1.000000000000000   1.000000000000000   1.000000000000000   
0.000000000000000   0.000000000000000   1.000000000000000   1.000000000000000   
0.049240387650610   0.049122375608591   0.048042755143020   0.048197830889507   0.048001784916758   0.047779990139792   0.047462546270724   0.047317769804743   0.047242005854601   0.047186178312820   0.047178776578214   0.046937290524707   0.046600360448185   0.049732791527117   0.049613599364677   0.049488606583825   0.049363613802972   0.049232820403708   0.048971233605179   0.048686444333000   0.048544049696911   0.048395854442409   0.048247659187908   0.048093663314994   0.047785671569166   0.047454477349688   
0.008682408883347   0.009214726804819   0.009555390486128   0.010133933657846   0.010640693129045   0.011691163103342   0.012717550943965   0.013233948526046   0.013770454749462   0.014314640675456   0.014876488844449   0.015933606984833   0.016961144109215   0.008769232972180   0.009306874072867   0.009842960902535   0.010379047732203   0.010913580290852   0.011982645408149   0.013045493441370   0.013576917457981   0.014106787203572   0.014636656949163   0.015164972423735   0.016221603372879   0.017272017237946   
1.000000000000000   0.999524337261468   0.999167590207569   0.998810843153671   0.998573011784405   0.998097349045873   0.998097349045873   0.998097349045873   0.998216264730506   0.998335180415139   0.998573011784404   0.999048674522936   1.000000000000000   1.000000000000000   0.999524337261468   0.999167590207569   0.998810843153671   0.998573011784405   0.998097349045873   0.998097349045873   0.998097349045873   0.998216264730506   0.998335180415139   0.998573011784404   0.999048674522936   1.000000000000000   
PATCH 6 
2 1 
6 2 
0.000000000000000   0.000000000000000   0.000000000000000   0.250000000000000   0.500000000000000   0.750000000000000   1.000000000000000   1.000000000000000   1.000000000000000   
0.000000000000000   0.000000000000000   1.000000000000000   1.000000000000000   
0.046600360448185   0.046410384534878   0.045457671166426   0.044540673233409   0.043555027546603   0.043253231621495   0.047454477349688   0.047032993823604   0.046146485990198   0.045216437375554   0.044242847979673   0.043734282891114   
0.016961144109215   0.018047456418648   0.020001290338338   0.021965604540125   0.023895695046602   0.024972264919992   0.017272017237946   0.018289568482936   0.020304367573183   0.022298863263696   0.024273055554476   0.025250000000000   
1.000000000000000   0.999048674522936   0.998097349045873   0.998097349045873   0.999048674522936   1.000000000000000   1.000000000000000   0.999048674522936   0.998097349045873   0.998097349045873   0.999048674522936   1.000000000000000   
PATCH 7 
2 1 
6 2 
0.000000000000000   0.000000000000000   0.000000000000000   0.250000000000000   0.500000000000000   0.750000000000000   1.000000000000000   1.000000000000000   1.000000000000000   
0.000000000000000   0.000000000000000   1.000000000000000   1.000000000000000   
0.046600360448185   0.046410384534878   0.045457671166426   0.044540673233409   0.043555027546603   0.043253231621495   0.045435554814176   0.042511165651295   0.036662387325534   0.030813608999773   0.024964830674012   0.022040441511131   
0.016961144109215   0.018047456418648   0.020001290338338   0.021965604540125   0.023895695046602   0.024972264919992   0.008039341148882   0.009217532931062   0.011573916495420   0.013930300059778   0.016286683624137   0.017464875406316   
1.000000000000000   0.999048674522936   0.998097349045873   0.998097349045873   0.999048674522936   1.000000000000000   1.000000000000000   1.000000000000000   1.000000000000000   1.000000000000000   1.000000000000000   1.000000000000000   
PATCH 8 
2 1 
13 2 
0.000000000000000   0.000000000000000   0.000000000000000   0.250000000000000   0.250000000000000   0.375000000000000   0.375000000000000   0.500000000000000   0.500000000000000   0.750000000000000   0.750000000000000   0.875000000000000   0.875000000000000   1.000000000000000   1.000000000000000   1.000000000000000   
0.000000000000000   0.000000000000000   1.000000000000000   1.000000000000000   
0.043253231621495   0.042394418800148   0.041506526750643   0.041003373734657   0.040530585087334   0.040019226678005   0.039613348327280   0.038240334464586   0.036878435751918   0.036394443205322   0.035845263952550   0.035384557444319   0.034890198657696   0.022040441511131   0.021459492755157   0.020878543999183   0.020877951643220   0.020877490026356   0.020877028409492   0.020876697531727   0.020173241546380   0.019469785561033   0.017777110197886   0.017722608431462   0.017668106665038   0.019251778495337   
0.024972264919992   0.026279935963511   0.027565215323652   0.028167764890883   0.028789052841641   0.029381500074912   0.030051543030264   0.030947279130409   0.031810850021447   0.032401762799563   0.032934118641292   0.033546898675301   0.034130578320629   0.017464875406316   0.017698930797727   0.017932986189138   0.017933061053057   0.017933249712515   0.017933438371973   0.017933740826969   0.018225340528315   0.018516940229660   0.016977202817598   0.016966369258433   0.016955535699268   0.018473605993001   
1.000000000000000   0.998037010614503   0.997055515921754   0.996564768575380   0.996319394902192   0.996074021229005   0.996074021229005   0.996074021229005   0.997055515921754   0.997546263268128   0.998282384287690   0.999018505307251   1.000000000000000   1.000000000000000   1.000000000000000   1.000000000000000   0.999993782898344   0.999993782898344   0.999993782898344   1.000000000000000   1.000000000000000   1.000000000000000   0.915697950815437   0.915697950815437   0.915697950815437   1.000000000000000   
PATCH 9 
2 2 
6 4 
0.000000000000000   0.000000000000000   0.000000000000000   0.250000000000000   0.500000000000000   0.750000000000000   1.000000000000000   1.000000000000000   1.000000000000000   
0.000000000000000   0.000000000000000   0.000000000000000   0.500000000000000   1.000000000000000   1.000000000000000   1.000000000000000   
0.020656093138842   0.023580482301723   0.029429260627484   0.035278038953245   0.041126817279006   0.044051206441887   0.021002180231915   0.023926569394795   0.029775347720556   0.035624126046317   0.041472904372078   0.044397293534959   0.021694354418059   0.024618743580940   0.030467521906701   0.036316300232462   0.042165078558223   0.045089467721103   0.022040441511131   0.024964830674012   0.030813608999773   0.036662387325534   0.042511165651295   0.045435554814176   
0.014028785086550   0.012850593304371   0.010494209740012   0.008137826175654   0.005781442611296   0.004603250829117   0.014887807666491   0.013709615884312   0.011353232319954   0.008996848755596   0.006640465191237   0.005462273409058   0.016605852826374   0.015427661044195   0.013071277479837   0.010714893915478   0.008358510351120   0.007180318568941   0.017464875406316   0.016286683624137   0.013930300059778   0.011573916495420   0.009217532931062   0.008039341148882   
1.000000000000000   1.000000000000000   1.000000000000000   1.000000000000000   1.000000000000000   1.000000000000000   1.000000000000000   1.000000000000000   1.000000000000000   1.000000000000000   1.000000000000000   1.000000000000000   1.000000000000000   1.000000000000000   1.000000000000000   1.000000000000000   1.000000000000000   1.000000000000000   1.000000000000000   1.000000000000000   1.000000000000000   1.000000000000000   1.000000000000000   1.000000000000000   
PATCH 10 
2 2 
13 4 
0.000000000000000   0.000000000000000   0.000000000000000   0.250000000000000   0.250000000000000   0.375000000000000   0.375000000000000   0.500000000000000   0.500000000000000   0.750000000000000   0.750000000000000   0.875000000000000   0.875000000000000   1.000000000000000   1.000000000000000   1.000000000000000   
0.000000000000000   0.000000000000000   0.000000000000000   0.500000000000000   1.000000000000000   1.000000000000000   1.000000000000000   
0.020656093138842   0.020118045628930   0.019579998119019   0.019509427580561   0.019498753684382   0.019488079788202   0.019537302534300   0.017886854610160   0.016236406686019   0.013748945206209   0.016078120969041   0.013684842213495   0.016127028987066   0.021002180231915   0.020453407410487   0.019904634589060   0.019851558596226   0.019843437769875   0.019835316943525   0.019872151283657   0.018458451344215   0.017044751404772   0.014755986454128   0.016489242834647   0.014680658326381   0.016908216364134   0.021694354418059   0.021124130973600   0.020553907529142   0.020535820627555   0.020532805940862   0.020529791254169   0.020541848782370   0.019601644812325   0.018661440842279   0.016770068949967   0.017311486565857   0.016672290552152   0.018470591118269   0.022040441511131   0.021459492755157   0.020878543999183   0.020877951643220   0.020877490026356   0.020877028409492   0.020876697531727   0.020173241546380   0.019469785561033   0.017777110197886   0.017722608431462   0.017668106665038   0.019251778495337   
0.014028785086550   0.014245556220381   0.014462327354211   0.014421934843662   0.014424911366376   0.014427887889090   0.014474233445067   0.014742126125988   0.015010018806908   0.012822369242111   0.015145996302876   0.013020951854477   0.015348856484730   0.014887807666491   0.015108899864717   0.015329992062943   0.015299716396011   0.015301995952911   0.015304275509810   0.015339110290543   0.015612929726569   0.015886749162596   0.013861077635983   0.015601089541765   0.014004597815674   0.016130043861797   0.016605852826374   0.016835587153390   0.017065321480406   0.017055279500708   0.017056165125980   0.017057050751252   0.017068863981494   0.017354536927733   0.017640209873972   0.015938494423726   0.016511276019544   0.015971889738070   0.017692418615933   0.017464875406316   0.017698930797727   0.017932986189138   0.017933061053057   0.017933249712515   0.017933438371973   0.017933740826969   0.018225340528315   0.018516940229660   0.016977202817598   0.016966369258433   0.016955535699268   0.018473605993001   
1.000000000000000   1.000000000000000   1.000000000000000   0.996920724383692   0.996920724383692   0.996920724383692   1.000000000000000   1.000000000000000   1.000000000000000   0.853140347448804   1.000000000000000   0.853140347448804   1.000000000000000   1.000000000000000   1.000000000000000   1.000000000000000   0.997688989012355   0.997688989012355   0.997688989012355   1.000000000000000   1.000000000000000   1.000000000000000   0.868779748290462   0.978924487703859   0.868779748290462   1.000000000000000   1.000000000000000   1.000000000000000   1.000000000000000   0.999225518269681   0.999225518269681   0.999225518269681   1.000000000000000   1.000000000000000   1.000000000000000   0.900058549973779   0.936773463111577   0.900058549973779   1.000000000000000   1.000000000000000   1.000000000000000   1.000000000000000   0.999993782898344   0.999993782898344   0.999993782898344   1.000000000000000   1.000000000000000   1.000000000000000   0.915697950815437   0.915697950815437   0.915697950815437   1.000000000000000   
PATCH 11 
2 1 
13 2 
0.000000000000000   0.000000000000000   0.000000000000000   0.250000000000000   0.250000000000000   0.375000000000000   0.375000000000000   0.500000000000000   0.500000000000000   0.750000000000000   0.750000000000000   0.875000000000000   0.875000000000000   1.000000000000000   1.000000000000000   1.000000000000000   
0.000000000000000   0.000000000000000   1.000000000000000   1.000000000000000   
0.043253231621495   0.042394418800148   0.041506526750643   0.041003373734657   0.040530585087334   0.040019226678005   0.039613348327280   0.038240334464586   0.036878435751918   0.036394443205322   0.035845263952550   0.035384557444319   0.034890198657696   0.043734282891114   0.043142506727484   0.042531053738569   0.042225327244111   0.041914681543332   0.041604035842553   0.041288470935453   0.040657341121252   0.040006534481766   0.039681131162023   0.039350808635958   0.039020486109894   0.038685244377508   
0.024972264919992   0.026279935963511   0.027565215323652   0.028167764890883   0.028789052841641   0.029381500074912   0.030051543030264   0.030947279130409   0.031810850021447   0.032401762799563   0.032934118641292   0.033546898675301   0.034130578320629   0.025250000000000   0.026178902508932   0.027094027156471   0.027551589480241   0.028005707338662   0.028459825197083   0.028910498590156   0.029811845376303   0.030699414301056   0.031143198763433   0.031583538760461   0.032023878757490   0.032460774289170   
1.000000000000000   0.998037010614503   0.997055515921754   0.996564768575380   0.996319394902192   0.996074021229005   0.996074021229005   0.996074021229005   0.997055515921754   0.997546263268128   0.998282384287690   0.999018505307251   1.000000000000000   1.000000000000000   0.999048674522937   0.998573011784405   0.998335180415139   0.998216264730506   0.998097349045873   0.998097349045873   0.998097349045873   0.998573011784405   0.998810843153671   0.999167590207569   0.999524337261468   1.000000000000000   
PATCH 12 
2 1 
6 2 
0.000000000000000   0.000000000000000   0.000000000000000   0.250000000000000   0.500000000000000   0.750000000000000   1.000000000000000   1.000000000000000   1.000000000000000   
0.000000000000000   0.000000000000000   1.000000000000000   1.000000000000000   
0.020656093138842   0.023580482301723   0.029429260627484   0.035278038953245   0.041126817279006   0.044051206441887   0.014550000000000   0.018237650805236   0.025612952415707   0.032988254026179   0.040363555636651   0.044051206441887   
0.014028785086550   0.012850593304371   0.010494209740012   0.008137826175654   0.005781442611296   0.004603250829117   0.000000000000000   0.000000000000000   0.000000000000000   0.000000000000000   0.000000000000000   0.000000000000000   
1.000000000000000   1.000000000000000   1.000000000000000   1.000000000000000   1.000000000000000   1.000000000000000   1.000000000000000   1.000000000000000   1.000000000000000   1.000000000000000   1.000000000000000   1.000000000000000   
PATCH 13 
2 1 
13 2 
0.000000000000000   0.000000000000000   0.000000000000000   0.250000000000000   0.250000000000000   0.375000000000000   0.375000000000000   0.500000000000000   0.500000000000000   0.750000000000000   0.750000000000000   0.875000000000000   0.875000000000000   1.000000000000000   1.000000000000000   1.000000000000000   
0.000000000000000   0.000000000000000   1.000000000000000   1.000000000000000   
0.044051206441887   0.045335488126176   0.046619769810466   0.046434916637546   0.046447473705608   0.046460030773669   0.046669998082713   0.047335834130466   0.048001670178220   0.043272021712597   0.048166940990384   0.043396081083865   0.048224893619877   0.044051206441887   0.044794805636651   0.045538404831415   0.045910204428797   0.046282004026179   0.046653803623561   0.047025603220943   0.047769202415707   0.048512801610472   0.048884601207854   0.049256400805236   0.049628200402618   0.050000000000000   
0.004603250829117   0.004085833330228   0.003568415831340   0.003548499070233   0.003545253540822   0.003542008011412   0.003555433713698   0.003473212472612   0.003390991231527   0.003040050848829   0.003447403789760   0.003162957685417   0.003612140885809   0.000000000000000   0.000000000000000   0.000000000000000   0.000000000000000   0.000000000000000   0.000000000000000   0.000000000000000   0.000000000000000   0.000000000000000   0.000000000000000   0.000000000000000   0.000000000000000   0.000000000000000   
1.000000000000000   1.000000000000000   1.000000000000000   0.995776829343128   0.995776829343128   0.995776829343128   1.000000000000000   1.000000000000000   1.000000000000000   0.899663763303589   1.000000000000000   0.899663763303589   1.000000000000000   1.000000000000000   1.000000000000000   1.000000000000000   1.000000000000000   1.000000000000000   1.000000000000000   1.000000000000000   1.000000000000000   1.000000000000000   1.000000000000000   1.000000000000000   1.000000000000000   1.000000000000000   
PATCH 14 
2 1 
13 2 
0.000000000000000   0.000000000000000   0.000000000000000   0.250000000000000   0.250000000000000   0.375000000000000   0.375000000000000   0.500000000000000   0.500000000000000   0.750000000000000   0.750000000000000   0.875000000000000   0.875000000000000   1.000000000000000   1.000000000000000   1.000000000000000   
0.000000000000000   0.000000000000000   1.000000000000000   1.000000000000000   
0.014550000000000   0.014280720135345   0.013886767574858   0.013689791294614   0.013461646840413   0.013233502386211   0.012974189758052   0.012455564501733   0.011812266549583   0.011490617573508   0.011137800423475   0.010784983273442   0.010400997949451   0.020656093138842   0.020118045628930   0.019579998119019   0.019509427580561   0.019498753684382   0.019488079788202   0.019537302534300   0.017886854610160   0.016236406686019   0.013748945206209   0.016078120969041   0.013684842213495   0.016127028987066   
0.000000000000000   0.001373498951532   0.002696158643714   0.003357488489804   0.004006108521058   0.004654728552311   0.005290638768727   0.006562459201558   0.007783440375039   0.008393930961780   0.008991711733683   0.009589492505586   0.010174563462651   0.014028785086550   0.014245556220381   0.014462327354211   0.014421934843662   0.014424911366376   0.014427887889090   0.014474233445067   0.014742126125988   0.015010018806908   0.012822369242111   0.015145996302876   0.013020951854477   0.015348856484730   
1.000000000000000   0.981492792807190   0.972239189210785   0.967612387412583   0.965298986513481   0.962985585614380   0.962985585614380   0.962985585614380   0.972239189210785   0.976865991008988   0.983806193706291   0.990746396403595   1.000000000000000   1.000000000000000   1.000000000000000   1.000000000000000   0.996920724383692   0.996920724383692   0.996920724383692   1.000000000000000   1.000000000000000   1.000000000000000   0.853140347448804   1.000000000000000   0.853140347448804   1.000000000000000   
PATCH 15 
2 1 
4 2 
0.000000000000000   0.000000000000000   0.000000000000000   0.500000000000000   1.000000000000000   1.000000000000000   1.000000000000000   
0.000000000000000   0.000000000000000   1.000000000000000   1.000000000000000   
0.034890198657696   0.034720628775049   0.034340607977373   0.034130578320629   0.019251778495337   0.019057235369753   0.018668149118585   0.018473605993001   
0.034130578320629   0.034340607977373   0.034720628775049   0.034890198657696   0.018473605993001   0.018668149118585   0.019057235369753   0.019251778495337   
1.000000000000000   0.999969725127756   0.999969725127756   1.000000000000000   1.000000000000000   1.000000000000000   1.000000000000000   1.000000000000000   
PATCH 16 
2 2 
4 4 
0.000000000000000   0.000000000000000   0.000000000000000   0.500000000000000   1.000000000000000   1.000000000000000   1.000000000000000   
0.000000000000000   0.000000000000000   0.000000000000000   0.500000000000000   1.000000000000000   1.000000000000000   1.000000000000000   
0.016127028987066   0.016908216364134   0.018470591118269   0.019251778495337   0.015932485861482   0.016713673238550   0.018276047992685   0.019057235369753   0.015543399610314   0.016324586987381   0.017886961741517   0.018668149118585   0.015348856484730   0.016130043861797   0.017692418615933   0.018473605993001   
0.015348856484730   0.016130043861797   0.017692418615933   0.018473605993001   0.015543399610314   0.016324586987381   0.017886961741517   0.018668149118585   0.015932485861482   0.016713673238550   0.018276047992685   0.019057235369753   0.016127028987066   0.016908216364134   0.018470591118269   0.019251778495337   
1.000000000000000   1.000000000000000   1.000000000000000   1.000000000000000   1.000000000000000   1.000000000000000   1.000000000000000   1.000000000000000   1.000000000000000   1.000000000000000   1.000000000000000   1.000000000000000   1.000000000000000   1.000000000000000   1.000000000000000   1.000000000000000   
PATCH 17 
2 1 
4 2 
0.000000000000000   0.000000000000000   0.000000000000000   0.500000000000000   1.000000000000000   1.000000000000000   1.000000000000000   
0.000000000000000   0.000000000000000   1.000000000000000   1.000000000000000   
0.016127028987066   0.015932485861482   0.015543399610314   0.015348856484730   0.010400997949451   0.010344700807858   0.010231483564458   0.010174563462651   
0.015348856484730   0.015543399610314   0.015932485861482   0.016127028987066   0.010174563462651   0.010231483564458   0.010344700807858   0.010400997949451   
1.000000000000000   1.000000000000000   1.000000000000000   1.000000000000000   1.000000000000000   0.999969725127756   0.999969725127756   1.000000000000000   
PATCH 18 
2 1 
4 2 
0.000000000000000   0.000000000000000   0.000000000000000   0.500000000000000   1.000000000000000   1.000000000000000   1.000000000000000   
0.000000000000000   0.000000000000000   1.000000000000000   1.000000000000000   
0.034890198657696   0.034720628775049   0.034340607977373   0.034130578320629   0.038685244377508   0.037197068413715   0.034084833369545   0.032460774289170   
0.034130578320629   0.034340607977373   0.034720628775049   0.034890198657696   0.032460774289170   0.034084833369545   0.037197068413715   0.038685244377508   
1.000000000000000   0.999969725127756   0.999969725127756   1.000000000000000   1.000000000000000   0.998097349045873   0.998097349045873   1.000000000000000   
PATCH 19 
2 1 
4 2 
0.000000000000000   0.000000000000000   0.000000000000000   0.500000000000000   1.000000000000000   1.000000000000000   1.000000000000000   
0.000000000000000   0.000000000000000   1.000000000000000   1.000000000000000   
0.000000000000000   0.002178893568691   0.006520098010365   0.008682408883347   0.000000000000000   0.002200682504378   0.006585298990468   0.008769232972180   
0.050000000000000   0.049904867452294   0.049525061277599   0.049240387650610   0.050500000000000   0.050403916126817   0.050020311890375   0.049732791527117   
1.000000000000000   0.998097349045873   0.998097349045873   1.000000000000000   1.000000000000000   0.998097349045873   0.998097349045873   1.000000000000000   
PATCH 20 
2 1 
4 2 
0.000000000000000   0.000000000000000   0.000000000000000   0.500000000000000   1.000000000000000   1.000000000000000   1.000000000000000   
0.000000000000000   0.000000000000000   1.000000000000000   1.000000000000000   
0.003612140885809   0.004638679180390   0.006691755769552   0.007718294064132   0.000000000000000   0.002178893568691   0.006520098010365   0.008682408883347   
0.048224893619877   0.048107847155967   0.047873754228148   0.047756707764238   0.050000000000000   0.049904867452294   0.049525061277599   0.049240387650610   
1.000000000000000   1.000000000000000   1.000000000000000   1.000000000000000   1.000000000000000   0.998097349045873   0.998097349045873   1.000000000000000   
PATCH 21 
2 1 
13 2 
0.000000000000000   0.000000000000000   0.000000000000000   0.125000000000000   0.125000000000000   0.250000000000000   0.250000000000000   0.500000000000000   0.500000000000000   0.625000000000000   0.625000000000000   0.750000000000000   0.750000000000000   1.000000000000000   1.000000000000000   1.000000000000000   
0.000000000000000   0.000000000000000   1.000000000000000   1.000000000000000   
0.007718294064132   0.006704708031032   0.006748890756534   0.006793073482036   0.007895024966140   0.007839482432374   0.007783939898609   0.007679118382517   0.007682587876815   0.007686057371113   0.007797817875800   0.007918579512341   0.008039341148882   0.008682408883347   0.009214726804819   0.009555390486128   0.010133933657846   0.010640693129045   0.011691163103342   0.012717550943965   0.013233948526046   0.013770454749462   0.014314640675456   0.014876488844449   0.015933606984833   0.016961144109215   
0.047756707764238   0.041050342069474   0.040996756086493   0.040943170103512   0.047542363832314   0.046833887064703   0.046125410297092   0.045492066437109   0.045469473761602   0.045446881086095   0.046035039595065   0.045735297204620   0.045435554814176   0.049240387650610   0.049122375608591   0.048042755143020   0.048197830889507   0.048001784916758   0.047779990139792   0.047462546270724   0.047317769804743   0.047242005854601   0.047186178312820   0.047178776578214   0.046937290524707   0.046600360448185   
1.000000000000000   0.859737028784963   0.859737028784963   0.859737028784963   1.000000000000000   1.000000000000000   1.000000000000000   0.986763125728708   0.986763125728708   0.986763125728708   1.000000000000000   1.000000000000000   1.000000000000000   1.000000000000000   0.999524337261468   0.999167590207569   0.998810843153671   0.998573011784405   0.998097349045873   0.998097349045873   0.998097349045873   0.998216264730506   0.998335180415139   0.998573011784404   0.999048674522936   1.000000000000000   
PATCH 22 
2 2 
13 4 
0.000000000000000   0.000000000000000   0.000000000000000   0.250000000000000   0.250000000000000   0.375000000000000   0.375000000000000   0.500000000000000   0.500000000000000   0.750000000000000   0.750000000000000   0.875000000000000   0.875000000000000   1.000000000000000   1.000000000000000   1.000000000000000   
0.000000000000000   0.000000000000000   0.000000000000000   0.500000000000000   1.000000000000000   1.000000000000000   1.000000000000000   
0.004603250829117   0.004085833330228   0.003568415831340   0.003548499070233   0.003545253540822   0.003542008011412   0.003555433713698   0.003473212472612   0.003390991231527   0.003040050848829   0.003447403789760   0.003162957685417   0.003612140885809   0.005462273409058   0.005044019875757   0.004625766342455   0.004582888645453   0.004579587124821   0.004576285604188   0.004612560259926   0.004564779962553   0.004516999665180   0.003978306507130   0.004272775531454   0.004048395271821   0.004638679180390   0.007180318568941   0.006960392966813   0.006740467364685   0.006651667795893   0.006648254292817   0.006644840789741   0.006726813352381   0.006747914942434   0.006769016532487   0.005854817823734   0.005923519014840   0.005819270444628   0.006691755769552   0.008039341148882   0.007918579512341   0.007797817875800   0.007686057371113   0.007682587876815   0.007679118382517   0.007783939898609   0.007839482432374   0.007895024966140   0.006793073482036   0.006748890756534   0.006704708031032   0.007718294064132   
0.044051206441887   0.045335488126176   0.046619769810466   0.046434916637546   0.046447473705608   0.046460030773669   0.046669998082713   0.047335834130466   0.048001670178220   0.043272021712597   0.048166940990384   0.043396081083865   0.048224893619877   0.044397293534959   0.045435440395787   0.046473587256616   0.046187907749684   0.046202973719606   0.046218039689529   0.046533851136307   0.047210347364025   0.047886843591744   0.042689808810326   0.046374394764411   0.042809646330267   0.048107847155967   0.045089467721103   0.045635344935009   0.046181222148915   0.045693889973958   0.045713973747604   0.045734057521249   0.046261557243497   0.046959373831144   0.047657190418790   0.041525383005783   0.042789302312466   0.041636776823072   0.047873754228148   0.045435554814176   0.045735297204620   0.046035039595065   0.045446881086095   0.045469473761602   0.045492066437109   0.046125410297092   0.046833887064703   0.047542363832314   0.040943170103512   0.040996756086493   0.041050342069474   0.047756707764238   
1.000000000000000   1.000000000000000   1.000000000000000   0.995776829343128   0.995776829343128   0.995776829343128   1.000000000000000   1.000000000000000   1.000000000000000   0.899663763303589   1.000000000000000   0.899663763303589   1.000000000000000   1.000000000000000   1.000000000000000   1.000000000000000   0.993523403439523   0.993523403439523   0.993523403439523   1.000000000000000   1.000000000000000   1.000000000000000   0.889682079673933   0.964934257196241   0.889682079673933   1.000000000000000   1.000000000000000   1.000000000000000   1.000000000000000   0.989016551632313   0.989016551632313   0.989016551632313   1.000000000000000   1.000000000000000   1.000000000000000   0.869718712414619   0.894802771588722   0.869718712414619   1.000000000000000   1.000000000000000   1.000000000000000   1.000000000000000   0.986763125728708   0.986763125728708   0.986763125728708   1.000000000000000   1.000000000000000   1.000000000000000   0.859737028784963   0.859737028784963   0.859737028784963   1.000000000000000   
PATCH 23 
2 1 
13 2 
0.000000000000000   0.000000000000000   0.000000000000000   0.125000000000000   0.125000000000000   0.250000000000000   0.250000000000000   0.500000000000000   0.500000000000000   0.625000000000000   0.625000000000000   0.750000000000000   0.750000000000000   1.000000000000000   1.000000000000000   1.000000000000000   
0.000000000000000   0.000000000000000   1.000000000000000   1.000000000000000   
0.008682408883347   0.009214726804819   0.009555390486128   0.010133933657846   0.010640693129045   0.011691163103342   0.012717550943965   0.013233948526046   0.013770454749462   0.014314640675456   0.014876488844449   0.015933606984833   0.016961144109215   0.008769232972180   0.009306874072867   0.009842960902535   0.010379047732203   0.010913580290852   0.011982645408149   0.013045493441370   0.013576917457981   0.014106787203572   0.014636656949163   0.015164972423735   0.016221603372879   0.017272017237946   
0.049240387650610   0.049122375608591   0.048042755143020   0.048197830889507   0.048001784916758   0.047779990139792   0.047462546270724   0.047317769804743   0.047242005854601   0.047186178312820   0.047178776578214   0.046937290524707   0.046600360448185   0.049732791527117   0.049613599364677   0.049488606583825   0.049363613802972   0.049232820403708   0.048971233605179   0.048686444333000   0.048544049696911   0.048395854442409   0.048247659187908   0.048093663314994   0.047785671569166   0.047454477349688   
1.000000000000000   0.999524337261468   0.999167590207569   0.998810843153671   0.998573011784405   0.998097349045873   0.998097349045873   0.998097349045873   0.998216264730506   0.998335180415139   0.998573011784404   0.999048674522936   1.000000000000000   1.000000000000000   0.999524337261468   0.999167590207569   0.998810843153671   0.998573011784405   0.998097349045873   0.998097349045873   0.998097349045873   0.998216264730506   0.998335180415139   0.998573011784404   0.999048674522936   1.000000000000000   
PATCH 24 
2 1 
6 2 
0.000000000000000   0.000000000000000   0.000000000000000   0.250000000000000   0.500000000000000   0.750000000000000   1.000000000000000   1.000000000000000   1.000000000000000   
0.000000000000000   0.000000000000000   1.000000000000000   1.000000000000000   
0.016961144109215   0.018047456418648   0.020001290338338   0.021965604540125   0.023895695046602   0.024972264919992   0.017272017237946   0.018289568482936   0.020304367573183   0.022298863263696   0.024273055554476   0.025250000000000   
0.046600360448185   0.046410384534878   0.045457671166426   0.044540673233409   0.043555027546603   0.043253231621495   0.047454477349688   0.047032993823604   0.046146485990198   0.045216437375554   0.044242847979673   0.043734282891114   
1.000000000000000   0.999048674522936   0.998097349045873   0.998097349045873   0.999048674522936   1.000000000000000   1.000000000000000   0.999048674522936   0.998097349045873   0.998097349045873   0.999048674522936   1.000000000000000   
PATCH 25 
2 1 
6 2 
0.000000000000000   0.000000000000000   0.000000000000000   0.250000000000000   0.500000000000000   0.750000000000000   1.000000000000000   1.000000000000000   1.000000000000000   
0.000000000000000   0.000000000000000   1.000000000000000   1.000000000000000   
0.016961144109215   0.018047456418648   0.020001290338338   0.021965604540125   0.023895695046602   0.024972264919992   0.008039341148882   0.009217532931062   0.011573916495420   0.013930300059778   0.016286683624137   0.017464875406316   
0.046600360448185   0.046410384534878   0.045457671166426   0.044540673233409   0.043555027546603   0.043253231621495   0.045435554814176   0.042511165651295   0.036662387325534   0.030813608999773   0.024964830674012   0.022040441511131   
1.000000000000000   0.999048674522936   0.998097349045873   0.998097349045873   0.999048674522936   1.000000000000000   1.000000000000000   1.000000000000000   1.000000000000000   1.000000000000000   1.000000000000000   1.000000000000000   
PATCH 26 
2 1 
13 2 
0.000000000000000   0.000000000000000   0.000000000000000   0.250000000000000   0.250000000000000   0.375000000000000   0.375000000000000   0.500000000000000   0.500000000000000   0.750000000000000   0.750000000000000   0.875000000000000   0.875000000000000   1.000000000000000   1.000000000000000   1.000000000000000   
0.000000000000000   0.000000000000000   1.000000000000000   1.000000000000000   
0.024972264919992   0.026279935963511   0.027565215323652   0.028167764890883   0.028789052841641   0.029381500074912   0.030051543030264   0.030947279130409   0.031810850021447   0.032401762799563   0.032934118641292   0.033546898675301   0.034130578320629   0.017464875406316   0.017698930797727   0.017932986189138   0.017933061053057   0.017933249712515   0.017933438371973   0.017933740826969   0.018225340528315   0.018516940229660   0.016977202817598   0.016966369258433   0.016955535699268   0.018473605993001   
0.043253231621495   0.042394418800148   0.041506526750643   0.041003373734657   0.040530585087334   0.040019226678005   0.039613348327280   0.038240334464586   0.036878435751918   0.036394443205322   0.035845263952550   0.035384557444319   0.034890198657696   0.022040441511131   0.021459492755157   0.020878543999183   0.020877951643220   0.020877490026356   0.020877028409492   0.020876697531727   0.020173241546380   0.019469785561033   0.017777110197886   0.017722608431462   0.017668106665038   0.019251778495337   
1.000000000000000   0.998037010614503   0.997055515921754   0.996564768575380   0.996319394902192   0.996074021229005   0.996074021229005   0.996074021229005   0.997055515921754   0.997546263268128   0.998282384287690   0.999018505307251   1.000000000000000   1.000000000000000   1.000000000000000   1.000000000000000   0.999993782898344   0.999993782898344   0.999993782898344   1.000000000000000   1.000000000000000   1.000000000000000   0.915697950815437   0.915697950815437   0.915697950815437   1.000000000000000   
PATCH 27 
2 2 
6 4 
0.000000000000000   0.000000000000000   0.000000000000000   0.250000000000000   0.500000000000000   0.750000000000000   1.000000000000000   1.000000000000000   1.000000000000000   
0.000000000000000   0.000000000000000   0.000000000000000   0.500000000000000   1.000000000000000   1.000000000000000   1.000000000000000   
0.014028785086550   0.012850593304371   0.010494209740012   0.008137826175654   0.005781442611296   0.004603250829117   0.014887807666491   0.013709615884312   0.011353232319954   0.008996848755596   0.006640465191237   0.005462273409058   0.016605852826374   0.015427661044195   0.013071277479837   0.010714893915478   0.008358510351120   0.007180318568941   0.017464875406316   0.016286683624137   0.013930300059778   0.011573916495420   0.009217532931062   0.008039341148882   
0.020656093138842   0.023580482301723   0.029429260627484   0.035278038953245   0.041126817279006   0.044051206441887   0.021002180231915   0.023926569394795   0.029775347720556   0.035624126046317   0.041472904372078   0.044397293534959   0.021694354418059   0.024618743580940   0.030467521906701   0.036316300232462   0.042165078558223   0.045089467721103   0.022040441511131   0.024964830674012   0.030813608999773   0.036662387325534   0.042511165651295   0.045435554814176   
1.000000000000000   1.000000000000000   1.000000000000000   1.000000000000000   1.000000000000000   1.000000000000000   1.000000000000000   1.000000000000000   1.000000000000000   1.000000000000000   1.000000000000000   1.000000000000000   1.000000000000000   1.000000000000000   1.000000000000000   1.000000000000000   1.000000000000000   1.000000000000000   1.000000000000000   1.000000000000000   1.000000000000000   1.000000000000000   1.000000000000000   1.000000000000000   
PATCH 28 
2 2 
13 4 
0.000000000000000   0.000000000000000   0.000000000000000   0.250000000000000   0.250000000000000   0.375000000000000   0.375000000000000   0.500000000000000   0.500000000000000   0.750000000000000   0.750000000000000   0.875000000000000   0.875000000000000   1.000000000000000   1.000000000000000   1.000000000000000   
0.000000000000000   0.000000000000000   0.000000000000000   0.500000000000000   1.000000000000000   1.000000000000000   1.000000000000000   
0.014028785086550   0.014245556220381   0.014462327354211   0.014421934843662   0.014424911366376   0.014427887889090   0.014474233445067   0.014742126125988   0.015010018806908   0.012822369242111   0.015145996302876   0.013020951854477   0.015348856484730   0.014887807666491   0.015108899864717   0.015329992062943   0.015299716396011   0.015301995952911   0.015304275509810   0.015339110290543   0.015612929726569   0.015886749162596   0.013861077635983   0.015601089541765   0.014004597815674   0.016130043861797   0.016605852826374   0.016835587153390   0.017065321480406   0.017055279500708   0.017056165125980   0.017057050751252   0.017068863981494   0.017354536927733   0.017640209873972   0.015938494423726   0.016511276019544   0.015971889738070   0.017692418615933   0.017464875406316   0.017698930797727   0.017932986189138   0.017933061053057   0.017933249712515   0.017933438371973   0.017933740826969   0.018225340528315   0.018516940229660   0.016977202817598   0.016966369258433   0.016955535699268   0.018473605993001   
0.020656093138842   0.020118045628930   0.019579998119019   0.019509427580561   0.019498753684382   0.019488079788202   0.019537302534300   0.017886854610160   0.016236406686019   0.013748945206209   0.016078120969041   0.013684842213495   0.016127028987066   0.021002180231915   0.020453407410487   0.019904634589060   0.019851558596226   0.019843437769875   0.019835316943525   0.019872151283657   0.018458451344215   0.017044751404772   0.014755986454128   0.016489242834647   0.014680658326381   0.016908216364134   0.021694354418059   0.021124130973600   0.020553907529142   0.020535820627555   0.020532805940862   0.020529791254169   0.020541848782370   0.019601644812325   0.018661440842279   0.016770068949967   0.017311486565857   0.016672290552152   0.018470591118269   0.022040441511131   0.021459492755157   0.020878543999183   0.020877951643220   0.020877490026356   0.020877028409492   0.020876697531727   0.020173241546380   0.019469785561033   0.017777110197886   0.017722608431462   0.017668106665038   0.019251778495337   
1.000000000000000   1.000000000000000   1.000000000000000   0.996920724383692   0.996920724383692   0.996920724383692   1.000000000000000   1.000000000000000   1.000000000000000   0.853140347448804   1.000000000000000   0.853140347448804   1.000000000000000   1.000000000000000   1.000000000000000   1.000000000000000   0.997688989012355   0.997688989012355   0.997688989012355   1.000000000000000   1.000000000000000   1.000000000000000   0.868779748290462   0.978924487703859   0.868779748290462   1.000000000000000   1.000000000000000   1.000000000000000   1.000000000000000   0.999225518269681   0.999225518269681   0.999225518269681   1.000000000000000   1.000000000000000   1.000000000000000   0.900058549973779   0.936773463111577   0.900058549973779   1.000000000000000   1.000000000000000   1.000000000000000   1.000000000000000   0.999993782898344   0.999993782898344   0.999993782898344   1.000000000000000   1.000000000000000   1.000000000000000   0.915697950815437   0.915697950815437   0.915697950815437   1.000000000000000   
PATCH 29 
2 1 
13 2 
0.000000000000000   0.000000000000000   0.000000000000000   0.250000000000000   0.250000000000000   0.375000000000000   0.375000000000000   0.500000000000000   0.500000000000000   0.750000000000000   0.750000000000000   0.875000000000000   0.875000000000000   1.000000000000000   1.000000000000000   1.000000000000000   
0.000000000000000   0.000000000000000   1.000000000000000   1.000000000000000   
0.024972264919992   0.026279935963511   0.027565215323652   0.028167764890883   0.028789052841641   0.029381500074912   0.030051543030264   0.030947279130409   0.031810850021447   0.032401762799563   0.032934118641292   0.033546898675301   0.034130578320629   0.025250000000000   0.026178902508932   0.027094027156471   0.027551589480241   0.028005707338662   0.028459825197083   0.028910498590156   0.029811845376303   0.030699414301056   0.031143198763433   0.031583538760461   0.032023878757490   0.032460774289170   
0.043253231621495   0.042394418800148   0.041506526750643   0.041003373734657   0.040530585087334   0.040019226678005   0.039613348327280   0.038240334464586   0.036878435751918   0.036394443205322   0.035845263952550   0.035384557444319   0.034890198657696   0.043734282891114   0.043142506727484   0.042531053738569   0.042225327244111   0.041914681543332   0.041604035842553   0.041288470935453   0.040657341121252   0.040006534481766   0.039681131162023   0.039350808635958   0.039020486109894   0.038685244377508   
1.000000000000000   0.998037010614503   0.997055515921754   0.996564768575380   0.996319394902192   0.996074021229005   0.996074021229005   0.996074021229005   0.997055515921754   0.997546263268128   0.998282384287690   0.999018505307251   1.000000000000000   1.000000000000000   0.999048674522937   0.998573011784405   0.998335180415139   0.998216264730506   0.998097349045873   0.998097349045873   0.998097349045873   0.998573011784405   0.998810843153671   0.999167590207569   0.999524337261468   1.000000000000000   
PATCH 30 
2 1 
6 2 
0.000000000000000   0.000000000000000   0.000000000000000   0.250000000000000   0.500000000000000   0.750000000000000   1.000000000000000   1.000000000000000   1.000000000000000   
0.000000000000000   0.000000000000000   1.000000000000000   1.000000000000000   
0.014028785086550   0.012850593304371   0.010494209740012   0.008137826175654   0.005781442611296   0.004603250829117   0.000000000000000   0.000000000000000   0.000000000000000   0.000000000000000   0.000000000000000   0.000000000000000   
0.020656093138842   0.023580482301723   0.029429260627484   0.035278038953245   0.041126817279006   0.044051206441887   0.014550000000000   0.018237650805236   0.025612952415707   0.032988254026179   0.040363555636651   0.044051206441887   
1.000000000000000   1.000000000000000   1.000000000000000   1.000000000000000   1.000000000000000   1.000000000000000   1.000000000000000   1.000000000000000   1.000000000000000   1.000000000000000   1.000000000000000   1.000000000000000   
PATCH 31 
2 1 
13 2 
0.000000000000000   0.000000000000000   0.000000000000000   0.250000000000000   0.250000000000000   0.375000000000000   0.375000000000000   0.500000000000000   0.500000000000000   0.750000000000000   0.750000000000000   0.875000000000000   0.875000000000000   1.000000000000000   1.000000000000000   1.000000000000000   
0.000000000000000   0.000000000000000   1.000000000000000   1.000000000000000   
0.004603250829117   0.004085833330228   0.003568415831340   0.003548499070233   0.003545253540822   0.003542008011412   0.003555433713698   0.003473212472612   0.003390991231527   0.003040050848829   0.003447403789760   0.003162957685417   0.003612140885809   0.000000000000000   0.000000000000000   0.000000000000000   0.000000000000000   0.000000000000000   0.000000000000000   0.000000000000000   0.000000000000000   0.000000000000000   0.000000000000000   0.000000000000000   0.000000000000000   0.000000000000000   
0.044051206441887   0.045335488126176   0.046619769810466   0.046434916637546   0.046447473705608   0.046460030773669   0.046669998082713   0.047335834130466   0.048001670178220   0.043272021712597   0.048166940990384   0.043396081083865   0.048224893619877   0.044051206441887   0.044794805636651   0.045538404831415   0.045910204428797   0.046282004026179   0.046653803623561   0.047025603220943   0.047769202415707   0.048512801610472   0.048884601207854   0.049256400805236   0.049628200402618   0.050000000000000   
1.000000000000000   1.000000000000000   1.000000000000000   0.995776829343128   0.995776829343128   0.995776829343128   1.000000000000000   1.000000000000000   1.000000000000000   0.899663763303589   1.000000000000000   0.899663763303589   1.000000000000000   1.000000000000000   1.000000000000000   1.000000000000000   1.000000000000000   1.000000000000000   1.000000000000000   1.000000000000000   1.000000000000000   1.000000000000000   1.000000000000000   1.000000000000000   1.000000000000000   1.000000000000000   
PATCH 32 
2 1 
13 2 
0.000000000000000   0.000000000000000   0.000000000000000   0.250000000000000   0.250000000000000   0.375000000000000   0.375000000000000   0.500000000000000   0.500000000000000   0.750000000000000   0.750000000000000   0.875000000000000   0.875000000000000   1.000000000000000   1.000000000000000   1.000000000000000   
0.000000000000000   0.000000000000000   1.000000000000000   1.000000000000000   
0.000000000000000   0.001373498951532   0.002696158643714   0.003357488489804   0.004006108521058   0.004654728552311   0.005290638768727   0.006562459201558   0.007783440375039   0.008393930961780   0.008991711733683   0.009589492505586   0.010174563462651   0.014028785086550   0.014245556220381   0.014462327354211   0.014421934843662   0.014424911366376   0.014427887889090   0.014474233445067   0.014742126125988   0.015010018806908   0.012822369242111   0.015145996302876   0.013020951854477   0.015348856484730   
0.014550000000000   0.014280720135345   0.013886767574858   0.013689791294614   0.013461646840413   0.013233502386211   0.012974189758052   0.012455564501733   0.011812266549583   0.011490617573508   0.011137800423475   0.010784983273442   0.010400997949451   0.020656093138842   0.020118045628930   0.019579998119019   0.019509427580561   0.019498753684382   0.019488079788202   0.019537302534300   0.017886854610160   0.016236406686019   0.013748945206209   0.016078120969041   0.013684842213495   0.016127028987066   
1.000000000000000   0.981492792807190   0.972239189210785   0.967612387412583   0.965298986513481   0.962985585614380   0.962985585614380   0.962985585614380   0.972239189210785   0.976865991008988   0.983806193706291   0.990746396403595   1.000000000000000   1.000000000000000   1.000000000000000   1.000000000000000   0.996920724383692   0.996920724383692   0.996920724383692   1.000000000000000   1.000000000000000   1.000000000000000   0.853140347448804   1.000000000000000   0.853140347448804   1.000000000000000   
INTERFACE 1 
1 2 
5 1 
1 
INTERFACE 2 
1 3 
2 4 
1 
INTERFACE 3 
2 1 
13 2 
1 
INTERFACE 4 
2 2 
3 1 
1 
INTERFACE 5 
2 3 
4 2 
1 
INTERFACE 6 
3 2 
7 1 
-1 
INTERFACE 7 
3 3 
4 4 
-1 
INTERFACE 8 
3 4 
5 3 
1 
INTERFACE 9 
4 1 
9 2 
1 
INTERFACE 10 
4 3 
13 3 
1 
INTERFACE 11 
5 2 
6 1 
1 
INTERFACE 12 
6 2 
11 1 
1 
INTERFACE 13 
6 3 
7 3 
1 
INTERFACE 14 
7 2 
8 1 
1 
INTERFACE 15 
7 4 
9 4 
-1 
INTERFACE 16 
8 2 
15 1 
1 
INTERFACE 17 
8 3 
11 3 
1 
INTERFACE 18 
8 4 
10 4 
1 
INTERFACE 19 
9 1 
10 1 
1 
INTERFACE 20 
9 3 
12 3 
1 
INTERFACE 21 
10 2 
16 3 
1 
INTERFACE 22 
10 3 
14 4 
1 
INTERFACE 23 
11 2 
18 1 
1 
INTERFACE 24 
12 1 
14 1 
-1 
INTERFACE 25 
12 2 
13 1 
1 
INTERFACE 26 
14 2 
17 1 
-1 
INTERFACE 27 
15 2 
26 2 
1 
INTERFACE 28 
15 3 
18 3 
1 
INTERFACE 29 
15 4 
16 2 
1 
INTERFACE 30 
16 1 
17 3 
1 
INTERFACE 31 
16 4 
28 2 
1 
INTERFACE 32 
17 2 
32 2 
-1 
INTERFACE 33 
18 2 
29 2 
1 
INTERFACE 34 
19 2 
23 1 
1 
INTERFACE 35 
19 3 
20 4 
1 
INTERFACE 36 
20 1 
31 2 
1 
INTERFACE 37 
20 2 
21 1 
1 
INTERFACE 38 
20 3 
22 2 
1 
INTERFACE 39 
21 2 
25 1 
-1 
INTERFACE 40 
21 3 
22 4 
-1 
INTERFACE 41 
21 4 
23 3 
1 
INTERFACE 42 
22 1 
27 2 
1 
INTERFACE 43 
22 3 
31 3 
1 
INTERFACE 44 
23 2 
24 1 
1 
INTERFACE 45 
24 2 
29 1 
1 
INTERFACE 46 
24 3 
25 3 
1 
INTERFACE 47 
25 2 
26 1 
1 
INTERFACE 48 
25 4 
27 4 
-1 
INTERFACE 49 
26 3 
29 3 
1 
INTERFACE 50 
26 4 
28 4 
1 
INTERFACE 51 
27 1 
28 1 
1 
INTERFACE 52 
27 3 
30 3 
1 
INTERFACE 53 
28 3 
32 4 
1 
INTERFACE 54 
30 1 
32 1 
-1 
INTERFACE 55 
30 2 
31 1 
1 
BOUNDARY 1 
1 
1 1 
BOUNDARY 2 
1 
1 4 
BOUNDARY 3 
1 
5 4 
BOUNDARY 4 
1 
6 4 
BOUNDARY 5 
1 
11 4 
BOUNDARY 6 
1 
12 4 
BOUNDARY 7 
1 
13 4 
BOUNDARY 8 
1 
14 3 
BOUNDARY 9 
1 
17 4 
BOUNDARY 10 
1 
18 4 
BOUNDARY 11 
1 
19 1 
BOUNDARY 12 
1 
19 4 
BOUNDARY 13 
1 
23 4 
BOUNDARY 14 
1 
24 4 
BOUNDARY 15 
1 
29 4 
BOUNDARY 16 
1 
30 4 
BOUNDARY 17 
1 
31 4 
BOUNDARY 18 
1 
32 3 
