# nurbs mesh v.2.1
#
# 14-Jul-2024
#
2 2 32 55 0 
PATCH 1 
2 1 
4 2 
0.000000000000000   0.000000000000000   0.000000000000000   0.500000000000000   1.000000000000000   1.000000000000000   1.000000000000000   
0.000000000000000   0.000000000000000   1.000000000000000   1.000000000000000   
0.050000000000000   0.049904867452294   0.049525061277599   0.049240387650610   0.050500000000000   0.050403916126817   0.050020311890375   0.049732791527117   
0.000000000000000   0.002178893568691   0.006520098010365   0.008682408883347   0.000000000000000   0.002200682504378   0.006585298990468   0.008769232972180   
1.000000000000000   0.998097349045873   0.998097349045873   1.000000000000000   1.000000000000000   0.998097349045873   0.998097349045873   1.000000000000000   
PATCH 2 
2 1 
4 2 
0.000000000000000   0.000000000000000   0.000000000000000   0.500000000000000   1.000000000000000   1.000000000000000   1.000000000000000   
0.000000000000000   0.000000000000000   1.000000000000000   1.000000000000000   
0.048105388282040   0.047912708873805   0.047527350057334   0.047334670649099   0.050000000000000   0.049904867452294   0.049525061277599   0.049240387650610   
0.004361908621707   0.005122786153337   0.006644541216598   0.007405418748228   0.000000000000000   0.002178893568691   0.006520098010365   0.008682408883347   
1.000000000000000   1.000000000000000   1.000000000000000   1.000000000000000   1.000000000000000   0.998097349045873   0.998097349045873   1.000000000000000   
PATCH 3 
2 1 
13 2 
0.000000000000000   0.000000000000000   0.000000000000000   0.125000000000000   0.125000000000000   0.250000000000000   0.250000000000000   0.500000000000000   0.500000000000000   0.625000000000000   0.625000000000000   0.750000000000000   0.750000000000000   1.000000000000000   1.000000000000000   1.000000000000000   
0.000000000000000   0.000000000000000   1.000000000000000   1.000000000000000   
0.047334670649099   0.043649154281184   0.043610308383333   0.043571462485482   0.047179287057695   0.046512183378805   0.045845079699915   0.045638517056617   0.045626214601976   0.045613912147334   0.045795869881348   0.045375683370240   0.044955496859133   0.049240387650610   0.049122375608591   0.048010789211466   0.048358570777093   0.048240333946563   0.047904529255351   0.047636664193586   0.047570121597216   0.047568926387911   0.047331863330450   0.047195472551269   0.046900769045962   0.046815989823193   
0.007405418748228   0.006882747368463   0.006919538170394   0.006956328972325   0.007552581955951   0.007683434700371   0.007814287444792   0.007783747261538   0.007787876494576   0.007792005727615   0.007830804376946   0.008035835951972   0.008240867526998   0.008682408883347   0.009214726804819   0.009549032670942   0.010167730352156   0.010693572975634   0.011721636259751   0.012764205700784   0.013304526886899   0.013865748002345   0.014358836428402   0.014881753445926   0.015921209190194   0.017039626783352   
1.000000000000000   0.922416651940015   0.922416651940015   0.922416651940015   1.000000000000000   1.000000000000000   1.000000000000000   0.995772100977287   0.995772100977287   0.995772100977287   1.000000000000000   1.000000000000000   1.000000000000000   1.000000000000000   0.999524337261468   0.999167590207569   0.998810843153671   0.998573011784405   0.998097349045873   0.998097349045873   0.998097349045873   0.998216264730506   0.998335180415139   0.998573011784404   0.999048674522936   1.000000000000000   
PATCH 4 
2 2 
13 4 
0.000000000000000   0.000000000000000   0.000000000000000   0.250000000000000   0.250000000000000   0.375000000000000   0.375000000000000   0.500000000000000   0.500000000000000   0.750000000000000   0.750000000000000   0.875000000000000   0.875000000000000   1.000000000000000   1.000000000000000   1.000000000000000   
0.000000000000000   0.000000000000000   0.000000000000000   0.500000000000000   1.000000000000000   1.000000000000000   1.000000000000000   
0.043160927669773   0.044010789525516   0.044860651381260   0.043924509447759   0.043953113967585   0.043981718487411   0.044975069460566   0.046456644686518   0.047938219912469   0.043829133794762   0.048077204092347   0.043920723548466   0.048105388282040   0.043609569967113   0.044352012986697   0.045094456006282   0.044346860122652   0.044371389126183   0.044395918129713   0.045192572020403   0.046470529359589   0.047748486698776   0.043764715967442   0.046960480165094   0.043852831231646   0.047912708873805   0.044506854561793   0.045034459909059   0.045562065256326   0.045191561472440   0.045207939443378   0.045224317414316   0.045627577140078   0.046498298705733   0.047369020271388   0.043635880312802   0.044727032310587   0.043717046598005   0.047527350057334   0.044955496859133   0.045375683370240   0.045795869881348   0.045613912147334   0.045626214601976   0.045638517056617   0.045845079699915   0.046512183378805   0.047179287057695   0.043571462485482   0.043610308383333   0.043649154281184   0.047334670649099   
0.004563122933155   0.004148429671398   0.003733736409641   0.003640948059179   0.003636331800333   0.003631715541487   0.003715271374257   0.003914937472806   0.004114603571354   0.003765880763699   0.004200807905154   0.003901376543850   0.004361908621707   0.005482559081616   0.005120281241541   0.004758003401467   0.004678712476288   0.004674217973894   0.004669723471500   0.004740025391891   0.004857061779697   0.004974098167503   0.004563492815855   0.004880490471464   0.004646719250003   0.005122786153337   0.007321431378537   0.007063984381828   0.006806537385120   0.006754241310506   0.006749990321015   0.006745739331525   0.006789533427158   0.006741310393480   0.006693087359801   0.006158716920168   0.006239855604084   0.006137404662310   0.006644541216598   0.008240867526998   0.008035835951972   0.007830804376946   0.007792005727615   0.007787876494576   0.007783747261538   0.007814287444792   0.007683434700371   0.007552581955951   0.006956328972325   0.006919538170394   0.006882747368463   0.007405418748228   
1.000000000000000   1.000000000000000   1.000000000000000   0.978551763129328   0.978551763129328   0.978551763129328   1.000000000000000   1.000000000000000   1.000000000000000   0.912593182152165   1.000000000000000   0.912593182152165   1.000000000000000   1.000000000000000   1.000000000000000   1.000000000000000   0.982856847591318   0.982856847591318   0.982856847591318   1.000000000000000   1.000000000000000   1.000000000000000   0.915049049599127   0.980604162985004   0.915049049599127   1.000000000000000   1.000000000000000   1.000000000000000   1.000000000000000   0.991467016515297   0.991467016515297   0.991467016515297   1.000000000000000   1.000000000000000   1.000000000000000   0.919960784493052   0.941812488955011   0.919960784493052   1.000000000000000   1.000000000000000   1.000000000000000   1.000000000000000   0.995772100977287   0.995772100977287   0.995772100977287   1.000000000000000   1.000000000000000   1.000000000000000   0.922416651940015   0.922416651940015   0.922416651940015   1.000000000000000   
PATCH 5 
2 1 
13 2 
0.000000000000000   0.000000000000000   0.000000000000000   0.125000000000000   0.125000000000000   0.250000000000000   0.250000000000000   0.500000000000000   0.500000000000000   0.625000000000000   0.625000000000000   0.750000000000000   0.750000000000000   1.000000000000000   1.000000000000000   1.000000000000000   
0.000000000000000   0.000000000000000   1.000000000000000   1.000000000000000   
0.049240387650610   0.049122375608591   0.048010789211466   0.048358570777093   0.048240333946563   0.047904529255351   0.047636664193586   0.047570121597216   0.047568926387911   0.047331863330450   0.047195472551269   0.046900769045962   0.046815989823193   0.049732791527117   0.049613599364677   0.049488606583825   0.049363613802972   0.049232820403708   0.048971233605179   0.048686444333000   0.048544049696911   0.048395854442409   0.048247659187908   0.048093663314994   0.047785671569166   0.047454477349688   
0.008682408883347   0.009214726804819   0.009549032670942   0.010167730352156   0.010693572975634   0.011721636259751   0.012764205700784   0.013304526886899   0.013865748002345   0.014358836428402   0.014881753445926   0.015921209190194   0.017039626783352   0.008769232972180   0.009306874072867   0.009842960902535   0.010379047732203   0.010913580290852   0.011982645408149   0.013045493441370   0.013576917457981   0.014106787203572   0.014636656949163   0.015164972423735   0.016221603372879   0.017272017237946   
1.000000000000000   0.999524337261468   0.999167590207569   0.998810843153671   0.998573011784405   0.998097349045873   0.998097349045873   0.998097349045873   0.998216264730506   0.998335180415139   0.998573011784404   0.999048674522936   1.000000000000000   1.000000000000000   0.999524337261468   0.999167590207569   0.998810843153671   0.998573011784405   0.998097349045873   0.998097349045873   0.998097349045873   0.998216264730506   0.998335180415139   0.998573011784404   0.999048674522936   1.000000000000000   
PATCH 6 
2 1 
6 2 
0.000000000000000   0.000000000000000   0.000000000000000   0.250000000000000   0.500000000000000   0.750000000000000   1.000000000000000   1.000000000000000   1.000000000000000   
0.000000000000000   0.000000000000000   1.000000000000000   1.000000000000000   
0.046815989823193   0.046404698081441   0.045536413514316   0.044365376369392   0.043283073776690   0.043024052034152   0.047454477349688   0.047032993823604   0.046146485990198   0.045216437375554   0.044242847979673   0.043734282891114   
0.017039626783352   0.018045245145857   0.020035936824214   0.021879155429400   0.023746492423652   0.024839948023546   0.017272017237946   0.018289568482936   0.020304367573183   0.022298863263696   0.024273055554476   0.025250000000000   
1.000000000000000   0.999048674522936   0.998097349045873   0.998097349045873   0.999048674522936   1.000000000000000   1.000000000000000   0.999048674522936   0.998097349045873   0.998097349045873   0.999048674522936   1.000000000000000   
PATCH 7 
2 1 
6 2 
0.000000000000000   0.000000000000000   0.000000000000000   0.250000000000000   0.500000000000000   0.750000000000000   1.000000000000000   1.000000000000000   1.000000000000000   
0.000000000000000   0.000000000000000   1.000000000000000   1.000000000000000   
0.046815989823193   0.046404698081441   0.045536413514316   0.044365376369392   0.043283073776690   0.043024052034152   0.044955496859133   0.042285282890423   0.036944854953003   0.031604427015584   0.026263999078164   0.023593785109454   
0.017039626783352   0.018045245145857   0.020035936824214   0.021879155429400   0.023746492423652   0.024839948023546   0.008240867526998   0.009543808390610   0.012149690117834   0.014755571845059   0.017361453572283   0.018664394435896   
1.000000000000000   0.999048674522936   0.998097349045873   0.998097349045873   0.999048674522936   1.000000000000000   1.000000000000000   1.000000000000000   1.000000000000000   1.000000000000000   1.000000000000000   1.000000000000000   
PATCH 8 
2 1 
13 2 
0.000000000000000   0.000000000000000   0.000000000000000   0.250000000000000   0.250000000000000   0.375000000000000   0.375000000000000   0.500000000000000   0.500000000000000   0.750000000000000   0.750000000000000   0.875000000000000   0.875000000000000   1.000000000000000   1.000000000000000   1.000000000000000   
0.000000000000000   0.000000000000000   1.000000000000000   1.000000000000000   
0.043024052034152   0.042147780764782   0.041360054224579   0.040745228013191   0.040338513628342   0.039784937230122   0.039292905141525   0.038267172084534   0.037316265516534   0.036843253594352   0.036312012898627   0.035802305662857   0.035279008425532   0.023593785109454   0.023040119724325   0.022486454339196   0.022365628905896   0.022352459203187   0.022339289500479   0.022433775528361   0.021502737616452   0.020571699704543   0.019360388154080   0.019316275933225   0.019272163712369   0.020395250821120   
0.024839948023546   0.026114765659089   0.027442852918238   0.027958840957648   0.028614243859046   0.029164284336848   0.029756190876221   0.030902157362262   0.032106090339710   0.032710742569233   0.033264064624166   0.033835436334066   0.034394513329980   0.018664394435896   0.018934557525261   0.019204720614626   0.019118234581954   0.019122525993619   0.019126817405284   0.019221886261287   0.019387505863389   0.019553125465491   0.018453161749753   0.018439289890830   0.018425418031906   0.019497638029798   
1.000000000000000   0.998063325859552   0.997094988789328   0.996610820254216   0.996368735986660   0.996126651719104   0.996126651719104   0.996126651719104   0.997094988789328   0.997579157324440   0.998305410127108   0.999031662929776   1.000000000000000   1.000000000000000   1.000000000000000   1.000000000000000   0.995180338777812   0.995180338777812   0.995180338777812   1.000000000000000   1.000000000000000   1.000000000000000   0.943330675151231   0.943330675151231   0.943330675151231   1.000000000000000   
PATCH 9 
2 2 
6 4 
0.000000000000000   0.000000000000000   0.000000000000000   0.250000000000000   0.500000000000000   0.750000000000000   1.000000000000000   1.000000000000000   1.000000000000000   
0.000000000000000   0.000000000000000   0.000000000000000   0.500000000000000   1.000000000000000   1.000000000000000   1.000000000000000   
0.021799215920094   0.024469429888803   0.029809857826223   0.035150285763643   0.040490713701063   0.043160927669773   0.022247858217434   0.024918072186144   0.030258500123563   0.035598928060983   0.040939355998403   0.043609569967113   0.023145142812114   0.025815356780824   0.031155784718243   0.036496212655663   0.041836640593083   0.044506854561793   0.023593785109454   0.026263999078164   0.031604427015584   0.036944854953003   0.042285282890423   0.044955496859133   
0.014986649842053   0.013683708978441   0.011077827251216   0.008471945523992   0.005866063796767   0.004563122933155   0.015906085990514   0.014603145126902   0.011997263399677   0.009391381672453   0.006785499945228   0.005482559081616   0.017744958287435   0.016442017423823   0.013836135696598   0.011230253969374   0.008624372242149   0.007321431378537   0.018664394435896   0.017361453572283   0.014755571845059   0.012149690117834   0.009543808390610   0.008240867526998   
1.000000000000000   1.000000000000000   1.000000000000000   1.000000000000000   1.000000000000000   1.000000000000000   1.000000000000000   1.000000000000000   1.000000000000000   1.000000000000000   1.000000000000000   1.000000000000000   1.000000000000000   1.000000000000000   1.000000000000000   1.000000000000000   1.000000000000000   1.000000000000000   1.000000000000000   1.000000000000000   1.000000000000000   1.000000000000000   1.000000000000000   1.000000000000000   
PATCH 10 
2 2 
13 4 
0.000000000000000   0.000000000000000   0.000000000000000   0.250000000000000   0.250000000000000   0.375000000000000   0.375000000000000   0.500000000000000   0.500000000000000   0.750000000000000   0.750000000000000   0.875000000000000   0.875000000000000   1.000000000000000   1.000000000000000   1.000000000000000   
0.000000000000000   0.000000000000000   0.000000000000000   0.500000000000000   1.000000000000000   1.000000000000000   1.000000000000000   
0.021799215920094   0.021256597180858   0.020713978441622   0.020671498422812   0.020663835290926   0.020656172159039   0.020683325914075   0.019203677125450   0.017724028336824   0.015315293391607   0.017587203814708   0.015266775116189   0.017639660791060   0.022247858217434   0.021702477816724   0.021157097416015   0.021095031043583   0.021085991268991   0.021076951494399   0.021120938317646   0.019778442248200   0.018435946178754   0.016326567082225   0.018019471844338   0.016268122265234   0.018328558298575   0.023145142812114   0.022594239088458   0.022043335364802   0.021942096285125   0.021930303225122   0.021918510165119   0.021996163124789   0.020927972493701   0.019859781862613   0.018349114463462   0.018884007903596   0.018270816563324   0.019706353313605   0.023593785109454   0.023040119724325   0.022486454339196   0.022365628905896   0.022352459203187   0.022339289500479   0.022433775528361   0.021502737616452   0.020571699704543   0.019360388154080   0.019316275933225   0.019272163712369   0.020395250821120   
0.014986649842053   0.015251422679360   0.015516195516667   0.015493518556103   0.015496505143677   0.015499491731252   0.015528141866965   0.015968539507450   0.016408937147934   0.014294787718294   0.016551522752082   0.014486353846074   0.016742047999738   0.015906085990514   0.016172206390835   0.016438326791157   0.016399697562566   0.016403010356163   0.016406323149760   0.016451577965545   0.016823281096434   0.017194984227323   0.015334381226158   0.017023464536769   0.015471119892532   0.017430945507253   0.017744958287435   0.018013773813786   0.018282589340136   0.018212055575491   0.018216020781134   0.018219985986776   0.018298450162706   0.018532764274404   0.018767078386102   0.017413568241888   0.017967348106143   0.017440651985448   0.018808740522283   0.018664394435896   0.018934557525261   0.019204720614626   0.019118234581954   0.019122525993619   0.019126817405284   0.019221886261287   0.019387505863389   0.019553125465491   0.018453161749753   0.018439289890830   0.018425418031906   0.019497638029798   
1.000000000000000   1.000000000000000   1.000000000000000   0.998306048135787   0.998306048135787   0.998306048135787   1.000000000000000   1.000000000000000   1.000000000000000   0.869440896631339   1.000000000000000   0.869440896631339   1.000000000000000   1.000000000000000   1.000000000000000   1.000000000000000   0.997524620796293   0.997524620796293   0.997524620796293   1.000000000000000   1.000000000000000   1.000000000000000   0.887913341261312   0.985832668787808   0.887913341261312   1.000000000000000   1.000000000000000   1.000000000000000   1.000000000000000   0.995961766117305   0.995961766117305   0.995961766117305   1.000000000000000   1.000000000000000   1.000000000000000   0.924858230521258   0.957498006363423   0.924858230521258   1.000000000000000   1.000000000000000   1.000000000000000   1.000000000000000   0.995180338777812   0.995180338777812   0.995180338777812   1.000000000000000   1.000000000000000   1.000000000000000   0.943330675151231   0.943330675151231   0.943330675151231   1.000000000000000   
PATCH 11 
2 1 
13 2 
0.000000000000000   0.000000000000000   0.000000000000000   0.250000000000000   0.250000000000000   0.375000000000000   0.375000000000000   0.500000000000000   0.500000000000000   0.750000000000000   0.750000000000000   0.875000000000000   0.875000000000000   1.000000000000000   1.000000000000000   1.000000000000000   
0.000000000000000   0.000000000000000   1.000000000000000   1.000000000000000   
0.043024052034152   0.042147780764782   0.041360054224579   0.040745228013191   0.040338513628342   0.039784937230122   0.039292905141525   0.038267172084534   0.037316265516534   0.036843253594352   0.036312012898627   0.035802305662857   0.035279008425532   0.043734282891114   0.043142506727484   0.042531053738569   0.042225327244111   0.041914681543332   0.041604035842553   0.041288470935453   0.040657341121252   0.040006534481766   0.039681131162023   0.039350808635958   0.039020486109894   0.038685244377508   
0.024839948023546   0.026114765659089   0.027442852918238   0.027958840957648   0.028614243859046   0.029164284336848   0.029756190876221   0.030902157362262   0.032106090339710   0.032710742569233   0.033264064624166   0.033835436334066   0.034394513329980   0.025250000000000   0.026178902508932   0.027094027156471   0.027551589480241   0.028005707338662   0.028459825197083   0.028910498590156   0.029811845376303   0.030699414301056   0.031143198763433   0.031583538760461   0.032023878757490   0.032460774289170   
1.000000000000000   0.998063325859552   0.997094988789328   0.996610820254216   0.996368735986660   0.996126651719104   0.996126651719104   0.996126651719104   0.997094988789328   0.997579157324440   0.998305410127108   0.999031662929776   1.000000000000000   1.000000000000000   0.999048674522937   0.998573011784405   0.998335180415139   0.998216264730506   0.998097349045873   0.998097349045873   0.998097349045873   0.998573011784405   0.998810843153671   0.999167590207569   0.999524337261468   1.000000000000000   
PATCH 12 
2 1 
6 2 
0.000000000000000   0.000000000000000   0.000000000000000   0.250000000000000   0.500000000000000   0.750000000000000   1.000000000000000   1.000000000000000   1.000000000000000   
0.000000000000000   0.000000000000000   1.000000000000000   1.000000000000000   
0.021799215920094   0.024469429888803   0.029809857826223   0.035150285763643   0.040490713701063   0.043160927669773   0.014550000000000   0.018126365958722   0.025279097876165   0.032431829793608   0.039584561711051   0.043160927669773   
0.014986649842053   0.013683708978441   0.011077827251216   0.008471945523992   0.005866063796767   0.004563122933155   -0.000000000000000   0.000000000000000   0.000000000000000   0.000000000000000   0.000000000000000   0.000000000000000   
1.000000000000000   1.000000000000000   1.000000000000000   1.000000000000000   1.000000000000000   1.000000000000000   1.000000000000000   1.000000000000000   1.000000000000000   1.000000000000000   1.000000000000000   1.000000000000000   
PATCH 13 
2 1 
13 2 
0.000000000000000   0.000000000000000   0.000000000000000   0.250000000000000   0.250000000000000   0.375000000000000   0.375000000000000   0.500000000000000   0.500000000000000   0.750000000000000   0.750000000000000   0.875000000000000   0.875000000000000   1.000000000000000   1.000000000000000   1.000000000000000   
0.000000000000000   0.000000000000000   1.000000000000000   1.000000000000000   
0.043160927669773   0.044010789525516   0.044860651381260   0.043924509447759   0.043953113967585   0.043981718487411   0.044975069460566   0.046456644686518   0.047938219912469   0.043829133794762   0.048077204092347   0.043920723548466   0.048105388282040   0.043160927669773   0.044015811711051   0.044870695752329   0.045298137772969   0.045725579793608   0.046153021814247   0.046580463834886   0.047435347876165   0.048290231917443   0.048717673938082   0.049145115958722   0.049572557979361   0.050000000000000   
0.004563122933155   0.004148429671398   0.003733736409641   0.003640948059179   0.003636331800333   0.003631715541487   0.003715271374257   0.003914937472806   0.004114603571354   0.003765880763699   0.004200807905154   0.003901376543850   0.004361908621707   0.000000000000000   0.000000000000000   0.000000000000000   0.000000000000000   0.000000000000000   0.000000000000000   0.000000000000000   0.000000000000000   0.000000000000000   0.000000000000000   0.000000000000000   0.000000000000000   0.000000000000000   
1.000000000000000   1.000000000000000   1.000000000000000   0.978551763129328   0.978551763129328   0.978551763129328   1.000000000000000   1.000000000000000   1.000000000000000   0.912593182152165   1.000000000000000   0.912593182152165   1.000000000000000   1.000000000000000   1.000000000000000   1.000000000000000   1.000000000000000   1.000000000000000   1.000000000000000   1.000000000000000   1.000000000000000   1.000000000000000   1.000000000000000   1.000000000000000   1.000000000000000   1.000000000000000   
PATCH 14 
2 1 
13 2 
0.000000000000000   0.000000000000000   0.000000000000000   0.250000000000000   0.250000000000000   0.375000000000000   0.375000000000000   0.500000000000000   0.500000000000000   0.750000000000000   0.750000000000000   0.875000000000000   0.875000000000000   1.000000000000000   1.000000000000000   1.000000000000000   
0.000000000000000   0.000000000000000   1.000000000000000   1.000000000000000   
0.014550000000000   0.014281878787672   0.013889578616534   0.013693428530965   0.013466233705693   0.013239038880422   0.012980799315448   0.012464320185499   0.011823662096741   0.011503333052362   0.011151959268280   0.010800585484199   0.010418166960415   0.021799215920094   0.021256597180858   0.020713978441622   0.020671498422812   0.020663835290926   0.020656172159039   0.020683325914075   0.019203677125450   0.017724028336824   0.015315293391607   0.017587203814708   0.015266775116189   0.017639660791060   
-0.000000000000000   0.001370654163232   0.002690792662420   0.003350861912013   0.003998302245596   0.004645742579178   0.005280553996749   0.006550176831891   0.007769284002988   0.008378837588537   0.008975762258074   0.009572686927611   0.010156982681137   0.014986649842053   0.015251422679360   0.015516195516667   0.015493518556103   0.015496505143677   0.015499491731252   0.015528141866965   0.015968539507450   0.016408937147934   0.014294787718294   0.016551522752082   0.014486353846074   0.016742047999738   
1.000000000000000   0.981572425269548   0.972358637904323   0.967751744221709   0.965448297380403   0.963144850539096   0.963144850539097   0.963144850539096   0.972358637904322   0.976965531586935   0.983875872110855   0.990786212634774   1.000000000000000   1.000000000000000   1.000000000000000   1.000000000000000   0.998306048135787   0.998306048135787   0.998306048135787   1.000000000000000   1.000000000000000   1.000000000000000   0.869440896631339   1.000000000000000   0.869440896631339   1.000000000000000   
PATCH 15 
2 1 
4 2 
0.000000000000000   0.000000000000000   0.000000000000000   0.500000000000000   1.000000000000000   1.000000000000000   1.000000000000000   
0.000000000000000   0.000000000000000   1.000000000000000   1.000000000000000   
0.035279008425532   0.035075735115604   0.034633280902859   0.034394513329980   0.020395250821120   0.020170847623290   0.019722041227629   0.019497638029798   
0.034394513329980   0.034633280902859   0.035075735115604   0.035279008425532   0.019497638029798   0.019722041227629   0.020170847623290   0.020395250821120   
1.000000000000000   0.999959719431938   0.999959719431938   1.000000000000000   1.000000000000000   1.000000000000000   1.000000000000000   1.000000000000000   
PATCH 16 
2 2 
4 4 
0.000000000000000   0.000000000000000   0.000000000000000   0.500000000000000   1.000000000000000   1.000000000000000   1.000000000000000   
0.000000000000000   0.000000000000000   0.000000000000000   0.500000000000000   1.000000000000000   1.000000000000000   1.000000000000000   
0.017639660791060   0.018328558298575   0.019706353313605   0.020395250821120   0.017415257593230   0.018104155100745   0.019481950115775   0.020170847623290   0.016966451197569   0.017655348705084   0.019033143720114   0.019722041227629   0.016742047999738   0.017430945507253   0.018808740522283   0.019497638029798   
0.016742047999738   0.017430945507253   0.018808740522283   0.019497638029798   0.016966451197569   0.017655348705084   0.019033143720114   0.019722041227629   0.017415257593230   0.018104155100745   0.019481950115775   0.020170847623290   0.017639660791060   0.018328558298575   0.019706353313605   0.020395250821120   
1.000000000000000   1.000000000000000   1.000000000000000   1.000000000000000   1.000000000000000   1.000000000000000   1.000000000000000   1.000000000000000   1.000000000000000   1.000000000000000   1.000000000000000   1.000000000000000   1.000000000000000   1.000000000000000   1.000000000000000   1.000000000000000   
PATCH 17 
2 1 
4 2 
0.000000000000000   0.000000000000000   0.000000000000000   0.500000000000000   1.000000000000000   1.000000000000000   1.000000000000000   
0.000000000000000   0.000000000000000   1.000000000000000   1.000000000000000   
0.017639660791060   0.017415257593230   0.016966451197569   0.016742047999738   0.010418166960415   0.010353285313339   0.010222693173701   0.010156982681137   
0.016742047999738   0.016966451197569   0.017415257593230   0.017639660791060   0.010156982681137   0.010222693173701   0.010353285313339   0.010418166960415   
1.000000000000000   1.000000000000000   1.000000000000000   1.000000000000000   1.000000000000000   0.999959719431938   0.999959719431938   1.000000000000000   
PATCH 18 
2 1 
4 2 
0.000000000000000   0.000000000000000   0.000000000000000   0.500000000000000   1.000000000000000   1.000000000000000   1.000000000000000   
0.000000000000000   0.000000000000000   1.000000000000000   1.000000000000000   
0.035279008425532   0.035075735115604   0.034633280902859   0.034394513329980   0.038685244377508   0.037197068413715   0.034084833369545   0.032460774289170   
0.034394513329980   0.034633280902859   0.035075735115604   0.035279008425532   0.032460774289170   0.034084833369545   0.037197068413715   0.038685244377508   
1.000000000000000   0.999959719431938   0.999959719431938   1.000000000000000   1.000000000000000   0.998097349045873   0.998097349045873   1.000000000000000   
PATCH 19 
2 1 
4 2 
0.000000000000000   0.000000000000000   0.000000000000000   0.500000000000000   1.000000000000000   1.000000000000000   1.000000000000000   
0.000000000000000   0.000000000000000   1.000000000000000   1.000000000000000   
0.000000000000000   0.002178893568691   0.006520098010365   0.008682408883347   0.000000000000000   0.002200682504378   0.006585298990468   0.008769232972180   
0.050000000000000   0.049904867452294   0.049525061277599   0.049240387650610   0.050500000000000   0.050403916126817   0.050020311890375   0.049732791527117   
1.000000000000000   0.998097349045873   0.998097349045873   1.000000000000000   1.000000000000000   0.998097349045873   0.998097349045873   1.000000000000000   
PATCH 20 
2 1 
4 2 
0.000000000000000   0.000000000000000   0.000000000000000   0.500000000000000   1.000000000000000   1.000000000000000   1.000000000000000   
0.000000000000000   0.000000000000000   1.000000000000000   1.000000000000000   
0.004361908621707   0.005122786153337   0.006644541216598   0.007405418748228   0.000000000000000   0.002178893568691   0.006520098010365   0.008682408883347   
0.048105388282040   0.047912708873805   0.047527350057334   0.047334670649099   0.050000000000000   0.049904867452294   0.049525061277599   0.049240387650610   
1.000000000000000   1.000000000000000   1.000000000000000   1.000000000000000   1.000000000000000   0.998097349045873   0.998097349045873   1.000000000000000   
PATCH 21 
2 1 
13 2 
0.000000000000000   0.000000000000000   0.000000000000000   0.125000000000000   0.125000000000000   0.250000000000000   0.250000000000000   0.500000000000000   0.500000000000000   0.625000000000000   0.625000000000000   0.750000000000000   0.750000000000000   1.000000000000000   1.000000000000000   1.000000000000000   
0.000000000000000   0.000000000000000   1.000000000000000   1.000000000000000   
0.007405418748228   0.006882747368463   0.006919538170394   0.006956328972325   0.007552581955951   0.007683434700371   0.007814287444792   0.007783747261538   0.007787876494576   0.007792005727615   0.007830804376946   0.008035835951972   0.008240867526998   0.008682408883347   0.009214726804819   0.009549032670942   0.010167730352156   0.010693572975634   0.011721636259751   0.012764205700784   0.013304526886899   0.013865748002345   0.014358836428402   0.014881753445926   0.015921209190194   0.017039626783352   
0.047334670649099   0.043649154281184   0.043610308383333   0.043571462485482   0.047179287057695   0.046512183378805   0.045845079699915   0.045638517056617   0.045626214601976   0.045613912147334   0.045795869881348   0.045375683370240   0.044955496859133   0.049240387650610   0.049122375608591   0.048010789211466   0.048358570777093   0.048240333946563   0.047904529255351   0.047636664193586   0.047570121597216   0.047568926387911   0.047331863330450   0.047195472551269   0.046900769045962   0.046815989823193   
1.000000000000000   0.922416651940015   0.922416651940015   0.922416651940015   1.000000000000000   1.000000000000000   1.000000000000000   0.995772100977287   0.995772100977287   0.995772100977287   1.000000000000000   1.000000000000000   1.000000000000000   1.000000000000000   0.999524337261468   0.999167590207569   0.998810843153671   0.998573011784405   0.998097349045873   0.998097349045873   0.998097349045873   0.998216264730506   0.998335180415139   0.998573011784404   0.999048674522936   1.000000000000000   
PATCH 22 
2 2 
13 4 
0.000000000000000   0.000000000000000   0.000000000000000   0.250000000000000   0.250000000000000   0.375000000000000   0.375000000000000   0.500000000000000   0.500000000000000   0.750000000000000   0.750000000000000   0.875000000000000   0.875000000000000   1.000000000000000   1.000000000000000   1.000000000000000   
0.000000000000000   0.000000000000000   0.000000000000000   0.500000000000000   1.000000000000000   1.000000000000000   1.000000000000000   
0.004563122933155   0.004148429671398   0.003733736409641   0.003640948059179   0.003636331800333   0.003631715541487   0.003715271374257   0.003914937472806   0.004114603571354   0.003765880763699   0.004200807905154   0.003901376543850   0.004361908621707   0.005482559081616   0.005120281241541   0.004758003401467   0.004678712476288   0.004674217973894   0.004669723471500   0.004740025391891   0.004857061779697   0.004974098167503   0.004563492815855   0.004880490471464   0.004646719250003   0.005122786153337   0.007321431378537   0.007063984381828   0.006806537385120   0.006754241310506   0.006749990321015   0.006745739331525   0.006789533427158   0.006741310393480   0.006693087359801   0.006158716920168   0.006239855604084   0.006137404662310   0.006644541216598   0.008240867526998   0.008035835951972   0.007830804376946   0.007792005727615   0.007787876494576   0.007783747261538   0.007814287444792   0.007683434700371   0.007552581955951   0.006956328972325   0.006919538170394   0.006882747368463   0.007405418748228   
0.043160927669773   0.044010789525516   0.044860651381260   0.043924509447759   0.043953113967585   0.043981718487411   0.044975069460566   0.046456644686518   0.047938219912469   0.043829133794762   0.048077204092347   0.043920723548466   0.048105388282040   0.043609569967113   0.044352012986697   0.045094456006282   0.044346860122652   0.044371389126183   0.044395918129713   0.045192572020403   0.046470529359589   0.047748486698776   0.043764715967442   0.046960480165094   0.043852831231646   0.047912708873805   0.044506854561793   0.045034459909059   0.045562065256326   0.045191561472440   0.045207939443378   0.045224317414316   0.045627577140078   0.046498298705733   0.047369020271388   0.043635880312802   0.044727032310587   0.043717046598005   0.047527350057334   0.044955496859133   0.045375683370240   0.045795869881348   0.045613912147334   0.045626214601976   0.045638517056617   0.045845079699915   0.046512183378805   0.047179287057695   0.043571462485482   0.043610308383333   0.043649154281184   0.047334670649099   
1.000000000000000   1.000000000000000   1.000000000000000   0.978551763129328   0.978551763129328   0.978551763129328   1.000000000000000   1.000000000000000   1.000000000000000   0.912593182152165   1.000000000000000   0.912593182152165   1.000000000000000   1.000000000000000   1.000000000000000   1.000000000000000   0.982856847591318   0.982856847591318   0.982856847591318   1.000000000000000   1.000000000000000   1.000000000000000   0.915049049599127   0.980604162985004   0.915049049599127   1.000000000000000   1.000000000000000   1.000000000000000   1.000000000000000   0.991467016515297   0.991467016515297   0.991467016515297   1.000000000000000   1.000000000000000   1.000000000000000   0.919960784493052   0.941812488955011   0.919960784493052   1.000000000000000   1.000000000000000   1.000000000000000   1.000000000000000   0.995772100977287   0.995772100977287   0.995772100977287   1.000000000000000   1.000000000000000   1.000000000000000   0.922416651940015   0.922416651940015   0.922416651940015   1.000000000000000   
PATCH 23 
2 1 
13 2 
0.000000000000000   0.000000000000000   0.000000000000000   0.125000000000000   0.125000000000000   0.250000000000000   0.250000000000000   0.500000000000000   0.500000000000000   0.625000000000000   0.625000000000000   0.750000000000000   0.750000000000000   1.000000000000000   1.000000000000000   1.000000000000000   
0.000000000000000   0.000000000000000   1.000000000000000   1.000000000000000   
0.008682408883347   0.009214726804819   0.009549032670942   0.010167730352156   0.010693572975634   0.011721636259751   0.012764205700784   0.013304526886899   0.013865748002345   0.014358836428402   0.014881753445926   0.015921209190194   0.017039626783352   0.008769232972180   0.009306874072867   0.009842960902535   0.010379047732203   0.010913580290852   0.011982645408149   0.013045493441370   0.013576917457981   0.014106787203572   0.014636656949163   0.015164972423735   0.016221603372879   0.017272017237946   
0.049240387650610   0.049122375608591   0.048010789211466   0.048358570777093   0.048240333946563   0.047904529255351   0.047636664193586   0.047570121597216   0.047568926387911   0.047331863330450   0.047195472551269   0.046900769045962   0.046815989823193   0.049732791527117   0.049613599364677   0.049488606583825   0.049363613802972   0.049232820403708   0.048971233605179   0.048686444333000   0.048544049696911   0.048395854442409   0.048247659187908   0.048093663314994   0.047785671569166   0.047454477349688   
1.000000000000000   0.999524337261468   0.999167590207569   0.998810843153671   0.998573011784405   0.998097349045873   0.998097349045873   0.998097349045873   0.998216264730506   0.998335180415139   0.998573011784404   0.999048674522936   1.000000000000000   1.000000000000000   0.999524337261468   0.999167590207569   0.998810843153671   0.998573011784405   0.998097349045873   0.998097349045873   0.998097349045873   0.998216264730506   0.998335180415139   0.998573011784404   0.999048674522936   1.000000000000000   
PATCH 24 
2 1 
6 2 
0.000000000000000   0.000000000000000   0.000000000000000   0.250000000000000   0.500000000000000   0.750000000000000   1.000000000000000   1.000000000000000   1.000000000000000   
0.000000000000000   0.000000000000000   1.000000000000000   1.000000000000000   
0.017039626783352   0.018045245145857   0.020035936824214   0.021879155429400   0.023746492423652   0.024839948023546   0.017272017237946   0.018289568482936   0.020304367573183   0.022298863263696   0.024273055554476   0.025250000000000   
0.046815989823193   0.046404698081441   0.045536413514316   0.044365376369392   0.043283073776690   0.043024052034152   0.047454477349688   0.047032993823604   0.046146485990198   0.045216437375554   0.044242847979673   0.043734282891114   
1.000000000000000   0.999048674522936   0.998097349045873   0.998097349045873   0.999048674522936   1.000000000000000   1.000000000000000   0.999048674522936   0.998097349045873   0.998097349045873   0.999048674522936   1.000000000000000   
PATCH 25 
2 1 
6 2 
0.000000000000000   0.000000000000000   0.000000000000000   0.250000000000000   0.500000000000000   0.750000000000000   1.000000000000000   1.000000000000000   1.000000000000000   
0.000000000000000   0.000000000000000   1.000000000000000   1.000000000000000   
0.017039626783352   0.018045245145857   0.020035936824214   0.021879155429400   0.023746492423652   0.024839948023546   0.008240867526998   0.009543808390610   0.012149690117834   0.014755571845059   0.017361453572283   0.018664394435896   
0.046815989823193   0.046404698081441   0.045536413514316   0.044365376369392   0.043283073776690   0.043024052034152   0.044955496859133   0.042285282890423   0.036944854953003   0.031604427015584   0.026263999078164   0.023593785109454   
1.000000000000000   0.999048674522936   0.998097349045873   0.998097349045873   0.999048674522936   1.000000000000000   1.000000000000000   1.000000000000000   1.000000000000000   1.000000000000000   1.000000000000000   1.000000000000000   
PATCH 26 
2 1 
13 2 
0.000000000000000   0.000000000000000   0.000000000000000   0.250000000000000   0.250000000000000   0.375000000000000   0.375000000000000   0.500000000000000   0.500000000000000   0.750000000000000   0.750000000000000   0.875000000000000   0.875000000000000   1.000000000000000   1.000000000000000   1.000000000000000   
0.000000000000000   0.000000000000000   1.000000000000000   1.000000000000000   
0.024839948023546   0.026114765659089   0.027442852918238   0.027958840957648   0.028614243859046   0.029164284336848   0.029756190876221   0.030902157362262   0.032106090339710   0.032710742569233   0.033264064624166   0.033835436334066   0.034394513329980   0.018664394435896   0.018934557525261   0.019204720614626   0.019118234581954   0.019122525993619   0.019126817405284   0.019221886261287   0.019387505863389   0.019553125465491   0.018453161749753   0.018439289890830   0.018425418031906   0.019497638029798   
0.043024052034152   0.042147780764782   0.041360054224579   0.040745228013191   0.040338513628342   0.039784937230122   0.039292905141525   0.038267172084534   0.037316265516534   0.036843253594352   0.036312012898627   0.035802305662857   0.035279008425532   0.023593785109454   0.023040119724325   0.022486454339196   0.022365628905896   0.022352459203187   0.022339289500479   0.022433775528361   0.021502737616452   0.020571699704543   0.019360388154080   0.019316275933225   0.019272163712369   0.020395250821120   
1.000000000000000   0.998063325859552   0.997094988789328   0.996610820254216   0.996368735986660   0.996126651719104   0.996126651719104   0.996126651719104   0.997094988789328   0.997579157324440   0.998305410127108   0.999031662929776   1.000000000000000   1.000000000000000   1.000000000000000   1.000000000000000   0.995180338777812   0.995180338777812   0.995180338777812   1.000000000000000   1.000000000000000   1.000000000000000   0.943330675151231   0.943330675151231   0.943330675151231   1.000000000000000   
PATCH 27 
2 2 
6 4 
0.000000000000000   0.000000000000000   0.000000000000000   0.250000000000000   0.500000000000000   0.750000000000000   1.000000000000000   1.000000000000000   1.000000000000000   
0.000000000000000   0.000000000000000   0.000000000000000   0.500000000000000   1.000000000000000   1.000000000000000   1.000000000000000   
0.014986649842053   0.013683708978441   0.011077827251216   0.008471945523992   0.005866063796767   0.004563122933155   0.015906085990514   0.014603145126902   0.011997263399677   0.009391381672453   0.006785499945228   0.005482559081616   0.017744958287435   0.016442017423823   0.013836135696598   0.011230253969374   0.008624372242149   0.007321431378537   0.018664394435896   0.017361453572283   0.014755571845059   0.012149690117834   0.009543808390610   0.008240867526998   
0.021799215920094   0.024469429888803   0.029809857826223   0.035150285763643   0.040490713701063   0.043160927669773   0.022247858217434   0.024918072186144   0.030258500123563   0.035598928060983   0.040939355998403   0.043609569967113   0.023145142812114   0.025815356780824   0.031155784718243   0.036496212655663   0.041836640593083   0.044506854561793   0.023593785109454   0.026263999078164   0.031604427015584   0.036944854953003   0.042285282890423   0.044955496859133   
1.000000000000000   1.000000000000000   1.000000000000000   1.000000000000000   1.000000000000000   1.000000000000000   1.000000000000000   1.000000000000000   1.000000000000000   1.000000000000000   1.000000000000000   1.000000000000000   1.000000000000000   1.000000000000000   1.000000000000000   1.000000000000000   1.000000000000000   1.000000000000000   1.000000000000000   1.000000000000000   1.000000000000000   1.000000000000000   1.000000000000000   1.000000000000000   
PATCH 28 
2 2 
13 4 
0.000000000000000   0.000000000000000   0.000000000000000   0.250000000000000   0.250000000000000   0.375000000000000   0.375000000000000   0.500000000000000   0.500000000000000   0.750000000000000   0.750000000000000   0.875000000000000   0.875000000000000   1.000000000000000   1.000000000000000   1.000000000000000   
0.000000000000000   0.000000000000000   0.000000000000000   0.500000000000000   1.000000000000000   1.000000000000000   1.000000000000000   
0.014986649842053   0.015251422679360   0.015516195516667   0.015493518556103   0.015496505143677   0.015499491731252   0.015528141866965   0.015968539507450   0.016408937147934   0.014294787718294   0.016551522752082   0.014486353846074   0.016742047999738   0.015906085990514   0.016172206390835   0.016438326791157   0.016399697562566   0.016403010356163   0.016406323149760   0.016451577965545   0.016823281096434   0.017194984227323   0.015334381226158   0.017023464536769   0.015471119892532   0.017430945507253   0.017744958287435   0.018013773813786   0.018282589340136   0.018212055575491   0.018216020781134   0.018219985986776   0.018298450162706   0.018532764274404   0.018767078386102   0.017413568241888   0.017967348106143   0.017440651985448   0.018808740522283   0.018664394435896   0.018934557525261   0.019204720614626   0.019118234581954   0.019122525993619   0.019126817405284   0.019221886261287   0.019387505863389   0.019553125465491   0.018453161749753   0.018439289890830   0.018425418031906   0.019497638029798   
0.021799215920094   0.021256597180858   0.020713978441622   0.020671498422812   0.020663835290926   0.020656172159039   0.020683325914075   0.019203677125450   0.017724028336824   0.015315293391607   0.017587203814708   0.015266775116189   0.017639660791060   0.022247858217434   0.021702477816724   0.021157097416015   0.021095031043583   0.021085991268991   0.021076951494399   0.021120938317646   0.019778442248200   0.018435946178754   0.016326567082225   0.018019471844338   0.016268122265234   0.018328558298575   0.023145142812114   0.022594239088458   0.022043335364802   0.021942096285125   0.021930303225122   0.021918510165119   0.021996163124789   0.020927972493701   0.019859781862613   0.018349114463462   0.018884007903596   0.018270816563324   0.019706353313605   0.023593785109454   0.023040119724325   0.022486454339196   0.022365628905896   0.022352459203187   0.022339289500479   0.022433775528361   0.021502737616452   0.020571699704543   0.019360388154080   0.019316275933225   0.019272163712369   0.020395250821120   
1.000000000000000   1.000000000000000   1.000000000000000   0.998306048135787   0.998306048135787   0.998306048135787   1.000000000000000   1.000000000000000   1.000000000000000   0.869440896631339   1.000000000000000   0.869440896631339   1.000000000000000   1.000000000000000   1.000000000000000   1.000000000000000   0.997524620796293   0.997524620796293   0.997524620796293   1.000000000000000   1.000000000000000   1.000000000000000   0.887913341261312   0.985832668787808   0.887913341261312   1.000000000000000   1.000000000000000   1.000000000000000   1.000000000000000   0.995961766117305   0.995961766117305   0.995961766117305   1.000000000000000   1.000000000000000   1.000000000000000   0.924858230521258   0.957498006363423   0.924858230521258   1.000000000000000   1.000000000000000   1.000000000000000   1.000000000000000   0.995180338777812   0.995180338777812   0.995180338777812   1.000000000000000   1.000000000000000   1.000000000000000   0.943330675151231   0.943330675151231   0.943330675151231   1.000000000000000   
PATCH 29 
2 1 
13 2 
0.000000000000000   0.000000000000000   0.000000000000000   0.250000000000000   0.250000000000000   0.375000000000000   0.375000000000000   0.500000000000000   0.500000000000000   0.750000000000000   0.750000000000000   0.875000000000000   0.875000000000000   1.000000000000000   1.000000000000000   1.000000000000000   
0.000000000000000   0.000000000000000   1.000000000000000   1.000000000000000   
0.024839948023546   0.026114765659089   0.027442852918238   0.027958840957648   0.028614243859046   0.029164284336848   0.029756190876221   0.030902157362262   0.032106090339710   0.032710742569233   0.033264064624166   0.033835436334066   0.034394513329980   0.025250000000000   0.026178902508932   0.027094027156471   0.027551589480241   0.028005707338662   0.028459825197083   0.028910498590156   0.029811845376303   0.030699414301056   0.031143198763433   0.031583538760461   0.032023878757490   0.032460774289170   
0.043024052034152   0.042147780764782   0.041360054224579   0.040745228013191   0.040338513628342   0.039784937230122   0.039292905141525   0.038267172084534   0.037316265516534   0.036843253594352   0.036312012898627   0.035802305662857   0.035279008425532   0.043734282891114   0.043142506727484   0.042531053738569   0.042225327244111   0.041914681543332   0.041604035842553   0.041288470935453   0.040657341121252   0.040006534481766   0.039681131162023   0.039350808635958   0.039020486109894   0.038685244377508   
1.000000000000000   0.998063325859552   0.997094988789328   0.996610820254216   0.996368735986660   0.996126651719104   0.996126651719104   0.996126651719104   0.997094988789328   0.997579157324440   0.998305410127108   0.999031662929776   1.000000000000000   1.000000000000000   0.999048674522937   0.998573011784405   0.998335180415139   0.998216264730506   0.998097349045873   0.998097349045873   0.998097349045873   0.998573011784405   0.998810843153671   0.999167590207569   0.999524337261468   1.000000000000000   
PATCH 30 
2 1 
6 2 
0.000000000000000   0.000000000000000   0.000000000000000   0.250000000000000   0.500000000000000   0.750000000000000   1.000000000000000   1.000000000000000   1.000000000000000   
0.000000000000000   0.000000000000000   1.000000000000000   1.000000000000000   
0.014986649842053   0.013683708978441   0.011077827251216   0.008471945523992   0.005866063796767   0.004563122933155   0.000000000000000   0.000000000000000   0.000000000000000   0.000000000000000   0.000000000000000   0.000000000000000   
0.021799215920094   0.024469429888803   0.029809857826223   0.035150285763643   0.040490713701063   0.043160927669773   0.014550000000000   0.018126365958722   0.025279097876165   0.032431829793608   0.039584561711051   0.043160927669773   
1.000000000000000   1.000000000000000   1.000000000000000   1.000000000000000   1.000000000000000   1.000000000000000   1.000000000000000   1.000000000000000   1.000000000000000   1.000000000000000   1.000000000000000   1.000000000000000   
PATCH 31 
2 1 
13 2 
0.000000000000000   0.000000000000000   0.000000000000000   0.250000000000000   0.250000000000000   0.375000000000000   0.375000000000000   0.500000000000000   0.500000000000000   0.750000000000000   0.750000000000000   0.875000000000000   0.875000000000000   1.000000000000000   1.000000000000000   1.000000000000000   
0.000000000000000   0.000000000000000   1.000000000000000   1.000000000000000   
0.004563122933155   0.004148429671398   0.003733736409641   0.003640948059179   0.003636331800333   0.003631715541487   0.003715271374257   0.003914937472806   0.004114603571354   0.003765880763699   0.004200807905154   0.003901376543850   0.004361908621707   0.000000000000000   0.000000000000000   0.000000000000000   0.000000000000000   0.000000000000000   0.000000000000000   0.000000000000000   0.000000000000000   0.000000000000000   0.000000000000000   0.000000000000000   0.000000000000000   0.000000000000000   
0.043160927669773   0.044010789525516   0.044860651381260   0.043924509447759   0.043953113967585   0.043981718487411   0.044975069460566   0.046456644686518   0.047938219912469   0.043829133794762   0.048077204092347   0.043920723548466   0.048105388282040   0.043160927669773   0.044015811711051   0.044870695752329   0.045298137772969   0.045725579793608   0.046153021814247   0.046580463834886   0.047435347876165   0.048290231917443   0.048717673938082   0.049145115958722   0.049572557979361   0.050000000000000   
1.000000000000000   1.000000000000000   1.000000000000000   0.978551763129328   0.978551763129328   0.978551763129328   1.000000000000000   1.000000000000000   1.000000000000000   0.912593182152165   1.000000000000000   0.912593182152165   1.000000000000000   1.000000000000000   1.000000000000000   1.000000000000000   1.000000000000000   1.000000000000000   1.000000000000000   1.000000000000000   1.000000000000000   1.000000000000000   1.000000000000000   1.000000000000000   1.000000000000000   1.000000000000000   
PATCH 32 
2 1 
13 2 
0.000000000000000   0.000000000000000   0.000000000000000   0.250000000000000   0.250000000000000   0.375000000000000   0.375000000000000   0.500000000000000   0.500000000000000   0.750000000000000   0.750000000000000   0.875000000000000   0.875000000000000   1.000000000000000   1.000000000000000   1.000000000000000   
0.000000000000000   0.000000000000000   1.000000000000000   1.000000000000000   
0.000000000000000   0.001370654163232   0.002690792662420   0.003350861912013   0.003998302245596   0.004645742579178   0.005280553996749   0.006550176831891   0.007769284002988   0.008378837588537   0.008975762258074   0.009572686927611   0.010156982681137   0.014986649842053   0.015251422679360   0.015516195516667   0.015493518556103   0.015496505143677   0.015499491731252   0.015528141866965   0.015968539507450   0.016408937147934   0.014294787718294   0.016551522752082   0.014486353846074   0.016742047999738   
0.014550000000000   0.014281878787672   0.013889578616534   0.013693428530965   0.013466233705693   0.013239038880422   0.012980799315448   0.012464320185499   0.011823662096741   0.011503333052362   0.011151959268280   0.010800585484199   0.010418166960415   0.021799215920094   0.021256597180858   0.020713978441622   0.020671498422812   0.020663835290926   0.020656172159039   0.020683325914075   0.019203677125450   0.017724028336824   0.015315293391607   0.017587203814708   0.015266775116189   0.017639660791060   
1.000000000000000   0.981572425269548   0.972358637904323   0.967751744221709   0.965448297380403   0.963144850539096   0.963144850539097   0.963144850539096   0.972358637904322   0.976965531586935   0.983875872110855   0.990786212634774   1.000000000000000   1.000000000000000   1.000000000000000   1.000000000000000   0.998306048135787   0.998306048135787   0.998306048135787   1.000000000000000   1.000000000000000   1.000000000000000   0.869440896631339   1.000000000000000   0.869440896631339   1.000000000000000   
INTERFACE 1 
1 2 
5 1 
1 
INTERFACE 2 
1 3 
2 4 
1 
INTERFACE 3 
2 1 
13 2 
1 
INTERFACE 4 
2 2 
3 1 
1 
INTERFACE 5 
2 3 
4 2 
1 
INTERFACE 6 
3 2 
7 1 
-1 
INTERFACE 7 
3 3 
4 4 
-1 
INTERFACE 8 
3 4 
5 3 
1 
INTERFACE 9 
4 1 
9 2 
1 
INTERFACE 10 
4 3 
13 3 
1 
INTERFACE 11 
5 2 
6 1 
1 
INTERFACE 12 
6 2 
11 1 
1 
INTERFACE 13 
6 3 
7 3 
1 
INTERFACE 14 
7 2 
8 1 
1 
INTERFACE 15 
7 4 
9 4 
-1 
INTERFACE 16 
8 2 
15 1 
1 
INTERFACE 17 
8 3 
11 3 
1 
INTERFACE 18 
8 4 
10 4 
1 
INTERFACE 19 
9 1 
10 1 
1 
INTERFACE 20 
9 3 
12 3 
1 
INTERFACE 21 
10 2 
16 3 
1 
INTERFACE 22 
10 3 
14 4 
1 
INTERFACE 23 
11 2 
18 1 
1 
INTERFACE 24 
12 1 
14 1 
-1 
INTERFACE 25 
12 2 
13 1 
1 
INTERFACE 26 
14 2 
17 1 
-1 
INTERFACE 27 
15 2 
26 2 
1 
INTERFACE 28 
15 3 
18 3 
1 
INTERFACE 29 
15 4 
16 2 
1 
INTERFACE 30 
16 1 
17 3 
1 
INTERFACE 31 
16 4 
28 2 
1 
INTERFACE 32 
17 2 
32 2 
-1 
INTERFACE 33 
18 2 
29 2 
1 
INTERFACE 34 
19 2 
23 1 
1 
INTERFACE 35 
19 3 
20 4 
1 
INTERFACE 36 
20 1 
31 2 
1 
INTERFACE 37 
20 2 
21 1 
1 
INTERFACE 38 
20 3 
22 2 
1 
INTERFACE 39 
21 2 
25 1 
-1 
INTERFACE 40 
21 3 
22 4 
-1 
INTERFACE 41 
21 4 
23 3 
1 
INTERFACE 42 
22 1 
27 2 
1 
INTERFACE 43 
22 3 
31 3 
1 
INTERFACE 44 
23 2 
24 1 
1 
INTERFACE 45 
24 2 
29 1 
1 
INTERFACE 46 
24 3 
25 3 
1 
INTERFACE 47 
25 2 
26 1 
1 
INTERFACE 48 
25 4 
27 4 
-1 
INTERFACE 49 
26 3 
29 3 
1 
INTERFACE 50 
26 4 
28 4 
1 
INTERFACE 51 
27 1 
28 1 
1 
INTERFACE 52 
27 3 
30 3 
1 
INTERFACE 53 
28 3 
32 4 
1 
INTERFACE 54 
30 1 
32 1 
-1 
INTERFACE 55 
30 2 
31 1 
1 
BOUNDARY 1 
1 
1 1 
BOUNDARY 2 
1 
1 4 
BOUNDARY 3 
1 
5 4 
BOUNDARY 4 
1 
6 4 
BOUNDARY 5 
1 
11 4 
BOUNDARY 6 
1 
12 4 
BOUNDARY 7 
1 
13 4 
BOUNDARY 8 
1 
14 3 
BOUNDARY 9 
1 
17 4 
BOUNDARY 10 
1 
18 4 
BOUNDARY 11 
1 
19 1 
BOUNDARY 12 
1 
19 4 
BOUNDARY 13 
1 
23 4 
BOUNDARY 14 
1 
24 4 
BOUNDARY 15 
1 
29 4 
BOUNDARY 16 
1 
30 4 
BOUNDARY 17 
1 
31 4 
BOUNDARY 18 
1 
32 3 
