# nurbs mesh v.2.1
#
# 14-Jul-2024
#
2 2 32 55 0 
PATCH 1 
2 1 
4 2 
0.000000000000000   0.000000000000000   0.000000000000000   0.500000000000000   1.000000000000000   1.000000000000000   1.000000000000000   
0.000000000000000   0.000000000000000   1.000000000000000   1.000000000000000   
0.050000000000000   0.049904867452294   0.049525061277599   0.049240387650610   0.050500000000000   0.050403916126817   0.050020311890375   0.049732791527117   
0.000000000000000   0.002178893568691   0.006520098010365   0.008682408883347   0.000000000000000   0.002200682504378   0.006585298990468   0.008769232972180   
1.000000000000000   0.998097349045873   0.998097349045873   1.000000000000000   1.000000000000000   0.998097349045873   0.998097349045873   1.000000000000000   
PATCH 2 
2 1 
4 2 
0.000000000000000   0.000000000000000   0.000000000000000   0.500000000000000   1.000000000000000   1.000000000000000   1.000000000000000   
0.000000000000000   0.000000000000000   1.000000000000000   1.000000000000000   
0.048251111041252   0.048112819500729   0.047836236419681   0.047697944879158   0.050000000000000   0.049904867452294   0.049525061277599   0.049240387650610   
0.003598438912852   0.004655358016884   0.006769196224949   0.007826115328981   0.000000000000000   0.002178893568691   0.006520098010365   0.008682408883347   
1.000000000000000   1.000000000000000   1.000000000000000   1.000000000000000   1.000000000000000   0.998097349045873   0.998097349045873   1.000000000000000   
PATCH 3 
2 1 
13 2 
0.000000000000000   0.000000000000000   0.000000000000000   0.125000000000000   0.125000000000000   0.250000000000000   0.250000000000000   0.500000000000000   0.500000000000000   0.625000000000000   0.625000000000000   0.750000000000000   0.750000000000000   1.000000000000000   1.000000000000000   1.000000000000000   
0.000000000000000   0.000000000000000   1.000000000000000   1.000000000000000   
0.047697944879158   0.041024219461258   0.040970062122477   0.040915904783695   0.047481315524032   0.046688131551863   0.045894947579695   0.045270996068685   0.045248469213237   0.045225942357790   0.045804840157905   0.045508240826175   0.045211641494445   0.049240387650610   0.049122375608591   0.048197674649576   0.048128186476090   0.047942460435381   0.047673478866386   0.047367019000704   0.047254764986322   0.047166463191634   0.047164707075578   0.047155339711657   0.046889382096326   0.046605475805732   
0.007826115328981   0.006801344225687   0.006844647118755   0.006887950011824   0.007999326901254   0.007926365722703   0.007853404544151   0.007748427909523   0.007751549652343   0.007754671395162   0.007865891515430   0.007979953423602   0.008094015331774   0.008682408883347   0.009214726804819   0.009586202965026   0.010119290429049   0.010627542501366   0.011665101133340   0.012691954489108   0.013216327185748   0.013748435006582   0.014308127050981   0.014869098693428   0.015917343709715   0.016963005947100   
1.000000000000000   0.860272192516349   0.860272192516349   0.860272192516349   1.000000000000000   1.000000000000000   1.000000000000000   0.986898231292332   0.986898231292332   0.986898231292332   1.000000000000000   1.000000000000000   1.000000000000000   1.000000000000000   0.999524337261468   0.999167590207569   0.998810843153671   0.998573011784405   0.998097349045873   0.998097349045873   0.998097349045873   0.998216264730506   0.998335180415139   0.998573011784404   0.999048674522936   1.000000000000000   
PATCH 4 
2 2 
13 4 
0.000000000000000   0.000000000000000   0.000000000000000   0.250000000000000   0.250000000000000   0.375000000000000   0.375000000000000   0.500000000000000   0.500000000000000   0.750000000000000   0.750000000000000   0.875000000000000   0.875000000000000   1.000000000000000   1.000000000000000   1.000000000000000   
0.000000000000000   0.000000000000000   0.000000000000000   0.500000000000000   1.000000000000000   1.000000000000000   1.000000000000000   
0.043856037913977   0.045166043298983   0.046476048683989   0.046305008690163   0.046317160752350   0.046329312814537   0.046524656932736   0.047277139420208   0.048029621907680   0.043245810525121   0.048195205458685   0.043369053970245   0.048251111041252   0.044194938809094   0.045251592680781   0.046308246552468   0.046035242107070   0.046049987867572   0.046064733628074   0.046367229594476   0.047129887453122   0.047892545311768   0.042663334089765   0.046388919624633   0.042782845342999   0.048112819500729   0.044872740599328   0.045422691444377   0.045972642289426   0.045495708940883   0.045515642098016   0.045535575255148   0.046052374917955   0.046835383518950   0.047618392119944   0.041498381219052   0.042776347956529   0.041610428088505   0.047836236419681   0.045211641494445   0.045508240826175   0.045804840157905   0.045225942357790   0.045248469213237   0.045270996068685   0.045894947579695   0.046688131551863   0.047481315524032   0.040915904783695   0.040970062122477   0.041024219461258   0.047697944879158   
0.004568989996836   0.004065206953705   0.003561423910575   0.003542929723525   0.003539934722149   0.003536939720773   0.003549443905071   0.003461641473602   0.003373839042133   0.003021506006139   0.003432059520271   0.003146480362196   0.003598438912852   0.005450246330570   0.005043893571180   0.004637540811789   0.004595865141434   0.004592838454697   0.004589811767960   0.004625434064841   0.004577822535877   0.004530211006914   0.003988117007560   0.004285206419892   0.004060196328069   0.004655358016884   0.007212758998040   0.007001266806128   0.006789774614216   0.006701735977253   0.006698645919794   0.006695555862335   0.006777414384381   0.006810184660428   0.006842954936474   0.005921339010403   0.005991500219134   0.005887628259814   0.006769196224949   0.008094015331774   0.007979953423602   0.007865891515430   0.007754671395162   0.007751549652343   0.007748427909523   0.007853404544151   0.007926365722703   0.007999326901254   0.006887950011824   0.006844647118755   0.006801344225687   0.007826115328981   
1.000000000000000   1.000000000000000   1.000000000000000   0.996068476910362   0.996068476910362   0.996068476910362   1.000000000000000   1.000000000000000   1.000000000000000   0.898583828733921   1.000000000000000   0.898583828733921   1.000000000000000   1.000000000000000   1.000000000000000   1.000000000000000   0.993775915505854   0.993775915505854   0.993775915505854   1.000000000000000   1.000000000000000   1.000000000000000   0.889005919679528   0.965068048129087   0.889005919679528   1.000000000000000   1.000000000000000   1.000000000000000   1.000000000000000   0.989190792696840   0.989190792696840   0.989190792696840   1.000000000000000   1.000000000000000   1.000000000000000   0.869850101570742   0.895204144387262   0.869850101570742   1.000000000000000   1.000000000000000   1.000000000000000   1.000000000000000   0.986898231292332   0.986898231292332   0.986898231292332   1.000000000000000   1.000000000000000   1.000000000000000   0.860272192516349   0.860272192516349   0.860272192516349   1.000000000000000   
PATCH 5 
2 1 
13 2 
0.000000000000000   0.000000000000000   0.000000000000000   0.125000000000000   0.125000000000000   0.250000000000000   0.250000000000000   0.500000000000000   0.500000000000000   0.625000000000000   0.625000000000000   0.750000000000000   0.750000000000000   1.000000000000000   1.000000000000000   1.000000000000000   
0.000000000000000   0.000000000000000   1.000000000000000   1.000000000000000   
0.049240387650610   0.049122375608591   0.048197674649576   0.048128186476090   0.047942460435381   0.047673478866386   0.047367019000704   0.047254764986322   0.047166463191634   0.047164707075578   0.047155339711657   0.046889382096326   0.046605475805732   0.049732791527117   0.049613599364677   0.049488606583825   0.049363613802972   0.049232820403708   0.048971233605179   0.048686444333000   0.048544049696911   0.048395854442409   0.048247659187908   0.048093663314994   0.047785671569166   0.047454477349688   
0.008682408883347   0.009214726804819   0.009586202965026   0.010119290429049   0.010627542501366   0.011665101133340   0.012691954489108   0.013216327185748   0.013748435006582   0.014308127050981   0.014869098693428   0.015917343709715   0.016963005947100   0.008769232972180   0.009306874072867   0.009842960902535   0.010379047732203   0.010913580290852   0.011982645408149   0.013045493441370   0.013576917457981   0.014106787203572   0.014636656949163   0.015164972423735   0.016221603372879   0.017272017237946   
1.000000000000000   0.999524337261468   0.999167590207569   0.998810843153671   0.998573011784405   0.998097349045873   0.998097349045873   0.998097349045873   0.998216264730506   0.998335180415139   0.998573011784404   0.999048674522936   1.000000000000000   1.000000000000000   0.999524337261468   0.999167590207569   0.998810843153671   0.998573011784405   0.998097349045873   0.998097349045873   0.998097349045873   0.998216264730506   0.998335180415139   0.998573011784404   0.999048674522936   1.000000000000000   
PATCH 6 
2 1 
6 2 
0.000000000000000   0.000000000000000   0.000000000000000   0.250000000000000   0.500000000000000   0.750000000000000   1.000000000000000   1.000000000000000   1.000000000000000   
0.000000000000000   0.000000000000000   1.000000000000000   1.000000000000000   
0.046605475805732   0.046406260893543   0.045493892256963   0.044487918927244   0.043607719776573   0.043263436517850   0.047454477349688   0.047032993823604   0.046146485990198   0.045216437375554   0.044242847979673   0.043734282891114   
0.016963005947100   0.018045852871554   0.020017227550465   0.021939588313991   0.023924603706052   0.024978156719649   0.017272017237946   0.018289568482936   0.020304367573183   0.022298863263696   0.024273055554476   0.025250000000000   
1.000000000000000   0.999048674522936   0.998097349045873   0.998097349045873   0.999048674522936   1.000000000000000   1.000000000000000   0.999048674522936   0.998097349045873   0.998097349045873   0.999048674522936   1.000000000000000   
PATCH 7 
2 1 
6 2 
0.000000000000000   0.000000000000000   0.000000000000000   0.250000000000000   0.500000000000000   0.750000000000000   1.000000000000000   1.000000000000000   1.000000000000000   
0.000000000000000   0.000000000000000   1.000000000000000   1.000000000000000   
0.046605475805732   0.046406260893543   0.045493892256963   0.044487918927244   0.043607719776573   0.043263436517850   0.045211641494445   0.042271419256231   0.036390974779803   0.030510530303374   0.024630085826945   0.021689863588731   
0.016963005947100   0.018045852871554   0.020017227550465   0.021939588313991   0.023924603706052   0.024978156719649   0.008094015331774   0.009224723742290   0.011486140563322   0.013747557384353   0.016008974205384   0.017139682615900   
1.000000000000000   0.999048674522936   0.998097349045873   0.998097349045873   0.999048674522936   1.000000000000000   1.000000000000000   1.000000000000000   1.000000000000000   1.000000000000000   1.000000000000000   1.000000000000000   
PATCH 8 
2 1 
13 2 
0.000000000000000   0.000000000000000   0.000000000000000   0.250000000000000   0.250000000000000   0.375000000000000   0.375000000000000   0.500000000000000   0.500000000000000   0.750000000000000   0.750000000000000   0.875000000000000   0.875000000000000   1.000000000000000   1.000000000000000   1.000000000000000   
0.000000000000000   0.000000000000000   1.000000000000000   1.000000000000000   
0.043263436517850   0.042400196013176   0.041507634581080   0.041004269653659   0.040516811860180   0.039965455986640   0.039569778998009   0.038183041291063   0.036882171899251   0.036393006973596   0.035832455223812   0.035368956585445   0.034865379989008   0.021689863588731   0.021109215023132   0.020528566457532   0.020524329299345   0.020522381472768   0.020520433646191   0.020520775151224   0.019831984721117   0.019143194291011   0.017434289715352   0.017379039618593   0.017323789521834   0.018922193903973   
0.024978156719649   0.026283604417631   0.027566128717068   0.028168604891023   0.028779541895343   0.029342342980150   0.030018861521713   0.030901386953175   0.031814657981491   0.032401126939005   0.032923051669884   0.033532871102447   0.034107126186035   0.017139682615900   0.017362980095983   0.017586277576066   0.017585085703593   0.017585882217138   0.017586678730682   0.017589463630245   0.017888196075235   0.018186928520224   0.016634788454758   0.016624272249086   0.016613756043413   0.018144863697536   
1.000000000000000   0.998036824406992   0.997055236610489   0.996564442712237   0.996319045763111   0.996073648813985   0.996073648813985   0.996073648813985   0.997055236610489   0.997546030508740   0.998282221356118   0.999018412203496   1.000000000000000   1.000000000000000   1.000000000000000   1.000000000000000   0.999889276185199   0.999889276185199   0.999889276185199   1.000000000000000   1.000000000000000   1.000000000000000   0.913425816390816   0.913425816390816   0.913425816390816   1.000000000000000   
PATCH 9 
2 2 
6 4 
0.000000000000000   0.000000000000000   0.000000000000000   0.250000000000000   0.500000000000000   0.750000000000000   1.000000000000000   1.000000000000000   1.000000000000000   
0.000000000000000   0.000000000000000   0.000000000000000   0.500000000000000   1.000000000000000   1.000000000000000   1.000000000000000   
0.020334260008263   0.023274482246477   0.029154926722906   0.035035371199334   0.040915815675763   0.043856037913977   0.020673160903380   0.023613383141594   0.029493827618023   0.035374272094451   0.041254716570880   0.044194938809094   0.021350962693614   0.024291184931828   0.030171629408257   0.036052073884685   0.041932518361114   0.044872740599328   0.021689863588731   0.024630085826945   0.030510530303374   0.036390974779803   0.042271419256231   0.045211641494445   
0.013614657280962   0.012483948870446   0.010222532049415   0.007961115228383   0.005699698407352   0.004568989996836   0.014495913614696   0.013365205204181   0.011103788383149   0.008842371562118   0.006580954741086   0.005450246330570   0.016258426282166   0.015127717871650   0.012866301050618   0.010604884229587   0.008343467408555   0.007212758998040   0.017139682615900   0.016008974205384   0.013747557384353   0.011486140563322   0.009224723742290   0.008094015331774   
1.000000000000000   1.000000000000000   1.000000000000000   1.000000000000000   1.000000000000000   1.000000000000000   1.000000000000000   1.000000000000000   1.000000000000000   1.000000000000000   1.000000000000000   1.000000000000000   1.000000000000000   1.000000000000000   1.000000000000000   1.000000000000000   1.000000000000000   1.000000000000000   1.000000000000000   1.000000000000000   1.000000000000000   1.000000000000000   1.000000000000000   1.000000000000000   
PATCH 10 
2 2 
13 4 
0.000000000000000   0.000000000000000   0.000000000000000   0.250000000000000   0.250000000000000   0.375000000000000   0.375000000000000   0.500000000000000   0.500000000000000   0.750000000000000   0.750000000000000   0.875000000000000   0.875000000000000   1.000000000000000   1.000000000000000   1.000000000000000   
0.000000000000000   0.000000000000000   0.000000000000000   0.500000000000000   1.000000000000000   1.000000000000000   1.000000000000000   
0.020334260008263   0.019789229901062   0.019244199793861   0.019194397086644   0.019185501787986   0.019176606489329   0.019208618599231   0.017543149912789   0.015877681226346   0.013487720830622   0.015722920076690   0.013426255207571   0.015772466399970   0.020673160903380   0.020119226181579   0.019565291459779   0.019526880139819   0.019519721709182   0.019512563278544   0.019536657737229   0.018115358614871   0.016694059492512   0.014474363051805   0.016136949962165   0.014400638786136   0.016559898275971   0.021350962693614   0.020779218742614   0.020207474791615   0.020191846246170   0.020188161551573   0.020184476856975   0.020192736013226   0.019259776019035   0.018326816024844   0.016447647494170   0.016965009733117   0.016349405943268   0.018134762027972   0.021689863588731   0.021109215023132   0.020528566457532   0.020524329299345   0.020522381472768   0.020520433646191   0.020520775151224   0.019831984721117   0.019143194291011   0.017434289715352   0.017379039618593   0.017323789521834   0.018922193903973   
0.013614657280962   0.013824257126234   0.014033856971506   0.014007145688811   0.014009651484866   0.014012157280920   0.014043880155724   0.014350449787849   0.014657019419974   0.012563426106309   0.014794289713152   0.012760951102234   0.014995136193533   0.014495913614696   0.014708937868671   0.014921962122646   0.014901630692507   0.014903709167934   0.014905787643360   0.014930276024354   0.015234886359695   0.015539496695037   0.013581266693421   0.015251785347135   0.013724152337529   0.015782568069534   0.016258426282166   0.016478299353546   0.016698172424926   0.016690600699897   0.016691824534070   0.016693048368242   0.016703067761614   0.017003759503388   0.017304451245162   0.015616947867646   0.016166776615102   0.015650554808118   0.017357431821535   0.017139682615900   0.017362980095983   0.017586277576066   0.017585085703593   0.017585882217138   0.017586678730682   0.017589463630245   0.017888196075235   0.018186928520224   0.016634788454758   0.016624272249086   0.016613756043413   0.018144863697536   
1.000000000000000   1.000000000000000   1.000000000000000   0.997860287830015   0.997860287830015   0.997860287830015   1.000000000000000   1.000000000000000   1.000000000000000   0.855883509771674   1.000000000000000   0.855883509771674   1.000000000000000   1.000000000000000   1.000000000000000   1.000000000000000   0.998367534918811   0.998367534918811   0.998367534918811   1.000000000000000   1.000000000000000   1.000000000000000   0.870269086426460   0.978356454097704   0.870269086426460   1.000000000000000   1.000000000000000   1.000000000000000   1.000000000000000   0.999382029096403   0.999382029096403   0.999382029096403   1.000000000000000   1.000000000000000   1.000000000000000   0.899040239736030   0.935069362293112   0.899040239736030   1.000000000000000   1.000000000000000   1.000000000000000   1.000000000000000   0.999889276185199   0.999889276185199   0.999889276185199   1.000000000000000   1.000000000000000   1.000000000000000   0.913425816390816   0.913425816390816   0.913425816390816   1.000000000000000   
PATCH 11 
2 1 
13 2 
0.000000000000000   0.000000000000000   0.000000000000000   0.250000000000000   0.250000000000000   0.375000000000000   0.375000000000000   0.500000000000000   0.500000000000000   0.750000000000000   0.750000000000000   0.875000000000000   0.875000000000000   1.000000000000000   1.000000000000000   1.000000000000000   
0.000000000000000   0.000000000000000   1.000000000000000   1.000000000000000   
0.043263436517850   0.042400196013176   0.041507634581080   0.041004269653659   0.040516811860180   0.039965455986640   0.039569778998009   0.038183041291063   0.036882171899251   0.036393006973596   0.035832455223812   0.035368956585445   0.034865379989008   0.043734282891114   0.043142506727484   0.042531053738569   0.042225327244111   0.041914681543332   0.041604035842553   0.041288470935453   0.040657341121252   0.040006534481766   0.039681131162023   0.039350808635958   0.039020486109894   0.038685244377508   
0.024978156719649   0.026283604417631   0.027566128717068   0.028168604891023   0.028779541895343   0.029342342980150   0.030018861521713   0.030901386953175   0.031814657981491   0.032401126939005   0.032923051669884   0.033532871102447   0.034107126186035   0.025250000000000   0.026178902508932   0.027094027156471   0.027551589480241   0.028005707338662   0.028459825197083   0.028910498590156   0.029811845376303   0.030699414301056   0.031143198763433   0.031583538760461   0.032023878757490   0.032460774289170   
1.000000000000000   0.998036824406992   0.997055236610489   0.996564442712237   0.996319045763111   0.996073648813985   0.996073648813985   0.996073648813985   0.997055236610489   0.997546030508740   0.998282221356118   0.999018412203496   1.000000000000000   1.000000000000000   0.999048674522937   0.998573011784405   0.998335180415139   0.998216264730506   0.998097349045873   0.998097349045873   0.998097349045873   0.998573011784405   0.998810843153671   0.999167590207569   0.999524337261468   1.000000000000000   
PATCH 12 
2 1 
6 2 
0.000000000000000   0.000000000000000   0.000000000000000   0.250000000000000   0.500000000000000   0.750000000000000   1.000000000000000   1.000000000000000   1.000000000000000   
0.000000000000000   0.000000000000000   1.000000000000000   1.000000000000000   
0.020334260008263   0.023274482246477   0.029154926722906   0.035035371199334   0.040915815675763   0.043856037913977   0.014550000000000   0.018213254739247   0.025539764217741   0.032866273696236   0.040192783174730   0.043856037913977   
0.013614657280962   0.012483948870446   0.010222532049415   0.007961115228383   0.005699698407352   0.004568989996836   0.000000000000000   0.000000000000000   0.000000000000000   0.000000000000000   0.000000000000000   0.000000000000000   
1.000000000000000   1.000000000000000   1.000000000000000   1.000000000000000   1.000000000000000   1.000000000000000   1.000000000000000   1.000000000000000   1.000000000000000   1.000000000000000   1.000000000000000   1.000000000000000   
PATCH 13 
2 1 
13 2 
0.000000000000000   0.000000000000000   0.000000000000000   0.250000000000000   0.250000000000000   0.375000000000000   0.375000000000000   0.500000000000000   0.500000000000000   0.750000000000000   0.750000000000000   0.875000000000000   0.875000000000000   1.000000000000000   1.000000000000000   1.000000000000000   
0.000000000000000   0.000000000000000   1.000000000000000   1.000000000000000   
0.043856037913977   0.045166043298983   0.046476048683989   0.046305008690163   0.046317160752350   0.046329312814537   0.046524656932736   0.047277139420208   0.048029621907680   0.043245810525121   0.048195205458685   0.043369053970245   0.048251111041252   0.043856037913977   0.044624033174730   0.045392028435483   0.045776026065859   0.046160023696236   0.046544021326612   0.046928018956989   0.047696014217741   0.048464009478494   0.048848007108871   0.049232004739247   0.049616002369624   0.050000000000000   
0.004568989996836   0.004065206953705   0.003561423910575   0.003542929723525   0.003539934722149   0.003536939720773   0.003549443905071   0.003461641473602   0.003373839042133   0.003021506006139   0.003432059520271   0.003146480362196   0.003598438912852   0.000000000000000   0.000000000000000   0.000000000000000   0.000000000000000   0.000000000000000   0.000000000000000   0.000000000000000   0.000000000000000   0.000000000000000   0.000000000000000   0.000000000000000   0.000000000000000   0.000000000000000   
1.000000000000000   1.000000000000000   1.000000000000000   0.996068476910362   0.996068476910362   0.996068476910362   1.000000000000000   1.000000000000000   1.000000000000000   0.898583828733921   1.000000000000000   0.898583828733921   1.000000000000000   1.000000000000000   1.000000000000000   1.000000000000000   1.000000000000000   1.000000000000000   1.000000000000000   1.000000000000000   1.000000000000000   1.000000000000000   1.000000000000000   1.000000000000000   1.000000000000000   1.000000000000000   
PATCH 14 
2 1 
13 2 
0.000000000000000   0.000000000000000   0.000000000000000   0.250000000000000   0.250000000000000   0.375000000000000   0.375000000000000   0.500000000000000   0.500000000000000   0.750000000000000   0.750000000000000   0.875000000000000   0.875000000000000   1.000000000000000   1.000000000000000   1.000000000000000   
0.000000000000000   0.000000000000000   1.000000000000000   1.000000000000000   
0.014550000000000   0.014280711955809   0.013886747731549   0.013689765619419   0.013461614462272   0.013233463305124   0.012974143102960   0.012455502698631   0.011812186114234   0.011490527822035   0.011137700484819   0.010784873147603   0.010400876765369   0.020334260008263   0.019789229901062   0.019244199793861   0.019194397086644   0.019185501787986   0.019176606489329   0.019208618599231   0.017543149912789   0.015877681226346   0.013487720830622   0.015722920076690   0.013426255207571   0.015772466399970   
0.000000000000000   0.001373519009969   0.002696196473841   0.003357535205777   0.004006163551189   0.004654791896601   0.005290709855489   0.006562545773264   0.007783540144943   0.008394037330782   0.008991824130098   0.009589610929413   0.010174687342204   0.013614657280962   0.013824257126234   0.014033856971506   0.014007145688811   0.014009651484866   0.014012157280920   0.014043880155724   0.014350449787849   0.014657019419974   0.012563426106309   0.014794289713152   0.012760951102234   0.014995136193533   
1.000000000000000   0.981492230639785   0.972238345959678   0.967611403619624   0.965297932449597   0.962984461279571   0.962984461279571   0.962984461279571   0.972238345959678   0.976865288299732   0.983805701809812   0.990746115319893   1.000000000000000   1.000000000000000   1.000000000000000   1.000000000000000   0.997860287830015   0.997860287830015   0.997860287830015   1.000000000000000   1.000000000000000   1.000000000000000   0.855883509771674   1.000000000000000   0.855883509771674   1.000000000000000   
PATCH 15 
2 1 
4 2 
0.000000000000000   0.000000000000000   0.000000000000000   0.500000000000000   1.000000000000000   1.000000000000000   1.000000000000000   
0.000000000000000   0.000000000000000   1.000000000000000   1.000000000000000   
0.034865379989008   0.034692944524376   0.034313642045913   0.034107126186035   0.018922193903973   0.018727861352364   0.018339196249145   0.018144863697536   
0.034107126186035   0.034313642045913   0.034692944524376   0.034865379989008   0.018144863697536   0.018339196249145   0.018727861352364   0.018922193903973   
1.000000000000000   0.999969790625547   0.999969790625547   1.000000000000000   1.000000000000000   1.000000000000000   1.000000000000000   1.000000000000000   
PATCH 16 
2 2 
4 4 
0.000000000000000   0.000000000000000   0.000000000000000   0.500000000000000   1.000000000000000   1.000000000000000   1.000000000000000   
0.000000000000000   0.000000000000000   0.000000000000000   0.500000000000000   1.000000000000000   1.000000000000000   1.000000000000000   
0.015772466399970   0.016559898275971   0.018134762027972   0.018922193903973   0.015578133848361   0.016365565724362   0.017940429476363   0.018727861352364   0.015189468745142   0.015976900621143   0.017551764373144   0.018339196249145   0.014995136193533   0.015782568069534   0.017357431821535   0.018144863697536   
0.014995136193533   0.015782568069534   0.017357431821535   0.018144863697536   0.015189468745142   0.015976900621143   0.017551764373144   0.018339196249145   0.015578133848361   0.016365565724362   0.017940429476363   0.018727861352364   0.015772466399970   0.016559898275971   0.018134762027972   0.018922193903973   
1.000000000000000   1.000000000000000   1.000000000000000   1.000000000000000   1.000000000000000   1.000000000000000   1.000000000000000   1.000000000000000   1.000000000000000   1.000000000000000   1.000000000000000   1.000000000000000   1.000000000000000   1.000000000000000   1.000000000000000   1.000000000000000   
PATCH 17 
2 1 
4 2 
0.000000000000000   0.000000000000000   0.000000000000000   0.500000000000000   1.000000000000000   1.000000000000000   1.000000000000000   
0.000000000000000   0.000000000000000   1.000000000000000   1.000000000000000   
0.015772466399970   0.015578133848361   0.015189468745142   0.014995136193533   0.010400876765369   0.010344640215817   0.010231545504234   0.010174687342204   
0.014995136193533   0.015189468745142   0.015578133848361   0.015772466399970   0.010174687342204   0.010231545504234   0.010344640215817   0.010400876765369   
1.000000000000000   1.000000000000000   1.000000000000000   1.000000000000000   1.000000000000000   0.999969790625547   0.999969790625547   1.000000000000000   
PATCH 18 
2 1 
4 2 
0.000000000000000   0.000000000000000   0.000000000000000   0.500000000000000   1.000000000000000   1.000000000000000   1.000000000000000   
0.000000000000000   0.000000000000000   1.000000000000000   1.000000000000000   
0.034865379989008   0.034692944524376   0.034313642045913   0.034107126186035   0.038685244377508   0.037197068413715   0.034084833369545   0.032460774289170   
0.034107126186035   0.034313642045913   0.034692944524376   0.034865379989008   0.032460774289170   0.034084833369545   0.037197068413715   0.038685244377508   
1.000000000000000   0.999969790625547   0.999969790625547   1.000000000000000   1.000000000000000   0.998097349045873   0.998097349045873   1.000000000000000   
PATCH 19 
2 1 
4 2 
0.000000000000000   0.000000000000000   0.000000000000000   0.500000000000000   1.000000000000000   1.000000000000000   1.000000000000000   
0.000000000000000   0.000000000000000   1.000000000000000   1.000000000000000   
0.000000000000000   0.002178893568691   0.006520098010365   0.008682408883347   0.000000000000000   0.002200682504378   0.006585298990468   0.008769232972180   
0.050000000000000   0.049904867452294   0.049525061277599   0.049240387650610   0.050500000000000   0.050403916126817   0.050020311890375   0.049732791527117   
1.000000000000000   0.998097349045873   0.998097349045873   1.000000000000000   1.000000000000000   0.998097349045873   0.998097349045873   1.000000000000000   
PATCH 20 
2 1 
4 2 
0.000000000000000   0.000000000000000   0.000000000000000   0.500000000000000   1.000000000000000   1.000000000000000   1.000000000000000   
0.000000000000000   0.000000000000000   1.000000000000000   1.000000000000000   
0.003598438912852   0.004655358016884   0.006769196224949   0.007826115328981   0.000000000000000   0.002178893568691   0.006520098010365   0.008682408883347   
0.048251111041252   0.048112819500729   0.047836236419681   0.047697944879158   0.050000000000000   0.049904867452294   0.049525061277599   0.049240387650610   
1.000000000000000   1.000000000000000   1.000000000000000   1.000000000000000   1.000000000000000   0.998097349045873   0.998097349045873   1.000000000000000   
PATCH 21 
2 1 
13 2 
0.000000000000000   0.000000000000000   0.000000000000000   0.125000000000000   0.125000000000000   0.250000000000000   0.250000000000000   0.500000000000000   0.500000000000000   0.625000000000000   0.625000000000000   0.750000000000000   0.750000000000000   1.000000000000000   1.000000000000000   1.000000000000000   
0.000000000000000   0.000000000000000   1.000000000000000   1.000000000000000   
0.007826115328981   0.006801344225687   0.006844647118755   0.006887950011824   0.007999326901254   0.007926365722703   0.007853404544151   0.007748427909523   0.007751549652343   0.007754671395162   0.007865891515430   0.007979953423602   0.008094015331774   0.008682408883347   0.009214726804819   0.009586202965026   0.010119290429049   0.010627542501366   0.011665101133340   0.012691954489108   0.013216327185748   0.013748435006582   0.014308127050981   0.014869098693428   0.015917343709715   0.016963005947100   
0.047697944879158   0.041024219461258   0.040970062122477   0.040915904783695   0.047481315524032   0.046688131551863   0.045894947579695   0.045270996068685   0.045248469213237   0.045225942357790   0.045804840157905   0.045508240826175   0.045211641494445   0.049240387650610   0.049122375608591   0.048197674649576   0.048128186476090   0.047942460435381   0.047673478866386   0.047367019000704   0.047254764986322   0.047166463191634   0.047164707075578   0.047155339711657   0.046889382096326   0.046605475805732   
1.000000000000000   0.860272192516349   0.860272192516349   0.860272192516349   1.000000000000000   1.000000000000000   1.000000000000000   0.986898231292332   0.986898231292332   0.986898231292332   1.000000000000000   1.000000000000000   1.000000000000000   1.000000000000000   0.999524337261468   0.999167590207569   0.998810843153671   0.998573011784405   0.998097349045873   0.998097349045873   0.998097349045873   0.998216264730506   0.998335180415139   0.998573011784404   0.999048674522936   1.000000000000000   
PATCH 22 
2 2 
13 4 
0.000000000000000   0.000000000000000   0.000000000000000   0.250000000000000   0.250000000000000   0.375000000000000   0.375000000000000   0.500000000000000   0.500000000000000   0.750000000000000   0.750000000000000   0.875000000000000   0.875000000000000   1.000000000000000   1.000000000000000   1.000000000000000   
0.000000000000000   0.000000000000000   0.000000000000000   0.500000000000000   1.000000000000000   1.000000000000000   1.000000000000000   
0.004568989996836   0.004065206953705   0.003561423910575   0.003542929723525   0.003539934722149   0.003536939720773   0.003549443905071   0.003461641473602   0.003373839042133   0.003021506006139   0.003432059520271   0.003146480362196   0.003598438912852   0.005450246330570   0.005043893571180   0.004637540811789   0.004595865141434   0.004592838454697   0.004589811767960   0.004625434064841   0.004577822535877   0.004530211006914   0.003988117007560   0.004285206419892   0.004060196328069   0.004655358016884   0.007212758998040   0.007001266806128   0.006789774614216   0.006701735977253   0.006698645919794   0.006695555862335   0.006777414384381   0.006810184660428   0.006842954936474   0.005921339010403   0.005991500219134   0.005887628259814   0.006769196224949   0.008094015331774   0.007979953423602   0.007865891515430   0.007754671395162   0.007751549652343   0.007748427909523   0.007853404544151   0.007926365722703   0.007999326901254   0.006887950011824   0.006844647118755   0.006801344225687   0.007826115328981   
0.043856037913977   0.045166043298983   0.046476048683989   0.046305008690163   0.046317160752350   0.046329312814537   0.046524656932736   0.047277139420208   0.048029621907680   0.043245810525121   0.048195205458685   0.043369053970245   0.048251111041252   0.044194938809094   0.045251592680781   0.046308246552468   0.046035242107070   0.046049987867572   0.046064733628074   0.046367229594476   0.047129887453122   0.047892545311768   0.042663334089765   0.046388919624633   0.042782845342999   0.048112819500729   0.044872740599328   0.045422691444377   0.045972642289426   0.045495708940883   0.045515642098016   0.045535575255148   0.046052374917955   0.046835383518950   0.047618392119944   0.041498381219052   0.042776347956529   0.041610428088505   0.047836236419681   0.045211641494445   0.045508240826175   0.045804840157905   0.045225942357790   0.045248469213237   0.045270996068685   0.045894947579695   0.046688131551863   0.047481315524032   0.040915904783695   0.040970062122477   0.041024219461258   0.047697944879158   
1.000000000000000   1.000000000000000   1.000000000000000   0.996068476910362   0.996068476910362   0.996068476910362   1.000000000000000   1.000000000000000   1.000000000000000   0.898583828733921   1.000000000000000   0.898583828733921   1.000000000000000   1.000000000000000   1.000000000000000   1.000000000000000   0.993775915505854   0.993775915505854   0.993775915505854   1.000000000000000   1.000000000000000   1.000000000000000   0.889005919679528   0.965068048129087   0.889005919679528   1.000000000000000   1.000000000000000   1.000000000000000   1.000000000000000   0.989190792696840   0.989190792696840   0.989190792696840   1.000000000000000   1.000000000000000   1.000000000000000   0.869850101570742   0.895204144387262   0.869850101570742   1.000000000000000   1.000000000000000   1.000000000000000   1.000000000000000   0.986898231292332   0.986898231292332   0.986898231292332   1.000000000000000   1.000000000000000   1.000000000000000   0.860272192516349   0.860272192516349   0.860272192516349   1.000000000000000   
PATCH 23 
2 1 
13 2 
0.000000000000000   0.000000000000000   0.000000000000000   0.125000000000000   0.125000000000000   0.250000000000000   0.250000000000000   0.500000000000000   0.500000000000000   0.625000000000000   0.625000000000000   0.750000000000000   0.750000000000000   1.000000000000000   1.000000000000000   1.000000000000000   
0.000000000000000   0.000000000000000   1.000000000000000   1.000000000000000   
0.008682408883347   0.009214726804819   0.009586202965026   0.010119290429049   0.010627542501366   0.011665101133340   0.012691954489108   0.013216327185748   0.013748435006582   0.014308127050981   0.014869098693428   0.015917343709715   0.016963005947100   0.008769232972180   0.009306874072867   0.009842960902535   0.010379047732203   0.010913580290852   0.011982645408149   0.013045493441370   0.013576917457981   0.014106787203572   0.014636656949163   0.015164972423735   0.016221603372879   0.017272017237946   
0.049240387650610   0.049122375608591   0.048197674649576   0.048128186476090   0.047942460435381   0.047673478866386   0.047367019000704   0.047254764986322   0.047166463191634   0.047164707075578   0.047155339711657   0.046889382096326   0.046605475805732   0.049732791527117   0.049613599364677   0.049488606583825   0.049363613802972   0.049232820403708   0.048971233605179   0.048686444333000   0.048544049696911   0.048395854442409   0.048247659187908   0.048093663314994   0.047785671569166   0.047454477349688   
1.000000000000000   0.999524337261468   0.999167590207569   0.998810843153671   0.998573011784405   0.998097349045873   0.998097349045873   0.998097349045873   0.998216264730506   0.998335180415139   0.998573011784404   0.999048674522936   1.000000000000000   1.000000000000000   0.999524337261468   0.999167590207569   0.998810843153671   0.998573011784405   0.998097349045873   0.998097349045873   0.998097349045873   0.998216264730506   0.998335180415139   0.998573011784404   0.999048674522936   1.000000000000000   
PATCH 24 
2 1 
6 2 
0.000000000000000   0.000000000000000   0.000000000000000   0.250000000000000   0.500000000000000   0.750000000000000   1.000000000000000   1.000000000000000   1.000000000000000   
0.000000000000000   0.000000000000000   1.000000000000000   1.000000000000000   
0.016963005947100   0.018045852871554   0.020017227550465   0.021939588313991   0.023924603706052   0.024978156719649   0.017272017237946   0.018289568482936   0.020304367573183   0.022298863263696   0.024273055554476   0.025250000000000   
0.046605475805732   0.046406260893543   0.045493892256963   0.044487918927244   0.043607719776573   0.043263436517850   0.047454477349688   0.047032993823604   0.046146485990198   0.045216437375554   0.044242847979673   0.043734282891114   
1.000000000000000   0.999048674522936   0.998097349045873   0.998097349045873   0.999048674522936   1.000000000000000   1.000000000000000   0.999048674522936   0.998097349045873   0.998097349045873   0.999048674522936   1.000000000000000   
PATCH 25 
2 1 
6 2 
0.000000000000000   0.000000000000000   0.000000000000000   0.250000000000000   0.500000000000000   0.750000000000000   1.000000000000000   1.000000000000000   1.000000000000000   
0.000000000000000   0.000000000000000   1.000000000000000   1.000000000000000   
0.016963005947100   0.018045852871554   0.020017227550465   0.021939588313991   0.023924603706052   0.024978156719649   0.008094015331774   0.009224723742290   0.011486140563322   0.013747557384353   0.016008974205384   0.017139682615900   
0.046605475805732   0.046406260893543   0.045493892256963   0.044487918927244   0.043607719776573   0.043263436517850   0.045211641494445   0.042271419256231   0.036390974779803   0.030510530303374   0.024630085826945   0.021689863588731   
1.000000000000000   0.999048674522936   0.998097349045873   0.998097349045873   0.999048674522936   1.000000000000000   1.000000000000000   1.000000000000000   1.000000000000000   1.000000000000000   1.000000000000000   1.000000000000000   
PATCH 26 
2 1 
13 2 
0.000000000000000   0.000000000000000   0.000000000000000   0.250000000000000   0.250000000000000   0.375000000000000   0.375000000000000   0.500000000000000   0.500000000000000   0.750000000000000   0.750000000000000   0.875000000000000   0.875000000000000   1.000000000000000   1.000000000000000   1.000000000000000   
0.000000000000000   0.000000000000000   1.000000000000000   1.000000000000000   
0.024978156719649   0.026283604417631   0.027566128717068   0.028168604891023   0.028779541895343   0.029342342980150   0.030018861521713   0.030901386953175   0.031814657981491   0.032401126939005   0.032923051669884   0.033532871102447   0.034107126186035   0.017139682615900   0.017362980095983   0.017586277576066   0.017585085703593   0.017585882217138   0.017586678730682   0.017589463630245   0.017888196075235   0.018186928520224   0.016634788454758   0.016624272249086   0.016613756043413   0.018144863697536   
0.043263436517850   0.042400196013176   0.041507634581080   0.041004269653659   0.040516811860180   0.039965455986640   0.039569778998009   0.038183041291063   0.036882171899251   0.036393006973596   0.035832455223812   0.035368956585445   0.034865379989008   0.021689863588731   0.021109215023132   0.020528566457532   0.020524329299345   0.020522381472768   0.020520433646191   0.020520775151224   0.019831984721117   0.019143194291011   0.017434289715352   0.017379039618593   0.017323789521834   0.018922193903973   
1.000000000000000   0.998036824406992   0.997055236610489   0.996564442712237   0.996319045763111   0.996073648813985   0.996073648813985   0.996073648813985   0.997055236610489   0.997546030508740   0.998282221356118   0.999018412203496   1.000000000000000   1.000000000000000   1.000000000000000   1.000000000000000   0.999889276185199   0.999889276185199   0.999889276185199   1.000000000000000   1.000000000000000   1.000000000000000   0.913425816390816   0.913425816390816   0.913425816390816   1.000000000000000   
PATCH 27 
2 2 
6 4 
0.000000000000000   0.000000000000000   0.000000000000000   0.250000000000000   0.500000000000000   0.750000000000000   1.000000000000000   1.000000000000000   1.000000000000000   
0.000000000000000   0.000000000000000   0.000000000000000   0.500000000000000   1.000000000000000   1.000000000000000   1.000000000000000   
0.013614657280962   0.012483948870446   0.010222532049415   0.007961115228383   0.005699698407352   0.004568989996836   0.014495913614696   0.013365205204181   0.011103788383149   0.008842371562118   0.006580954741086   0.005450246330570   0.016258426282166   0.015127717871650   0.012866301050618   0.010604884229587   0.008343467408555   0.007212758998040   0.017139682615900   0.016008974205384   0.013747557384353   0.011486140563322   0.009224723742290   0.008094015331774   
0.020334260008263   0.023274482246477   0.029154926722906   0.035035371199334   0.040915815675763   0.043856037913977   0.020673160903380   0.023613383141594   0.029493827618023   0.035374272094451   0.041254716570880   0.044194938809094   0.021350962693614   0.024291184931828   0.030171629408257   0.036052073884685   0.041932518361114   0.044872740599328   0.021689863588731   0.024630085826945   0.030510530303374   0.036390974779803   0.042271419256231   0.045211641494445   
1.000000000000000   1.000000000000000   1.000000000000000   1.000000000000000   1.000000000000000   1.000000000000000   1.000000000000000   1.000000000000000   1.000000000000000   1.000000000000000   1.000000000000000   1.000000000000000   1.000000000000000   1.000000000000000   1.000000000000000   1.000000000000000   1.000000000000000   1.000000000000000   1.000000000000000   1.000000000000000   1.000000000000000   1.000000000000000   1.000000000000000   1.000000000000000   
PATCH 28 
2 2 
13 4 
0.000000000000000   0.000000000000000   0.000000000000000   0.250000000000000   0.250000000000000   0.375000000000000   0.375000000000000   0.500000000000000   0.500000000000000   0.750000000000000   0.750000000000000   0.875000000000000   0.875000000000000   1.000000000000000   1.000000000000000   1.000000000000000   
0.000000000000000   0.000000000000000   0.000000000000000   0.500000000000000   1.000000000000000   1.000000000000000   1.000000000000000   
0.013614657280962   0.013824257126234   0.014033856971506   0.014007145688811   0.014009651484866   0.014012157280920   0.014043880155724   0.014350449787849   0.014657019419974   0.012563426106309   0.014794289713152   0.012760951102234   0.014995136193533   0.014495913614696   0.014708937868671   0.014921962122646   0.014901630692507   0.014903709167934   0.014905787643360   0.014930276024354   0.015234886359695   0.015539496695037   0.013581266693421   0.015251785347135   0.013724152337529   0.015782568069534   0.016258426282166   0.016478299353546   0.016698172424926   0.016690600699897   0.016691824534070   0.016693048368242   0.016703067761614   0.017003759503388   0.017304451245162   0.015616947867646   0.016166776615102   0.015650554808118   0.017357431821535   0.017139682615900   0.017362980095983   0.017586277576066   0.017585085703593   0.017585882217138   0.017586678730682   0.017589463630245   0.017888196075235   0.018186928520224   0.016634788454758   0.016624272249086   0.016613756043413   0.018144863697536   
0.020334260008263   0.019789229901062   0.019244199793861   0.019194397086644   0.019185501787986   0.019176606489329   0.019208618599231   0.017543149912789   0.015877681226346   0.013487720830622   0.015722920076690   0.013426255207571   0.015772466399970   0.020673160903380   0.020119226181579   0.019565291459779   0.019526880139819   0.019519721709182   0.019512563278544   0.019536657737229   0.018115358614871   0.016694059492512   0.014474363051805   0.016136949962165   0.014400638786136   0.016559898275971   0.021350962693614   0.020779218742614   0.020207474791615   0.020191846246170   0.020188161551573   0.020184476856975   0.020192736013226   0.019259776019035   0.018326816024844   0.016447647494170   0.016965009733117   0.016349405943268   0.018134762027972   0.021689863588731   0.021109215023132   0.020528566457532   0.020524329299345   0.020522381472768   0.020520433646191   0.020520775151224   0.019831984721117   0.019143194291011   0.017434289715352   0.017379039618593   0.017323789521834   0.018922193903973   
1.000000000000000   1.000000000000000   1.000000000000000   0.997860287830015   0.997860287830015   0.997860287830015   1.000000000000000   1.000000000000000   1.000000000000000   0.855883509771674   1.000000000000000   0.855883509771674   1.000000000000000   1.000000000000000   1.000000000000000   1.000000000000000   0.998367534918811   0.998367534918811   0.998367534918811   1.000000000000000   1.000000000000000   1.000000000000000   0.870269086426460   0.978356454097704   0.870269086426460   1.000000000000000   1.000000000000000   1.000000000000000   1.000000000000000   0.999382029096403   0.999382029096403   0.999382029096403   1.000000000000000   1.000000000000000   1.000000000000000   0.899040239736030   0.935069362293112   0.899040239736030   1.000000000000000   1.000000000000000   1.000000000000000   1.000000000000000   0.999889276185199   0.999889276185199   0.999889276185199   1.000000000000000   1.000000000000000   1.000000000000000   0.913425816390816   0.913425816390816   0.913425816390816   1.000000000000000   
PATCH 29 
2 1 
13 2 
0.000000000000000   0.000000000000000   0.000000000000000   0.250000000000000   0.250000000000000   0.375000000000000   0.375000000000000   0.500000000000000   0.500000000000000   0.750000000000000   0.750000000000000   0.875000000000000   0.875000000000000   1.000000000000000   1.000000000000000   1.000000000000000   
0.000000000000000   0.000000000000000   1.000000000000000   1.000000000000000   
0.024978156719649   0.026283604417631   0.027566128717068   0.028168604891023   0.028779541895343   0.029342342980150   0.030018861521713   0.030901386953175   0.031814657981491   0.032401126939005   0.032923051669884   0.033532871102447   0.034107126186035   0.025250000000000   0.026178902508932   0.027094027156471   0.027551589480241   0.028005707338662   0.028459825197083   0.028910498590156   0.029811845376303   0.030699414301056   0.031143198763433   0.031583538760461   0.032023878757490   0.032460774289170   
0.043263436517850   0.042400196013176   0.041507634581080   0.041004269653659   0.040516811860180   0.039965455986640   0.039569778998009   0.038183041291063   0.036882171899251   0.036393006973596   0.035832455223812   0.035368956585445   0.034865379989008   0.043734282891114   0.043142506727484   0.042531053738569   0.042225327244111   0.041914681543332   0.041604035842553   0.041288470935453   0.040657341121252   0.040006534481766   0.039681131162023   0.039350808635958   0.039020486109894   0.038685244377508   
1.000000000000000   0.998036824406992   0.997055236610489   0.996564442712237   0.996319045763111   0.996073648813985   0.996073648813985   0.996073648813985   0.997055236610489   0.997546030508740   0.998282221356118   0.999018412203496   1.000000000000000   1.000000000000000   0.999048674522937   0.998573011784405   0.998335180415139   0.998216264730506   0.998097349045873   0.998097349045873   0.998097349045873   0.998573011784405   0.998810843153671   0.999167590207569   0.999524337261468   1.000000000000000   
PATCH 30 
2 1 
6 2 
0.000000000000000   0.000000000000000   0.000000000000000   0.250000000000000   0.500000000000000   0.750000000000000   1.000000000000000   1.000000000000000   1.000000000000000   
0.000000000000000   0.000000000000000   1.000000000000000   1.000000000000000   
0.013614657280962   0.012483948870446   0.010222532049415   0.007961115228383   0.005699698407352   0.004568989996836   0.000000000000000   0.000000000000000   0.000000000000000   0.000000000000000   0.000000000000000   0.000000000000000   
0.020334260008263   0.023274482246477   0.029154926722906   0.035035371199334   0.040915815675763   0.043856037913977   0.014550000000000   0.018213254739247   0.025539764217741   0.032866273696236   0.040192783174730   0.043856037913977   
1.000000000000000   1.000000000000000   1.000000000000000   1.000000000000000   1.000000000000000   1.000000000000000   1.000000000000000   1.000000000000000   1.000000000000000   1.000000000000000   1.000000000000000   1.000000000000000   
PATCH 31 
2 1 
13 2 
0.000000000000000   0.000000000000000   0.000000000000000   0.250000000000000   0.250000000000000   0.375000000000000   0.375000000000000   0.500000000000000   0.500000000000000   0.750000000000000   0.750000000000000   0.875000000000000   0.875000000000000   1.000000000000000   1.000000000000000   1.000000000000000   
0.000000000000000   0.000000000000000   1.000000000000000   1.000000000000000   
0.004568989996836   0.004065206953705   0.003561423910575   0.003542929723525   0.003539934722149   0.003536939720773   0.003549443905071   0.003461641473602   0.003373839042133   0.003021506006139   0.003432059520271   0.003146480362196   0.003598438912852   0.000000000000000   0.000000000000000   0.000000000000000   0.000000000000000   0.000000000000000   0.000000000000000   0.000000000000000   0.000000000000000   0.000000000000000   0.000000000000000   0.000000000000000   0.000000000000000   0.000000000000000   
0.043856037913977   0.045166043298983   0.046476048683989   0.046305008690163   0.046317160752350   0.046329312814537   0.046524656932736   0.047277139420208   0.048029621907680   0.043245810525121   0.048195205458685   0.043369053970245   0.048251111041252   0.043856037913977   0.044624033174730   0.045392028435483   0.045776026065859   0.046160023696236   0.046544021326612   0.046928018956989   0.047696014217741   0.048464009478494   0.048848007108871   0.049232004739247   0.049616002369624   0.050000000000000   
1.000000000000000   1.000000000000000   1.000000000000000   0.996068476910362   0.996068476910362   0.996068476910362   1.000000000000000   1.000000000000000   1.000000000000000   0.898583828733921   1.000000000000000   0.898583828733921   1.000000000000000   1.000000000000000   1.000000000000000   1.000000000000000   1.000000000000000   1.000000000000000   1.000000000000000   1.000000000000000   1.000000000000000   1.000000000000000   1.000000000000000   1.000000000000000   1.000000000000000   1.000000000000000   
PATCH 32 
2 1 
13 2 
0.000000000000000   0.000000000000000   0.000000000000000   0.250000000000000   0.250000000000000   0.375000000000000   0.375000000000000   0.500000000000000   0.500000000000000   0.750000000000000   0.750000000000000   0.875000000000000   0.875000000000000   1.000000000000000   1.000000000000000   1.000000000000000   
0.000000000000000   0.000000000000000   1.000000000000000   1.000000000000000   
0.000000000000000   0.001373519009969   0.002696196473841   0.003357535205777   0.004006163551189   0.004654791896601   0.005290709855489   0.006562545773264   0.007783540144943   0.008394037330782   0.008991824130098   0.009589610929413   0.010174687342204   0.013614657280962   0.013824257126234   0.014033856971506   0.014007145688811   0.014009651484866   0.014012157280920   0.014043880155724   0.014350449787849   0.014657019419974   0.012563426106309   0.014794289713152   0.012760951102234   0.014995136193533   
0.014550000000000   0.014280711955809   0.013886747731549   0.013689765619419   0.013461614462272   0.013233463305124   0.012974143102960   0.012455502698631   0.011812186114234   0.011490527822035   0.011137700484819   0.010784873147603   0.010400876765369   0.020334260008263   0.019789229901062   0.019244199793861   0.019194397086644   0.019185501787986   0.019176606489329   0.019208618599231   0.017543149912789   0.015877681226346   0.013487720830622   0.015722920076690   0.013426255207571   0.015772466399970   
1.000000000000000   0.981492230639785   0.972238345959678   0.967611403619624   0.965297932449597   0.962984461279571   0.962984461279571   0.962984461279571   0.972238345959678   0.976865288299732   0.983805701809812   0.990746115319893   1.000000000000000   1.000000000000000   1.000000000000000   1.000000000000000   0.997860287830015   0.997860287830015   0.997860287830015   1.000000000000000   1.000000000000000   1.000000000000000   0.855883509771674   1.000000000000000   0.855883509771674   1.000000000000000   
INTERFACE 1 
1 2 
5 1 
1 
INTERFACE 2 
1 3 
2 4 
1 
INTERFACE 3 
2 1 
13 2 
1 
INTERFACE 4 
2 2 
3 1 
1 
INTERFACE 5 
2 3 
4 2 
1 
INTERFACE 6 
3 2 
7 1 
-1 
INTERFACE 7 
3 3 
4 4 
-1 
INTERFACE 8 
3 4 
5 3 
1 
INTERFACE 9 
4 1 
9 2 
1 
INTERFACE 10 
4 3 
13 3 
1 
INTERFACE 11 
5 2 
6 1 
1 
INTERFACE 12 
6 2 
11 1 
1 
INTERFACE 13 
6 3 
7 3 
1 
INTERFACE 14 
7 2 
8 1 
1 
INTERFACE 15 
7 4 
9 4 
-1 
INTERFACE 16 
8 2 
15 1 
1 
INTERFACE 17 
8 3 
11 3 
1 
INTERFACE 18 
8 4 
10 4 
1 
INTERFACE 19 
9 1 
10 1 
1 
INTERFACE 20 
9 3 
12 3 
1 
INTERFACE 21 
10 2 
16 3 
1 
INTERFACE 22 
10 3 
14 4 
1 
INTERFACE 23 
11 2 
18 1 
1 
INTERFACE 24 
12 1 
14 1 
-1 
INTERFACE 25 
12 2 
13 1 
1 
INTERFACE 26 
14 2 
17 1 
-1 
INTERFACE 27 
15 2 
26 2 
1 
INTERFACE 28 
15 3 
18 3 
1 
INTERFACE 29 
15 4 
16 2 
1 
INTERFACE 30 
16 1 
17 3 
1 
INTERFACE 31 
16 4 
28 2 
1 
INTERFACE 32 
17 2 
32 2 
-1 
INTERFACE 33 
18 2 
29 2 
1 
INTERFACE 34 
19 2 
23 1 
1 
INTERFACE 35 
19 3 
20 4 
1 
INTERFACE 36 
20 1 
31 2 
1 
INTERFACE 37 
20 2 
21 1 
1 
INTERFACE 38 
20 3 
22 2 
1 
INTERFACE 39 
21 2 
25 1 
-1 
INTERFACE 40 
21 3 
22 4 
-1 
INTERFACE 41 
21 4 
23 3 
1 
INTERFACE 42 
22 1 
27 2 
1 
INTERFACE 43 
22 3 
31 3 
1 
INTERFACE 44 
23 2 
24 1 
1 
INTERFACE 45 
24 2 
29 1 
1 
INTERFACE 46 
24 3 
25 3 
1 
INTERFACE 47 
25 2 
26 1 
1 
INTERFACE 48 
25 4 
27 4 
-1 
INTERFACE 49 
26 3 
29 3 
1 
INTERFACE 50 
26 4 
28 4 
1 
INTERFACE 51 
27 1 
28 1 
1 
INTERFACE 52 
27 3 
30 3 
1 
INTERFACE 53 
28 3 
32 4 
1 
INTERFACE 54 
30 1 
32 1 
-1 
INTERFACE 55 
30 2 
31 1 
1 
BOUNDARY 1 
1 
1 1 
BOUNDARY 2 
1 
1 4 
BOUNDARY 3 
1 
5 4 
BOUNDARY 4 
1 
6 4 
BOUNDARY 5 
1 
11 4 
BOUNDARY 6 
1 
12 4 
BOUNDARY 7 
1 
13 4 
BOUNDARY 8 
1 
14 3 
BOUNDARY 9 
1 
17 4 
BOUNDARY 10 
1 
18 4 
BOUNDARY 11 
1 
19 1 
BOUNDARY 12 
1 
19 4 
BOUNDARY 13 
1 
23 4 
BOUNDARY 14 
1 
24 4 
BOUNDARY 15 
1 
29 4 
BOUNDARY 16 
1 
30 4 
BOUNDARY 17 
1 
31 4 
BOUNDARY 18 
1 
32 3 
