# nurbs mesh v.2.1
#
# 14-Jul-2024
#
2 2 32 55 0 
PATCH 1 
2 1 
4 2 
0.000000000000000   0.000000000000000   0.000000000000000   0.500000000000000   1.000000000000000   1.000000000000000   1.000000000000000   
0.000000000000000   0.000000000000000   1.000000000000000   1.000000000000000   
0.050000000000000   0.049904867452294   0.049525061277599   0.049240387650610   0.050500000000000   0.050403916126817   0.050020311890375   0.049732791527117   
0.000000000000000   0.002178893568691   0.006520098010365   0.008682408883347   0.000000000000000   0.002200682504378   0.006585298990468   0.008769232972180   
1.000000000000000   0.998097349045873   0.998097349045873   1.000000000000000   1.000000000000000   0.998097349045873   0.998097349045873   1.000000000000000   
PATCH 2 
2 1 
4 2 
0.000000000000000   0.000000000000000   0.000000000000000   0.500000000000000   1.000000000000000   1.000000000000000   1.000000000000000   
0.000000000000000   0.000000000000000   1.000000000000000   1.000000000000000   
0.048234817418046   0.048116408677997   0.047879591197899   0.047761182457850   0.050000000000000   0.049904867452294   0.049525061277599   0.049240387650610   
0.003635788121904   0.004658178415919   0.006702959003950   0.007725349297965   0.000000000000000   0.002178893568691   0.006520098010365   0.008682408883347   
1.000000000000000   1.000000000000000   1.000000000000000   1.000000000000000   1.000000000000000   0.998097349045873   0.998097349045873   1.000000000000000   
PATCH 3 
2 1 
13 2 
0.000000000000000   0.000000000000000   0.000000000000000   0.125000000000000   0.125000000000000   0.250000000000000   0.250000000000000   0.500000000000000   0.500000000000000   0.625000000000000   0.625000000000000   0.750000000000000   0.750000000000000   1.000000000000000   1.000000000000000   1.000000000000000   
0.000000000000000   0.000000000000000   1.000000000000000   1.000000000000000   
0.047761182457850   0.041120753660910   0.041067491040693   0.041014228420476   0.047548131976982   0.046850607275202   0.046153082573422   0.045538218448772   0.045515975675599   0.045493732902426   0.046064111480730   0.045766276018572   0.045468440556414   0.049240387650610   0.049122375608591   0.048048822615390   0.048172457266712   0.047973142717565   0.047747266132636   0.047451558427634   0.047310484159346   0.047198651161059   0.047165991519517   0.047183073847630   0.046906969431942   0.046572206763050   
0.007725349297965   0.006721252401847   0.006765370692334   0.006809488982820   0.007901822459911   0.007851545703446   0.007801268946980   0.007699515315637   0.007702993627980   0.007706471940324   0.007815182196355   0.007934902101994   0.008054622007633   0.008682408883347   0.009214726804819   0.009556597266788   0.010128598674812   0.010634343930725   0.011683155950056   0.012714606760283   0.013231910859086   0.013757817397707   0.014308516706471   0.014877843866456   0.015923314009459   0.016950897005841   
1.000000000000000   0.861132584107787   0.861132584107787   0.861132584107787   1.000000000000000   1.000000000000000   1.000000000000000   0.987164253225119   0.987164253225119   0.987164253225119   1.000000000000000   1.000000000000000   1.000000000000000   1.000000000000000   0.999524337261468   0.999167590207569   0.998810843153671   0.998573011784405   0.998097349045873   0.998097349045873   0.998097349045873   0.998216264730506   0.998335180415139   0.998573011784404   0.999048674522936   1.000000000000000   
PATCH 4 
2 2 
13 4 
0.000000000000000   0.000000000000000   0.000000000000000   0.250000000000000   0.250000000000000   0.375000000000000   0.375000000000000   0.500000000000000   0.500000000000000   0.750000000000000   0.750000000000000   0.875000000000000   0.875000000000000   1.000000000000000   1.000000000000000   1.000000000000000   
0.000000000000000   0.000000000000000   0.000000000000000   0.500000000000000   1.000000000000000   1.000000000000000   1.000000000000000   
0.044091895551485   0.045377637575089   0.046663379598693   0.046489271413625   0.046501456032611   0.046513640651597   0.046712118074636   0.047361204659031   0.048010291243425   0.043235227361952   0.048176549732076   0.043360140468609   0.048234817418046   0.044436031802717   0.045474797185960   0.046513562569203   0.046240386785825   0.046255085943358   0.046269785100890   0.046572359199333   0.047233555313073   0.047894751426814   0.042679977626583   0.046399285059230   0.042800293766684   0.048116408677997   0.045124304305182   0.045669116407701   0.046213928510221   0.045742617530226   0.045762345764852   0.045782073999478   0.046292841448725   0.046978256621159   0.047663671793593   0.041569478155845   0.042844755713539   0.041680600362834   0.047879591197899   0.045468440556414   0.045766276018572   0.046064111480730   0.045493732902426   0.045515975675599   0.045538218448772   0.046153082573422   0.046850607275202   0.047548131976982   0.041014228420476   0.041067491040693   0.041120753660910   0.047761182457850   
0.004630096106637   0.004113270767484   0.003596445428331   0.003577428472598   0.003574240313688   0.003571052154779   0.003583692792692   0.003499074865094   0.003414456937496   0.003057335857024   0.003470347686550   0.003180471459771   0.003635788121904   0.005486227581886   0.005068678601111   0.004651129620337   0.004609689339529   0.004606428642261   0.004603167944993   0.004638086831264   0.004587192574682   0.004536298318099   0.003995374138473   0.004294103437996   0.004065666695290   0.004658178415919   0.007198490532384   0.006979494268366   0.006760498004349   0.006674211073392   0.006670805299407   0.006667399525422   0.006746874908408   0.006763427993858   0.006779981079307   0.005871450701371   0.005941614940888   0.005836057166328   0.006702959003950   0.008054622007633   0.007934902101994   0.007815182196355   0.007706471940324   0.007702993627980   0.007699515315637   0.007801268946980   0.007851545703446   0.007901822459911   0.006809488982820   0.006765370692334   0.006721252401847   0.007725349297965   
1.000000000000000   1.000000000000000   1.000000000000000   0.996018414550822   0.996018414550822   0.996018414550822   1.000000000000000   1.000000000000000   1.000000000000000   0.898729447336332   1.000000000000000   0.898729447336332   1.000000000000000   1.000000000000000   1.000000000000000   1.000000000000000   0.993804874219396   0.993804874219396   0.993804874219396   1.000000000000000   1.000000000000000   1.000000000000000   0.889330231529196   0.965283146026947   0.889330231529196   1.000000000000000   1.000000000000000   1.000000000000000   1.000000000000000   0.989377793556544   0.989377793556544   0.989377793556544   1.000000000000000   1.000000000000000   1.000000000000000   0.870531799914923   0.895849438080840   0.870531799914923   1.000000000000000   1.000000000000000   1.000000000000000   1.000000000000000   0.987164253225119   0.987164253225119   0.987164253225119   1.000000000000000   1.000000000000000   1.000000000000000   0.861132584107787   0.861132584107787   0.861132584107787   1.000000000000000   
PATCH 5 
2 1 
13 2 
0.000000000000000   0.000000000000000   0.000000000000000   0.125000000000000   0.125000000000000   0.250000000000000   0.250000000000000   0.500000000000000   0.500000000000000   0.625000000000000   0.625000000000000   0.750000000000000   0.750000000000000   1.000000000000000   1.000000000000000   1.000000000000000   
0.000000000000000   0.000000000000000   1.000000000000000   1.000000000000000   
0.049240387650610   0.049122375608591   0.048048822615390   0.048172457266712   0.047973142717565   0.047747266132636   0.047451558427634   0.047310484159346   0.047198651161059   0.047165991519517   0.047183073847630   0.046906969431942   0.046572206763050   0.049732791527117   0.049613599364677   0.049488606583825   0.049363613802972   0.049232820403708   0.048971233605179   0.048686444333000   0.048544049696911   0.048395854442409   0.048247659187908   0.048093663314994   0.047785671569166   0.047454477349688   
0.008682408883347   0.009214726804819   0.009556597266788   0.010128598674812   0.010634343930725   0.011683155950056   0.012714606760283   0.013231910859086   0.013757817397707   0.014308516706471   0.014877843866456   0.015923314009459   0.016950897005841   0.008769232972180   0.009306874072867   0.009842960902535   0.010379047732203   0.010913580290852   0.011982645408149   0.013045493441370   0.013576917457981   0.014106787203572   0.014636656949163   0.015164972423735   0.016221603372879   0.017272017237946   
1.000000000000000   0.999524337261468   0.999167590207569   0.998810843153671   0.998573011784405   0.998097349045873   0.998097349045873   0.998097349045873   0.998216264730506   0.998335180415139   0.998573011784404   0.999048674522936   1.000000000000000   1.000000000000000   0.999524337261468   0.999167590207569   0.998810843153671   0.998573011784405   0.998097349045873   0.998097349045873   0.998097349045873   0.998216264730506   0.998335180415139   0.998573011784404   0.999048674522936   1.000000000000000   
PATCH 6 
2 1 
6 2 
0.000000000000000   0.000000000000000   0.000000000000000   0.250000000000000   0.500000000000000   0.750000000000000   1.000000000000000   1.000000000000000   1.000000000000000   
0.000000000000000   0.000000000000000   1.000000000000000   1.000000000000000   
0.046572206763050   0.046424011620195   0.045451781768857   0.044523315728957   0.043567985034220   0.043249063561450   0.047454477349688   0.047032993823604   0.046146485990198   0.045216437375554   0.044242847979673   0.043734282891114   
0.016950897005841   0.018052755539326   0.019998699014417   0.021957044542017   0.023902803942867   0.024969858489402   0.017272017237946   0.018289568482936   0.020304367573183   0.022298863263696   0.024273055554476   0.025250000000000   
1.000000000000000   0.999048674522936   0.998097349045873   0.998097349045873   0.999048674522936   1.000000000000000   1.000000000000000   0.999048674522936   0.998097349045873   0.998097349045873   0.999048674522936   1.000000000000000   
PATCH 7 
2 1 
6 2 
0.000000000000000   0.000000000000000   0.000000000000000   0.250000000000000   0.500000000000000   0.750000000000000   1.000000000000000   1.000000000000000   1.000000000000000   
0.000000000000000   0.000000000000000   1.000000000000000   1.000000000000000   
0.046572206763050   0.046424011620195   0.045451781768857   0.044523315728957   0.043567985034220   0.043249063561450   0.045468440556414   0.042539130136057   0.036680509295343   0.030821888454630   0.024963267613916   0.022033957193560   
0.016950897005841   0.018052755539326   0.019998699014417   0.021957044542017   0.023902803942867   0.024969858489402   0.008054622007633   0.009232106933606   0.011587076785553   0.013942046637500   0.016297016489447   0.017474501415420   
1.000000000000000   0.999048674522936   0.998097349045873   0.998097349045873   0.999048674522936   1.000000000000000   1.000000000000000   1.000000000000000   1.000000000000000   1.000000000000000   1.000000000000000   1.000000000000000   
PATCH 8 
2 1 
13 2 
0.000000000000000   0.000000000000000   0.000000000000000   0.250000000000000   0.250000000000000   0.375000000000000   0.375000000000000   0.500000000000000   0.500000000000000   0.750000000000000   0.750000000000000   0.875000000000000   0.875000000000000   1.000000000000000   1.000000000000000   1.000000000000000   
0.000000000000000   0.000000000000000   1.000000000000000   1.000000000000000   
0.043249063561450   0.042387781760167   0.041508398368363   0.041011951090481   0.040534665285275   0.039998988392984   0.039596637412556   0.038224627808336   0.036860992739592   0.036381910207394   0.035830550451704   0.035376034611773   0.034878904124327   0.022033957193560   0.021456688902250   0.020879420610940   0.020878217574875   0.020877412845237   0.020876608115599   0.020876201692387   0.020179523618983   0.019482845545580   0.017770930172941   0.017716121946445   0.017661313719949   0.019263612639596   
0.024969858489402   0.026275833225000   0.027566481695560   0.028173687159518   0.028791987425506   0.029366684661343   0.030038915083601   0.030934637268743   0.031795895533641   0.032390705584428   0.032920711310316   0.033538939005177   0.034119660067607   0.017474501415420   0.017706543983028   0.017938586550636   0.017938571421317   0.017938903060618   0.017939234699919   0.017939913107840   0.018234142449753   0.018528371791666   0.016970974385532   0.016960269056225   0.016949563726918   0.018485550474437   
1.000000000000000   0.998036986222615   0.997055479333922   0.996564725889576   0.996319349167403   0.996073972445230   0.996073972445230   0.996073972445230   0.997055479333922   0.997546232778269   0.998282362944788   0.999018493111307   1.000000000000000   1.000000000000000   1.000000000000000   1.000000000000000   0.999981060280872   0.999981060280872   0.999981060280872   1.000000000000000   1.000000000000000   1.000000000000000   0.914772655583141   0.914772655583141   0.914772655583141   1.000000000000000   
PATCH 9 
2 2 
6 4 
0.000000000000000   0.000000000000000   0.000000000000000   0.250000000000000   0.500000000000000   0.750000000000000   1.000000000000000   1.000000000000000   1.000000000000000   
0.000000000000000   0.000000000000000   0.000000000000000   0.500000000000000   1.000000000000000   1.000000000000000   1.000000000000000   
0.020657412188631   0.023586722608987   0.029445343449701   0.035303964290415   0.041162585131128   0.044091895551485   0.021001548439863   0.023930858860220   0.029789479700933   0.035648100541647   0.041506721382360   0.044436031802717   0.021689820942327   0.024619131362684   0.030477752203398   0.036336373044111   0.042194993884825   0.045124304305182   0.022033957193560   0.024963267613916   0.030821888454630   0.036680509295343   0.042539130136057   0.045468440556414   
0.014049975514424   0.012872490588451   0.010517520736504   0.008162550884557   0.005807581032610   0.004630096106637   0.014906106989673   0.013728622063700   0.011373652211753   0.009018682359806   0.006663712507859   0.005486227581886   0.016618369940171   0.015440885014198   0.013085915162251   0.010730945310304   0.008375975458357   0.007198490532384   0.017474501415420   0.016297016489447   0.013942046637500   0.011587076785553   0.009232106933606   0.008054622007633   
1.000000000000000   1.000000000000000   1.000000000000000   1.000000000000000   1.000000000000000   1.000000000000000   1.000000000000000   1.000000000000000   1.000000000000000   1.000000000000000   1.000000000000000   1.000000000000000   1.000000000000000   1.000000000000000   1.000000000000000   1.000000000000000   1.000000000000000   1.000000000000000   1.000000000000000   1.000000000000000   1.000000000000000   1.000000000000000   1.000000000000000   1.000000000000000   
PATCH 10 
2 2 
13 4 
0.000000000000000   0.000000000000000   0.000000000000000   0.250000000000000   0.250000000000000   0.375000000000000   0.375000000000000   0.500000000000000   0.500000000000000   0.750000000000000   0.750000000000000   0.875000000000000   0.875000000000000   1.000000000000000   1.000000000000000   1.000000000000000   
0.000000000000000   0.000000000000000   0.000000000000000   0.500000000000000   1.000000000000000   1.000000000000000   1.000000000000000   
0.020657412188631   0.020123199075913   0.019588985963195   0.019514784556663   0.019503810083053   0.019492835609444   0.019545088068756   0.017889373775104   0.016233659481451   0.013731723156103   0.016074235740275   0.013666761688548   0.016122932861969   0.021001548439863   0.020456571532497   0.019911594625131   0.019855642811216   0.019847210773599   0.019838778735982   0.019877866474664   0.018461911236074   0.017045955997483   0.014741524910313   0.016484707291817   0.014665399696399   0.016908102806376   0.021689820942327   0.021123316445665   0.020556811949004   0.020537359320322   0.020534012154691   0.020530664989060   0.020543423286479   0.019606986158014   0.018670549029548   0.016761128418732   0.017305650394903   0.016662675712099   0.018478442695189   0.022033957193560   0.021456688902250   0.020879420610940   0.020878217574875   0.020877412845237   0.020876608115599   0.020876201692387   0.020179523618983   0.019482845545580   0.017770930172941   0.017716121946445   0.017661313719949   0.019263612639596   
0.014049975514424   0.014264711338634   0.014479447162844   0.014436650560972   0.014439665890072   0.014442681219172   0.014491508479245   0.014748663636373   0.015005818793501   0.012804743300603   0.015141360981365   0.013003659417785   0.015344870696809   0.014906106989673   0.015125169499733   0.015344232009792   0.015312130776058   0.015314475182709   0.015316819589359   0.015353609636394   0.015620033339718   0.015886457043042   0.013846301071836   0.015596088000080   0.013990135495068   0.016130040641216   0.016618369940171   0.016846085821929   0.017073801703688   0.017063091206231   0.017064093767982   0.017065096329733   0.017077811950691   0.017362772746408   0.017647733542124   0.015929416614300   0.016505542037510   0.015963087649635   0.017700380530030   0.017474501415420   0.017706543983028   0.017938586550636   0.017938571421317   0.017938903060618   0.017939234699919   0.017939913107840   0.018234142449753   0.018528371791666   0.016970974385532   0.016960269056225   0.016949563726918   0.018485550474437   
1.000000000000000   1.000000000000000   1.000000000000000   0.996751163043598   0.996751163043598   0.996751163043598   1.000000000000000   1.000000000000000   1.000000000000000   0.852248445504741   1.000000000000000   0.852248445504741   1.000000000000000   1.000000000000000   1.000000000000000   1.000000000000000   0.997558637352916   0.997558637352916   0.997558637352916   1.000000000000000   1.000000000000000   1.000000000000000   0.867879498024341   0.978693163895785   0.867879498024341   1.000000000000000   1.000000000000000   1.000000000000000   1.000000000000000   0.999173585971553   0.999173585971553   0.999173585971553   1.000000000000000   1.000000000000000   1.000000000000000   0.899141603063541   0.936079491687356   0.899141603063541   1.000000000000000   1.000000000000000   1.000000000000000   1.000000000000000   0.999981060280872   0.999981060280872   0.999981060280872   1.000000000000000   1.000000000000000   1.000000000000000   0.914772655583141   0.914772655583141   0.914772655583141   1.000000000000000   
PATCH 11 
2 1 
13 2 
0.000000000000000   0.000000000000000   0.000000000000000   0.250000000000000   0.250000000000000   0.375000000000000   0.375000000000000   0.500000000000000   0.500000000000000   0.750000000000000   0.750000000000000   0.875000000000000   0.875000000000000   1.000000000000000   1.000000000000000   1.000000000000000   
0.000000000000000   0.000000000000000   1.000000000000000   1.000000000000000   
0.043249063561450   0.042387781760167   0.041508398368363   0.041011951090481   0.040534665285275   0.039998988392984   0.039596637412556   0.038224627808336   0.036860992739592   0.036381910207394   0.035830550451704   0.035376034611773   0.034878904124327   0.043734282891114   0.043142506727484   0.042531053738569   0.042225327244111   0.041914681543332   0.041604035842553   0.041288470935453   0.040657341121252   0.040006534481766   0.039681131162023   0.039350808635958   0.039020486109894   0.038685244377508   
0.024969858489402   0.026275833225000   0.027566481695560   0.028173687159518   0.028791987425506   0.029366684661343   0.030038915083601   0.030934637268743   0.031795895533641   0.032390705584428   0.032920711310316   0.033538939005177   0.034119660067607   0.025250000000000   0.026178902508932   0.027094027156471   0.027551589480241   0.028005707338662   0.028459825197083   0.028910498590156   0.029811845376303   0.030699414301056   0.031143198763433   0.031583538760461   0.032023878757490   0.032460774289170   
1.000000000000000   0.998036986222615   0.997055479333922   0.996564725889576   0.996319349167403   0.996073972445230   0.996073972445230   0.996073972445230   0.997055479333922   0.997546232778269   0.998282362944788   0.999018493111307   1.000000000000000   1.000000000000000   0.999048674522937   0.998573011784405   0.998335180415139   0.998216264730506   0.998097349045873   0.998097349045873   0.998097349045873   0.998573011784405   0.998810843153671   0.999167590207569   0.999524337261468   1.000000000000000   
PATCH 12 
2 1 
6 2 
0.000000000000000   0.000000000000000   0.000000000000000   0.250000000000000   0.500000000000000   0.750000000000000   1.000000000000000   1.000000000000000   1.000000000000000   
0.000000000000000   0.000000000000000   1.000000000000000   1.000000000000000   
0.020657412188631   0.023586722608987   0.029445343449701   0.035303964290415   0.041162585131128   0.044091895551485   0.014550000000000   0.018242736943936   0.025628210831807   0.033013684719678   0.040399158607549   0.044091895551485   
0.014049975514424   0.012872490588451   0.010517520736504   0.008162550884557   0.005807581032610   0.004630096106637   0.000000000000000   0.000000000000000   0.000000000000000   0.000000000000000   0.000000000000000   0.000000000000000   
1.000000000000000   1.000000000000000   1.000000000000000   1.000000000000000   1.000000000000000   1.000000000000000   1.000000000000000   1.000000000000000   1.000000000000000   1.000000000000000   1.000000000000000   1.000000000000000   
PATCH 13 
2 1 
13 2 
0.000000000000000   0.000000000000000   0.000000000000000   0.250000000000000   0.250000000000000   0.375000000000000   0.375000000000000   0.500000000000000   0.500000000000000   0.750000000000000   0.750000000000000   0.875000000000000   0.875000000000000   1.000000000000000   1.000000000000000   1.000000000000000   
0.000000000000000   0.000000000000000   1.000000000000000   1.000000000000000   
0.044091895551485   0.045377637575089   0.046663379598693   0.046489271413625   0.046501456032611   0.046513640651597   0.046712118074636   0.047361204659031   0.048010291243425   0.043235227361952   0.048176549732076   0.043360140468609   0.048234817418046   0.044091895551485   0.044830408607549   0.045568921663614   0.045938178191646   0.046307434719678   0.046676691247710   0.047045947775742   0.047784460831807   0.048522973887871   0.048892230415903   0.049261486943936   0.049630743471968   0.050000000000000   
0.004630096106637   0.004113270767484   0.003596445428331   0.003577428472598   0.003574240313688   0.003571052154779   0.003583692792692   0.003499074865094   0.003414456937496   0.003057335857024   0.003470347686550   0.003180471459771   0.003635788121904   0.000000000000000   0.000000000000000   0.000000000000000   0.000000000000000   0.000000000000000   0.000000000000000   0.000000000000000   0.000000000000000   0.000000000000000   0.000000000000000   0.000000000000000   0.000000000000000   0.000000000000000   
1.000000000000000   1.000000000000000   1.000000000000000   0.996018414550822   0.996018414550822   0.996018414550822   1.000000000000000   1.000000000000000   1.000000000000000   0.898729447336332   1.000000000000000   0.898729447336332   1.000000000000000   1.000000000000000   1.000000000000000   1.000000000000000   1.000000000000000   1.000000000000000   1.000000000000000   1.000000000000000   1.000000000000000   1.000000000000000   1.000000000000000   1.000000000000000   1.000000000000000   1.000000000000000   
PATCH 14 
2 1 
13 2 
0.000000000000000   0.000000000000000   0.000000000000000   0.250000000000000   0.250000000000000   0.375000000000000   0.375000000000000   0.500000000000000   0.500000000000000   0.750000000000000   0.750000000000000   0.875000000000000   0.875000000000000   1.000000000000000   1.000000000000000   1.000000000000000   
0.000000000000000   0.000000000000000   1.000000000000000   1.000000000000000   
0.014550000000000   0.014280719063867   0.013886764975484   0.013689787931293   0.013461642599039   0.013233497266785   0.012974183646469   0.012455556405836   0.011812256012953   0.011490605816512   0.011137787332008   0.010784968847504   0.010400982074938   0.020657412188631   0.020123199075913   0.019588985963195   0.019514784556663   0.019503810083053   0.019492835609444   0.019545088068756   0.017889373775104   0.016233659481451   0.013731723156103   0.016074235740275   0.013666761688548   0.016122932861969   
0.000000000000000   0.001373501579104   0.002696163599308   0.003357494609410   0.004006115729786   0.004654736850163   0.005290648080815   0.006562470542118   0.007783453444521   0.008393944895722   0.008991726457198   0.009589508018675   0.010174579690426   0.014049975514424   0.014264711338634   0.014479447162844   0.014436650560972   0.014439665890072   0.014442681219172   0.014491508479245   0.014748663636373   0.015005818793501   0.012804743300603   0.015141360981365   0.013003659417785   0.015344870696809   
1.000000000000000   0.981492719166129   0.972239078749193   0.967612258540726   0.965298848436492   0.962985438332258   0.962985438332258   0.962985438332258   0.972239078749193   0.976865898957661   0.983806129270363   0.990746359583064   1.000000000000000   1.000000000000000   1.000000000000000   1.000000000000000   0.996751163043598   0.996751163043598   0.996751163043598   1.000000000000000   1.000000000000000   1.000000000000000   0.852248445504741   1.000000000000000   0.852248445504741   1.000000000000000   
PATCH 15 
2 1 
4 2 
0.000000000000000   0.000000000000000   0.000000000000000   0.500000000000000   1.000000000000000   1.000000000000000   1.000000000000000   
0.000000000000000   0.000000000000000   1.000000000000000   1.000000000000000   
0.034878904124327   0.034708735370947   0.034328910058676   0.034119660067607   0.019263612639596   0.019069097098306   0.018680066015726   0.018485550474437   
0.034119660067607   0.034328910058676   0.034708735370947   0.034878904124327   0.018485550474437   0.018680066015726   0.019069097098306   0.019263612639596   
1.000000000000000   0.999969733711724   0.999969733711724   1.000000000000000   1.000000000000000   1.000000000000000   1.000000000000000   1.000000000000000   
PATCH 16 
2 2 
4 4 
0.000000000000000   0.000000000000000   0.000000000000000   0.500000000000000   1.000000000000000   1.000000000000000   1.000000000000000   
0.000000000000000   0.000000000000000   0.000000000000000   0.500000000000000   1.000000000000000   1.000000000000000   1.000000000000000   
0.016122932861969   0.016908102806376   0.018478442695189   0.019263612639596   0.015928417320679   0.016713587265086   0.018283927153899   0.019069097098306   0.015539386238099   0.016324556182506   0.017894896071320   0.018680066015726   0.015344870696809   0.016130040641216   0.017700380530030   0.018485550474437   
0.015344870696809   0.016130040641216   0.017700380530030   0.018485550474437   0.015539386238099   0.016324556182506   0.017894896071320   0.018680066015726   0.015928417320679   0.016713587265086   0.018283927153899   0.019069097098306   0.016122932861969   0.016908102806376   0.018478442695189   0.019263612639596   
1.000000000000000   1.000000000000000   1.000000000000000   1.000000000000000   1.000000000000000   1.000000000000000   1.000000000000000   1.000000000000000   1.000000000000000   1.000000000000000   1.000000000000000   1.000000000000000   1.000000000000000   1.000000000000000   1.000000000000000   1.000000000000000   
PATCH 17 
2 1 
4 2 
0.000000000000000   0.000000000000000   0.000000000000000   0.500000000000000   1.000000000000000   1.000000000000000   1.000000000000000   
0.000000000000000   0.000000000000000   1.000000000000000   1.000000000000000   
0.016122932861969   0.015928417320679   0.015539386238099   0.015344870696809   0.010400982074938   0.010344692870601   0.010231491678345   0.010174579690426   
0.015344870696809   0.015539386238099   0.015928417320679   0.016122932861969   0.010174579690426   0.010231491678345   0.010344692870601   0.010400982074938   
1.000000000000000   1.000000000000000   1.000000000000000   1.000000000000000   1.000000000000000   0.999969733711724   0.999969733711724   1.000000000000000   
PATCH 18 
2 1 
4 2 
0.000000000000000   0.000000000000000   0.000000000000000   0.500000000000000   1.000000000000000   1.000000000000000   1.000000000000000   
0.000000000000000   0.000000000000000   1.000000000000000   1.000000000000000   
0.034878904124327   0.034708735370947   0.034328910058676   0.034119660067607   0.038685244377508   0.037197068413715   0.034084833369545   0.032460774289170   
0.034119660067607   0.034328910058676   0.034708735370947   0.034878904124327   0.032460774289170   0.034084833369545   0.037197068413715   0.038685244377508   
1.000000000000000   0.999969733711724   0.999969733711724   1.000000000000000   1.000000000000000   0.998097349045873   0.998097349045873   1.000000000000000   
PATCH 19 
2 1 
4 2 
0.000000000000000   0.000000000000000   0.000000000000000   0.500000000000000   1.000000000000000   1.000000000000000   1.000000000000000   
0.000000000000000   0.000000000000000   1.000000000000000   1.000000000000000   
0.000000000000000   0.002178893568691   0.006520098010365   0.008682408883347   0.000000000000000   0.002200682504378   0.006585298990468   0.008769232972180   
0.050000000000000   0.049904867452294   0.049525061277599   0.049240387650610   0.050500000000000   0.050403916126817   0.050020311890375   0.049732791527117   
1.000000000000000   0.998097349045873   0.998097349045873   1.000000000000000   1.000000000000000   0.998097349045873   0.998097349045873   1.000000000000000   
PATCH 20 
2 1 
4 2 
0.000000000000000   0.000000000000000   0.000000000000000   0.500000000000000   1.000000000000000   1.000000000000000   1.000000000000000   
0.000000000000000   0.000000000000000   1.000000000000000   1.000000000000000   
0.003635788121904   0.004658178415919   0.006702959003950   0.007725349297965   0.000000000000000   0.002178893568691   0.006520098010365   0.008682408883347   
0.048234817418046   0.048116408677997   0.047879591197899   0.047761182457850   0.050000000000000   0.049904867452294   0.049525061277599   0.049240387650610   
1.000000000000000   1.000000000000000   1.000000000000000   1.000000000000000   1.000000000000000   0.998097349045873   0.998097349045873   1.000000000000000   
PATCH 21 
2 1 
13 2 
0.000000000000000   0.000000000000000   0.000000000000000   0.125000000000000   0.125000000000000   0.250000000000000   0.250000000000000   0.500000000000000   0.500000000000000   0.625000000000000   0.625000000000000   0.750000000000000   0.750000000000000   1.000000000000000   1.000000000000000   1.000000000000000   
0.000000000000000   0.000000000000000   1.000000000000000   1.000000000000000   
0.007725349297965   0.006721252401847   0.006765370692334   0.006809488982820   0.007901822459911   0.007851545703446   0.007801268946980   0.007699515315637   0.007702993627980   0.007706471940324   0.007815182196355   0.007934902101994   0.008054622007633   0.008682408883347   0.009214726804819   0.009556597266788   0.010128598674812   0.010634343930725   0.011683155950056   0.012714606760283   0.013231910859086   0.013757817397707   0.014308516706471   0.014877843866456   0.015923314009459   0.016950897005841   
0.047761182457850   0.041120753660910   0.041067491040693   0.041014228420476   0.047548131976982   0.046850607275202   0.046153082573422   0.045538218448772   0.045515975675599   0.045493732902426   0.046064111480730   0.045766276018572   0.045468440556414   0.049240387650610   0.049122375608591   0.048048822615390   0.048172457266712   0.047973142717565   0.047747266132636   0.047451558427634   0.047310484159346   0.047198651161059   0.047165991519517   0.047183073847630   0.046906969431942   0.046572206763050   
1.000000000000000   0.861132584107787   0.861132584107787   0.861132584107787   1.000000000000000   1.000000000000000   1.000000000000000   0.987164253225119   0.987164253225119   0.987164253225119   1.000000000000000   1.000000000000000   1.000000000000000   1.000000000000000   0.999524337261468   0.999167590207569   0.998810843153671   0.998573011784405   0.998097349045873   0.998097349045873   0.998097349045873   0.998216264730506   0.998335180415139   0.998573011784404   0.999048674522936   1.000000000000000   
PATCH 22 
2 2 
13 4 
0.000000000000000   0.000000000000000   0.000000000000000   0.250000000000000   0.250000000000000   0.375000000000000   0.375000000000000   0.500000000000000   0.500000000000000   0.750000000000000   0.750000000000000   0.875000000000000   0.875000000000000   1.000000000000000   1.000000000000000   1.000000000000000   
0.000000000000000   0.000000000000000   0.000000000000000   0.500000000000000   1.000000000000000   1.000000000000000   1.000000000000000   
0.004630096106637   0.004113270767484   0.003596445428331   0.003577428472598   0.003574240313688   0.003571052154779   0.003583692792692   0.003499074865094   0.003414456937496   0.003057335857024   0.003470347686550   0.003180471459771   0.003635788121904   0.005486227581886   0.005068678601111   0.004651129620337   0.004609689339529   0.004606428642261   0.004603167944993   0.004638086831264   0.004587192574682   0.004536298318099   0.003995374138473   0.004294103437996   0.004065666695290   0.004658178415919   0.007198490532384   0.006979494268366   0.006760498004349   0.006674211073392   0.006670805299407   0.006667399525422   0.006746874908408   0.006763427993858   0.006779981079307   0.005871450701371   0.005941614940888   0.005836057166328   0.006702959003950   0.008054622007633   0.007934902101994   0.007815182196355   0.007706471940324   0.007702993627980   0.007699515315637   0.007801268946980   0.007851545703446   0.007901822459911   0.006809488982820   0.006765370692334   0.006721252401847   0.007725349297965   
0.044091895551485   0.045377637575089   0.046663379598693   0.046489271413625   0.046501456032611   0.046513640651597   0.046712118074636   0.047361204659031   0.048010291243425   0.043235227361952   0.048176549732076   0.043360140468609   0.048234817418046   0.044436031802717   0.045474797185960   0.046513562569203   0.046240386785825   0.046255085943358   0.046269785100890   0.046572359199333   0.047233555313073   0.047894751426814   0.042679977626583   0.046399285059230   0.042800293766684   0.048116408677997   0.045124304305182   0.045669116407701   0.046213928510221   0.045742617530226   0.045762345764852   0.045782073999478   0.046292841448725   0.046978256621159   0.047663671793593   0.041569478155845   0.042844755713539   0.041680600362834   0.047879591197899   0.045468440556414   0.045766276018572   0.046064111480730   0.045493732902426   0.045515975675599   0.045538218448772   0.046153082573422   0.046850607275202   0.047548131976982   0.041014228420476   0.041067491040693   0.041120753660910   0.047761182457850   
1.000000000000000   1.000000000000000   1.000000000000000   0.996018414550822   0.996018414550822   0.996018414550822   1.000000000000000   1.000000000000000   1.000000000000000   0.898729447336332   1.000000000000000   0.898729447336332   1.000000000000000   1.000000000000000   1.000000000000000   1.000000000000000   0.993804874219396   0.993804874219396   0.993804874219396   1.000000000000000   1.000000000000000   1.000000000000000   0.889330231529196   0.965283146026947   0.889330231529196   1.000000000000000   1.000000000000000   1.000000000000000   1.000000000000000   0.989377793556544   0.989377793556544   0.989377793556544   1.000000000000000   1.000000000000000   1.000000000000000   0.870531799914923   0.895849438080840   0.870531799914923   1.000000000000000   1.000000000000000   1.000000000000000   1.000000000000000   0.987164253225119   0.987164253225119   0.987164253225119   1.000000000000000   1.000000000000000   1.000000000000000   0.861132584107787   0.861132584107787   0.861132584107787   1.000000000000000   
PATCH 23 
2 1 
13 2 
0.000000000000000   0.000000000000000   0.000000000000000   0.125000000000000   0.125000000000000   0.250000000000000   0.250000000000000   0.500000000000000   0.500000000000000   0.625000000000000   0.625000000000000   0.750000000000000   0.750000000000000   1.000000000000000   1.000000000000000   1.000000000000000   
0.000000000000000   0.000000000000000   1.000000000000000   1.000000000000000   
0.008682408883347   0.009214726804819   0.009556597266788   0.010128598674812   0.010634343930725   0.011683155950056   0.012714606760283   0.013231910859086   0.013757817397707   0.014308516706471   0.014877843866456   0.015923314009459   0.016950897005841   0.008769232972180   0.009306874072867   0.009842960902535   0.010379047732203   0.010913580290852   0.011982645408149   0.013045493441370   0.013576917457981   0.014106787203572   0.014636656949163   0.015164972423735   0.016221603372879   0.017272017237946   
0.049240387650610   0.049122375608591   0.048048822615390   0.048172457266712   0.047973142717565   0.047747266132636   0.047451558427634   0.047310484159346   0.047198651161059   0.047165991519517   0.047183073847630   0.046906969431942   0.046572206763050   0.049732791527117   0.049613599364677   0.049488606583825   0.049363613802972   0.049232820403708   0.048971233605179   0.048686444333000   0.048544049696911   0.048395854442409   0.048247659187908   0.048093663314994   0.047785671569166   0.047454477349688   
1.000000000000000   0.999524337261468   0.999167590207569   0.998810843153671   0.998573011784405   0.998097349045873   0.998097349045873   0.998097349045873   0.998216264730506   0.998335180415139   0.998573011784404   0.999048674522936   1.000000000000000   1.000000000000000   0.999524337261468   0.999167590207569   0.998810843153671   0.998573011784405   0.998097349045873   0.998097349045873   0.998097349045873   0.998216264730506   0.998335180415139   0.998573011784404   0.999048674522936   1.000000000000000   
PATCH 24 
2 1 
6 2 
0.000000000000000   0.000000000000000   0.000000000000000   0.250000000000000   0.500000000000000   0.750000000000000   1.000000000000000   1.000000000000000   1.000000000000000   
0.000000000000000   0.000000000000000   1.000000000000000   1.000000000000000   
0.016950897005841   0.018052755539326   0.019998699014417   0.021957044542017   0.023902803942867   0.024969858489402   0.017272017237946   0.018289568482936   0.020304367573183   0.022298863263696   0.024273055554476   0.025250000000000   
0.046572206763050   0.046424011620195   0.045451781768857   0.044523315728957   0.043567985034220   0.043249063561450   0.047454477349688   0.047032993823604   0.046146485990198   0.045216437375554   0.044242847979673   0.043734282891114   
1.000000000000000   0.999048674522936   0.998097349045873   0.998097349045873   0.999048674522936   1.000000000000000   1.000000000000000   0.999048674522936   0.998097349045873   0.998097349045873   0.999048674522936   1.000000000000000   
PATCH 25 
2 1 
6 2 
0.000000000000000   0.000000000000000   0.000000000000000   0.250000000000000   0.500000000000000   0.750000000000000   1.000000000000000   1.000000000000000   1.000000000000000   
0.000000000000000   0.000000000000000   1.000000000000000   1.000000000000000   
0.016950897005841   0.018052755539326   0.019998699014417   0.021957044542017   0.023902803942867   0.024969858489402   0.008054622007633   0.009232106933606   0.011587076785553   0.013942046637500   0.016297016489447   0.017474501415420   
0.046572206763050   0.046424011620195   0.045451781768857   0.044523315728957   0.043567985034220   0.043249063561450   0.045468440556414   0.042539130136057   0.036680509295343   0.030821888454630   0.024963267613916   0.022033957193560   
1.000000000000000   0.999048674522936   0.998097349045873   0.998097349045873   0.999048674522936   1.000000000000000   1.000000000000000   1.000000000000000   1.000000000000000   1.000000000000000   1.000000000000000   1.000000000000000   
PATCH 26 
2 1 
13 2 
0.000000000000000   0.000000000000000   0.000000000000000   0.250000000000000   0.250000000000000   0.375000000000000   0.375000000000000   0.500000000000000   0.500000000000000   0.750000000000000   0.750000000000000   0.875000000000000   0.875000000000000   1.000000000000000   1.000000000000000   1.000000000000000   
0.000000000000000   0.000000000000000   1.000000000000000   1.000000000000000   
0.024969858489402   0.026275833225000   0.027566481695560   0.028173687159518   0.028791987425506   0.029366684661343   0.030038915083601   0.030934637268743   0.031795895533641   0.032390705584428   0.032920711310316   0.033538939005177   0.034119660067607   0.017474501415420   0.017706543983028   0.017938586550636   0.017938571421317   0.017938903060618   0.017939234699919   0.017939913107840   0.018234142449753   0.018528371791666   0.016970974385532   0.016960269056225   0.016949563726918   0.018485550474437   
0.043249063561450   0.042387781760167   0.041508398368363   0.041011951090481   0.040534665285275   0.039998988392984   0.039596637412556   0.038224627808336   0.036860992739592   0.036381910207394   0.035830550451704   0.035376034611773   0.034878904124327   0.022033957193560   0.021456688902250   0.020879420610940   0.020878217574875   0.020877412845237   0.020876608115599   0.020876201692387   0.020179523618983   0.019482845545580   0.017770930172941   0.017716121946445   0.017661313719949   0.019263612639596   
1.000000000000000   0.998036986222615   0.997055479333922   0.996564725889576   0.996319349167403   0.996073972445230   0.996073972445230   0.996073972445230   0.997055479333922   0.997546232778269   0.998282362944788   0.999018493111307   1.000000000000000   1.000000000000000   1.000000000000000   1.000000000000000   0.999981060280872   0.999981060280872   0.999981060280872   1.000000000000000   1.000000000000000   1.000000000000000   0.914772655583141   0.914772655583141   0.914772655583141   1.000000000000000   
PATCH 27 
2 2 
6 4 
0.000000000000000   0.000000000000000   0.000000000000000   0.250000000000000   0.500000000000000   0.750000000000000   1.000000000000000   1.000000000000000   1.000000000000000   
0.000000000000000   0.000000000000000   0.000000000000000   0.500000000000000   1.000000000000000   1.000000000000000   1.000000000000000   
0.014049975514424   0.012872490588451   0.010517520736504   0.008162550884557   0.005807581032610   0.004630096106637   0.014906106989673   0.013728622063700   0.011373652211753   0.009018682359806   0.006663712507859   0.005486227581886   0.016618369940171   0.015440885014198   0.013085915162251   0.010730945310304   0.008375975458357   0.007198490532384   0.017474501415420   0.016297016489447   0.013942046637500   0.011587076785553   0.009232106933606   0.008054622007633   
0.020657412188631   0.023586722608987   0.029445343449701   0.035303964290415   0.041162585131128   0.044091895551485   0.021001548439863   0.023930858860220   0.029789479700933   0.035648100541647   0.041506721382360   0.044436031802717   0.021689820942327   0.024619131362684   0.030477752203398   0.036336373044111   0.042194993884825   0.045124304305182   0.022033957193560   0.024963267613916   0.030821888454630   0.036680509295343   0.042539130136057   0.045468440556414   
1.000000000000000   1.000000000000000   1.000000000000000   1.000000000000000   1.000000000000000   1.000000000000000   1.000000000000000   1.000000000000000   1.000000000000000   1.000000000000000   1.000000000000000   1.000000000000000   1.000000000000000   1.000000000000000   1.000000000000000   1.000000000000000   1.000000000000000   1.000000000000000   1.000000000000000   1.000000000000000   1.000000000000000   1.000000000000000   1.000000000000000   1.000000000000000   
PATCH 28 
2 2 
13 4 
0.000000000000000   0.000000000000000   0.000000000000000   0.250000000000000   0.250000000000000   0.375000000000000   0.375000000000000   0.500000000000000   0.500000000000000   0.750000000000000   0.750000000000000   0.875000000000000   0.875000000000000   1.000000000000000   1.000000000000000   1.000000000000000   
0.000000000000000   0.000000000000000   0.000000000000000   0.500000000000000   1.000000000000000   1.000000000000000   1.000000000000000   
0.014049975514424   0.014264711338634   0.014479447162844   0.014436650560972   0.014439665890072   0.014442681219172   0.014491508479245   0.014748663636373   0.015005818793501   0.012804743300603   0.015141360981365   0.013003659417785   0.015344870696809   0.014906106989673   0.015125169499733   0.015344232009792   0.015312130776058   0.015314475182709   0.015316819589359   0.015353609636394   0.015620033339718   0.015886457043042   0.013846301071836   0.015596088000080   0.013990135495068   0.016130040641216   0.016618369940171   0.016846085821929   0.017073801703688   0.017063091206231   0.017064093767982   0.017065096329733   0.017077811950691   0.017362772746408   0.017647733542124   0.015929416614300   0.016505542037510   0.015963087649635   0.017700380530030   0.017474501415420   0.017706543983028   0.017938586550636   0.017938571421317   0.017938903060618   0.017939234699919   0.017939913107840   0.018234142449753   0.018528371791666   0.016970974385532   0.016960269056225   0.016949563726918   0.018485550474437   
0.020657412188631   0.020123199075913   0.019588985963195   0.019514784556663   0.019503810083053   0.019492835609444   0.019545088068756   0.017889373775104   0.016233659481451   0.013731723156103   0.016074235740275   0.013666761688548   0.016122932861969   0.021001548439863   0.020456571532497   0.019911594625131   0.019855642811216   0.019847210773599   0.019838778735982   0.019877866474664   0.018461911236074   0.017045955997483   0.014741524910313   0.016484707291817   0.014665399696399   0.016908102806376   0.021689820942327   0.021123316445665   0.020556811949004   0.020537359320322   0.020534012154691   0.020530664989060   0.020543423286479   0.019606986158014   0.018670549029548   0.016761128418732   0.017305650394903   0.016662675712099   0.018478442695189   0.022033957193560   0.021456688902250   0.020879420610940   0.020878217574875   0.020877412845237   0.020876608115599   0.020876201692387   0.020179523618983   0.019482845545580   0.017770930172941   0.017716121946445   0.017661313719949   0.019263612639596   
1.000000000000000   1.000000000000000   1.000000000000000   0.996751163043598   0.996751163043598   0.996751163043598   1.000000000000000   1.000000000000000   1.000000000000000   0.852248445504741   1.000000000000000   0.852248445504741   1.000000000000000   1.000000000000000   1.000000000000000   1.000000000000000   0.997558637352916   0.997558637352916   0.997558637352916   1.000000000000000   1.000000000000000   1.000000000000000   0.867879498024341   0.978693163895785   0.867879498024341   1.000000000000000   1.000000000000000   1.000000000000000   1.000000000000000   0.999173585971553   0.999173585971553   0.999173585971553   1.000000000000000   1.000000000000000   1.000000000000000   0.899141603063541   0.936079491687356   0.899141603063541   1.000000000000000   1.000000000000000   1.000000000000000   1.000000000000000   0.999981060280872   0.999981060280872   0.999981060280872   1.000000000000000   1.000000000000000   1.000000000000000   0.914772655583141   0.914772655583141   0.914772655583141   1.000000000000000   
PATCH 29 
2 1 
13 2 
0.000000000000000   0.000000000000000   0.000000000000000   0.250000000000000   0.250000000000000   0.375000000000000   0.375000000000000   0.500000000000000   0.500000000000000   0.750000000000000   0.750000000000000   0.875000000000000   0.875000000000000   1.000000000000000   1.000000000000000   1.000000000000000   
0.000000000000000   0.000000000000000   1.000000000000000   1.000000000000000   
0.024969858489402   0.026275833225000   0.027566481695560   0.028173687159518   0.028791987425506   0.029366684661343   0.030038915083601   0.030934637268743   0.031795895533641   0.032390705584428   0.032920711310316   0.033538939005177   0.034119660067607   0.025250000000000   0.026178902508932   0.027094027156471   0.027551589480241   0.028005707338662   0.028459825197083   0.028910498590156   0.029811845376303   0.030699414301056   0.031143198763433   0.031583538760461   0.032023878757490   0.032460774289170   
0.043249063561450   0.042387781760167   0.041508398368363   0.041011951090481   0.040534665285275   0.039998988392984   0.039596637412556   0.038224627808336   0.036860992739592   0.036381910207394   0.035830550451704   0.035376034611773   0.034878904124327   0.043734282891114   0.043142506727484   0.042531053738569   0.042225327244111   0.041914681543332   0.041604035842553   0.041288470935453   0.040657341121252   0.040006534481766   0.039681131162023   0.039350808635958   0.039020486109894   0.038685244377508   
1.000000000000000   0.998036986222615   0.997055479333922   0.996564725889576   0.996319349167403   0.996073972445230   0.996073972445230   0.996073972445230   0.997055479333922   0.997546232778269   0.998282362944788   0.999018493111307   1.000000000000000   1.000000000000000   0.999048674522937   0.998573011784405   0.998335180415139   0.998216264730506   0.998097349045873   0.998097349045873   0.998097349045873   0.998573011784405   0.998810843153671   0.999167590207569   0.999524337261468   1.000000000000000   
PATCH 30 
2 1 
6 2 
0.000000000000000   0.000000000000000   0.000000000000000   0.250000000000000   0.500000000000000   0.750000000000000   1.000000000000000   1.000000000000000   1.000000000000000   
0.000000000000000   0.000000000000000   1.000000000000000   1.000000000000000   
0.014049975514424   0.012872490588451   0.010517520736504   0.008162550884557   0.005807581032610   0.004630096106637   0.000000000000000   0.000000000000000   0.000000000000000   0.000000000000000   0.000000000000000   0.000000000000000   
0.020657412188631   0.023586722608987   0.029445343449701   0.035303964290415   0.041162585131128   0.044091895551485   0.014550000000000   0.018242736943936   0.025628210831807   0.033013684719678   0.040399158607549   0.044091895551485   
1.000000000000000   1.000000000000000   1.000000000000000   1.000000000000000   1.000000000000000   1.000000000000000   1.000000000000000   1.000000000000000   1.000000000000000   1.000000000000000   1.000000000000000   1.000000000000000   
PATCH 31 
2 1 
13 2 
0.000000000000000   0.000000000000000   0.000000000000000   0.250000000000000   0.250000000000000   0.375000000000000   0.375000000000000   0.500000000000000   0.500000000000000   0.750000000000000   0.750000000000000   0.875000000000000   0.875000000000000   1.000000000000000   1.000000000000000   1.000000000000000   
0.000000000000000   0.000000000000000   1.000000000000000   1.000000000000000   
0.004630096106637   0.004113270767484   0.003596445428331   0.003577428472598   0.003574240313688   0.003571052154779   0.003583692792692   0.003499074865094   0.003414456937496   0.003057335857024   0.003470347686550   0.003180471459771   0.003635788121904   0.000000000000000   0.000000000000000   0.000000000000000   0.000000000000000   0.000000000000000   0.000000000000000   0.000000000000000   0.000000000000000   0.000000000000000   0.000000000000000   0.000000000000000   0.000000000000000   0.000000000000000   
0.044091895551485   0.045377637575089   0.046663379598693   0.046489271413625   0.046501456032611   0.046513640651597   0.046712118074636   0.047361204659031   0.048010291243425   0.043235227361952   0.048176549732076   0.043360140468609   0.048234817418046   0.044091895551485   0.044830408607549   0.045568921663614   0.045938178191646   0.046307434719678   0.046676691247710   0.047045947775742   0.047784460831807   0.048522973887871   0.048892230415903   0.049261486943936   0.049630743471968   0.050000000000000   
1.000000000000000   1.000000000000000   1.000000000000000   0.996018414550822   0.996018414550822   0.996018414550822   1.000000000000000   1.000000000000000   1.000000000000000   0.898729447336332   1.000000000000000   0.898729447336332   1.000000000000000   1.000000000000000   1.000000000000000   1.000000000000000   1.000000000000000   1.000000000000000   1.000000000000000   1.000000000000000   1.000000000000000   1.000000000000000   1.000000000000000   1.000000000000000   1.000000000000000   1.000000000000000   
PATCH 32 
2 1 
13 2 
0.000000000000000   0.000000000000000   0.000000000000000   0.250000000000000   0.250000000000000   0.375000000000000   0.375000000000000   0.500000000000000   0.500000000000000   0.750000000000000   0.750000000000000   0.875000000000000   0.875000000000000   1.000000000000000   1.000000000000000   1.000000000000000   
0.000000000000000   0.000000000000000   1.000000000000000   1.000000000000000   
0.000000000000000   0.001373501579104   0.002696163599308   0.003357494609410   0.004006115729786   0.004654736850163   0.005290648080815   0.006562470542118   0.007783453444521   0.008393944895722   0.008991726457198   0.009589508018675   0.010174579690426   0.014049975514424   0.014264711338634   0.014479447162844   0.014436650560972   0.014439665890072   0.014442681219172   0.014491508479245   0.014748663636373   0.015005818793501   0.012804743300603   0.015141360981365   0.013003659417785   0.015344870696809   
0.014550000000000   0.014280719063867   0.013886764975484   0.013689787931293   0.013461642599039   0.013233497266785   0.012974183646469   0.012455556405836   0.011812256012953   0.011490605816512   0.011137787332008   0.010784968847504   0.010400982074938   0.020657412188631   0.020123199075913   0.019588985963195   0.019514784556663   0.019503810083053   0.019492835609444   0.019545088068756   0.017889373775104   0.016233659481451   0.013731723156103   0.016074235740275   0.013666761688548   0.016122932861969   
1.000000000000000   0.981492719166129   0.972239078749193   0.967612258540726   0.965298848436492   0.962985438332258   0.962985438332258   0.962985438332258   0.972239078749193   0.976865898957661   0.983806129270363   0.990746359583064   1.000000000000000   1.000000000000000   1.000000000000000   1.000000000000000   0.996751163043598   0.996751163043598   0.996751163043598   1.000000000000000   1.000000000000000   1.000000000000000   0.852248445504741   1.000000000000000   0.852248445504741   1.000000000000000   
INTERFACE 1 
1 2 
5 1 
1 
INTERFACE 2 
1 3 
2 4 
1 
INTERFACE 3 
2 1 
13 2 
1 
INTERFACE 4 
2 2 
3 1 
1 
INTERFACE 5 
2 3 
4 2 
1 
INTERFACE 6 
3 2 
7 1 
-1 
INTERFACE 7 
3 3 
4 4 
-1 
INTERFACE 8 
3 4 
5 3 
1 
INTERFACE 9 
4 1 
9 2 
1 
INTERFACE 10 
4 3 
13 3 
1 
INTERFACE 11 
5 2 
6 1 
1 
INTERFACE 12 
6 2 
11 1 
1 
INTERFACE 13 
6 3 
7 3 
1 
INTERFACE 14 
7 2 
8 1 
1 
INTERFACE 15 
7 4 
9 4 
-1 
INTERFACE 16 
8 2 
15 1 
1 
INTERFACE 17 
8 3 
11 3 
1 
INTERFACE 18 
8 4 
10 4 
1 
INTERFACE 19 
9 1 
10 1 
1 
INTERFACE 20 
9 3 
12 3 
1 
INTERFACE 21 
10 2 
16 3 
1 
INTERFACE 22 
10 3 
14 4 
1 
INTERFACE 23 
11 2 
18 1 
1 
INTERFACE 24 
12 1 
14 1 
-1 
INTERFACE 25 
12 2 
13 1 
1 
INTERFACE 26 
14 2 
17 1 
-1 
INTERFACE 27 
15 2 
26 2 
1 
INTERFACE 28 
15 3 
18 3 
1 
INTERFACE 29 
15 4 
16 2 
1 
INTERFACE 30 
16 1 
17 3 
1 
INTERFACE 31 
16 4 
28 2 
1 
INTERFACE 32 
17 2 
32 2 
-1 
INTERFACE 33 
18 2 
29 2 
1 
INTERFACE 34 
19 2 
23 1 
1 
INTERFACE 35 
19 3 
20 4 
1 
INTERFACE 36 
20 1 
31 2 
1 
INTERFACE 37 
20 2 
21 1 
1 
INTERFACE 38 
20 3 
22 2 
1 
INTERFACE 39 
21 2 
25 1 
-1 
INTERFACE 40 
21 3 
22 4 
-1 
INTERFACE 41 
21 4 
23 3 
1 
INTERFACE 42 
22 1 
27 2 
1 
INTERFACE 43 
22 3 
31 3 
1 
INTERFACE 44 
23 2 
24 1 
1 
INTERFACE 45 
24 2 
29 1 
1 
INTERFACE 46 
24 3 
25 3 
1 
INTERFACE 47 
25 2 
26 1 
1 
INTERFACE 48 
25 4 
27 4 
-1 
INTERFACE 49 
26 3 
29 3 
1 
INTERFACE 50 
26 4 
28 4 
1 
INTERFACE 51 
27 1 
28 1 
1 
INTERFACE 52 
27 3 
30 3 
1 
INTERFACE 53 
28 3 
32 4 
1 
INTERFACE 54 
30 1 
32 1 
-1 
INTERFACE 55 
30 2 
31 1 
1 
BOUNDARY 1 
1 
1 1 
BOUNDARY 2 
1 
1 4 
BOUNDARY 3 
1 
5 4 
BOUNDARY 4 
1 
6 4 
BOUNDARY 5 
1 
11 4 
BOUNDARY 6 
1 
12 4 
BOUNDARY 7 
1 
13 4 
BOUNDARY 8 
1 
14 3 
BOUNDARY 9 
1 
17 4 
BOUNDARY 10 
1 
18 4 
BOUNDARY 11 
1 
19 1 
BOUNDARY 12 
1 
19 4 
BOUNDARY 13 
1 
23 4 
BOUNDARY 14 
1 
24 4 
BOUNDARY 15 
1 
29 4 
BOUNDARY 16 
1 
30 4 
BOUNDARY 17 
1 
31 4 
BOUNDARY 18 
1 
32 3 
