# nurbs mesh v.2.1
#
# 14-Jul-2024
#
2 2 32 55 0 
PATCH 1 
2 1 
4 2 
0.000000000000000   0.000000000000000   0.000000000000000   0.500000000000000   1.000000000000000   1.000000000000000   1.000000000000000   
0.000000000000000   0.000000000000000   1.000000000000000   1.000000000000000   
0.050000000000000   0.049904867452294   0.049525061277599   0.049240387650610   0.050500000000000   0.050403916126817   0.050020311890375   0.049732791527117   
0.000000000000000   0.002178893568691   0.006520098010365   0.008682408883347   0.000000000000000   0.002200682504378   0.006585298990468   0.008769232972180   
1.000000000000000   0.998097349045873   0.998097349045873   1.000000000000000   1.000000000000000   0.998097349045873   0.998097349045873   1.000000000000000   
PATCH 2 
2 1 
4 2 
0.000000000000000   0.000000000000000   0.000000000000000   0.500000000000000   1.000000000000000   1.000000000000000   1.000000000000000   
0.000000000000000   0.000000000000000   1.000000000000000   1.000000000000000   
0.048330795708162   0.048195600144384   0.047925209016829   0.047790013453052   0.050000000000000   0.049904867452294   0.049525061277599   0.049240387650610   
0.003501490463203   0.004600694915171   0.006799103819109   0.007898308271077   0.000000000000000   0.002178893568691   0.006520098010365   0.008682408883347   
1.000000000000000   1.000000000000000   1.000000000000000   1.000000000000000   1.000000000000000   0.998097349045873   0.998097349045873   1.000000000000000   
PATCH 3 
2 1 
13 2 
0.000000000000000   0.000000000000000   0.000000000000000   0.125000000000000   0.125000000000000   0.250000000000000   0.250000000000000   0.500000000000000   0.500000000000000   0.625000000000000   0.625000000000000   0.750000000000000   0.750000000000000   1.000000000000000   1.000000000000000   1.000000000000000   
0.000000000000000   0.000000000000000   1.000000000000000   1.000000000000000   
0.047790013453052   0.043702797843500   0.047707107546713   0.043570868449444   0.047548666565698   0.045996987985968   0.044445309406238   0.043697364325917   0.043672080327585   0.043646796329252   0.044344173412909   0.044110684987731   0.043877196562553   0.049240387650610   0.049122375608591   0.048461162610243   0.048446868436006   0.048180658784058   0.047873917180908   0.047671897873927   0.047568881059379   0.047503019867522   0.047437747522616   0.047342217158632   0.047093303096338   0.046817329159186   
0.007898308271077   0.007304670788405   0.008037102007335   0.007398114490784   0.008069250818592   0.007728961208020   0.007388671597447   0.007263020274644   0.007264030566737   0.007265040858830   0.007392712765819   0.007463855779556   0.007534998793294   0.008682408883347   0.009214726804819   0.009638609000964   0.010186295557292   0.010680344611465   0.011714145869857   0.012773646536978   0.013304179930270   0.013846537074691   0.014390957999130   0.014928025195063   0.015986567924275   0.017040114261787   
1.000000000000000   0.914682012606705   1.000000000000000   0.914682012606705   1.000000000000000   1.000000000000000   1.000000000000000   0.983727680059058   0.983727680059058   0.983727680059058   1.000000000000000   1.000000000000000   1.000000000000000   1.000000000000000   0.999524337261468   0.999167590207569   0.998810843153671   0.998573011784405   0.998097349045873   0.998097349045873   0.998097349045873   0.998216264730506   0.998335180415139   0.998573011784404   0.999048674522936   1.000000000000000   
PATCH 4 
2 2 
13 4 
0.000000000000000   0.000000000000000   0.000000000000000   0.250000000000000   0.250000000000000   0.375000000000000   0.375000000000000   0.500000000000000   0.500000000000000   0.750000000000000   0.750000000000000   0.875000000000000   0.875000000000000   1.000000000000000   1.000000000000000   1.000000000000000   
0.000000000000000   0.000000000000000   0.000000000000000   0.500000000000000   1.000000000000000   1.000000000000000   1.000000000000000   
0.042966721728862   0.044796868169144   0.046627014609426   0.046525251522225   0.046534811425666   0.046544371329107   0.046665254223190   0.047388746022612   0.048112237822034   0.043442154179866   0.048275255870217   0.043563421555963   0.048330795708162   0.043194340437285   0.044625322373791   0.046056304310297   0.045805637723982   0.045819128651146   0.045832619578309   0.046110268018952   0.047040806513451   0.047971345007950   0.043474332747261   0.048133218789341   0.043598265627847   0.048195600144384   0.043649577854130   0.044282230783084   0.044914883712038   0.044366410127495   0.044387763102105   0.044409116076714   0.045000295610476   0.046344927495129   0.047689559379782   0.043538689882050   0.047849144627589   0.043667953771616   0.047925209016829   0.043877196562553   0.044110684987731   0.044344173412909   0.043646796329252   0.043672080327585   0.043697364325917   0.044445309406238   0.045996987985968   0.047548666565698   0.043570868449444   0.047707107546713   0.043702797843500   0.047790013453052   
0.004546858090296   0.003989219598181   0.003431581106066   0.003420563282998   0.003418644313564   0.003416725344130   0.003423905228330   0.003350994390065   0.003278083551800   0.002945320008282   0.003337214304430   0.003069277877877   0.003501490463203   0.005293893266045   0.004857878643525   0.004421864021005   0.004381682676956   0.004379990876857   0.004378299076759   0.004415096820609   0.004445486094554   0.004475875368498   0.004058518628907   0.004512186230156   0.004128126105509   0.004600694915171   0.006787963617544   0.006595196734213   0.006402429850881   0.006303921464872   0.006302684003444   0.006301446542015   0.006397480005168   0.006634469503531   0.006871459001894   0.006284915870158   0.006862130081609   0.006245822560773   0.006799103819109   0.007534998793294   0.007463855779556   0.007392712765819   0.007265040858830   0.007264030566737   0.007263020274644   0.007388671597447   0.007728961208020   0.008069250818592   0.007398114490784   0.008037102007335   0.007304670788405   0.007898308271077   
1.000000000000000   1.000000000000000   1.000000000000000   0.997617468606958   0.997617468606958   0.997617468606958   1.000000000000000   1.000000000000000   1.000000000000000   0.901140492861753   1.000000000000000   0.901140492861753   1.000000000000000   1.000000000000000   1.000000000000000   1.000000000000000   0.994145021469983   0.994145021469983   0.994145021469983   1.000000000000000   1.000000000000000   1.000000000000000   0.904525872797991   1.000000000000000   0.904525872797991   1.000000000000000   1.000000000000000   1.000000000000000   1.000000000000000   0.987200127196033   0.987200127196033   0.987200127196033   1.000000000000000   1.000000000000000   1.000000000000000   0.911296632670467   1.000000000000000   0.911296632670467   1.000000000000000   1.000000000000000   1.000000000000000   1.000000000000000   0.983727680059058   0.983727680059058   0.983727680059058   1.000000000000000   1.000000000000000   1.000000000000000   0.914682012606705   1.000000000000000   0.914682012606705   1.000000000000000   
PATCH 5 
2 1 
13 2 
0.000000000000000   0.000000000000000   0.000000000000000   0.125000000000000   0.125000000000000   0.250000000000000   0.250000000000000   0.500000000000000   0.500000000000000   0.625000000000000   0.625000000000000   0.750000000000000   0.750000000000000   1.000000000000000   1.000000000000000   1.000000000000000   
0.000000000000000   0.000000000000000   1.000000000000000   1.000000000000000   
0.049240387650610   0.049122375608591   0.048461162610243   0.048446868436006   0.048180658784058   0.047873917180908   0.047671897873927   0.047568881059379   0.047503019867522   0.047437747522616   0.047342217158632   0.047093303096338   0.046817329159186   0.049732791527117   0.049613599364677   0.049488606583825   0.049363613802972   0.049232820403708   0.048971233605179   0.048686444333000   0.048544049696911   0.048395854442409   0.048247659187908   0.048093663314994   0.047785671569166   0.047454477349688   
0.008682408883347   0.009214726804819   0.009638609000964   0.010186295557292   0.010680344611465   0.011714145869857   0.012773646536978   0.013304179930270   0.013846537074691   0.014390957999130   0.014928025195063   0.015986567924275   0.017040114261787   0.008769232972180   0.009306874072867   0.009842960902535   0.010379047732203   0.010913580290852   0.011982645408149   0.013045493441370   0.013576917457981   0.014106787203572   0.014636656949163   0.015164972423735   0.016221603372879   0.017272017237946   
1.000000000000000   0.999524337261468   0.999167590207569   0.998810843153671   0.998573011784405   0.998097349045873   0.998097349045873   0.998097349045873   0.998216264730506   0.998335180415139   0.998573011784404   0.999048674522936   1.000000000000000   1.000000000000000   0.999524337261468   0.999167590207569   0.998810843153671   0.998573011784405   0.998097349045873   0.998097349045873   0.998097349045873   0.998216264730506   0.998335180415139   0.998573011784404   0.999048674522936   1.000000000000000   
PATCH 6 
2 1 
6 2 
0.000000000000000   0.000000000000000   0.000000000000000   0.250000000000000   0.500000000000000   0.750000000000000   1.000000000000000   1.000000000000000   1.000000000000000   
0.000000000000000   0.000000000000000   1.000000000000000   1.000000000000000   
0.046817329159186   0.046492091195030   0.045662076337546   0.044496703716781   0.043728461215131   0.043296008791420   0.047454477349688   0.047032993823604   0.046146485990198   0.045216437375554   0.044242847979673   0.043734282891114   
0.017040114261787   0.018079229423828   0.020091228231532   0.021943920606229   0.023990846359490   0.024996962330563   0.017272017237946   0.018289568482936   0.020304367573183   0.022298863263696   0.024273055554476   0.025250000000000   
1.000000000000000   0.999048674522936   0.998097349045873   0.998097349045873   0.999048674522936   1.000000000000000   1.000000000000000   0.999048674522936   0.998097349045873   0.998097349045873   0.999048674522936   1.000000000000000   
PATCH 7 
2 1 
6 2 
0.000000000000000   0.000000000000000   0.000000000000000   0.250000000000000   0.500000000000000   0.750000000000000   1.000000000000000   1.000000000000000   1.000000000000000   
0.000000000000000   0.000000000000000   1.000000000000000   1.000000000000000   
0.046817329159186   0.046492091195030   0.045662076337546   0.044496703716781   0.043728461215131   0.043296008791420   0.043877196562553   0.040809974145172   0.034675529310410   0.028541084475647   0.022406639640885   0.019339417223503   
0.017040114261787   0.018079229423828   0.020091228231532   0.021943920606229   0.023990846359490   0.024996962330563   0.007534998793294   0.008469569517342   0.010338710965439   0.012207852413537   0.014076993861634   0.015011564585682   
1.000000000000000   0.999048674522936   0.998097349045873   0.998097349045873   0.999048674522936   1.000000000000000   1.000000000000000   1.000000000000000   1.000000000000000   1.000000000000000   1.000000000000000   1.000000000000000   
PATCH 8 
2 1 
13 2 
0.000000000000000   0.000000000000000   0.000000000000000   0.250000000000000   0.250000000000000   0.375000000000000   0.375000000000000   0.500000000000000   0.500000000000000   0.750000000000000   0.750000000000000   0.875000000000000   0.875000000000000   1.000000000000000   1.000000000000000   1.000000000000000   
0.000000000000000   0.000000000000000   1.000000000000000   1.000000000000000   
0.043296008791420   0.042425001184804   0.041517765324524   0.041037068448656   0.040513578338874   0.040021961411377   0.039627258836702   0.038283547468668   0.036750639114196   0.036229970513827   0.035692634295761   0.035218844905173   0.034717873652513   0.019339417223503   0.018854683057241   0.018369948890978   0.018214876276454   0.018199447803005   0.018184019329556   0.018308234997182   0.017736649807315   0.017165064617448   0.015013698084746   0.014948340946504   0.014882983808262   0.016903636064480   
0.024996962330563   0.026304245100217   0.027583583149022   0.028204688164562   0.028793667484984   0.029403205320795   0.030084925212834   0.031011241406271   0.031735838918065   0.032293997735668   0.032836084865613   0.033435712339905   0.034011753076900   0.015011564585682   0.015159261198151   0.015306957810620   0.015196575744882   0.015204406145933   0.015212236546985   0.015338279414825   0.015767008480588   0.016195737546351   0.014254631918074   0.014249988606584   0.014245345295093   0.016177164300388   
1.000000000000000   0.998025564672036   0.997038347008054   0.996544738176063   0.996297933760067   0.996051129344072   0.996051129344072   0.996051129344072   0.997038347008054   0.997531955840045   0.998272369088031   0.999012782336018   1.000000000000000   1.000000000000000   1.000000000000000   1.000000000000000   0.992459313710552   0.992459313710552   0.992459313710552   1.000000000000000   1.000000000000000   1.000000000000000   0.877719609606338   0.877719609606338   0.877719609606338   1.000000000000000   
PATCH 9 
2 2 
6 4 
0.000000000000000   0.000000000000000   0.000000000000000   0.250000000000000   0.500000000000000   0.750000000000000   1.000000000000000   1.000000000000000   1.000000000000000   
0.000000000000000   0.000000000000000   0.000000000000000   0.500000000000000   1.000000000000000   1.000000000000000   1.000000000000000   
0.018428942389812   0.021496164807193   0.027630609641956   0.033765054476718   0.039899499311481   0.042966721728862   0.018656561098235   0.021723783515616   0.027858228350379   0.033992673185141   0.040127118019903   0.043194340437285   0.019111798515081   0.022179020932462   0.028313465767224   0.034447910601987   0.040582355436749   0.043649577854130   0.019339417223503   0.022406639640885   0.028541084475647   0.034675529310410   0.040809974145172   0.043877196562553   
0.012023423882685   0.011088853158636   0.009219711710539   0.007350570262442   0.005481428814345   0.004546858090296   0.012770459058434   0.011835888334385   0.009966746886288   0.008097605438191   0.006228463990094   0.005293893266045   0.014264529409933   0.013329958685884   0.011460817237787   0.009591675789690   0.007722534341593   0.006787963617544   0.015011564585682   0.014076993861634   0.012207852413537   0.010338710965439   0.008469569517342   0.007534998793294   
1.000000000000000   1.000000000000000   1.000000000000000   1.000000000000000   1.000000000000000   1.000000000000000   1.000000000000000   1.000000000000000   1.000000000000000   1.000000000000000   1.000000000000000   1.000000000000000   1.000000000000000   1.000000000000000   1.000000000000000   1.000000000000000   1.000000000000000   1.000000000000000   1.000000000000000   1.000000000000000   1.000000000000000   1.000000000000000   1.000000000000000   1.000000000000000   
PATCH 10 
2 2 
13 4 
0.000000000000000   0.000000000000000   0.000000000000000   0.250000000000000   0.250000000000000   0.375000000000000   0.375000000000000   0.500000000000000   0.500000000000000   0.750000000000000   0.750000000000000   0.875000000000000   0.875000000000000   1.000000000000000   1.000000000000000   1.000000000000000   
0.000000000000000   0.000000000000000   0.000000000000000   0.500000000000000   1.000000000000000   1.000000000000000   1.000000000000000   
0.018428942389812   0.017869438525929   0.017309934662047   0.017247027070942   0.017236228885395   0.017225430699847   0.017266741919857   0.015546680726519   0.013826619533181   0.011531843909270   0.013654184659797   0.011456815285224   0.013700298737687   0.018656561098235   0.018115749658757   0.017574938219280   0.017488989372320   0.017477033614797   0.017465077857274   0.017527115189188   0.016094172996718   0.014661230804247   0.012402307453139   0.013977723731474   0.012313357415983   0.014501133069385   0.019111798515081   0.018608371924413   0.018104945333745   0.017972913975076   0.017958643073603   0.017944372172129   0.018047861727851   0.017189157537116   0.016330453346381   0.014143234540877   0.014624801874827   0.014026441677502   0.016102801732782   0.019339417223503   0.018854683057241   0.018369948890978   0.018214876276454   0.018199447803005   0.018184019329556   0.018308234997182   0.017736649807315   0.017165064617448   0.015013698084746   0.014948340946504   0.014882983808262   0.016903636064480   
0.012023423882685   0.012193902530797   0.012364381178910   0.012330156224445   0.012332184452318   0.012334212680191   0.012372494090403   0.012502735294932   0.012632976499461   0.010642809562366   0.012762904099772   0.010845258747238   0.012973826973595   0.012770459058434   0.012935242197636   0.013100025336838   0.013046761104554   0.013050239875722   0.013053718646890   0.013113940421508   0.013318803591346   0.013523666761183   0.011545765151293   0.013134675226475   0.011695280384202   0.013774661305293   0.014264529409933   0.014417921531313   0.014571313652692   0.014479970864773   0.014486350722530   0.014492730580286   0.014596833083719   0.014950940184174   0.015305047284628   0.013351676329147   0.013878217479881   0.013395323658129   0.015376329968690   0.015011564585682   0.015159261198151   0.015306957810620   0.015196575744882   0.015204406145933   0.015212236546985   0.015338279414825   0.015767008480588   0.016195737546351   0.014254631918074   0.014249988606584   0.014245345295093   0.016177164300388   
1.000000000000000   1.000000000000000   1.000000000000000   0.996972974128783   0.996972974128783   0.996972974128783   1.000000000000000   1.000000000000000   1.000000000000000   0.841817353700399   1.000000000000000   0.841817353700399   1.000000000000000   1.000000000000000   1.000000000000000   1.000000000000000   0.995844559024225   0.995844559024225   0.995844559024225   1.000000000000000   1.000000000000000   1.000000000000000   0.850792917676884   0.969429902401584   0.850792917676884   1.000000000000000   1.000000000000000   1.000000000000000   1.000000000000000   0.993587728815109   0.993587728815109   0.993587728815109   1.000000000000000   1.000000000000000   1.000000000000000   0.868744045629853   0.908289707204754   0.868744045629853   1.000000000000000   1.000000000000000   1.000000000000000   1.000000000000000   0.992459313710552   0.992459313710552   0.992459313710552   1.000000000000000   1.000000000000000   1.000000000000000   0.877719609606338   0.877719609606338   0.877719609606338   1.000000000000000   
PATCH 11 
2 1 
13 2 
0.000000000000000   0.000000000000000   0.000000000000000   0.250000000000000   0.250000000000000   0.375000000000000   0.375000000000000   0.500000000000000   0.500000000000000   0.750000000000000   0.750000000000000   0.875000000000000   0.875000000000000   1.000000000000000   1.000000000000000   1.000000000000000   
0.000000000000000   0.000000000000000   1.000000000000000   1.000000000000000   
0.043296008791420   0.042425001184804   0.041517765324524   0.041037068448656   0.040513578338874   0.040021961411377   0.039627258836702   0.038283547468668   0.036750639114196   0.036229970513827   0.035692634295761   0.035218844905173   0.034717873652513   0.043734282891114   0.043142506727484   0.042531053738569   0.042225327244111   0.041914681543332   0.041604035842553   0.041288470935453   0.040657341121252   0.040006534481766   0.039681131162023   0.039350808635958   0.039020486109894   0.038685244377508   
0.024996962330563   0.026304245100217   0.027583583149022   0.028204688164562   0.028793667484984   0.029403205320795   0.030084925212834   0.031011241406271   0.031735838918065   0.032293997735668   0.032836084865613   0.033435712339905   0.034011753076900   0.025250000000000   0.026178902508932   0.027094027156471   0.027551589480241   0.028005707338662   0.028459825197083   0.028910498590156   0.029811845376303   0.030699414301056   0.031143198763433   0.031583538760461   0.032023878757490   0.032460774289170   
1.000000000000000   0.998025564672036   0.997038347008054   0.996544738176063   0.996297933760067   0.996051129344072   0.996051129344072   0.996051129344072   0.997038347008054   0.997531955840045   0.998272369088031   0.999012782336018   1.000000000000000   1.000000000000000   0.999048674522937   0.998573011784405   0.998335180415139   0.998216264730506   0.998097349045873   0.998097349045873   0.998097349045873   0.998573011784405   0.998810843153671   0.999167590207569   0.999524337261468   1.000000000000000   
PATCH 12 
2 1 
6 2 
0.000000000000000   0.000000000000000   0.000000000000000   0.250000000000000   0.500000000000000   0.750000000000000   1.000000000000000   1.000000000000000   1.000000000000000   
0.000000000000000   0.000000000000000   1.000000000000000   1.000000000000000   
0.018428942389812   0.021496164807193   0.027630609641956   0.033765054476718   0.039899499311481   0.042966721728862   0.014550000000000   0.018102090216108   0.025206270648323   0.032310451080539   0.039414631512754   0.042966721728862   
0.012023423882685   0.011088853158636   0.009219711710539   0.007350570262442   0.005481428814345   0.004546858090296   0.000000000000000   0.000000000000000   0.000000000000000   0.000000000000000   0.000000000000000   0.000000000000000   
1.000000000000000   1.000000000000000   1.000000000000000   1.000000000000000   1.000000000000000   1.000000000000000   1.000000000000000   1.000000000000000   1.000000000000000   1.000000000000000   1.000000000000000   1.000000000000000   
PATCH 13 
2 1 
13 2 
0.000000000000000   0.000000000000000   0.000000000000000   0.250000000000000   0.250000000000000   0.375000000000000   0.375000000000000   0.500000000000000   0.500000000000000   0.750000000000000   0.750000000000000   0.875000000000000   0.875000000000000   1.000000000000000   1.000000000000000   1.000000000000000   
0.000000000000000   0.000000000000000   1.000000000000000   1.000000000000000   
0.042966721728862   0.044796868169144   0.046627014609426   0.046525251522225   0.046534811425666   0.046544371329107   0.046665254223190   0.047388746022612   0.048112237822034   0.043442154179866   0.048275255870217   0.043563421555963   0.048330795708162   0.042966721728862   0.043845881512754   0.044725041296646   0.045164621188592   0.045604201080539   0.046043780972485   0.046483360864431   0.047362520648323   0.048241680432215   0.048681260324162   0.049120840216108   0.049560420108054   0.050000000000000   
0.004546858090296   0.003989219598181   0.003431581106066   0.003420563282998   0.003418644313564   0.003416725344130   0.003423905228330   0.003350994390065   0.003278083551800   0.002945320008282   0.003337214304430   0.003069277877877   0.003501490463203   0.000000000000000   0.000000000000000   0.000000000000000   0.000000000000000   0.000000000000000   0.000000000000000   0.000000000000000   0.000000000000000   0.000000000000000   0.000000000000000   0.000000000000000   0.000000000000000   0.000000000000000   
1.000000000000000   1.000000000000000   1.000000000000000   0.997617468606958   0.997617468606958   0.997617468606958   1.000000000000000   1.000000000000000   1.000000000000000   0.901140492861753   1.000000000000000   0.901140492861753   1.000000000000000   1.000000000000000   1.000000000000000   1.000000000000000   1.000000000000000   1.000000000000000   1.000000000000000   1.000000000000000   1.000000000000000   1.000000000000000   1.000000000000000   1.000000000000000   1.000000000000000   1.000000000000000   
PATCH 14 
2 1 
13 2 
0.000000000000000   0.000000000000000   0.000000000000000   0.250000000000000   0.250000000000000   0.375000000000000   0.375000000000000   0.500000000000000   0.500000000000000   0.750000000000000   0.750000000000000   0.875000000000000   0.875000000000000   1.000000000000000   1.000000000000000   1.000000000000000   
0.000000000000000   0.000000000000000   1.000000000000000   1.000000000000000   
0.014550000000000   0.014280217844225   0.013885549065762   0.013688214676530   0.013459658631626   0.013231102586723   0.012971324886147   0.012451769484996   0.011807327461156   0.011485106449236   0.011131663781644   0.010778221114052   0.010393556790788   0.018428942389812   0.017869438525929   0.017309934662047   0.017247027070942   0.017236228885395   0.017225430699847   0.017266741919857   0.015546680726519   0.013826619533181   0.011531843909270   0.013654184659797   0.011456815285224   0.013700298737687   
0.000000000000000   0.001374730072301   0.002698480399926   0.003360355563739   0.004009485791383   0.004658616019027   0.005295001310502   0.006567771893452   0.007789562731726   0.008400458150864   0.008998608633832   0.009596759116800   0.010182164663600   0.012023423882685   0.012193902530797   0.012364381178910   0.012330156224445   0.012332184452318   0.012334212680191   0.012372494090403   0.012502735294932   0.012632976499461   0.010642809562366   0.012762904099772   0.010845258747238   0.012973826973595   
1.000000000000000   0.981458271080756   0.972187406621135   0.967551974391324   0.965234258276418   0.962916542161513   0.962916542161513   0.962916542161513   0.972187406621135   0.976822838850945   0.983775987195662   0.990729135540378   1.000000000000000   1.000000000000000   1.000000000000000   1.000000000000000   0.996972974128783   0.996972974128783   0.996972974128783   1.000000000000000   1.000000000000000   1.000000000000000   0.841817353700399   1.000000000000000   0.841817353700399   1.000000000000000   
PATCH 15 
2 1 
4 2 
0.000000000000000   0.000000000000000   0.000000000000000   0.500000000000000   1.000000000000000   1.000000000000000   1.000000000000000   
0.000000000000000   0.000000000000000   1.000000000000000   1.000000000000000   
0.034717873652513   0.034555205402169   0.034202012711831   0.034011753076900   0.016903636064480   0.016722018123457   0.016358782241411   0.016177164300388   
0.034011753076900   0.034202012711831   0.034555205402169   0.034717873652513   0.016177164300388   0.016358782241411   0.016722018123457   0.016903636064480   
1.000000000000000   0.999973614027604   0.999973614027604   1.000000000000000   1.000000000000000   1.000000000000000   1.000000000000000   1.000000000000000   
PATCH 16 
2 2 
4 4 
0.000000000000000   0.000000000000000   0.000000000000000   0.500000000000000   1.000000000000000   1.000000000000000   1.000000000000000   
0.000000000000000   0.000000000000000   0.000000000000000   0.500000000000000   1.000000000000000   1.000000000000000   1.000000000000000   
0.013700298737687   0.014501133069385   0.016102801732782   0.016903636064480   0.013518680796664   0.014319515128362   0.015921183791759   0.016722018123457   0.013155444914618   0.013956279246316   0.015557947909713   0.016358782241411   0.012973826973595   0.013774661305293   0.015376329968690   0.016177164300388   
0.012973826973595   0.013774661305293   0.015376329968690   0.016177164300388   0.013155444914618   0.013956279246316   0.015557947909713   0.016358782241411   0.013518680796664   0.014319515128362   0.015921183791759   0.016722018123457   0.013700298737687   0.014501133069385   0.016102801732782   0.016903636064480   
1.000000000000000   1.000000000000000   1.000000000000000   1.000000000000000   1.000000000000000   1.000000000000000   1.000000000000000   1.000000000000000   1.000000000000000   1.000000000000000   1.000000000000000   1.000000000000000   1.000000000000000   1.000000000000000   1.000000000000000   1.000000000000000   
PATCH 17 
2 1 
4 2 
0.000000000000000   0.000000000000000   0.000000000000000   0.500000000000000   1.000000000000000   1.000000000000000   1.000000000000000   
0.000000000000000   0.000000000000000   1.000000000000000   1.000000000000000   
0.013700298737687   0.013518680796664   0.013155444914618   0.012973826973595   0.010393556790788   0.010340980228526   0.010235284164932   0.010182164663600   
0.012973826973595   0.013155444914618   0.013518680796664   0.013700298737687   0.010182164663600   0.010235284164932   0.010340980228526   0.010393556790788   
1.000000000000000   1.000000000000000   1.000000000000000   1.000000000000000   1.000000000000000   0.999973614027604   0.999973614027604   1.000000000000000   
PATCH 18 
2 1 
4 2 
0.000000000000000   0.000000000000000   0.000000000000000   0.500000000000000   1.000000000000000   1.000000000000000   1.000000000000000   
0.000000000000000   0.000000000000000   1.000000000000000   1.000000000000000   
0.034717873652513   0.034555205402169   0.034202012711831   0.034011753076900   0.038685244377508   0.037197068413715   0.034084833369545   0.032460774289170   
0.034011753076900   0.034202012711831   0.034555205402169   0.034717873652513   0.032460774289170   0.034084833369545   0.037197068413715   0.038685244377508   
1.000000000000000   0.999973614027604   0.999973614027604   1.000000000000000   1.000000000000000   0.998097349045873   0.998097349045873   1.000000000000000   
PATCH 19 
2 1 
4 2 
0.000000000000000   0.000000000000000   0.000000000000000   0.500000000000000   1.000000000000000   1.000000000000000   1.000000000000000   
0.000000000000000   0.000000000000000   1.000000000000000   1.000000000000000   
0.000000000000000   0.002178893568691   0.006520098010365   0.008682408883347   0.000000000000000   0.002200682504378   0.006585298990468   0.008769232972180   
0.050000000000000   0.049904867452294   0.049525061277599   0.049240387650610   0.050500000000000   0.050403916126817   0.050020311890375   0.049732791527117   
1.000000000000000   0.998097349045873   0.998097349045873   1.000000000000000   1.000000000000000   0.998097349045873   0.998097349045873   1.000000000000000   
PATCH 20 
2 1 
4 2 
0.000000000000000   0.000000000000000   0.000000000000000   0.500000000000000   1.000000000000000   1.000000000000000   1.000000000000000   
0.000000000000000   0.000000000000000   1.000000000000000   1.000000000000000   
0.003501490463203   0.004600694915171   0.006799103819109   0.007898308271077   0.000000000000000   0.002178893568691   0.006520098010365   0.008682408883347   
0.048330795708162   0.048195600144384   0.047925209016829   0.047790013453052   0.050000000000000   0.049904867452294   0.049525061277599   0.049240387650610   
1.000000000000000   1.000000000000000   1.000000000000000   1.000000000000000   1.000000000000000   0.998097349045873   0.998097349045873   1.000000000000000   
PATCH 21 
2 1 
13 2 
0.000000000000000   0.000000000000000   0.000000000000000   0.125000000000000   0.125000000000000   0.250000000000000   0.250000000000000   0.500000000000000   0.500000000000000   0.625000000000000   0.625000000000000   0.750000000000000   0.750000000000000   1.000000000000000   1.000000000000000   1.000000000000000   
0.000000000000000   0.000000000000000   1.000000000000000   1.000000000000000   
0.007898308271077   0.007304670788405   0.008037102007335   0.007398114490784   0.008069250818592   0.007728961208020   0.007388671597447   0.007263020274644   0.007264030566737   0.007265040858830   0.007392712765819   0.007463855779556   0.007534998793294   0.008682408883347   0.009214726804819   0.009638609000964   0.010186295557292   0.010680344611465   0.011714145869857   0.012773646536978   0.013304179930270   0.013846537074691   0.014390957999130   0.014928025195063   0.015986567924275   0.017040114261787   
0.047790013453052   0.043702797843500   0.047707107546713   0.043570868449444   0.047548666565698   0.045996987985968   0.044445309406238   0.043697364325917   0.043672080327585   0.043646796329252   0.044344173412909   0.044110684987731   0.043877196562553   0.049240387650610   0.049122375608591   0.048461162610243   0.048446868436006   0.048180658784058   0.047873917180908   0.047671897873927   0.047568881059379   0.047503019867522   0.047437747522616   0.047342217158632   0.047093303096338   0.046817329159186   
1.000000000000000   0.914682012606705   1.000000000000000   0.914682012606705   1.000000000000000   1.000000000000000   1.000000000000000   0.983727680059058   0.983727680059058   0.983727680059058   1.000000000000000   1.000000000000000   1.000000000000000   1.000000000000000   0.999524337261468   0.999167590207569   0.998810843153671   0.998573011784405   0.998097349045873   0.998097349045873   0.998097349045873   0.998216264730506   0.998335180415139   0.998573011784404   0.999048674522936   1.000000000000000   
PATCH 22 
2 2 
13 4 
0.000000000000000   0.000000000000000   0.000000000000000   0.250000000000000   0.250000000000000   0.375000000000000   0.375000000000000   0.500000000000000   0.500000000000000   0.750000000000000   0.750000000000000   0.875000000000000   0.875000000000000   1.000000000000000   1.000000000000000   1.000000000000000   
0.000000000000000   0.000000000000000   0.000000000000000   0.500000000000000   1.000000000000000   1.000000000000000   1.000000000000000   
0.004546858090296   0.003989219598181   0.003431581106066   0.003420563282998   0.003418644313564   0.003416725344130   0.003423905228330   0.003350994390065   0.003278083551800   0.002945320008282   0.003337214304430   0.003069277877877   0.003501490463203   0.005293893266045   0.004857878643525   0.004421864021005   0.004381682676956   0.004379990876857   0.004378299076759   0.004415096820609   0.004445486094554   0.004475875368498   0.004058518628907   0.004512186230156   0.004128126105509   0.004600694915171   0.006787963617544   0.006595196734213   0.006402429850881   0.006303921464872   0.006302684003444   0.006301446542015   0.006397480005168   0.006634469503531   0.006871459001894   0.006284915870158   0.006862130081609   0.006245822560773   0.006799103819109   0.007534998793294   0.007463855779556   0.007392712765819   0.007265040858830   0.007264030566737   0.007263020274644   0.007388671597447   0.007728961208020   0.008069250818592   0.007398114490784   0.008037102007335   0.007304670788405   0.007898308271077   
0.042966721728862   0.044796868169144   0.046627014609426   0.046525251522225   0.046534811425666   0.046544371329107   0.046665254223190   0.047388746022612   0.048112237822034   0.043442154179866   0.048275255870217   0.043563421555963   0.048330795708162   0.043194340437285   0.044625322373791   0.046056304310297   0.045805637723982   0.045819128651146   0.045832619578309   0.046110268018952   0.047040806513451   0.047971345007950   0.043474332747261   0.048133218789341   0.043598265627847   0.048195600144384   0.043649577854130   0.044282230783084   0.044914883712038   0.044366410127495   0.044387763102105   0.044409116076714   0.045000295610476   0.046344927495129   0.047689559379782   0.043538689882050   0.047849144627589   0.043667953771616   0.047925209016829   0.043877196562553   0.044110684987731   0.044344173412909   0.043646796329252   0.043672080327585   0.043697364325917   0.044445309406238   0.045996987985968   0.047548666565698   0.043570868449444   0.047707107546713   0.043702797843500   0.047790013453052   
1.000000000000000   1.000000000000000   1.000000000000000   0.997617468606958   0.997617468606958   0.997617468606958   1.000000000000000   1.000000000000000   1.000000000000000   0.901140492861753   1.000000000000000   0.901140492861753   1.000000000000000   1.000000000000000   1.000000000000000   1.000000000000000   0.994145021469983   0.994145021469983   0.994145021469983   1.000000000000000   1.000000000000000   1.000000000000000   0.904525872797991   1.000000000000000   0.904525872797991   1.000000000000000   1.000000000000000   1.000000000000000   1.000000000000000   0.987200127196033   0.987200127196033   0.987200127196033   1.000000000000000   1.000000000000000   1.000000000000000   0.911296632670467   1.000000000000000   0.911296632670467   1.000000000000000   1.000000000000000   1.000000000000000   1.000000000000000   0.983727680059058   0.983727680059058   0.983727680059058   1.000000000000000   1.000000000000000   1.000000000000000   0.914682012606705   1.000000000000000   0.914682012606705   1.000000000000000   
PATCH 23 
2 1 
13 2 
0.000000000000000   0.000000000000000   0.000000000000000   0.125000000000000   0.125000000000000   0.250000000000000   0.250000000000000   0.500000000000000   0.500000000000000   0.625000000000000   0.625000000000000   0.750000000000000   0.750000000000000   1.000000000000000   1.000000000000000   1.000000000000000   
0.000000000000000   0.000000000000000   1.000000000000000   1.000000000000000   
0.008682408883347   0.009214726804819   0.009638609000964   0.010186295557292   0.010680344611465   0.011714145869857   0.012773646536978   0.013304179930270   0.013846537074691   0.014390957999130   0.014928025195063   0.015986567924275   0.017040114261787   0.008769232972180   0.009306874072867   0.009842960902535   0.010379047732203   0.010913580290852   0.011982645408149   0.013045493441370   0.013576917457981   0.014106787203572   0.014636656949163   0.015164972423735   0.016221603372879   0.017272017237946   
0.049240387650610   0.049122375608591   0.048461162610243   0.048446868436006   0.048180658784058   0.047873917180908   0.047671897873927   0.047568881059379   0.047503019867522   0.047437747522616   0.047342217158632   0.047093303096338   0.046817329159186   0.049732791527117   0.049613599364677   0.049488606583825   0.049363613802972   0.049232820403708   0.048971233605179   0.048686444333000   0.048544049696911   0.048395854442409   0.048247659187908   0.048093663314994   0.047785671569166   0.047454477349688   
1.000000000000000   0.999524337261468   0.999167590207569   0.998810843153671   0.998573011784405   0.998097349045873   0.998097349045873   0.998097349045873   0.998216264730506   0.998335180415139   0.998573011784404   0.999048674522936   1.000000000000000   1.000000000000000   0.999524337261468   0.999167590207569   0.998810843153671   0.998573011784405   0.998097349045873   0.998097349045873   0.998097349045873   0.998216264730506   0.998335180415139   0.998573011784404   0.999048674522936   1.000000000000000   
PATCH 24 
2 1 
6 2 
0.000000000000000   0.000000000000000   0.000000000000000   0.250000000000000   0.500000000000000   0.750000000000000   1.000000000000000   1.000000000000000   1.000000000000000   
0.000000000000000   0.000000000000000   1.000000000000000   1.000000000000000   
0.017040114261787   0.018079229423828   0.020091228231532   0.021943920606229   0.023990846359490   0.024996962330563   0.017272017237946   0.018289568482936   0.020304367573183   0.022298863263696   0.024273055554476   0.025250000000000   
0.046817329159186   0.046492091195030   0.045662076337546   0.044496703716781   0.043728461215131   0.043296008791420   0.047454477349688   0.047032993823604   0.046146485990198   0.045216437375554   0.044242847979673   0.043734282891114   
1.000000000000000   0.999048674522936   0.998097349045873   0.998097349045873   0.999048674522936   1.000000000000000   1.000000000000000   0.999048674522936   0.998097349045873   0.998097349045873   0.999048674522936   1.000000000000000   
PATCH 25 
2 1 
6 2 
0.000000000000000   0.000000000000000   0.000000000000000   0.250000000000000   0.500000000000000   0.750000000000000   1.000000000000000   1.000000000000000   1.000000000000000   
0.000000000000000   0.000000000000000   1.000000000000000   1.000000000000000   
0.017040114261787   0.018079229423828   0.020091228231532   0.021943920606229   0.023990846359490   0.024996962330563   0.007534998793294   0.008469569517342   0.010338710965439   0.012207852413537   0.014076993861634   0.015011564585682   
0.046817329159186   0.046492091195030   0.045662076337546   0.044496703716781   0.043728461215131   0.043296008791420   0.043877196562553   0.040809974145172   0.034675529310410   0.028541084475647   0.022406639640885   0.019339417223503   
1.000000000000000   0.999048674522936   0.998097349045873   0.998097349045873   0.999048674522936   1.000000000000000   1.000000000000000   1.000000000000000   1.000000000000000   1.000000000000000   1.000000000000000   1.000000000000000   
PATCH 26 
2 1 
13 2 
0.000000000000000   0.000000000000000   0.000000000000000   0.250000000000000   0.250000000000000   0.375000000000000   0.375000000000000   0.500000000000000   0.500000000000000   0.750000000000000   0.750000000000000   0.875000000000000   0.875000000000000   1.000000000000000   1.000000000000000   1.000000000000000   
0.000000000000000   0.000000000000000   1.000000000000000   1.000000000000000   
0.024996962330563   0.026304245100217   0.027583583149022   0.028204688164562   0.028793667484984   0.029403205320795   0.030084925212834   0.031011241406271   0.031735838918065   0.032293997735668   0.032836084865613   0.033435712339905   0.034011753076900   0.015011564585682   0.015159261198151   0.015306957810620   0.015196575744882   0.015204406145933   0.015212236546985   0.015338279414825   0.015767008480588   0.016195737546351   0.014254631918074   0.014249988606584   0.014245345295093   0.016177164300388   
0.043296008791420   0.042425001184804   0.041517765324524   0.041037068448656   0.040513578338874   0.040021961411377   0.039627258836702   0.038283547468668   0.036750639114196   0.036229970513827   0.035692634295761   0.035218844905173   0.034717873652513   0.019339417223503   0.018854683057241   0.018369948890978   0.018214876276454   0.018199447803005   0.018184019329556   0.018308234997182   0.017736649807315   0.017165064617448   0.015013698084746   0.014948340946504   0.014882983808262   0.016903636064480   
1.000000000000000   0.998025564672036   0.997038347008054   0.996544738176063   0.996297933760067   0.996051129344072   0.996051129344072   0.996051129344072   0.997038347008054   0.997531955840045   0.998272369088031   0.999012782336018   1.000000000000000   1.000000000000000   1.000000000000000   1.000000000000000   0.992459313710552   0.992459313710552   0.992459313710552   1.000000000000000   1.000000000000000   1.000000000000000   0.877719609606338   0.877719609606338   0.877719609606338   1.000000000000000   
PATCH 27 
2 2 
6 4 
0.000000000000000   0.000000000000000   0.000000000000000   0.250000000000000   0.500000000000000   0.750000000000000   1.000000000000000   1.000000000000000   1.000000000000000   
0.000000000000000   0.000000000000000   0.000000000000000   0.500000000000000   1.000000000000000   1.000000000000000   1.000000000000000   
0.012023423882685   0.011088853158636   0.009219711710539   0.007350570262442   0.005481428814345   0.004546858090296   0.012770459058434   0.011835888334385   0.009966746886288   0.008097605438191   0.006228463990094   0.005293893266045   0.014264529409933   0.013329958685884   0.011460817237787   0.009591675789690   0.007722534341593   0.006787963617544   0.015011564585682   0.014076993861634   0.012207852413537   0.010338710965439   0.008469569517342   0.007534998793294   
0.018428942389812   0.021496164807193   0.027630609641956   0.033765054476718   0.039899499311481   0.042966721728862   0.018656561098235   0.021723783515616   0.027858228350379   0.033992673185141   0.040127118019903   0.043194340437285   0.019111798515081   0.022179020932462   0.028313465767224   0.034447910601987   0.040582355436749   0.043649577854130   0.019339417223503   0.022406639640885   0.028541084475647   0.034675529310410   0.040809974145172   0.043877196562553   
1.000000000000000   1.000000000000000   1.000000000000000   1.000000000000000   1.000000000000000   1.000000000000000   1.000000000000000   1.000000000000000   1.000000000000000   1.000000000000000   1.000000000000000   1.000000000000000   1.000000000000000   1.000000000000000   1.000000000000000   1.000000000000000   1.000000000000000   1.000000000000000   1.000000000000000   1.000000000000000   1.000000000000000   1.000000000000000   1.000000000000000   1.000000000000000   
PATCH 28 
2 2 
13 4 
0.000000000000000   0.000000000000000   0.000000000000000   0.250000000000000   0.250000000000000   0.375000000000000   0.375000000000000   0.500000000000000   0.500000000000000   0.750000000000000   0.750000000000000   0.875000000000000   0.875000000000000   1.000000000000000   1.000000000000000   1.000000000000000   
0.000000000000000   0.000000000000000   0.000000000000000   0.500000000000000   1.000000000000000   1.000000000000000   1.000000000000000   
0.012023423882685   0.012193902530797   0.012364381178910   0.012330156224445   0.012332184452318   0.012334212680191   0.012372494090403   0.012502735294932   0.012632976499461   0.010642809562366   0.012762904099772   0.010845258747238   0.012973826973595   0.012770459058434   0.012935242197636   0.013100025336838   0.013046761104554   0.013050239875722   0.013053718646890   0.013113940421508   0.013318803591346   0.013523666761183   0.011545765151293   0.013134675226475   0.011695280384202   0.013774661305293   0.014264529409933   0.014417921531313   0.014571313652692   0.014479970864773   0.014486350722530   0.014492730580286   0.014596833083719   0.014950940184174   0.015305047284628   0.013351676329147   0.013878217479881   0.013395323658129   0.015376329968690   0.015011564585682   0.015159261198151   0.015306957810620   0.015196575744882   0.015204406145933   0.015212236546985   0.015338279414825   0.015767008480588   0.016195737546351   0.014254631918074   0.014249988606584   0.014245345295093   0.016177164300388   
0.018428942389812   0.017869438525929   0.017309934662047   0.017247027070942   0.017236228885395   0.017225430699847   0.017266741919857   0.015546680726519   0.013826619533181   0.011531843909270   0.013654184659797   0.011456815285224   0.013700298737687   0.018656561098235   0.018115749658757   0.017574938219280   0.017488989372320   0.017477033614797   0.017465077857274   0.017527115189188   0.016094172996718   0.014661230804247   0.012402307453139   0.013977723731474   0.012313357415983   0.014501133069385   0.019111798515081   0.018608371924413   0.018104945333745   0.017972913975076   0.017958643073603   0.017944372172129   0.018047861727851   0.017189157537116   0.016330453346381   0.014143234540877   0.014624801874827   0.014026441677502   0.016102801732782   0.019339417223503   0.018854683057241   0.018369948890978   0.018214876276454   0.018199447803005   0.018184019329556   0.018308234997182   0.017736649807315   0.017165064617448   0.015013698084746   0.014948340946504   0.014882983808262   0.016903636064480   
1.000000000000000   1.000000000000000   1.000000000000000   0.996972974128783   0.996972974128783   0.996972974128783   1.000000000000000   1.000000000000000   1.000000000000000   0.841817353700399   1.000000000000000   0.841817353700399   1.000000000000000   1.000000000000000   1.000000000000000   1.000000000000000   0.995844559024225   0.995844559024225   0.995844559024225   1.000000000000000   1.000000000000000   1.000000000000000   0.850792917676884   0.969429902401584   0.850792917676884   1.000000000000000   1.000000000000000   1.000000000000000   1.000000000000000   0.993587728815109   0.993587728815109   0.993587728815109   1.000000000000000   1.000000000000000   1.000000000000000   0.868744045629853   0.908289707204754   0.868744045629853   1.000000000000000   1.000000000000000   1.000000000000000   1.000000000000000   0.992459313710552   0.992459313710552   0.992459313710552   1.000000000000000   1.000000000000000   1.000000000000000   0.877719609606338   0.877719609606338   0.877719609606338   1.000000000000000   
PATCH 29 
2 1 
13 2 
0.000000000000000   0.000000000000000   0.000000000000000   0.250000000000000   0.250000000000000   0.375000000000000   0.375000000000000   0.500000000000000   0.500000000000000   0.750000000000000   0.750000000000000   0.875000000000000   0.875000000000000   1.000000000000000   1.000000000000000   1.000000000000000   
0.000000000000000   0.000000000000000   1.000000000000000   1.000000000000000   
0.024996962330563   0.026304245100217   0.027583583149022   0.028204688164562   0.028793667484984   0.029403205320795   0.030084925212834   0.031011241406271   0.031735838918065   0.032293997735668   0.032836084865613   0.033435712339905   0.034011753076900   0.025250000000000   0.026178902508932   0.027094027156471   0.027551589480241   0.028005707338662   0.028459825197083   0.028910498590156   0.029811845376303   0.030699414301056   0.031143198763433   0.031583538760461   0.032023878757490   0.032460774289170   
0.043296008791420   0.042425001184804   0.041517765324524   0.041037068448656   0.040513578338874   0.040021961411377   0.039627258836702   0.038283547468668   0.036750639114196   0.036229970513827   0.035692634295761   0.035218844905173   0.034717873652513   0.043734282891114   0.043142506727484   0.042531053738569   0.042225327244111   0.041914681543332   0.041604035842553   0.041288470935453   0.040657341121252   0.040006534481766   0.039681131162023   0.039350808635958   0.039020486109894   0.038685244377508   
1.000000000000000   0.998025564672036   0.997038347008054   0.996544738176063   0.996297933760067   0.996051129344072   0.996051129344072   0.996051129344072   0.997038347008054   0.997531955840045   0.998272369088031   0.999012782336018   1.000000000000000   1.000000000000000   0.999048674522937   0.998573011784405   0.998335180415139   0.998216264730506   0.998097349045873   0.998097349045873   0.998097349045873   0.998573011784405   0.998810843153671   0.999167590207569   0.999524337261468   1.000000000000000   
PATCH 30 
2 1 
6 2 
0.000000000000000   0.000000000000000   0.000000000000000   0.250000000000000   0.500000000000000   0.750000000000000   1.000000000000000   1.000000000000000   1.000000000000000   
0.000000000000000   0.000000000000000   1.000000000000000   1.000000000000000   
0.012023423882685   0.011088853158636   0.009219711710539   0.007350570262442   0.005481428814345   0.004546858090296   0.000000000000000   0.000000000000000   0.000000000000000   0.000000000000000   0.000000000000000   0.000000000000000   
0.018428942389812   0.021496164807193   0.027630609641956   0.033765054476718   0.039899499311481   0.042966721728862   0.014550000000000   0.018102090216108   0.025206270648323   0.032310451080539   0.039414631512754   0.042966721728862   
1.000000000000000   1.000000000000000   1.000000000000000   1.000000000000000   1.000000000000000   1.000000000000000   1.000000000000000   1.000000000000000   1.000000000000000   1.000000000000000   1.000000000000000   1.000000000000000   
PATCH 31 
2 1 
13 2 
0.000000000000000   0.000000000000000   0.000000000000000   0.250000000000000   0.250000000000000   0.375000000000000   0.375000000000000   0.500000000000000   0.500000000000000   0.750000000000000   0.750000000000000   0.875000000000000   0.875000000000000   1.000000000000000   1.000000000000000   1.000000000000000   
0.000000000000000   0.000000000000000   1.000000000000000   1.000000000000000   
0.004546858090296   0.003989219598181   0.003431581106066   0.003420563282998   0.003418644313564   0.003416725344130   0.003423905228330   0.003350994390065   0.003278083551800   0.002945320008282   0.003337214304430   0.003069277877877   0.003501490463203   0.000000000000000   0.000000000000000   0.000000000000000   0.000000000000000   0.000000000000000   0.000000000000000   0.000000000000000   0.000000000000000   0.000000000000000   0.000000000000000   0.000000000000000   0.000000000000000   0.000000000000000   
0.042966721728862   0.044796868169144   0.046627014609426   0.046525251522225   0.046534811425666   0.046544371329107   0.046665254223190   0.047388746022612   0.048112237822034   0.043442154179866   0.048275255870217   0.043563421555963   0.048330795708162   0.042966721728862   0.043845881512754   0.044725041296646   0.045164621188592   0.045604201080539   0.046043780972485   0.046483360864431   0.047362520648323   0.048241680432215   0.048681260324162   0.049120840216108   0.049560420108054   0.050000000000000   
1.000000000000000   1.000000000000000   1.000000000000000   0.997617468606958   0.997617468606958   0.997617468606958   1.000000000000000   1.000000000000000   1.000000000000000   0.901140492861753   1.000000000000000   0.901140492861753   1.000000000000000   1.000000000000000   1.000000000000000   1.000000000000000   1.000000000000000   1.000000000000000   1.000000000000000   1.000000000000000   1.000000000000000   1.000000000000000   1.000000000000000   1.000000000000000   1.000000000000000   1.000000000000000   
PATCH 32 
2 1 
13 2 
0.000000000000000   0.000000000000000   0.000000000000000   0.250000000000000   0.250000000000000   0.375000000000000   0.375000000000000   0.500000000000000   0.500000000000000   0.750000000000000   0.750000000000000   0.875000000000000   0.875000000000000   1.000000000000000   1.000000000000000   1.000000000000000   
0.000000000000000   0.000000000000000   1.000000000000000   1.000000000000000   
0.000000000000000   0.001374730072301   0.002698480399926   0.003360355563739   0.004009485791383   0.004658616019027   0.005295001310502   0.006567771893452   0.007789562731726   0.008400458150864   0.008998608633832   0.009596759116800   0.010182164663600   0.012023423882685   0.012193902530797   0.012364381178910   0.012330156224445   0.012332184452318   0.012334212680191   0.012372494090403   0.012502735294932   0.012632976499461   0.010642809562366   0.012762904099772   0.010845258747238   0.012973826973595   
0.014550000000000   0.014280217844225   0.013885549065762   0.013688214676530   0.013459658631626   0.013231102586723   0.012971324886147   0.012451769484996   0.011807327461156   0.011485106449236   0.011131663781644   0.010778221114052   0.010393556790788   0.018428942389812   0.017869438525929   0.017309934662047   0.017247027070942   0.017236228885395   0.017225430699847   0.017266741919857   0.015546680726519   0.013826619533181   0.011531843909270   0.013654184659797   0.011456815285224   0.013700298737687   
1.000000000000000   0.981458271080756   0.972187406621135   0.967551974391324   0.965234258276418   0.962916542161513   0.962916542161513   0.962916542161513   0.972187406621135   0.976822838850945   0.983775987195662   0.990729135540378   1.000000000000000   1.000000000000000   1.000000000000000   1.000000000000000   0.996972974128783   0.996972974128783   0.996972974128783   1.000000000000000   1.000000000000000   1.000000000000000   0.841817353700399   1.000000000000000   0.841817353700399   1.000000000000000   
INTERFACE 1 
1 2 
5 1 
1 
INTERFACE 2 
1 3 
2 4 
1 
INTERFACE 3 
2 1 
13 2 
1 
INTERFACE 4 
2 2 
3 1 
1 
INTERFACE 5 
2 3 
4 2 
1 
INTERFACE 6 
3 2 
7 1 
-1 
INTERFACE 7 
3 3 
4 4 
-1 
INTERFACE 8 
3 4 
5 3 
1 
INTERFACE 9 
4 1 
9 2 
1 
INTERFACE 10 
4 3 
13 3 
1 
INTERFACE 11 
5 2 
6 1 
1 
INTERFACE 12 
6 2 
11 1 
1 
INTERFACE 13 
6 3 
7 3 
1 
INTERFACE 14 
7 2 
8 1 
1 
INTERFACE 15 
7 4 
9 4 
-1 
INTERFACE 16 
8 2 
15 1 
1 
INTERFACE 17 
8 3 
11 3 
1 
INTERFACE 18 
8 4 
10 4 
1 
INTERFACE 19 
9 1 
10 1 
1 
INTERFACE 20 
9 3 
12 3 
1 
INTERFACE 21 
10 2 
16 3 
1 
INTERFACE 22 
10 3 
14 4 
1 
INTERFACE 23 
11 2 
18 1 
1 
INTERFACE 24 
12 1 
14 1 
-1 
INTERFACE 25 
12 2 
13 1 
1 
INTERFACE 26 
14 2 
17 1 
-1 
INTERFACE 27 
15 2 
26 2 
1 
INTERFACE 28 
15 3 
18 3 
1 
INTERFACE 29 
15 4 
16 2 
1 
INTERFACE 30 
16 1 
17 3 
1 
INTERFACE 31 
16 4 
28 2 
1 
INTERFACE 32 
17 2 
32 2 
-1 
INTERFACE 33 
18 2 
29 2 
1 
INTERFACE 34 
19 2 
23 1 
1 
INTERFACE 35 
19 3 
20 4 
1 
INTERFACE 36 
20 1 
31 2 
1 
INTERFACE 37 
20 2 
21 1 
1 
INTERFACE 38 
20 3 
22 2 
1 
INTERFACE 39 
21 2 
25 1 
-1 
INTERFACE 40 
21 3 
22 4 
-1 
INTERFACE 41 
21 4 
23 3 
1 
INTERFACE 42 
22 1 
27 2 
1 
INTERFACE 43 
22 3 
31 3 
1 
INTERFACE 44 
23 2 
24 1 
1 
INTERFACE 45 
24 2 
29 1 
1 
INTERFACE 46 
24 3 
25 3 
1 
INTERFACE 47 
25 2 
26 1 
1 
INTERFACE 48 
25 4 
27 4 
-1 
INTERFACE 49 
26 3 
29 3 
1 
INTERFACE 50 
26 4 
28 4 
1 
INTERFACE 51 
27 1 
28 1 
1 
INTERFACE 52 
27 3 
30 3 
1 
INTERFACE 53 
28 3 
32 4 
1 
INTERFACE 54 
30 1 
32 1 
-1 
INTERFACE 55 
30 2 
31 1 
1 
BOUNDARY 1 
1 
1 1 
BOUNDARY 2 
1 
1 4 
BOUNDARY 3 
1 
5 4 
BOUNDARY 4 
1 
6 4 
BOUNDARY 5 
1 
11 4 
BOUNDARY 6 
1 
12 4 
BOUNDARY 7 
1 
13 4 
BOUNDARY 8 
1 
14 3 
BOUNDARY 9 
1 
17 4 
BOUNDARY 10 
1 
18 4 
BOUNDARY 11 
1 
19 1 
BOUNDARY 12 
1 
19 4 
BOUNDARY 13 
1 
23 4 
BOUNDARY 14 
1 
24 4 
BOUNDARY 15 
1 
29 4 
BOUNDARY 16 
1 
30 4 
BOUNDARY 17 
1 
31 4 
BOUNDARY 18 
1 
32 3 
