# nurbs mesh v.2.1
#
# 14-Jul-2024
#
2 2 32 55 0 
PATCH 1 
2 1 
4 2 
0.000000000000000   0.000000000000000   0.000000000000000   0.500000000000000   1.000000000000000   1.000000000000000   1.000000000000000   
0.000000000000000   0.000000000000000   1.000000000000000   1.000000000000000   
0.050000000000000   0.049904867452294   0.049525061277599   0.049240387650610   0.050500000000000   0.050403916126817   0.050020311890375   0.049732791527117   
0.000000000000000   0.002178893568691   0.006520098010365   0.008682408883347   0.000000000000000   0.002200682504378   0.006585298990468   0.008769232972180   
1.000000000000000   0.998097349045873   0.998097349045873   1.000000000000000   1.000000000000000   0.998097349045873   0.998097349045873   1.000000000000000   
PATCH 2 
2 1 
4 2 
0.000000000000000   0.000000000000000   0.000000000000000   0.500000000000000   1.000000000000000   1.000000000000000   1.000000000000000   
0.000000000000000   0.000000000000000   1.000000000000000   1.000000000000000   
0.048324202958940   0.048196656079114   0.047941562319462   0.047814015439635   0.050000000000000   0.049904867452294   0.049525061277599   0.049240387650610   
0.003327236517872   0.004461484097382   0.006729979256403   0.007864226835914   0.000000000000000   0.002178893568691   0.006520098010365   0.008682408883347   
1.000000000000000   1.000000000000000   1.000000000000000   1.000000000000000   1.000000000000000   0.998097349045873   0.998097349045873   1.000000000000000   
PATCH 3 
2 1 
13 2 
0.000000000000000   0.000000000000000   0.000000000000000   0.125000000000000   0.125000000000000   0.250000000000000   0.250000000000000   0.500000000000000   0.500000000000000   0.625000000000000   0.625000000000000   0.750000000000000   0.750000000000000   1.000000000000000   1.000000000000000   1.000000000000000   
0.000000000000000   0.000000000000000   1.000000000000000   1.000000000000000   
0.047814015439635   0.043446804879039   0.047727915298254   0.043308943420881   0.047563422597073   0.045572801247997   0.043582179898921   0.042831196387767   0.042805594665099   0.042779992942432   0.043479773008250   0.043243195794432   0.043006618580614   0.049240387650610   0.049122375608591   0.048457096409105   0.048469621418708   0.048247117015555   0.048015741184574   0.047799496580347   0.047661988306512   0.047578498407190   0.047503566820938   0.047412734374377   0.047149015607534   0.046864285058087   
0.007864226835914   0.007230360462618   0.008007136774475   0.007324332284141   0.008035040826937   0.007500753204157   0.006966465581377   0.006843739154712   0.006843654133411   0.006843569112110   0.006966125496174   0.007027941870795   0.007089758245415   0.008682408883347   0.009214726804819   0.009637800260092   0.010191079532275   0.010695076597963   0.011748848421155   0.012807836507318   0.013330220390779   0.013868538126430   0.014410925278505   0.014950260798643   0.016005480418959   0.017057204811310   
1.000000000000000   0.908857507789506   1.000000000000000   0.908857507789506   1.000000000000000   1.000000000000000   1.000000000000000   0.983335922723973   0.983335922723973   0.983335922723973   1.000000000000000   1.000000000000000   1.000000000000000   1.000000000000000   0.999524337261468   0.999167590207569   0.998810843153671   0.998573011784405   0.998097349045873   0.998097349045873   0.998097349045873   0.998216264730506   0.998335180415139   0.998573011784404   0.999048674522936   1.000000000000000   
PATCH 4 
2 2 
13 4 
0.000000000000000   0.000000000000000   0.000000000000000   0.250000000000000   0.250000000000000   0.375000000000000   0.375000000000000   0.500000000000000   0.500000000000000   0.750000000000000   0.750000000000000   0.875000000000000   0.875000000000000   1.000000000000000   1.000000000000000   1.000000000000000   
0.000000000000000   0.000000000000000   0.000000000000000   0.500000000000000   1.000000000000000   1.000000000000000   1.000000000000000   
0.042257638036221   0.044108122799704   0.045958607563187   0.045867049619088   0.045876274282562   0.045885498946036   0.045995506217082   0.047053649538322   0.048111792859561   0.043659080075663   0.048269927017098   0.043776343989053   0.048324202958940   0.042444883172319   0.043891891048386   0.045338898924453   0.045095285449924   0.045108604378196   0.045121923306469   0.045392174637542   0.046683437465741   0.047974700293939   0.043571545911968   0.048134424087387   0.043693959211549   0.048196656079114   0.042819373444515   0.043459427545750   0.044099481646984   0.043551757111596   0.043573264569465   0.043594772027334   0.044185511478461   0.045943013320578   0.047700515162695   0.043396477584577   0.047863418227965   0.043529189656542   0.047941562319462   0.043006618580614   0.043243195794432   0.043479773008250   0.042779992942432   0.042805594665099   0.042831196387767   0.043582179898921   0.045572801247997   0.047563422597073   0.043308943420881   0.047727915298254   0.043446804879039   0.047814015439635   
0.004223337633020   0.003739815752264   0.003256293871508   0.003246803001429   0.003245295643422   0.003243788285415   0.003250264439479   0.003177809455170   0.003105354470861   0.002806704209294   0.003166583194038   0.002929197241497   0.003327236517872   0.004939942786119   0.004561847281896   0.004183751777674   0.004145994529099   0.004144885265919   0.004143776002739   0.004179314724954   0.004258545392417   0.004337776059880   0.003936111228006   0.004376721589147   0.004004488046777   0.004461484097382   0.006373153092316   0.006205910341162   0.006038667590007   0.005944377584440   0.005944064510914   0.005943751437388   0.006037415295903   0.006420017266910   0.006802619237918   0.006194925265429   0.006796998379366   0.006155069657337   0.006729979256403   0.007089758245415   0.007027941870795   0.006966125496174   0.006843569112110   0.006843654133411   0.006843739154712   0.006966465581377   0.007500753204157   0.008035040826937   0.007324332284141   0.008007136774475   0.007230360462618   0.007864226835914   
1.000000000000000   1.000000000000000   1.000000000000000   0.997811044866331   0.997811044866331   0.997811044866331   1.000000000000000   1.000000000000000   1.000000000000000   0.905692523978187   1.000000000000000   0.905692523978187   1.000000000000000   1.000000000000000   1.000000000000000   1.000000000000000   0.994192264330741   0.994192264330741   0.994192264330741   1.000000000000000   1.000000000000000   1.000000000000000   0.906483769931017   1.000000000000000   0.906483769931017   1.000000000000000   1.000000000000000   1.000000000000000   1.000000000000000   0.986954703259562   0.986954703259562   0.986954703259562   1.000000000000000   1.000000000000000   1.000000000000000   0.908066261836676   1.000000000000000   0.908066261836676   1.000000000000000   1.000000000000000   1.000000000000000   1.000000000000000   0.983335922723973   0.983335922723973   0.983335922723973   1.000000000000000   1.000000000000000   1.000000000000000   0.908857507789506   1.000000000000000   0.908857507789506   1.000000000000000   
PATCH 5 
2 1 
13 2 
0.000000000000000   0.000000000000000   0.000000000000000   0.125000000000000   0.125000000000000   0.250000000000000   0.250000000000000   0.500000000000000   0.500000000000000   0.625000000000000   0.625000000000000   0.750000000000000   0.750000000000000   1.000000000000000   1.000000000000000   1.000000000000000   
0.000000000000000   0.000000000000000   1.000000000000000   1.000000000000000   
0.049240387650610   0.049122375608591   0.048457096409105   0.048469621418708   0.048247117015555   0.048015741184574   0.047799496580347   0.047661988306512   0.047578498407190   0.047503566820938   0.047412734374377   0.047149015607534   0.046864285058087   0.049732791527117   0.049613599364677   0.049488606583825   0.049363613802972   0.049232820403708   0.048971233605179   0.048686444333000   0.048544049696911   0.048395854442409   0.048247659187908   0.048093663314994   0.047785671569166   0.047454477349688   
0.008682408883347   0.009214726804819   0.009637800260092   0.010191079532275   0.010695076597963   0.011748848421155   0.012807836507318   0.013330220390779   0.013868538126430   0.014410925278505   0.014950260798643   0.016005480418959   0.017057204811310   0.008769232972180   0.009306874072867   0.009842960902535   0.010379047732203   0.010913580290852   0.011982645408149   0.013045493441370   0.013576917457981   0.014106787203572   0.014636656949163   0.015164972423735   0.016221603372879   0.017272017237946   
1.000000000000000   0.999524337261468   0.999167590207569   0.998810843153671   0.998573011784405   0.998097349045873   0.998097349045873   0.998097349045873   0.998216264730506   0.998335180415139   0.998573011784404   0.999048674522936   1.000000000000000   1.000000000000000   0.999524337261468   0.999167590207569   0.998810843153671   0.998573011784405   0.998097349045873   0.998097349045873   0.998097349045873   0.998216264730506   0.998335180415139   0.998573011784404   0.999048674522936   1.000000000000000   
PATCH 6 
2 1 
6 2 
0.000000000000000   0.000000000000000   0.000000000000000   0.250000000000000   0.500000000000000   0.750000000000000   1.000000000000000   1.000000000000000   1.000000000000000   
0.000000000000000   0.000000000000000   1.000000000000000   1.000000000000000   
0.046864285058087   0.046546897803774   0.045677487922384   0.044605580689003   0.043697003332115   0.043293828094850   0.047454477349688   0.047032993823604   0.046146485990198   0.045216437375554   0.044242847979673   0.043734282891114   
0.017057204811310   0.018100541892851   0.020098009300052   0.021997614193275   0.023973587548701   0.024995703304811   0.017272017237946   0.018289568482936   0.020304367573183   0.022298863263696   0.024273055554476   0.025250000000000   
1.000000000000000   0.999048674522936   0.998097349045873   0.998097349045873   0.999048674522936   1.000000000000000   1.000000000000000   0.999048674522936   0.998097349045873   0.998097349045873   0.999048674522936   1.000000000000000   
PATCH 7 
2 1 
6 2 
0.000000000000000   0.000000000000000   0.000000000000000   0.250000000000000   0.500000000000000   0.750000000000000   1.000000000000000   1.000000000000000   1.000000000000000   
0.000000000000000   0.000000000000000   1.000000000000000   1.000000000000000   
0.046864285058087   0.046546897803774   0.045677487922384   0.044605580689003   0.043697003332115   0.043293828094850   0.043006618580614   0.039876543688519   0.033616393904331   0.027356244120143   0.021096094335954   0.017966019443860   
0.017057204811310   0.018100541892851   0.020098009300052   0.021997614193275   0.023973587548701   0.024995703304811   0.007089758245415   0.007907630258522   0.009543374284735   0.011179118310948   0.012814862337162   0.013632734350268   
1.000000000000000   0.999048674522936   0.998097349045873   0.998097349045873   0.999048674522936   1.000000000000000   1.000000000000000   1.000000000000000   1.000000000000000   1.000000000000000   1.000000000000000   1.000000000000000   
PATCH 8 
2 1 
13 2 
0.000000000000000   0.000000000000000   0.000000000000000   0.250000000000000   0.250000000000000   0.375000000000000   0.375000000000000   0.500000000000000   0.500000000000000   0.750000000000000   0.750000000000000   0.875000000000000   0.875000000000000   1.000000000000000   1.000000000000000   1.000000000000000   
0.000000000000000   0.000000000000000   1.000000000000000   1.000000000000000   
0.043293828094850   0.042423043368918   0.041517371438774   0.041034609045793   0.040512207844242   0.040045566178617   0.039648303205652   0.038347543194726   0.036850958529645   0.036273482115524   0.035702200969830   0.035217837774177   0.034712729870379   0.017966019443860   0.017538760682422   0.017111501920984   0.016918400008660   0.016900412920634   0.016882425832608   0.017039553568878   0.016427180269982   0.015814806971085   0.013787760777554   0.013721778000296   0.013655795223037   0.015550875862051   
0.024995703304811   0.026302977870826   0.027583212740527   0.028202860485568   0.028792527042824   0.029420350749883   0.030100674304213   0.031062791491929   0.031822118464880   0.032332397864471   0.032844466774602   0.033434300195080   0.034006219925121   0.013632734350268   0.013744374804692   0.013856015259116   0.013720426290955   0.013729280487342   0.013738134683730   0.013891432044667   0.014365992952575   0.014840553860484   0.013027919163899   0.013023752862945   0.013019586561990   0.014823888656667   
1.000000000000000   0.998025678949173   0.997038518423760   0.996544938161053   0.996298148029700   0.996051357898347   0.996051357898347   0.996051357898347   0.997038518423760   0.997532098686467   0.998272469080527   0.999012839474587   1.000000000000000   1.000000000000000   1.000000000000000   1.000000000000000   0.989848646794531   0.989848646794531   0.989848646794531   1.000000000000000   1.000000000000000   1.000000000000000   0.875130478687344   0.875130478687344   0.875130478687344   1.000000000000000   
PATCH 9 
2 2 
6 4 
0.000000000000000   0.000000000000000   0.000000000000000   0.250000000000000   0.500000000000000   0.750000000000000   1.000000000000000   1.000000000000000   1.000000000000000   
0.000000000000000   0.000000000000000   0.000000000000000   0.500000000000000   1.000000000000000   1.000000000000000   1.000000000000000   
0.017217038899468   0.020347113791562   0.026607263575750   0.032867413359938   0.039127563144127   0.042257638036221   0.017404284035566   0.020534358927660   0.026794508711848   0.033054658496037   0.039314808280225   0.042444883172319   0.017778774307762   0.020908849199856   0.027168998984044   0.033429148768233   0.039689298552421   0.042819373444515   0.017966019443860   0.021096094335954   0.027356244120143   0.033616393904331   0.039876543688519   0.043006618580614   
0.010766313737873   0.009948441724766   0.008312697698553   0.006676953672340   0.005041209646127   0.004223337633020   0.011482918890972   0.010665046877865   0.009029302851652   0.007393558825439   0.005757814799225   0.004939942786119   0.012916129197169   0.012098257184063   0.010462513157849   0.008826769131636   0.007191025105423   0.006373153092316   0.013632734350268   0.012814862337162   0.011179118310948   0.009543374284735   0.007907630258522   0.007089758245415   
1.000000000000000   1.000000000000000   1.000000000000000   1.000000000000000   1.000000000000000   1.000000000000000   1.000000000000000   1.000000000000000   1.000000000000000   1.000000000000000   1.000000000000000   1.000000000000000   1.000000000000000   1.000000000000000   1.000000000000000   1.000000000000000   1.000000000000000   1.000000000000000   1.000000000000000   1.000000000000000   1.000000000000000   1.000000000000000   1.000000000000000   1.000000000000000   
PATCH 10 
2 2 
13 4 
0.000000000000000   0.000000000000000   0.000000000000000   0.250000000000000   0.250000000000000   0.375000000000000   0.375000000000000   0.500000000000000   0.500000000000000   0.750000000000000   0.750000000000000   0.875000000000000   0.875000000000000   1.000000000000000   1.000000000000000   1.000000000000000   
0.000000000000000   0.000000000000000   0.000000000000000   0.500000000000000   1.000000000000000   1.000000000000000   1.000000000000000   
0.017217038899468   0.016614405090145   0.016011771280823   0.015989902067561   0.015983939207595   0.015977976347628   0.015987919840958   0.014639532209995   0.013291144579033   0.011615753505975   0.013169627300279   0.011577704968348   0.013224136063352   0.017404284035566   0.016845493988215   0.016286703940863   0.016222026552836   0.016213057635854   0.016204088718873   0.016250828272938   0.015086444224992   0.013922060177046   0.012158755323870   0.013307664975284   0.012097227532021   0.013805821013027   0.017778774307762   0.017307671784353   0.016836569260944   0.016686275523386   0.016671294492374   0.016656313461363   0.016776645136898   0.015980268254985   0.015183891373072   0.013244758959660   0.013583740325292   0.013136272659365   0.014969190912376   0.017966019443860   0.017538760682422   0.017111501920984   0.016918400008660   0.016900412920634   0.016882425832608   0.017039553568878   0.016427180269982   0.015814806971085   0.013787760777554   0.013721778000296   0.013655795223037   0.015550875862051   
0.010766313737873   0.010923778764681   0.011081243791490   0.011071899999402   0.011073865485960   0.011075830972519   0.011089105737724   0.011629595920042   0.012170086102361   0.010751832962526   0.012315585399805   0.010937544575993   0.012497148857969   0.011482918890972   0.011628927774684   0.011774936658397   0.011734031572290   0.011737719236306   0.011741406900322   0.011789687314460   0.012313695178176   0.012837703041892   0.011320854512869   0.012492627265590   0.011458055072493   0.013078833807643   0.012916129197169   0.013039225794690   0.013162322392210   0.013058294718067   0.013065426736997   0.013072558755927   0.013190850467931   0.013681893694442   0.014172936920953   0.012458897613555   0.012846710997160   0.012499076065491   0.014242203706993   0.013632734350268   0.013744374804692   0.013856015259116   0.013720426290955   0.013729280487342   0.013738134683730   0.013891432044667   0.014365992952575   0.014840553860484   0.013027919163899   0.013023752862945   0.013019586561990   0.014823888656667   
1.000000000000000   1.000000000000000   1.000000000000000   0.999013556018500   0.999013556018500   0.999013556018500   1.000000000000000   1.000000000000000   1.000000000000000   0.880566243276726   1.000000000000000   0.880566243276726   1.000000000000000   1.000000000000000   1.000000000000000   1.000000000000000   0.996722328712508   0.996722328712508   0.996722328712508   1.000000000000000   1.000000000000000   1.000000000000000   0.879207302129380   0.968782619671836   0.879207302129380   1.000000000000000   1.000000000000000   1.000000000000000   1.000000000000000   0.992139874100523   0.992139874100523   0.992139874100523   1.000000000000000   1.000000000000000   1.000000000000000   0.876489419834690   0.906347859015508   0.876489419834690   1.000000000000000   1.000000000000000   1.000000000000000   1.000000000000000   0.989848646794531   0.989848646794531   0.989848646794531   1.000000000000000   1.000000000000000   1.000000000000000   0.875130478687344   0.875130478687344   0.875130478687344   1.000000000000000   
PATCH 11 
2 1 
13 2 
0.000000000000000   0.000000000000000   0.000000000000000   0.250000000000000   0.250000000000000   0.375000000000000   0.375000000000000   0.500000000000000   0.500000000000000   0.750000000000000   0.750000000000000   0.875000000000000   0.875000000000000   1.000000000000000   1.000000000000000   1.000000000000000   
0.000000000000000   0.000000000000000   1.000000000000000   1.000000000000000   
0.043293828094850   0.042423043368918   0.041517371438774   0.041034609045793   0.040512207844242   0.040045566178617   0.039648303205652   0.038347543194726   0.036850958529645   0.036273482115524   0.035702200969830   0.035217837774177   0.034712729870379   0.043734282891114   0.043142506727484   0.042531053738569   0.042225327244111   0.041914681543332   0.041604035842553   0.041288470935453   0.040657341121252   0.040006534481766   0.039681131162023   0.039350808635958   0.039020486109894   0.038685244377508   
0.024995703304811   0.026302977870826   0.027583212740527   0.028202860485568   0.028792527042824   0.029420350749883   0.030100674304213   0.031062791491929   0.031822118464880   0.032332397864471   0.032844466774602   0.033434300195080   0.034006219925121   0.025250000000000   0.026178902508932   0.027094027156471   0.027551589480241   0.028005707338662   0.028459825197083   0.028910498590156   0.029811845376303   0.030699414301056   0.031143198763433   0.031583538760461   0.032023878757490   0.032460774289170   
1.000000000000000   0.998025678949173   0.997038518423760   0.996544938161053   0.996298148029700   0.996051357898347   0.996051357898347   0.996051357898347   0.997038518423760   0.997532098686467   0.998272469080527   0.999012839474587   1.000000000000000   1.000000000000000   0.999048674522937   0.998573011784405   0.998335180415139   0.998216264730506   0.998097349045873   0.998097349045873   0.998097349045873   0.998573011784405   0.998810843153671   0.999167590207569   0.999524337261468   1.000000000000000   
PATCH 12 
2 1 
6 2 
0.000000000000000   0.000000000000000   0.000000000000000   0.250000000000000   0.500000000000000   0.750000000000000   1.000000000000000   1.000000000000000   1.000000000000000   
0.000000000000000   0.000000000000000   1.000000000000000   1.000000000000000   
0.017217038899468   0.020347113791562   0.026607263575750   0.032867413359938   0.039127563144127   0.042257638036221   0.014550000000000   0.018013454754528   0.024940364263583   0.031867273772638   0.038794183281693   0.042257638036221   
0.010766313737873   0.009948441724766   0.008312697698553   0.006676953672340   0.005041209646127   0.004223337633020   0.000000000000000   0.000000000000000   0.000000000000000   0.000000000000000   0.000000000000000   0.000000000000000   
1.000000000000000   1.000000000000000   1.000000000000000   1.000000000000000   1.000000000000000   1.000000000000000   1.000000000000000   1.000000000000000   1.000000000000000   1.000000000000000   1.000000000000000   1.000000000000000   
PATCH 13 
2 1 
13 2 
0.000000000000000   0.000000000000000   0.000000000000000   0.250000000000000   0.250000000000000   0.375000000000000   0.375000000000000   0.500000000000000   0.500000000000000   0.750000000000000   0.750000000000000   0.875000000000000   0.875000000000000   1.000000000000000   1.000000000000000   1.000000000000000   
0.000000000000000   0.000000000000000   1.000000000000000   1.000000000000000   
0.042257638036221   0.044108122799704   0.045958607563187   0.045867049619088   0.045876274282562   0.045885498946036   0.045995506217082   0.047053649538322   0.048111792859561   0.043659080075663   0.048269927017098   0.043776343989053   0.048324202958940   0.042257638036221   0.043225433281693   0.044193228527166   0.044677126149902   0.045161023772638   0.045644921395374   0.046128819018111   0.047096614263583   0.048064409509055   0.048548307131791   0.049032204754528   0.049516102377264   0.050000000000000   
0.004223337633020   0.003739815752264   0.003256293871508   0.003246803001429   0.003245295643422   0.003243788285415   0.003250264439479   0.003177809455170   0.003105354470861   0.002806704209294   0.003166583194038   0.002929197241497   0.003327236517872   0.000000000000000   0.000000000000000   0.000000000000000   0.000000000000000   0.000000000000000   0.000000000000000   0.000000000000000   0.000000000000000   0.000000000000000   0.000000000000000   0.000000000000000   0.000000000000000   0.000000000000000   
1.000000000000000   1.000000000000000   1.000000000000000   0.997811044866331   0.997811044866331   0.997811044866331   1.000000000000000   1.000000000000000   1.000000000000000   0.905692523978187   1.000000000000000   0.905692523978187   1.000000000000000   1.000000000000000   1.000000000000000   1.000000000000000   1.000000000000000   1.000000000000000   1.000000000000000   1.000000000000000   1.000000000000000   1.000000000000000   1.000000000000000   1.000000000000000   1.000000000000000   1.000000000000000   
PATCH 14 
2 1 
13 2 
0.000000000000000   0.000000000000000   0.000000000000000   0.250000000000000   0.250000000000000   0.375000000000000   0.375000000000000   0.500000000000000   0.500000000000000   0.750000000000000   0.750000000000000   0.875000000000000   0.875000000000000   1.000000000000000   1.000000000000000   1.000000000000000   
0.000000000000000   0.000000000000000   1.000000000000000   1.000000000000000   
0.014550000000000   0.014280222854180   0.013885561219080   0.013688230401530   0.013459678461660   0.013231126521790   0.012971353459600   0.012451807335219   0.011807376721559   0.011485161414729   0.011131724985579   0.010778288556428   0.010393631004958   0.017217038899468   0.016614405090145   0.016011771280823   0.015989902067561   0.015983939207595   0.015977976347628   0.015987919840958   0.014639532209995   0.013291144579033   0.011615753505975   0.013169627300279   0.011577704968348   0.013224136063352   
0.000000000000000   0.001374717799198   0.002698457255555   0.003360326983733   0.004009452126201   0.004658577268669   0.005294957825426   0.006567718938940   0.007789501709613   0.008400393094949   0.008998539894575   0.009596686694201   0.010182088908116   0.010766313737873   0.010923778764681   0.011081243791490   0.011071899999402   0.011073865485960   0.011075830972519   0.011089105737724   0.011629595920042   0.012170086102361   0.010751832962526   0.012315585399805   0.010937544575993   0.012497148857969   
1.000000000000000   0.981458615407566   0.972187923111349   0.967552576963241   0.965234903889187   0.962917230815132   0.962917230815132   0.962917230815132   0.972187923111349   0.976823269259458   0.983776288481620   0.990729307703783   1.000000000000000   1.000000000000000   1.000000000000000   1.000000000000000   0.999013556018500   0.999013556018500   0.999013556018500   1.000000000000000   1.000000000000000   1.000000000000000   0.880566243276726   1.000000000000000   0.880566243276726   1.000000000000000   
PATCH 15 
2 1 
4 2 
0.000000000000000   0.000000000000000   0.000000000000000   0.500000000000000   1.000000000000000   1.000000000000000   1.000000000000000   
0.000000000000000   0.000000000000000   1.000000000000000   1.000000000000000   
0.034712729870379   0.034549685908804   0.034196301286524   0.034006219925121   0.015550875862051   0.015369129060705   0.015005635458013   0.014823888656667   
0.034006219925121   0.034196301286524   0.034549685908804   0.034712729870379   0.014823888656667   0.015005635458013   0.015369129060705   0.015550875862051   
1.000000000000000   0.999973576574900   0.999973576574900   1.000000000000000   1.000000000000000   1.000000000000000   1.000000000000000   1.000000000000000   
PATCH 16 
2 2 
4 4 
0.000000000000000   0.000000000000000   0.000000000000000   0.500000000000000   1.000000000000000   1.000000000000000   1.000000000000000   
0.000000000000000   0.000000000000000   0.000000000000000   0.500000000000000   1.000000000000000   1.000000000000000   1.000000000000000   
0.013224136063352   0.013805821013027   0.014969190912376   0.015550875862051   0.013042389262006   0.013624074211681   0.014787444111030   0.015369129060705   0.012678895659315   0.013260580608989   0.014423950508339   0.015005635458013   0.012497148857969   0.013078833807643   0.014242203706993   0.014823888656667   
0.012497148857969   0.013078833807643   0.014242203706993   0.014823888656667   0.012678895659315   0.013260580608989   0.014423950508339   0.015005635458013   0.013042389262006   0.013624074211681   0.014787444111030   0.015369129060705   0.013224136063352   0.013805821013027   0.014969190912376   0.015550875862051   
1.000000000000000   1.000000000000000   1.000000000000000   1.000000000000000   1.000000000000000   1.000000000000000   1.000000000000000   1.000000000000000   1.000000000000000   1.000000000000000   1.000000000000000   1.000000000000000   1.000000000000000   1.000000000000000   1.000000000000000   1.000000000000000   
PATCH 17 
2 1 
4 2 
0.000000000000000   0.000000000000000   0.000000000000000   0.500000000000000   1.000000000000000   1.000000000000000   1.000000000000000   
0.000000000000000   0.000000000000000   1.000000000000000   1.000000000000000   
0.013224136063352   0.013042389262006   0.012678895659315   0.012497148857969   0.010393631004958   0.010341017335611   0.010235246287190   0.010182088908116   
0.012497148857969   0.012678895659315   0.013042389262006   0.013224136063352   0.010182088908116   0.010235246287190   0.010341017335611   0.010393631004958   
1.000000000000000   1.000000000000000   1.000000000000000   1.000000000000000   1.000000000000000   0.999973576574900   0.999973576574900   1.000000000000000   
PATCH 18 
2 1 
4 2 
0.000000000000000   0.000000000000000   0.000000000000000   0.500000000000000   1.000000000000000   1.000000000000000   1.000000000000000   
0.000000000000000   0.000000000000000   1.000000000000000   1.000000000000000   
0.034712729870379   0.034549685908804   0.034196301286524   0.034006219925121   0.038685244377508   0.037197068413715   0.034084833369545   0.032460774289170   
0.034006219925121   0.034196301286524   0.034549685908804   0.034712729870379   0.032460774289170   0.034084833369545   0.037197068413715   0.038685244377508   
1.000000000000000   0.999973576574900   0.999973576574900   1.000000000000000   1.000000000000000   0.998097349045873   0.998097349045873   1.000000000000000   
PATCH 19 
2 1 
4 2 
0.000000000000000   0.000000000000000   0.000000000000000   0.500000000000000   1.000000000000000   1.000000000000000   1.000000000000000   
0.000000000000000   0.000000000000000   1.000000000000000   1.000000000000000   
0.000000000000000   0.002178893568691   0.006520098010365   0.008682408883347   0.000000000000000   0.002200682504378   0.006585298990468   0.008769232972180   
0.050000000000000   0.049904867452294   0.049525061277599   0.049240387650610   0.050500000000000   0.050403916126817   0.050020311890375   0.049732791527117   
1.000000000000000   0.998097349045873   0.998097349045873   1.000000000000000   1.000000000000000   0.998097349045873   0.998097349045873   1.000000000000000   
PATCH 20 
2 1 
4 2 
0.000000000000000   0.000000000000000   0.000000000000000   0.500000000000000   1.000000000000000   1.000000000000000   1.000000000000000   
0.000000000000000   0.000000000000000   1.000000000000000   1.000000000000000   
0.003327236517872   0.004461484097382   0.006729979256403   0.007864226835914   0.000000000000000   0.002178893568691   0.006520098010365   0.008682408883347   
0.048324202958940   0.048196656079114   0.047941562319462   0.047814015439635   0.050000000000000   0.049904867452294   0.049525061277599   0.049240387650610   
1.000000000000000   1.000000000000000   1.000000000000000   1.000000000000000   1.000000000000000   0.998097349045873   0.998097349045873   1.000000000000000   
PATCH 21 
2 1 
13 2 
0.000000000000000   0.000000000000000   0.000000000000000   0.125000000000000   0.125000000000000   0.250000000000000   0.250000000000000   0.500000000000000   0.500000000000000   0.625000000000000   0.625000000000000   0.750000000000000   0.750000000000000   1.000000000000000   1.000000000000000   1.000000000000000   
0.000000000000000   0.000000000000000   1.000000000000000   1.000000000000000   
0.007864226835914   0.007230360462618   0.008007136774475   0.007324332284141   0.008035040826937   0.007500753204157   0.006966465581377   0.006843739154712   0.006843654133411   0.006843569112110   0.006966125496174   0.007027941870795   0.007089758245415   0.008682408883347   0.009214726804819   0.009637800260092   0.010191079532275   0.010695076597963   0.011748848421155   0.012807836507318   0.013330220390779   0.013868538126430   0.014410925278505   0.014950260798643   0.016005480418959   0.017057204811310   
0.047814015439635   0.043446804879039   0.047727915298254   0.043308943420881   0.047563422597073   0.045572801247997   0.043582179898921   0.042831196387767   0.042805594665099   0.042779992942432   0.043479773008250   0.043243195794432   0.043006618580614   0.049240387650610   0.049122375608591   0.048457096409105   0.048469621418708   0.048247117015555   0.048015741184574   0.047799496580347   0.047661988306512   0.047578498407190   0.047503566820938   0.047412734374377   0.047149015607534   0.046864285058087   
1.000000000000000   0.908857507789506   1.000000000000000   0.908857507789506   1.000000000000000   1.000000000000000   1.000000000000000   0.983335922723973   0.983335922723973   0.983335922723973   1.000000000000000   1.000000000000000   1.000000000000000   1.000000000000000   0.999524337261468   0.999167590207569   0.998810843153671   0.998573011784405   0.998097349045873   0.998097349045873   0.998097349045873   0.998216264730506   0.998335180415139   0.998573011784404   0.999048674522936   1.000000000000000   
PATCH 22 
2 2 
13 4 
0.000000000000000   0.000000000000000   0.000000000000000   0.250000000000000   0.250000000000000   0.375000000000000   0.375000000000000   0.500000000000000   0.500000000000000   0.750000000000000   0.750000000000000   0.875000000000000   0.875000000000000   1.000000000000000   1.000000000000000   1.000000000000000   
0.000000000000000   0.000000000000000   0.000000000000000   0.500000000000000   1.000000000000000   1.000000000000000   1.000000000000000   
0.004223337633020   0.003739815752264   0.003256293871508   0.003246803001429   0.003245295643422   0.003243788285415   0.003250264439479   0.003177809455170   0.003105354470861   0.002806704209294   0.003166583194038   0.002929197241497   0.003327236517872   0.004939942786119   0.004561847281896   0.004183751777674   0.004145994529099   0.004144885265919   0.004143776002739   0.004179314724954   0.004258545392417   0.004337776059880   0.003936111228006   0.004376721589147   0.004004488046777   0.004461484097382   0.006373153092316   0.006205910341162   0.006038667590007   0.005944377584440   0.005944064510914   0.005943751437388   0.006037415295903   0.006420017266910   0.006802619237918   0.006194925265429   0.006796998379366   0.006155069657337   0.006729979256403   0.007089758245415   0.007027941870795   0.006966125496174   0.006843569112110   0.006843654133411   0.006843739154712   0.006966465581377   0.007500753204157   0.008035040826937   0.007324332284141   0.008007136774475   0.007230360462618   0.007864226835914   
0.042257638036221   0.044108122799704   0.045958607563187   0.045867049619088   0.045876274282562   0.045885498946036   0.045995506217082   0.047053649538322   0.048111792859561   0.043659080075663   0.048269927017098   0.043776343989053   0.048324202958940   0.042444883172319   0.043891891048386   0.045338898924453   0.045095285449924   0.045108604378196   0.045121923306469   0.045392174637542   0.046683437465741   0.047974700293939   0.043571545911968   0.048134424087387   0.043693959211549   0.048196656079114   0.042819373444515   0.043459427545750   0.044099481646984   0.043551757111596   0.043573264569465   0.043594772027334   0.044185511478461   0.045943013320578   0.047700515162695   0.043396477584577   0.047863418227965   0.043529189656542   0.047941562319462   0.043006618580614   0.043243195794432   0.043479773008250   0.042779992942432   0.042805594665099   0.042831196387767   0.043582179898921   0.045572801247997   0.047563422597073   0.043308943420881   0.047727915298254   0.043446804879039   0.047814015439635   
1.000000000000000   1.000000000000000   1.000000000000000   0.997811044866331   0.997811044866331   0.997811044866331   1.000000000000000   1.000000000000000   1.000000000000000   0.905692523978187   1.000000000000000   0.905692523978187   1.000000000000000   1.000000000000000   1.000000000000000   1.000000000000000   0.994192264330741   0.994192264330741   0.994192264330741   1.000000000000000   1.000000000000000   1.000000000000000   0.906483769931017   1.000000000000000   0.906483769931017   1.000000000000000   1.000000000000000   1.000000000000000   1.000000000000000   0.986954703259562   0.986954703259562   0.986954703259562   1.000000000000000   1.000000000000000   1.000000000000000   0.908066261836676   1.000000000000000   0.908066261836676   1.000000000000000   1.000000000000000   1.000000000000000   1.000000000000000   0.983335922723973   0.983335922723973   0.983335922723973   1.000000000000000   1.000000000000000   1.000000000000000   0.908857507789506   1.000000000000000   0.908857507789506   1.000000000000000   
PATCH 23 
2 1 
13 2 
0.000000000000000   0.000000000000000   0.000000000000000   0.125000000000000   0.125000000000000   0.250000000000000   0.250000000000000   0.500000000000000   0.500000000000000   0.625000000000000   0.625000000000000   0.750000000000000   0.750000000000000   1.000000000000000   1.000000000000000   1.000000000000000   
0.000000000000000   0.000000000000000   1.000000000000000   1.000000000000000   
0.008682408883347   0.009214726804819   0.009637800260092   0.010191079532275   0.010695076597963   0.011748848421155   0.012807836507318   0.013330220390779   0.013868538126430   0.014410925278505   0.014950260798643   0.016005480418959   0.017057204811310   0.008769232972180   0.009306874072867   0.009842960902535   0.010379047732203   0.010913580290852   0.011982645408149   0.013045493441370   0.013576917457981   0.014106787203572   0.014636656949163   0.015164972423735   0.016221603372879   0.017272017237946   
0.049240387650610   0.049122375608591   0.048457096409105   0.048469621418708   0.048247117015555   0.048015741184574   0.047799496580347   0.047661988306512   0.047578498407190   0.047503566820938   0.047412734374377   0.047149015607534   0.046864285058087   0.049732791527117   0.049613599364677   0.049488606583825   0.049363613802972   0.049232820403708   0.048971233605179   0.048686444333000   0.048544049696911   0.048395854442409   0.048247659187908   0.048093663314994   0.047785671569166   0.047454477349688   
1.000000000000000   0.999524337261468   0.999167590207569   0.998810843153671   0.998573011784405   0.998097349045873   0.998097349045873   0.998097349045873   0.998216264730506   0.998335180415139   0.998573011784404   0.999048674522936   1.000000000000000   1.000000000000000   0.999524337261468   0.999167590207569   0.998810843153671   0.998573011784405   0.998097349045873   0.998097349045873   0.998097349045873   0.998216264730506   0.998335180415139   0.998573011784404   0.999048674522936   1.000000000000000   
PATCH 24 
2 1 
6 2 
0.000000000000000   0.000000000000000   0.000000000000000   0.250000000000000   0.500000000000000   0.750000000000000   1.000000000000000   1.000000000000000   1.000000000000000   
0.000000000000000   0.000000000000000   1.000000000000000   1.000000000000000   
0.017057204811310   0.018100541892851   0.020098009300052   0.021997614193275   0.023973587548701   0.024995703304811   0.017272017237946   0.018289568482936   0.020304367573183   0.022298863263696   0.024273055554476   0.025250000000000   
0.046864285058087   0.046546897803774   0.045677487922384   0.044605580689003   0.043697003332115   0.043293828094850   0.047454477349688   0.047032993823604   0.046146485990198   0.045216437375554   0.044242847979673   0.043734282891114   
1.000000000000000   0.999048674522936   0.998097349045873   0.998097349045873   0.999048674522936   1.000000000000000   1.000000000000000   0.999048674522936   0.998097349045873   0.998097349045873   0.999048674522936   1.000000000000000   
PATCH 25 
2 1 
6 2 
0.000000000000000   0.000000000000000   0.000000000000000   0.250000000000000   0.500000000000000   0.750000000000000   1.000000000000000   1.000000000000000   1.000000000000000   
0.000000000000000   0.000000000000000   1.000000000000000   1.000000000000000   
0.017057204811310   0.018100541892851   0.020098009300052   0.021997614193275   0.023973587548701   0.024995703304811   0.007089758245415   0.007907630258522   0.009543374284735   0.011179118310948   0.012814862337162   0.013632734350268   
0.046864285058087   0.046546897803774   0.045677487922384   0.044605580689003   0.043697003332115   0.043293828094850   0.043006618580614   0.039876543688519   0.033616393904331   0.027356244120143   0.021096094335954   0.017966019443860   
1.000000000000000   0.999048674522936   0.998097349045873   0.998097349045873   0.999048674522936   1.000000000000000   1.000000000000000   1.000000000000000   1.000000000000000   1.000000000000000   1.000000000000000   1.000000000000000   
PATCH 26 
2 1 
13 2 
0.000000000000000   0.000000000000000   0.000000000000000   0.250000000000000   0.250000000000000   0.375000000000000   0.375000000000000   0.500000000000000   0.500000000000000   0.750000000000000   0.750000000000000   0.875000000000000   0.875000000000000   1.000000000000000   1.000000000000000   1.000000000000000   
0.000000000000000   0.000000000000000   1.000000000000000   1.000000000000000   
0.024995703304811   0.026302977870826   0.027583212740527   0.028202860485568   0.028792527042824   0.029420350749883   0.030100674304213   0.031062791491929   0.031822118464880   0.032332397864471   0.032844466774602   0.033434300195080   0.034006219925121   0.013632734350268   0.013744374804692   0.013856015259116   0.013720426290955   0.013729280487342   0.013738134683730   0.013891432044667   0.014365992952575   0.014840553860484   0.013027919163899   0.013023752862945   0.013019586561990   0.014823888656667   
0.043293828094850   0.042423043368918   0.041517371438774   0.041034609045793   0.040512207844242   0.040045566178617   0.039648303205652   0.038347543194726   0.036850958529645   0.036273482115524   0.035702200969830   0.035217837774177   0.034712729870379   0.017966019443860   0.017538760682422   0.017111501920984   0.016918400008660   0.016900412920634   0.016882425832608   0.017039553568878   0.016427180269982   0.015814806971085   0.013787760777554   0.013721778000296   0.013655795223037   0.015550875862051   
1.000000000000000   0.998025678949173   0.997038518423760   0.996544938161053   0.996298148029700   0.996051357898347   0.996051357898347   0.996051357898347   0.997038518423760   0.997532098686467   0.998272469080527   0.999012839474587   1.000000000000000   1.000000000000000   1.000000000000000   1.000000000000000   0.989848646794531   0.989848646794531   0.989848646794531   1.000000000000000   1.000000000000000   1.000000000000000   0.875130478687344   0.875130478687344   0.875130478687344   1.000000000000000   
PATCH 27 
2 2 
6 4 
0.000000000000000   0.000000000000000   0.000000000000000   0.250000000000000   0.500000000000000   0.750000000000000   1.000000000000000   1.000000000000000   1.000000000000000   
0.000000000000000   0.000000000000000   0.000000000000000   0.500000000000000   1.000000000000000   1.000000000000000   1.000000000000000   
0.010766313737873   0.009948441724766   0.008312697698553   0.006676953672340   0.005041209646127   0.004223337633020   0.011482918890972   0.010665046877865   0.009029302851652   0.007393558825439   0.005757814799225   0.004939942786119   0.012916129197169   0.012098257184063   0.010462513157849   0.008826769131636   0.007191025105423   0.006373153092316   0.013632734350268   0.012814862337162   0.011179118310948   0.009543374284735   0.007907630258522   0.007089758245415   
0.017217038899468   0.020347113791562   0.026607263575750   0.032867413359938   0.039127563144127   0.042257638036221   0.017404284035566   0.020534358927660   0.026794508711848   0.033054658496037   0.039314808280225   0.042444883172319   0.017778774307762   0.020908849199856   0.027168998984044   0.033429148768233   0.039689298552421   0.042819373444515   0.017966019443860   0.021096094335954   0.027356244120143   0.033616393904331   0.039876543688519   0.043006618580614   
1.000000000000000   1.000000000000000   1.000000000000000   1.000000000000000   1.000000000000000   1.000000000000000   1.000000000000000   1.000000000000000   1.000000000000000   1.000000000000000   1.000000000000000   1.000000000000000   1.000000000000000   1.000000000000000   1.000000000000000   1.000000000000000   1.000000000000000   1.000000000000000   1.000000000000000   1.000000000000000   1.000000000000000   1.000000000000000   1.000000000000000   1.000000000000000   
PATCH 28 
2 2 
13 4 
0.000000000000000   0.000000000000000   0.000000000000000   0.250000000000000   0.250000000000000   0.375000000000000   0.375000000000000   0.500000000000000   0.500000000000000   0.750000000000000   0.750000000000000   0.875000000000000   0.875000000000000   1.000000000000000   1.000000000000000   1.000000000000000   
0.000000000000000   0.000000000000000   0.000000000000000   0.500000000000000   1.000000000000000   1.000000000000000   1.000000000000000   
0.010766313737873   0.010923778764681   0.011081243791490   0.011071899999402   0.011073865485960   0.011075830972519   0.011089105737724   0.011629595920042   0.012170086102361   0.010751832962526   0.012315585399805   0.010937544575993   0.012497148857969   0.011482918890972   0.011628927774684   0.011774936658397   0.011734031572290   0.011737719236306   0.011741406900322   0.011789687314460   0.012313695178176   0.012837703041892   0.011320854512869   0.012492627265590   0.011458055072493   0.013078833807643   0.012916129197169   0.013039225794690   0.013162322392210   0.013058294718067   0.013065426736997   0.013072558755927   0.013190850467931   0.013681893694442   0.014172936920953   0.012458897613555   0.012846710997160   0.012499076065491   0.014242203706993   0.013632734350268   0.013744374804692   0.013856015259116   0.013720426290955   0.013729280487342   0.013738134683730   0.013891432044667   0.014365992952575   0.014840553860484   0.013027919163899   0.013023752862945   0.013019586561990   0.014823888656667   
0.017217038899468   0.016614405090145   0.016011771280823   0.015989902067561   0.015983939207595   0.015977976347628   0.015987919840958   0.014639532209995   0.013291144579033   0.011615753505975   0.013169627300279   0.011577704968348   0.013224136063352   0.017404284035566   0.016845493988215   0.016286703940863   0.016222026552836   0.016213057635854   0.016204088718873   0.016250828272938   0.015086444224992   0.013922060177046   0.012158755323870   0.013307664975284   0.012097227532021   0.013805821013027   0.017778774307762   0.017307671784353   0.016836569260944   0.016686275523386   0.016671294492374   0.016656313461363   0.016776645136898   0.015980268254985   0.015183891373072   0.013244758959660   0.013583740325292   0.013136272659365   0.014969190912376   0.017966019443860   0.017538760682422   0.017111501920984   0.016918400008660   0.016900412920634   0.016882425832608   0.017039553568878   0.016427180269982   0.015814806971085   0.013787760777554   0.013721778000296   0.013655795223037   0.015550875862051   
1.000000000000000   1.000000000000000   1.000000000000000   0.999013556018500   0.999013556018500   0.999013556018500   1.000000000000000   1.000000000000000   1.000000000000000   0.880566243276726   1.000000000000000   0.880566243276726   1.000000000000000   1.000000000000000   1.000000000000000   1.000000000000000   0.996722328712508   0.996722328712508   0.996722328712508   1.000000000000000   1.000000000000000   1.000000000000000   0.879207302129380   0.968782619671836   0.879207302129380   1.000000000000000   1.000000000000000   1.000000000000000   1.000000000000000   0.992139874100523   0.992139874100523   0.992139874100523   1.000000000000000   1.000000000000000   1.000000000000000   0.876489419834690   0.906347859015508   0.876489419834690   1.000000000000000   1.000000000000000   1.000000000000000   1.000000000000000   0.989848646794531   0.989848646794531   0.989848646794531   1.000000000000000   1.000000000000000   1.000000000000000   0.875130478687344   0.875130478687344   0.875130478687344   1.000000000000000   
PATCH 29 
2 1 
13 2 
0.000000000000000   0.000000000000000   0.000000000000000   0.250000000000000   0.250000000000000   0.375000000000000   0.375000000000000   0.500000000000000   0.500000000000000   0.750000000000000   0.750000000000000   0.875000000000000   0.875000000000000   1.000000000000000   1.000000000000000   1.000000000000000   
0.000000000000000   0.000000000000000   1.000000000000000   1.000000000000000   
0.024995703304811   0.026302977870826   0.027583212740527   0.028202860485568   0.028792527042824   0.029420350749883   0.030100674304213   0.031062791491929   0.031822118464880   0.032332397864471   0.032844466774602   0.033434300195080   0.034006219925121   0.025250000000000   0.026178902508932   0.027094027156471   0.027551589480241   0.028005707338662   0.028459825197083   0.028910498590156   0.029811845376303   0.030699414301056   0.031143198763433   0.031583538760461   0.032023878757490   0.032460774289170   
0.043293828094850   0.042423043368918   0.041517371438774   0.041034609045793   0.040512207844242   0.040045566178617   0.039648303205652   0.038347543194726   0.036850958529645   0.036273482115524   0.035702200969830   0.035217837774177   0.034712729870379   0.043734282891114   0.043142506727484   0.042531053738569   0.042225327244111   0.041914681543332   0.041604035842553   0.041288470935453   0.040657341121252   0.040006534481766   0.039681131162023   0.039350808635958   0.039020486109894   0.038685244377508   
1.000000000000000   0.998025678949173   0.997038518423760   0.996544938161053   0.996298148029700   0.996051357898347   0.996051357898347   0.996051357898347   0.997038518423760   0.997532098686467   0.998272469080527   0.999012839474587   1.000000000000000   1.000000000000000   0.999048674522937   0.998573011784405   0.998335180415139   0.998216264730506   0.998097349045873   0.998097349045873   0.998097349045873   0.998573011784405   0.998810843153671   0.999167590207569   0.999524337261468   1.000000000000000   
PATCH 30 
2 1 
6 2 
0.000000000000000   0.000000000000000   0.000000000000000   0.250000000000000   0.500000000000000   0.750000000000000   1.000000000000000   1.000000000000000   1.000000000000000   
0.000000000000000   0.000000000000000   1.000000000000000   1.000000000000000   
0.010766313737873   0.009948441724766   0.008312697698553   0.006676953672340   0.005041209646127   0.004223337633020   0.000000000000000   0.000000000000000   0.000000000000000   0.000000000000000   0.000000000000000   0.000000000000000   
0.017217038899468   0.020347113791562   0.026607263575750   0.032867413359938   0.039127563144127   0.042257638036221   0.014550000000000   0.018013454754528   0.024940364263583   0.031867273772638   0.038794183281693   0.042257638036221   
1.000000000000000   1.000000000000000   1.000000000000000   1.000000000000000   1.000000000000000   1.000000000000000   1.000000000000000   1.000000000000000   1.000000000000000   1.000000000000000   1.000000000000000   1.000000000000000   
PATCH 31 
2 1 
13 2 
0.000000000000000   0.000000000000000   0.000000000000000   0.250000000000000   0.250000000000000   0.375000000000000   0.375000000000000   0.500000000000000   0.500000000000000   0.750000000000000   0.750000000000000   0.875000000000000   0.875000000000000   1.000000000000000   1.000000000000000   1.000000000000000   
0.000000000000000   0.000000000000000   1.000000000000000   1.000000000000000   
0.004223337633020   0.003739815752264   0.003256293871508   0.003246803001429   0.003245295643422   0.003243788285415   0.003250264439479   0.003177809455170   0.003105354470861   0.002806704209294   0.003166583194038   0.002929197241497   0.003327236517872   0.000000000000000   0.000000000000000   0.000000000000000   0.000000000000000   0.000000000000000   0.000000000000000   0.000000000000000   0.000000000000000   0.000000000000000   0.000000000000000   0.000000000000000   0.000000000000000   0.000000000000000   
0.042257638036221   0.044108122799704   0.045958607563187   0.045867049619088   0.045876274282562   0.045885498946036   0.045995506217082   0.047053649538322   0.048111792859561   0.043659080075663   0.048269927017098   0.043776343989053   0.048324202958940   0.042257638036221   0.043225433281693   0.044193228527166   0.044677126149902   0.045161023772638   0.045644921395374   0.046128819018111   0.047096614263583   0.048064409509055   0.048548307131791   0.049032204754528   0.049516102377264   0.050000000000000   
1.000000000000000   1.000000000000000   1.000000000000000   0.997811044866331   0.997811044866331   0.997811044866331   1.000000000000000   1.000000000000000   1.000000000000000   0.905692523978187   1.000000000000000   0.905692523978187   1.000000000000000   1.000000000000000   1.000000000000000   1.000000000000000   1.000000000000000   1.000000000000000   1.000000000000000   1.000000000000000   1.000000000000000   1.000000000000000   1.000000000000000   1.000000000000000   1.000000000000000   1.000000000000000   
PATCH 32 
2 1 
13 2 
0.000000000000000   0.000000000000000   0.000000000000000   0.250000000000000   0.250000000000000   0.375000000000000   0.375000000000000   0.500000000000000   0.500000000000000   0.750000000000000   0.750000000000000   0.875000000000000   0.875000000000000   1.000000000000000   1.000000000000000   1.000000000000000   
0.000000000000000   0.000000000000000   1.000000000000000   1.000000000000000   
0.000000000000000   0.001374717799198   0.002698457255555   0.003360326983733   0.004009452126201   0.004658577268669   0.005294957825426   0.006567718938940   0.007789501709613   0.008400393094949   0.008998539894575   0.009596686694201   0.010182088908116   0.010766313737873   0.010923778764681   0.011081243791490   0.011071899999402   0.011073865485960   0.011075830972519   0.011089105737724   0.011629595920042   0.012170086102361   0.010751832962526   0.012315585399805   0.010937544575993   0.012497148857969   
0.014550000000000   0.014280222854180   0.013885561219080   0.013688230401530   0.013459678461660   0.013231126521790   0.012971353459600   0.012451807335219   0.011807376721559   0.011485161414729   0.011131724985579   0.010778288556428   0.010393631004958   0.017217038899468   0.016614405090145   0.016011771280823   0.015989902067561   0.015983939207595   0.015977976347628   0.015987919840958   0.014639532209995   0.013291144579033   0.011615753505975   0.013169627300279   0.011577704968348   0.013224136063352   
1.000000000000000   0.981458615407566   0.972187923111349   0.967552576963241   0.965234903889187   0.962917230815132   0.962917230815132   0.962917230815132   0.972187923111349   0.976823269259458   0.983776288481620   0.990729307703783   1.000000000000000   1.000000000000000   1.000000000000000   1.000000000000000   0.999013556018500   0.999013556018500   0.999013556018500   1.000000000000000   1.000000000000000   1.000000000000000   0.880566243276726   1.000000000000000   0.880566243276726   1.000000000000000   
INTERFACE 1 
1 2 
5 1 
1 
INTERFACE 2 
1 3 
2 4 
1 
INTERFACE 3 
2 1 
13 2 
1 
INTERFACE 4 
2 2 
3 1 
1 
INTERFACE 5 
2 3 
4 2 
1 
INTERFACE 6 
3 2 
7 1 
-1 
INTERFACE 7 
3 3 
4 4 
-1 
INTERFACE 8 
3 4 
5 3 
1 
INTERFACE 9 
4 1 
9 2 
1 
INTERFACE 10 
4 3 
13 3 
1 
INTERFACE 11 
5 2 
6 1 
1 
INTERFACE 12 
6 2 
11 1 
1 
INTERFACE 13 
6 3 
7 3 
1 
INTERFACE 14 
7 2 
8 1 
1 
INTERFACE 15 
7 4 
9 4 
-1 
INTERFACE 16 
8 2 
15 1 
1 
INTERFACE 17 
8 3 
11 3 
1 
INTERFACE 18 
8 4 
10 4 
1 
INTERFACE 19 
9 1 
10 1 
1 
INTERFACE 20 
9 3 
12 3 
1 
INTERFACE 21 
10 2 
16 3 
1 
INTERFACE 22 
10 3 
14 4 
1 
INTERFACE 23 
11 2 
18 1 
1 
INTERFACE 24 
12 1 
14 1 
-1 
INTERFACE 25 
12 2 
13 1 
1 
INTERFACE 26 
14 2 
17 1 
-1 
INTERFACE 27 
15 2 
26 2 
1 
INTERFACE 28 
15 3 
18 3 
1 
INTERFACE 29 
15 4 
16 2 
1 
INTERFACE 30 
16 1 
17 3 
1 
INTERFACE 31 
16 4 
28 2 
1 
INTERFACE 32 
17 2 
32 2 
-1 
INTERFACE 33 
18 2 
29 2 
1 
INTERFACE 34 
19 2 
23 1 
1 
INTERFACE 35 
19 3 
20 4 
1 
INTERFACE 36 
20 1 
31 2 
1 
INTERFACE 37 
20 2 
21 1 
1 
INTERFACE 38 
20 3 
22 2 
1 
INTERFACE 39 
21 2 
25 1 
-1 
INTERFACE 40 
21 3 
22 4 
-1 
INTERFACE 41 
21 4 
23 3 
1 
INTERFACE 42 
22 1 
27 2 
1 
INTERFACE 43 
22 3 
31 3 
1 
INTERFACE 44 
23 2 
24 1 
1 
INTERFACE 45 
24 2 
29 1 
1 
INTERFACE 46 
24 3 
25 3 
1 
INTERFACE 47 
25 2 
26 1 
1 
INTERFACE 48 
25 4 
27 4 
-1 
INTERFACE 49 
26 3 
29 3 
1 
INTERFACE 50 
26 4 
28 4 
1 
INTERFACE 51 
27 1 
28 1 
1 
INTERFACE 52 
27 3 
30 3 
1 
INTERFACE 53 
28 3 
32 4 
1 
INTERFACE 54 
30 1 
32 1 
-1 
INTERFACE 55 
30 2 
31 1 
1 
BOUNDARY 1 
1 
1 1 
BOUNDARY 2 
1 
1 4 
BOUNDARY 3 
1 
5 4 
BOUNDARY 4 
1 
6 4 
BOUNDARY 5 
1 
11 4 
BOUNDARY 6 
1 
12 4 
BOUNDARY 7 
1 
13 4 
BOUNDARY 8 
1 
14 3 
BOUNDARY 9 
1 
17 4 
BOUNDARY 10 
1 
18 4 
BOUNDARY 11 
1 
19 1 
BOUNDARY 12 
1 
19 4 
BOUNDARY 13 
1 
23 4 
BOUNDARY 14 
1 
24 4 
BOUNDARY 15 
1 
29 4 
BOUNDARY 16 
1 
30 4 
BOUNDARY 17 
1 
31 4 
BOUNDARY 18 
1 
32 3 
