# nurbs mesh v.2.1
#
# 14-Jul-2024
#
2 2 32 55 0 
PATCH 1 
2 1 
4 2 
0.000000000000000   0.000000000000000   0.000000000000000   0.500000000000000   1.000000000000000   1.000000000000000   1.000000000000000   
0.000000000000000   0.000000000000000   1.000000000000000   1.000000000000000   
0.050000000000000   0.049904867452294   0.049525061277599   0.049240387650610   0.050500000000000   0.050403916126817   0.050020311890375   0.049732791527117   
0.000000000000000   0.002178893568691   0.006520098010365   0.008682408883347   0.000000000000000   0.002200682504378   0.006585298990468   0.008769232972180   
1.000000000000000   0.998097349045873   0.998097349045873   1.000000000000000   1.000000000000000   0.998097349045873   0.998097349045873   1.000000000000000   
PATCH 2 
2 1 
4 2 
0.000000000000000   0.000000000000000   0.000000000000000   0.500000000000000   1.000000000000000   1.000000000000000   1.000000000000000   
0.000000000000000   0.000000000000000   1.000000000000000   1.000000000000000   
0.048248259906567   0.048110714806048   0.047835624605010   0.047698079504491   0.050000000000000   0.049904867452294   0.049525061277599   0.049240387650610   
0.003607386387910   0.004664258508657   0.006778002750152   0.007834874870900   0.000000000000000   0.002178893568691   0.006520098010365   0.008682408883347   
1.000000000000000   1.000000000000000   1.000000000000000   1.000000000000000   1.000000000000000   0.998097349045873   0.998097349045873   1.000000000000000   
PATCH 3 
2 1 
13 2 
0.000000000000000   0.000000000000000   0.000000000000000   0.125000000000000   0.125000000000000   0.250000000000000   0.250000000000000   0.500000000000000   0.500000000000000   0.625000000000000   0.625000000000000   0.750000000000000   0.750000000000000   1.000000000000000   1.000000000000000   1.000000000000000   
0.000000000000000   0.000000000000000   1.000000000000000   1.000000000000000   
0.047698079504491   0.040991881634523   0.040937558757325   0.040883235880127   0.047480787995700   0.046686110129614   0.045891432263528   0.045265993111557   0.045243429206754   0.045220865301951   0.045801176644315   0.045504516511291   0.045207856378267   0.049240387650610   0.049122375608591   0.048206495928386   0.048124779367030   0.047938460772855   0.047669937800501   0.047356236250587   0.047246348053552   0.047168232616542   0.047161084208456   0.047151254734750   0.046887041214589   0.046604843123912   
0.007834874870900   0.006803690456977   0.006847012416878   0.006890334376780   0.008008162710505   0.007932470208854   0.007856777707203   0.007751421994857   0.007754481147762   0.007757540300668   0.007869014318824   0.007982195930610   0.008095377542396   0.008682408883347   0.009214726804819   0.009587957459817   0.010118574060355   0.010626655884720   0.011664234679020   0.012689065259922   0.013213973117593   0.013748950771846   0.014307027999459   0.014867810611841   0.015916549060318   0.016962775669750   
1.000000000000000   0.859591184655115   0.859591184655115   0.859591184655115   1.000000000000000   1.000000000000000   1.000000000000000   0.986865273549631   0.986865273549631   0.986865273549631   1.000000000000000   1.000000000000000   1.000000000000000   1.000000000000000   0.999524337261468   0.999167590207569   0.998810843153671   0.998573011784405   0.998097349045873   0.998097349045873   0.998097349045873   0.998216264730506   0.998335180415139   0.998573011784404   0.999048674522936   1.000000000000000   
PATCH 4 
2 2 
13 4 
0.000000000000000   0.000000000000000   0.000000000000000   0.250000000000000   0.250000000000000   0.375000000000000   0.375000000000000   0.500000000000000   0.500000000000000   0.750000000000000   0.750000000000000   0.875000000000000   0.875000000000000   1.000000000000000   1.000000000000000   1.000000000000000   
0.000000000000000   0.000000000000000   0.000000000000000   0.500000000000000   1.000000000000000   1.000000000000000   1.000000000000000   
0.043861979454490   0.045173810765632   0.046485642076774   0.046316266941823   0.046328367128121   0.046340467314418   0.046534042821964   0.047280542199996   0.048027041578029   0.043254687682159   0.048192390140663   0.043377748287299   0.048248259906567   0.044198448685435   0.045256487202047   0.046314525718660   0.046042416531855   0.046057132647779   0.046071848763703   0.046373390182355   0.047131934182401   0.047890478182447   0.042661824731651   0.046378682294829   0.042781281624105   0.048110714806048   0.044871387147323   0.045421840074877   0.045972293002430   0.045494715711919   0.045514663687095   0.045534611662272   0.046052084903137   0.046834718147209   0.047617351391282   0.041476098830635   0.042751266603160   0.041588348297717   0.047835624605010   0.045207856378267   0.045504516511291   0.045801176644315   0.045220865301951   0.045243429206754   0.045265993111557   0.045891432263528   0.046686110129614   0.047480787995700   0.040883235880127   0.040937558757325   0.040991881634523   0.047698079504491   
0.004567701792414   0.004067212627682   0.003566723462950   0.003548394773850   0.003545438915888   0.003542483057926   0.003554900031102   0.003468894835032   0.003382889638963   0.003030570690838   0.003441197997519   0.003155455034554   0.003607386387910   0.005449620729910   0.005045958453414   0.004642296176919   0.004600681155555   0.004597699473857   0.004594717792159   0.004630369450127   0.004584788678488   0.004539207906848   0.003995511612323   0.004292651602359   0.004067513890160   0.004664258508657   0.007213458604900   0.007003450104878   0.006793441604855   0.006705253918963   0.006702220589794   0.006699187260625   0.006781308288178   0.006816576365399   0.006851844442620   0.005925393455294   0.005995558812038   0.005891631601371   0.006778002750152   0.008095377542396   0.007982195930610   0.007869014318824   0.007757540300668   0.007754481147762   0.007751421994857   0.007856777707203   0.007932470208854   0.008008162710505   0.006890334376780   0.006847012416878   0.006803690456977   0.007834874870900   
1.000000000000000   1.000000000000000   1.000000000000000   0.996106047012074   0.996106047012074   0.996106047012074   1.000000000000000   1.000000000000000   1.000000000000000   0.898818627967980   1.000000000000000   0.898818627967980   1.000000000000000   1.000000000000000   1.000000000000000   1.000000000000000   0.993795853646463   0.993795853646463   0.993795853646463   1.000000000000000   1.000000000000000   1.000000000000000   0.889011767139764   0.964897796163779   0.889011767139764   1.000000000000000   1.000000000000000   1.000000000000000   1.000000000000000   0.989175466915242   0.989175466915242   0.989175466915242   1.000000000000000   1.000000000000000   1.000000000000000   0.869398045483331   0.894693388491336   0.869398045483331   1.000000000000000   1.000000000000000   1.000000000000000   1.000000000000000   0.986865273549631   0.986865273549631   0.986865273549631   1.000000000000000   1.000000000000000   1.000000000000000   0.859591184655115   0.859591184655115   0.859591184655115   1.000000000000000   
PATCH 5 
2 1 
13 2 
0.000000000000000   0.000000000000000   0.000000000000000   0.125000000000000   0.125000000000000   0.250000000000000   0.250000000000000   0.500000000000000   0.500000000000000   0.625000000000000   0.625000000000000   0.750000000000000   0.750000000000000   1.000000000000000   1.000000000000000   1.000000000000000   
0.000000000000000   0.000000000000000   1.000000000000000   1.000000000000000   
0.049240387650610   0.049122375608591   0.048206495928386   0.048124779367030   0.047938460772855   0.047669937800501   0.047356236250587   0.047246348053552   0.047168232616542   0.047161084208456   0.047151254734750   0.046887041214589   0.046604843123912   0.049732791527117   0.049613599364677   0.049488606583825   0.049363613802972   0.049232820403708   0.048971233605179   0.048686444333000   0.048544049696911   0.048395854442409   0.048247659187908   0.048093663314994   0.047785671569166   0.047454477349688   
0.008682408883347   0.009214726804819   0.009587957459817   0.010118574060355   0.010626655884720   0.011664234679020   0.012689065259922   0.013213973117593   0.013748950771846   0.014307027999459   0.014867810611841   0.015916549060318   0.016962775669750   0.008769232972180   0.009306874072867   0.009842960902535   0.010379047732203   0.010913580290852   0.011982645408149   0.013045493441370   0.013576917457981   0.014106787203572   0.014636656949163   0.015164972423735   0.016221603372879   0.017272017237946   
1.000000000000000   0.999524337261468   0.999167590207569   0.998810843153671   0.998573011784405   0.998097349045873   0.998097349045873   0.998097349045873   0.998216264730506   0.998335180415139   0.998573011784404   0.999048674522936   1.000000000000000   1.000000000000000   0.999524337261468   0.999167590207569   0.998810843153671   0.998573011784405   0.998097349045873   0.998097349045873   0.998097349045873   0.998216264730506   0.998335180415139   0.998573011784404   0.999048674522936   1.000000000000000   
PATCH 6 
2 1 
6 2 
0.000000000000000   0.000000000000000   0.000000000000000   0.250000000000000   0.500000000000000   0.750000000000000   1.000000000000000   1.000000000000000   1.000000000000000   
0.000000000000000   0.000000000000000   1.000000000000000   1.000000000000000   
0.046604843123912   0.046405356215066   0.045494841262670   0.044481218397689   0.043611140630425   0.043263284392927   0.047454477349688   0.047032993823604   0.046146485990198   0.045216437375554   0.044242847979673   0.043734282891114   
0.016962775669750   0.018045501072155   0.020017645111202   0.021936283891948   0.023926480496977   0.024978068890284   0.017272017237946   0.018289568482936   0.020304367573183   0.022298863263696   0.024273055554476   0.025250000000000   
1.000000000000000   0.999048674522936   0.998097349045873   0.998097349045873   0.999048674522936   1.000000000000000   1.000000000000000   0.999048674522936   0.998097349045873   0.998097349045873   0.999048674522936   1.000000000000000   
PATCH 7 
2 1 
6 2 
0.000000000000000   0.000000000000000   0.000000000000000   0.250000000000000   0.500000000000000   0.750000000000000   1.000000000000000   1.000000000000000   1.000000000000000   
0.000000000000000   0.000000000000000   1.000000000000000   1.000000000000000   
0.046604843123912   0.046405356215066   0.045494841262670   0.044481218397689   0.043611140630425   0.043263284392927   0.045207856378267   0.042261754334606   0.036369550247283   0.030477346159960   0.024585142072637   0.021639040028976   
0.016962775669750   0.018045501072155   0.020017645111202   0.021936283891948   0.023926480496977   0.024978068890284   0.008095377542396   0.009219372783647   0.011467363266149   0.013715353748651   0.015963344231153   0.017087339472404   
1.000000000000000   0.999048674522936   0.998097349045873   0.998097349045873   0.999048674522936   1.000000000000000   1.000000000000000   1.000000000000000   1.000000000000000   1.000000000000000   1.000000000000000   1.000000000000000   
PATCH 8 
2 1 
13 2 
0.000000000000000   0.000000000000000   0.000000000000000   0.250000000000000   0.250000000000000   0.375000000000000   0.375000000000000   0.500000000000000   0.500000000000000   0.750000000000000   0.750000000000000   0.875000000000000   0.875000000000000   1.000000000000000   1.000000000000000   1.000000000000000   
0.000000000000000   0.000000000000000   1.000000000000000   1.000000000000000   
0.043263284392927   0.042400145202973   0.041507132354160   0.041003904433683   0.040516469648899   0.039960948887600   0.039568767167904   0.038180009035818   0.036878020887080   0.036391967656356   0.035833521611728   0.035369454953402   0.034863107021650   0.021639040028976   0.021058755403394   0.020478470777812   0.020473537666590   0.020471387188078   0.020469236709566   0.020469868863764   0.019780434612796   0.019091000361829   0.017381982719639   0.017326654004049   0.017271325288459   0.018869685499469   
0.024978068890284   0.026283591921605   0.027565833838438   0.028168403150277   0.028779358644911   0.029339105238846   0.030018175754116   0.030899043346922   0.031811218411472   0.032400356846367   0.032924202429389   0.033533529021381   0.034105103603680   0.017087339472404   0.017308729345551   0.017530119218699   0.017528582187344   0.017529460388300   0.017530338589256   0.017533632022522   0.017834049143637   0.018134466264752   0.016582610360701   0.016572128332581   0.016561646304460   0.018092538152270   
1.000000000000000   0.998036783980881   0.997055175971322   0.996564371966542   0.996318969964152   0.996073567961762   0.996073567961762   0.996073567961762   0.997055175971321   0.997545979976101   0.998282185983271   0.999018391990440   1.000000000000000   1.000000000000000   1.000000000000000   1.000000000000000   0.999865086929741   0.999865086929741   0.999865086929741   1.000000000000000   1.000000000000000   1.000000000000000   0.913184593059173   0.913184593059173   0.913184593059173   1.000000000000000   
PATCH 9 
2 2 
6 4 
0.000000000000000   0.000000000000000   0.000000000000000   0.250000000000000   0.500000000000000   0.750000000000000   1.000000000000000   1.000000000000000   1.000000000000000   
0.000000000000000   0.000000000000000   0.000000000000000   0.500000000000000   1.000000000000000   1.000000000000000   1.000000000000000   
0.020293163105199   0.023239265148860   0.029131469236183   0.035023673323506   0.040915877410829   0.043861979454490   0.020629632336143   0.023575734379805   0.029467938467127   0.035360142554450   0.041252346641773   0.044198448685435   0.021302570798032   0.024248672841693   0.030140876929016   0.036033081016339   0.041925285103662   0.044871387147323   0.021639040028976   0.024585142072637   0.030477346159960   0.036369550247283   0.042261754334606   0.045207856378267   
0.013559663722423   0.012435668481172   0.010187677998670   0.007939687516167   0.005691697033665   0.004567701792414   0.014441582659918   0.013317587418667   0.011069596936165   0.008821606453663   0.006573615971161   0.005449620729910   0.016205420534909   0.015081425293658   0.012833434811156   0.010585444328654   0.008337453846151   0.007213458604900   0.017087339472404   0.015963344231153   0.013715353748651   0.011467363266149   0.009219372783647   0.008095377542396   
1.000000000000000   1.000000000000000   1.000000000000000   1.000000000000000   1.000000000000000   1.000000000000000   1.000000000000000   1.000000000000000   1.000000000000000   1.000000000000000   1.000000000000000   1.000000000000000   1.000000000000000   1.000000000000000   1.000000000000000   1.000000000000000   1.000000000000000   1.000000000000000   1.000000000000000   1.000000000000000   1.000000000000000   1.000000000000000   1.000000000000000   1.000000000000000   
PATCH 10 
2 2 
13 4 
0.000000000000000   0.000000000000000   0.000000000000000   0.250000000000000   0.250000000000000   0.375000000000000   0.375000000000000   0.500000000000000   0.500000000000000   0.750000000000000   0.750000000000000   0.875000000000000   0.875000000000000   1.000000000000000   1.000000000000000   1.000000000000000   
0.000000000000000   0.000000000000000   0.000000000000000   0.500000000000000   1.000000000000000   1.000000000000000   1.000000000000000   
0.020293163105199   0.019747325910693   0.019201488716186   0.019153195762055   0.019144438079284   0.019135680396513   0.019166457985102   0.017494642599930   0.015822827214757   0.013441354051249   0.015668112190650   0.013379922731222   0.015717666719510   0.020629632336143   0.020075183283868   0.019520734231593   0.019483281238189   0.019476175356482   0.019469069474776   0.019492310704767   0.018066090603146   0.016639870501525   0.014426511218346   0.016082747644000   0.014352773370531   0.016505671414500   0.021302570798032   0.020730898030218   0.020159225262405   0.020143452190456   0.020139649910879   0.020135847631303   0.020144016144098   0.019208986609580   0.018273957075061   0.016396825552542   0.016912018550699   0.016298474649150   0.018081680804479   0.021639040028976   0.021058755403394   0.020478470777812   0.020473537666590   0.020471387188078   0.020469236709566   0.020469868863764   0.019780434612796   0.019091000361829   0.017381982719639   0.017326654004049   0.017271325288459   0.018869685499469   
0.013559663722423   0.013767911230496   0.013976158738570   0.013950435416053   0.013952891200070   0.013955346984087   0.013985981874638   0.014294197241051   0.014602412607463   0.012517236470945   0.014739699267675   0.012714747378685   0.014940519372311   0.014441582659918   0.014653115759260   0.014864648858602   0.014844972108876   0.014847033497127   0.014849094885379   0.014872894411609   0.015179160216697   0.015485426021785   0.013533579943384   0.015197806533901   0.013676472110129   0.015728524067301   0.016205420534909   0.016423524816788   0.016641629098666   0.016634045494521   0.016635318091242   0.016636590687963   0.016646719485551   0.016949086167990   0.017251452850429   0.015566266888262   0.016114021066354   0.015599921573017   0.017304533457280   0.017087339472404   0.017308729345551   0.017530119218699   0.017528582187344   0.017529460388300   0.017530338589256   0.017533632022522   0.017834049143637   0.018134466264752   0.016582610360701   0.016572128332581   0.016561646304460   0.018092538152270   
1.000000000000000   1.000000000000000   1.000000000000000   0.997927507709258   0.997927507709258   0.997927507709258   1.000000000000000   1.000000000000000   1.000000000000000   0.855919221668453   1.000000000000000   0.855919221668453   1.000000000000000   1.000000000000000   1.000000000000000   1.000000000000000   0.998411902514379   0.998411902514379   0.998411902514379   1.000000000000000   1.000000000000000   1.000000000000000   0.870235564516133   0.978296148264793   0.870235564516133   1.000000000000000   1.000000000000000   1.000000000000000   1.000000000000000   0.999380692124620   0.999380692124620   0.999380692124620   1.000000000000000   1.000000000000000   1.000000000000000   0.898868250211493   0.934888444794380   0.898868250211493   1.000000000000000   1.000000000000000   1.000000000000000   1.000000000000000   0.999865086929741   0.999865086929741   0.999865086929741   1.000000000000000   1.000000000000000   1.000000000000000   0.913184593059173   0.913184593059173   0.913184593059173   1.000000000000000   
PATCH 11 
2 1 
13 2 
0.000000000000000   0.000000000000000   0.000000000000000   0.250000000000000   0.250000000000000   0.375000000000000   0.375000000000000   0.500000000000000   0.500000000000000   0.750000000000000   0.750000000000000   0.875000000000000   0.875000000000000   1.000000000000000   1.000000000000000   1.000000000000000   
0.000000000000000   0.000000000000000   1.000000000000000   1.000000000000000   
0.043263284392927   0.042400145202973   0.041507132354160   0.041003904433683   0.040516469648899   0.039960948887600   0.039568767167904   0.038180009035818   0.036878020887080   0.036391967656356   0.035833521611728   0.035369454953402   0.034863107021650   0.043734282891114   0.043142506727484   0.042531053738569   0.042225327244111   0.041914681543332   0.041604035842553   0.041288470935453   0.040657341121252   0.040006534481766   0.039681131162023   0.039350808635958   0.039020486109894   0.038685244377508   
0.024978068890284   0.026283591921605   0.027565833838438   0.028168403150277   0.028779358644911   0.029339105238846   0.030018175754116   0.030899043346922   0.031811218411472   0.032400356846367   0.032924202429389   0.033533529021381   0.034105103603680   0.025250000000000   0.026178902508932   0.027094027156471   0.027551589480241   0.028005707338662   0.028459825197083   0.028910498590156   0.029811845376303   0.030699414301056   0.031143198763433   0.031583538760461   0.032023878757490   0.032460774289170   
1.000000000000000   0.998036783980881   0.997055175971322   0.996564371966542   0.996318969964152   0.996073567961762   0.996073567961762   0.996073567961762   0.997055175971321   0.997545979976101   0.998282185983271   0.999018391990440   1.000000000000000   1.000000000000000   0.999048674522937   0.998573011784405   0.998335180415139   0.998216264730506   0.998097349045873   0.998097349045873   0.998097349045873   0.998573011784405   0.998810843153671   0.999167590207569   0.999524337261468   1.000000000000000   
PATCH 12 
2 1 
6 2 
0.000000000000000   0.000000000000000   0.000000000000000   0.250000000000000   0.500000000000000   0.750000000000000   1.000000000000000   1.000000000000000   1.000000000000000   
0.000000000000000   0.000000000000000   1.000000000000000   1.000000000000000   
0.020293163105199   0.023239265148860   0.029131469236183   0.035023673323506   0.040915877410829   0.043861979454490   0.014550000000000   0.018213997431811   0.025541992295434   0.032869987159057   0.040197982022679   0.043861979454490   
0.013559663722423   0.012435668481172   0.010187677998670   0.007939687516167   0.005691697033665   0.004567701792414   0.000000000000000   0.000000000000000   0.000000000000000   0.000000000000000   0.000000000000000   0.000000000000000   
1.000000000000000   1.000000000000000   1.000000000000000   1.000000000000000   1.000000000000000   1.000000000000000   1.000000000000000   1.000000000000000   1.000000000000000   1.000000000000000   1.000000000000000   1.000000000000000   
PATCH 13 
2 1 
13 2 
0.000000000000000   0.000000000000000   0.000000000000000   0.250000000000000   0.250000000000000   0.375000000000000   0.375000000000000   0.500000000000000   0.500000000000000   0.750000000000000   0.750000000000000   0.875000000000000   0.875000000000000   1.000000000000000   1.000000000000000   1.000000000000000   
0.000000000000000   0.000000000000000   1.000000000000000   1.000000000000000   
0.043861979454490   0.045173810765632   0.046485642076774   0.046316266941823   0.046328367128121   0.046340467314418   0.046534042821964   0.047280542199996   0.048027041578029   0.043254687682159   0.048192390140663   0.043377748287299   0.048248259906567   0.043861979454490   0.044629232022679   0.045396484590868   0.045780110874962   0.046163737159057   0.046547363443151   0.046930989727245   0.047698242295434   0.048465494863623   0.048849121147717   0.049232747431811   0.049616373715906   0.050000000000000   
0.004567701792414   0.004067212627682   0.003566723462950   0.003548394773850   0.003545438915888   0.003542483057926   0.003554900031102   0.003468894835032   0.003382889638963   0.003030570690838   0.003441197997519   0.003155455034554   0.003607386387910   0.000000000000000   0.000000000000000   0.000000000000000   0.000000000000000   0.000000000000000   0.000000000000000   0.000000000000000   0.000000000000000   0.000000000000000   0.000000000000000   0.000000000000000   0.000000000000000   0.000000000000000   
1.000000000000000   1.000000000000000   1.000000000000000   0.996106047012074   0.996106047012074   0.996106047012074   1.000000000000000   1.000000000000000   1.000000000000000   0.898818627967980   1.000000000000000   0.898818627967980   1.000000000000000   1.000000000000000   1.000000000000000   1.000000000000000   1.000000000000000   1.000000000000000   1.000000000000000   1.000000000000000   1.000000000000000   1.000000000000000   1.000000000000000   1.000000000000000   1.000000000000000   1.000000000000000   
PATCH 14 
2 1 
13 2 
0.000000000000000   0.000000000000000   0.000000000000000   0.250000000000000   0.250000000000000   0.375000000000000   0.375000000000000   0.500000000000000   0.500000000000000   0.750000000000000   0.750000000000000   0.875000000000000   0.875000000000000   1.000000000000000   1.000000000000000   1.000000000000000   
0.000000000000000   0.000000000000000   1.000000000000000   1.000000000000000   
0.014550000000000   0.014280710180047   0.013886743423605   0.013689760045385   0.013461607433042   0.013233454820700   0.012974132974235   0.012455489281306   0.011812168651889   0.011490508337180   0.011137678788350   0.010784849239519   0.010400850456567   0.020293163105199   0.019747325910693   0.019201488716186   0.019153195762055   0.019144438079284   0.019135680396513   0.019166457985102   0.017494642599930   0.015822827214757   0.013441354051249   0.015668112190650   0.013379922731222   0.015717666719510   
0.000000000000000   0.001373523364574   0.002696204686598   0.003357545347610   0.004006175497985   0.004654805648359   0.005290725288097   0.006562564567571   0.007783561804497   0.008394060422959   0.008991848530784   0.009589636638609   0.010174714235797   0.013559663722423   0.013767911230496   0.013976158738570   0.013950435416053   0.013952891200070   0.013955346984087   0.013985981874638   0.014294197241051   0.014602412607463   0.012517236470945   0.014739699267675   0.012714747378685   0.014940519372311   
1.000000000000000   0.981492108594274   0.972238162891412   0.967611190039980   0.965297703614265   0.962984217188549   0.962984217188549   0.962984217188549   0.972238162891412   0.976865135742843   0.983805595019990   0.990746054297137   1.000000000000000   1.000000000000000   1.000000000000000   1.000000000000000   0.997927507709258   0.997927507709258   0.997927507709258   1.000000000000000   1.000000000000000   1.000000000000000   0.855919221668453   1.000000000000000   0.855919221668453   1.000000000000000   
PATCH 15 
2 1 
4 2 
0.000000000000000   0.000000000000000   0.000000000000000   0.500000000000000   1.000000000000000   1.000000000000000   1.000000000000000   
0.000000000000000   0.000000000000000   1.000000000000000   1.000000000000000   
0.034863107021650   0.034693323902718   0.034314118133522   0.034105103603680   0.018869685499469   0.018675398662669   0.018286824989070   0.018092538152270   
0.034105103603680   0.034314118133522   0.034693323902718   0.034863107021650   0.018092538152270   0.018286824989070   0.018675398662669   0.018869685499469   
1.000000000000000   0.999969804835501   0.999969804835501   1.000000000000000   1.000000000000000   1.000000000000000   1.000000000000000   1.000000000000000   
PATCH 16 
2 2 
4 4 
0.000000000000000   0.000000000000000   0.000000000000000   0.500000000000000   1.000000000000000   1.000000000000000   1.000000000000000   
0.000000000000000   0.000000000000000   0.000000000000000   0.500000000000000   1.000000000000000   1.000000000000000   1.000000000000000   
0.015717666719510   0.016505671414500   0.018081680804479   0.018869685499469   0.015523379882710   0.016311384577700   0.017887393967680   0.018675398662669   0.015134806209111   0.015922810904100   0.017498820294080   0.018286824989070   0.014940519372311   0.015728524067301   0.017304533457280   0.018092538152270   
0.014940519372311   0.015728524067301   0.017304533457280   0.018092538152270   0.015134806209111   0.015922810904100   0.017498820294080   0.018286824989070   0.015523379882710   0.016311384577700   0.017887393967680   0.018675398662669   0.015717666719510   0.016505671414500   0.018081680804479   0.018869685499469   
1.000000000000000   1.000000000000000   1.000000000000000   1.000000000000000   1.000000000000000   1.000000000000000   1.000000000000000   1.000000000000000   1.000000000000000   1.000000000000000   1.000000000000000   1.000000000000000   1.000000000000000   1.000000000000000   1.000000000000000   1.000000000000000   
PATCH 17 
2 1 
4 2 
0.000000000000000   0.000000000000000   0.000000000000000   0.500000000000000   1.000000000000000   1.000000000000000   1.000000000000000   
0.000000000000000   0.000000000000000   1.000000000000000   1.000000000000000   
0.015717666719510   0.015523379882710   0.015134806209111   0.014940519372311   0.010400850456567   0.010344627061415   0.010231558951031   0.010174714235797   
0.014940519372311   0.015134806209111   0.015523379882710   0.015717666719510   0.010174714235797   0.010231558951031   0.010344627061415   0.010400850456567   
1.000000000000000   1.000000000000000   1.000000000000000   1.000000000000000   1.000000000000000   0.999969804835501   0.999969804835501   1.000000000000000   
PATCH 18 
2 1 
4 2 
0.000000000000000   0.000000000000000   0.000000000000000   0.500000000000000   1.000000000000000   1.000000000000000   1.000000000000000   
0.000000000000000   0.000000000000000   1.000000000000000   1.000000000000000   
0.034863107021650   0.034693323902718   0.034314118133522   0.034105103603680   0.038685244377508   0.037197068413715   0.034084833369545   0.032460774289170   
0.034105103603680   0.034314118133522   0.034693323902718   0.034863107021650   0.032460774289170   0.034084833369545   0.037197068413715   0.038685244377508   
1.000000000000000   0.999969804835501   0.999969804835501   1.000000000000000   1.000000000000000   0.998097349045873   0.998097349045873   1.000000000000000   
PATCH 19 
2 1 
4 2 
0.000000000000000   0.000000000000000   0.000000000000000   0.500000000000000   1.000000000000000   1.000000000000000   1.000000000000000   
0.000000000000000   0.000000000000000   1.000000000000000   1.000000000000000   
0.000000000000000   0.002178893568691   0.006520098010365   0.008682408883347   0.000000000000000   0.002200682504378   0.006585298990468   0.008769232972180   
0.050000000000000   0.049904867452294   0.049525061277599   0.049240387650610   0.050500000000000   0.050403916126817   0.050020311890375   0.049732791527117   
1.000000000000000   0.998097349045873   0.998097349045873   1.000000000000000   1.000000000000000   0.998097349045873   0.998097349045873   1.000000000000000   
PATCH 20 
2 1 
4 2 
0.000000000000000   0.000000000000000   0.000000000000000   0.500000000000000   1.000000000000000   1.000000000000000   1.000000000000000   
0.000000000000000   0.000000000000000   1.000000000000000   1.000000000000000   
0.003607386387910   0.004664258508657   0.006778002750152   0.007834874870900   0.000000000000000   0.002178893568691   0.006520098010365   0.008682408883347   
0.048248259906567   0.048110714806048   0.047835624605010   0.047698079504491   0.050000000000000   0.049904867452294   0.049525061277599   0.049240387650610   
1.000000000000000   1.000000000000000   1.000000000000000   1.000000000000000   1.000000000000000   0.998097349045873   0.998097349045873   1.000000000000000   
PATCH 21 
2 1 
13 2 
0.000000000000000   0.000000000000000   0.000000000000000   0.125000000000000   0.125000000000000   0.250000000000000   0.250000000000000   0.500000000000000   0.500000000000000   0.625000000000000   0.625000000000000   0.750000000000000   0.750000000000000   1.000000000000000   1.000000000000000   1.000000000000000   
0.000000000000000   0.000000000000000   1.000000000000000   1.000000000000000   
0.007834874870900   0.006803690456977   0.006847012416878   0.006890334376780   0.008008162710505   0.007932470208854   0.007856777707203   0.007751421994857   0.007754481147762   0.007757540300668   0.007869014318824   0.007982195930610   0.008095377542396   0.008682408883347   0.009214726804819   0.009587957459817   0.010118574060355   0.010626655884720   0.011664234679020   0.012689065259922   0.013213973117593   0.013748950771846   0.014307027999459   0.014867810611841   0.015916549060318   0.016962775669750   
0.047698079504491   0.040991881634523   0.040937558757325   0.040883235880127   0.047480787995700   0.046686110129614   0.045891432263528   0.045265993111557   0.045243429206754   0.045220865301951   0.045801176644315   0.045504516511291   0.045207856378267   0.049240387650610   0.049122375608591   0.048206495928386   0.048124779367030   0.047938460772855   0.047669937800501   0.047356236250587   0.047246348053552   0.047168232616542   0.047161084208456   0.047151254734750   0.046887041214589   0.046604843123912   
1.000000000000000   0.859591184655115   0.859591184655115   0.859591184655115   1.000000000000000   1.000000000000000   1.000000000000000   0.986865273549631   0.986865273549631   0.986865273549631   1.000000000000000   1.000000000000000   1.000000000000000   1.000000000000000   0.999524337261468   0.999167590207569   0.998810843153671   0.998573011784405   0.998097349045873   0.998097349045873   0.998097349045873   0.998216264730506   0.998335180415139   0.998573011784404   0.999048674522936   1.000000000000000   
PATCH 22 
2 2 
13 4 
0.000000000000000   0.000000000000000   0.000000000000000   0.250000000000000   0.250000000000000   0.375000000000000   0.375000000000000   0.500000000000000   0.500000000000000   0.750000000000000   0.750000000000000   0.875000000000000   0.875000000000000   1.000000000000000   1.000000000000000   1.000000000000000   
0.000000000000000   0.000000000000000   0.000000000000000   0.500000000000000   1.000000000000000   1.000000000000000   1.000000000000000   
0.004567701792414   0.004067212627682   0.003566723462950   0.003548394773850   0.003545438915888   0.003542483057926   0.003554900031102   0.003468894835032   0.003382889638963   0.003030570690838   0.003441197997519   0.003155455034554   0.003607386387910   0.005449620729910   0.005045958453414   0.004642296176919   0.004600681155555   0.004597699473857   0.004594717792159   0.004630369450127   0.004584788678488   0.004539207906848   0.003995511612323   0.004292651602359   0.004067513890160   0.004664258508657   0.007213458604900   0.007003450104878   0.006793441604855   0.006705253918963   0.006702220589794   0.006699187260625   0.006781308288178   0.006816576365399   0.006851844442620   0.005925393455294   0.005995558812038   0.005891631601371   0.006778002750152   0.008095377542396   0.007982195930610   0.007869014318824   0.007757540300668   0.007754481147762   0.007751421994857   0.007856777707203   0.007932470208854   0.008008162710505   0.006890334376780   0.006847012416878   0.006803690456977   0.007834874870900   
0.043861979454490   0.045173810765632   0.046485642076774   0.046316266941823   0.046328367128121   0.046340467314418   0.046534042821964   0.047280542199996   0.048027041578029   0.043254687682159   0.048192390140663   0.043377748287299   0.048248259906567   0.044198448685435   0.045256487202047   0.046314525718660   0.046042416531855   0.046057132647779   0.046071848763703   0.046373390182355   0.047131934182401   0.047890478182447   0.042661824731651   0.046378682294829   0.042781281624105   0.048110714806048   0.044871387147323   0.045421840074877   0.045972293002430   0.045494715711919   0.045514663687095   0.045534611662272   0.046052084903137   0.046834718147209   0.047617351391282   0.041476098830635   0.042751266603160   0.041588348297717   0.047835624605010   0.045207856378267   0.045504516511291   0.045801176644315   0.045220865301951   0.045243429206754   0.045265993111557   0.045891432263528   0.046686110129614   0.047480787995700   0.040883235880127   0.040937558757325   0.040991881634523   0.047698079504491   
1.000000000000000   1.000000000000000   1.000000000000000   0.996106047012074   0.996106047012074   0.996106047012074   1.000000000000000   1.000000000000000   1.000000000000000   0.898818627967980   1.000000000000000   0.898818627967980   1.000000000000000   1.000000000000000   1.000000000000000   1.000000000000000   0.993795853646463   0.993795853646463   0.993795853646463   1.000000000000000   1.000000000000000   1.000000000000000   0.889011767139764   0.964897796163779   0.889011767139764   1.000000000000000   1.000000000000000   1.000000000000000   1.000000000000000   0.989175466915242   0.989175466915242   0.989175466915242   1.000000000000000   1.000000000000000   1.000000000000000   0.869398045483331   0.894693388491336   0.869398045483331   1.000000000000000   1.000000000000000   1.000000000000000   1.000000000000000   0.986865273549631   0.986865273549631   0.986865273549631   1.000000000000000   1.000000000000000   1.000000000000000   0.859591184655115   0.859591184655115   0.859591184655115   1.000000000000000   
PATCH 23 
2 1 
13 2 
0.000000000000000   0.000000000000000   0.000000000000000   0.125000000000000   0.125000000000000   0.250000000000000   0.250000000000000   0.500000000000000   0.500000000000000   0.625000000000000   0.625000000000000   0.750000000000000   0.750000000000000   1.000000000000000   1.000000000000000   1.000000000000000   
0.000000000000000   0.000000000000000   1.000000000000000   1.000000000000000   
0.008682408883347   0.009214726804819   0.009587957459817   0.010118574060355   0.010626655884720   0.011664234679020   0.012689065259922   0.013213973117593   0.013748950771846   0.014307027999459   0.014867810611841   0.015916549060318   0.016962775669750   0.008769232972180   0.009306874072867   0.009842960902535   0.010379047732203   0.010913580290852   0.011982645408149   0.013045493441370   0.013576917457981   0.014106787203572   0.014636656949163   0.015164972423735   0.016221603372879   0.017272017237946   
0.049240387650610   0.049122375608591   0.048206495928386   0.048124779367030   0.047938460772855   0.047669937800501   0.047356236250587   0.047246348053552   0.047168232616542   0.047161084208456   0.047151254734750   0.046887041214589   0.046604843123912   0.049732791527117   0.049613599364677   0.049488606583825   0.049363613802972   0.049232820403708   0.048971233605179   0.048686444333000   0.048544049696911   0.048395854442409   0.048247659187908   0.048093663314994   0.047785671569166   0.047454477349688   
1.000000000000000   0.999524337261468   0.999167590207569   0.998810843153671   0.998573011784405   0.998097349045873   0.998097349045873   0.998097349045873   0.998216264730506   0.998335180415139   0.998573011784404   0.999048674522936   1.000000000000000   1.000000000000000   0.999524337261468   0.999167590207569   0.998810843153671   0.998573011784405   0.998097349045873   0.998097349045873   0.998097349045873   0.998216264730506   0.998335180415139   0.998573011784404   0.999048674522936   1.000000000000000   
PATCH 24 
2 1 
6 2 
0.000000000000000   0.000000000000000   0.000000000000000   0.250000000000000   0.500000000000000   0.750000000000000   1.000000000000000   1.000000000000000   1.000000000000000   
0.000000000000000   0.000000000000000   1.000000000000000   1.000000000000000   
0.016962775669750   0.018045501072155   0.020017645111202   0.021936283891948   0.023926480496977   0.024978068890284   0.017272017237946   0.018289568482936   0.020304367573183   0.022298863263696   0.024273055554476   0.025250000000000   
0.046604843123912   0.046405356215066   0.045494841262670   0.044481218397689   0.043611140630425   0.043263284392927   0.047454477349688   0.047032993823604   0.046146485990198   0.045216437375554   0.044242847979673   0.043734282891114   
1.000000000000000   0.999048674522936   0.998097349045873   0.998097349045873   0.999048674522936   1.000000000000000   1.000000000000000   0.999048674522936   0.998097349045873   0.998097349045873   0.999048674522936   1.000000000000000   
PATCH 25 
2 1 
6 2 
0.000000000000000   0.000000000000000   0.000000000000000   0.250000000000000   0.500000000000000   0.750000000000000   1.000000000000000   1.000000000000000   1.000000000000000   
0.000000000000000   0.000000000000000   1.000000000000000   1.000000000000000   
0.016962775669750   0.018045501072155   0.020017645111202   0.021936283891948   0.023926480496977   0.024978068890284   0.008095377542396   0.009219372783647   0.011467363266149   0.013715353748651   0.015963344231153   0.017087339472404   
0.046604843123912   0.046405356215066   0.045494841262670   0.044481218397689   0.043611140630425   0.043263284392927   0.045207856378267   0.042261754334606   0.036369550247283   0.030477346159960   0.024585142072637   0.021639040028976   
1.000000000000000   0.999048674522936   0.998097349045873   0.998097349045873   0.999048674522936   1.000000000000000   1.000000000000000   1.000000000000000   1.000000000000000   1.000000000000000   1.000000000000000   1.000000000000000   
PATCH 26 
2 1 
13 2 
0.000000000000000   0.000000000000000   0.000000000000000   0.250000000000000   0.250000000000000   0.375000000000000   0.375000000000000   0.500000000000000   0.500000000000000   0.750000000000000   0.750000000000000   0.875000000000000   0.875000000000000   1.000000000000000   1.000000000000000   1.000000000000000   
0.000000000000000   0.000000000000000   1.000000000000000   1.000000000000000   
0.024978068890284   0.026283591921605   0.027565833838438   0.028168403150277   0.028779358644911   0.029339105238846   0.030018175754116   0.030899043346922   0.031811218411472   0.032400356846367   0.032924202429389   0.033533529021381   0.034105103603680   0.017087339472404   0.017308729345551   0.017530119218699   0.017528582187344   0.017529460388300   0.017530338589256   0.017533632022522   0.017834049143637   0.018134466264752   0.016582610360701   0.016572128332581   0.016561646304460   0.018092538152270   
0.043263284392927   0.042400145202973   0.041507132354160   0.041003904433683   0.040516469648899   0.039960948887600   0.039568767167904   0.038180009035818   0.036878020887080   0.036391967656356   0.035833521611728   0.035369454953402   0.034863107021650   0.021639040028976   0.021058755403394   0.020478470777812   0.020473537666590   0.020471387188078   0.020469236709566   0.020469868863764   0.019780434612796   0.019091000361829   0.017381982719639   0.017326654004049   0.017271325288459   0.018869685499469   
1.000000000000000   0.998036783980881   0.997055175971322   0.996564371966542   0.996318969964152   0.996073567961762   0.996073567961762   0.996073567961762   0.997055175971321   0.997545979976101   0.998282185983271   0.999018391990440   1.000000000000000   1.000000000000000   1.000000000000000   1.000000000000000   0.999865086929741   0.999865086929741   0.999865086929741   1.000000000000000   1.000000000000000   1.000000000000000   0.913184593059173   0.913184593059173   0.913184593059173   1.000000000000000   
PATCH 27 
2 2 
6 4 
0.000000000000000   0.000000000000000   0.000000000000000   0.250000000000000   0.500000000000000   0.750000000000000   1.000000000000000   1.000000000000000   1.000000000000000   
0.000000000000000   0.000000000000000   0.000000000000000   0.500000000000000   1.000000000000000   1.000000000000000   1.000000000000000   
0.013559663722423   0.012435668481172   0.010187677998670   0.007939687516167   0.005691697033665   0.004567701792414   0.014441582659918   0.013317587418667   0.011069596936165   0.008821606453663   0.006573615971161   0.005449620729910   0.016205420534909   0.015081425293658   0.012833434811156   0.010585444328654   0.008337453846151   0.007213458604900   0.017087339472404   0.015963344231153   0.013715353748651   0.011467363266149   0.009219372783647   0.008095377542396   
0.020293163105199   0.023239265148860   0.029131469236183   0.035023673323506   0.040915877410829   0.043861979454490   0.020629632336143   0.023575734379805   0.029467938467127   0.035360142554450   0.041252346641773   0.044198448685435   0.021302570798032   0.024248672841693   0.030140876929016   0.036033081016339   0.041925285103662   0.044871387147323   0.021639040028976   0.024585142072637   0.030477346159960   0.036369550247283   0.042261754334606   0.045207856378267   
1.000000000000000   1.000000000000000   1.000000000000000   1.000000000000000   1.000000000000000   1.000000000000000   1.000000000000000   1.000000000000000   1.000000000000000   1.000000000000000   1.000000000000000   1.000000000000000   1.000000000000000   1.000000000000000   1.000000000000000   1.000000000000000   1.000000000000000   1.000000000000000   1.000000000000000   1.000000000000000   1.000000000000000   1.000000000000000   1.000000000000000   1.000000000000000   
PATCH 28 
2 2 
13 4 
0.000000000000000   0.000000000000000   0.000000000000000   0.250000000000000   0.250000000000000   0.375000000000000   0.375000000000000   0.500000000000000   0.500000000000000   0.750000000000000   0.750000000000000   0.875000000000000   0.875000000000000   1.000000000000000   1.000000000000000   1.000000000000000   
0.000000000000000   0.000000000000000   0.000000000000000   0.500000000000000   1.000000000000000   1.000000000000000   1.000000000000000   
0.013559663722423   0.013767911230496   0.013976158738570   0.013950435416053   0.013952891200070   0.013955346984087   0.013985981874638   0.014294197241051   0.014602412607463   0.012517236470945   0.014739699267675   0.012714747378685   0.014940519372311   0.014441582659918   0.014653115759260   0.014864648858602   0.014844972108876   0.014847033497127   0.014849094885379   0.014872894411609   0.015179160216697   0.015485426021785   0.013533579943384   0.015197806533901   0.013676472110129   0.015728524067301   0.016205420534909   0.016423524816788   0.016641629098666   0.016634045494521   0.016635318091242   0.016636590687963   0.016646719485551   0.016949086167990   0.017251452850429   0.015566266888262   0.016114021066354   0.015599921573017   0.017304533457280   0.017087339472404   0.017308729345551   0.017530119218699   0.017528582187344   0.017529460388300   0.017530338589256   0.017533632022522   0.017834049143637   0.018134466264752   0.016582610360701   0.016572128332581   0.016561646304460   0.018092538152270   
0.020293163105199   0.019747325910693   0.019201488716186   0.019153195762055   0.019144438079284   0.019135680396513   0.019166457985102   0.017494642599930   0.015822827214757   0.013441354051249   0.015668112190650   0.013379922731222   0.015717666719510   0.020629632336143   0.020075183283868   0.019520734231593   0.019483281238189   0.019476175356482   0.019469069474776   0.019492310704767   0.018066090603146   0.016639870501525   0.014426511218346   0.016082747644000   0.014352773370531   0.016505671414500   0.021302570798032   0.020730898030218   0.020159225262405   0.020143452190456   0.020139649910879   0.020135847631303   0.020144016144098   0.019208986609580   0.018273957075061   0.016396825552542   0.016912018550699   0.016298474649150   0.018081680804479   0.021639040028976   0.021058755403394   0.020478470777812   0.020473537666590   0.020471387188078   0.020469236709566   0.020469868863764   0.019780434612796   0.019091000361829   0.017381982719639   0.017326654004049   0.017271325288459   0.018869685499469   
1.000000000000000   1.000000000000000   1.000000000000000   0.997927507709258   0.997927507709258   0.997927507709258   1.000000000000000   1.000000000000000   1.000000000000000   0.855919221668453   1.000000000000000   0.855919221668453   1.000000000000000   1.000000000000000   1.000000000000000   1.000000000000000   0.998411902514379   0.998411902514379   0.998411902514379   1.000000000000000   1.000000000000000   1.000000000000000   0.870235564516133   0.978296148264793   0.870235564516133   1.000000000000000   1.000000000000000   1.000000000000000   1.000000000000000   0.999380692124620   0.999380692124620   0.999380692124620   1.000000000000000   1.000000000000000   1.000000000000000   0.898868250211493   0.934888444794380   0.898868250211493   1.000000000000000   1.000000000000000   1.000000000000000   1.000000000000000   0.999865086929741   0.999865086929741   0.999865086929741   1.000000000000000   1.000000000000000   1.000000000000000   0.913184593059173   0.913184593059173   0.913184593059173   1.000000000000000   
PATCH 29 
2 1 
13 2 
0.000000000000000   0.000000000000000   0.000000000000000   0.250000000000000   0.250000000000000   0.375000000000000   0.375000000000000   0.500000000000000   0.500000000000000   0.750000000000000   0.750000000000000   0.875000000000000   0.875000000000000   1.000000000000000   1.000000000000000   1.000000000000000   
0.000000000000000   0.000000000000000   1.000000000000000   1.000000000000000   
0.024978068890284   0.026283591921605   0.027565833838438   0.028168403150277   0.028779358644911   0.029339105238846   0.030018175754116   0.030899043346922   0.031811218411472   0.032400356846367   0.032924202429389   0.033533529021381   0.034105103603680   0.025250000000000   0.026178902508932   0.027094027156471   0.027551589480241   0.028005707338662   0.028459825197083   0.028910498590156   0.029811845376303   0.030699414301056   0.031143198763433   0.031583538760461   0.032023878757490   0.032460774289170   
0.043263284392927   0.042400145202973   0.041507132354160   0.041003904433683   0.040516469648899   0.039960948887600   0.039568767167904   0.038180009035818   0.036878020887080   0.036391967656356   0.035833521611728   0.035369454953402   0.034863107021650   0.043734282891114   0.043142506727484   0.042531053738569   0.042225327244111   0.041914681543332   0.041604035842553   0.041288470935453   0.040657341121252   0.040006534481766   0.039681131162023   0.039350808635958   0.039020486109894   0.038685244377508   
1.000000000000000   0.998036783980881   0.997055175971322   0.996564371966542   0.996318969964152   0.996073567961762   0.996073567961762   0.996073567961762   0.997055175971321   0.997545979976101   0.998282185983271   0.999018391990440   1.000000000000000   1.000000000000000   0.999048674522937   0.998573011784405   0.998335180415139   0.998216264730506   0.998097349045873   0.998097349045873   0.998097349045873   0.998573011784405   0.998810843153671   0.999167590207569   0.999524337261468   1.000000000000000   
PATCH 30 
2 1 
6 2 
0.000000000000000   0.000000000000000   0.000000000000000   0.250000000000000   0.500000000000000   0.750000000000000   1.000000000000000   1.000000000000000   1.000000000000000   
0.000000000000000   0.000000000000000   1.000000000000000   1.000000000000000   
0.013559663722423   0.012435668481172   0.010187677998670   0.007939687516167   0.005691697033665   0.004567701792414   0.000000000000000   0.000000000000000   0.000000000000000   0.000000000000000   0.000000000000000   0.000000000000000   
0.020293163105199   0.023239265148860   0.029131469236183   0.035023673323506   0.040915877410829   0.043861979454490   0.014550000000000   0.018213997431811   0.025541992295434   0.032869987159057   0.040197982022679   0.043861979454490   
1.000000000000000   1.000000000000000   1.000000000000000   1.000000000000000   1.000000000000000   1.000000000000000   1.000000000000000   1.000000000000000   1.000000000000000   1.000000000000000   1.000000000000000   1.000000000000000   
PATCH 31 
2 1 
13 2 
0.000000000000000   0.000000000000000   0.000000000000000   0.250000000000000   0.250000000000000   0.375000000000000   0.375000000000000   0.500000000000000   0.500000000000000   0.750000000000000   0.750000000000000   0.875000000000000   0.875000000000000   1.000000000000000   1.000000000000000   1.000000000000000   
0.000000000000000   0.000000000000000   1.000000000000000   1.000000000000000   
0.004567701792414   0.004067212627682   0.003566723462950   0.003548394773850   0.003545438915888   0.003542483057926   0.003554900031102   0.003468894835032   0.003382889638963   0.003030570690838   0.003441197997519   0.003155455034554   0.003607386387910   0.000000000000000   0.000000000000000   0.000000000000000   0.000000000000000   0.000000000000000   0.000000000000000   0.000000000000000   0.000000000000000   0.000000000000000   0.000000000000000   0.000000000000000   0.000000000000000   0.000000000000000   
0.043861979454490   0.045173810765632   0.046485642076774   0.046316266941823   0.046328367128121   0.046340467314418   0.046534042821964   0.047280542199996   0.048027041578029   0.043254687682159   0.048192390140663   0.043377748287299   0.048248259906567   0.043861979454490   0.044629232022679   0.045396484590868   0.045780110874962   0.046163737159057   0.046547363443151   0.046930989727245   0.047698242295434   0.048465494863623   0.048849121147717   0.049232747431811   0.049616373715906   0.050000000000000   
1.000000000000000   1.000000000000000   1.000000000000000   0.996106047012074   0.996106047012074   0.996106047012074   1.000000000000000   1.000000000000000   1.000000000000000   0.898818627967980   1.000000000000000   0.898818627967980   1.000000000000000   1.000000000000000   1.000000000000000   1.000000000000000   1.000000000000000   1.000000000000000   1.000000000000000   1.000000000000000   1.000000000000000   1.000000000000000   1.000000000000000   1.000000000000000   1.000000000000000   1.000000000000000   
PATCH 32 
2 1 
13 2 
0.000000000000000   0.000000000000000   0.000000000000000   0.250000000000000   0.250000000000000   0.375000000000000   0.375000000000000   0.500000000000000   0.500000000000000   0.750000000000000   0.750000000000000   0.875000000000000   0.875000000000000   1.000000000000000   1.000000000000000   1.000000000000000   
0.000000000000000   0.000000000000000   1.000000000000000   1.000000000000000   
0.000000000000000   0.001373523364574   0.002696204686598   0.003357545347610   0.004006175497985   0.004654805648359   0.005290725288097   0.006562564567571   0.007783561804497   0.008394060422959   0.008991848530784   0.009589636638609   0.010174714235797   0.013559663722423   0.013767911230496   0.013976158738570   0.013950435416053   0.013952891200070   0.013955346984087   0.013985981874638   0.014294197241051   0.014602412607463   0.012517236470945   0.014739699267675   0.012714747378685   0.014940519372311   
0.014550000000000   0.014280710180047   0.013886743423605   0.013689760045385   0.013461607433042   0.013233454820700   0.012974132974235   0.012455489281306   0.011812168651889   0.011490508337180   0.011137678788350   0.010784849239519   0.010400850456567   0.020293163105199   0.019747325910693   0.019201488716186   0.019153195762055   0.019144438079284   0.019135680396513   0.019166457985102   0.017494642599930   0.015822827214757   0.013441354051249   0.015668112190650   0.013379922731222   0.015717666719510   
1.000000000000000   0.981492108594274   0.972238162891412   0.967611190039980   0.965297703614265   0.962984217188549   0.962984217188549   0.962984217188549   0.972238162891412   0.976865135742843   0.983805595019990   0.990746054297137   1.000000000000000   1.000000000000000   1.000000000000000   1.000000000000000   0.997927507709258   0.997927507709258   0.997927507709258   1.000000000000000   1.000000000000000   1.000000000000000   0.855919221668453   1.000000000000000   0.855919221668453   1.000000000000000   
INTERFACE 1 
1 2 
5 1 
1 
INTERFACE 2 
1 3 
2 4 
1 
INTERFACE 3 
2 1 
13 2 
1 
INTERFACE 4 
2 2 
3 1 
1 
INTERFACE 5 
2 3 
4 2 
1 
INTERFACE 6 
3 2 
7 1 
-1 
INTERFACE 7 
3 3 
4 4 
-1 
INTERFACE 8 
3 4 
5 3 
1 
INTERFACE 9 
4 1 
9 2 
1 
INTERFACE 10 
4 3 
13 3 
1 
INTERFACE 11 
5 2 
6 1 
1 
INTERFACE 12 
6 2 
11 1 
1 
INTERFACE 13 
6 3 
7 3 
1 
INTERFACE 14 
7 2 
8 1 
1 
INTERFACE 15 
7 4 
9 4 
-1 
INTERFACE 16 
8 2 
15 1 
1 
INTERFACE 17 
8 3 
11 3 
1 
INTERFACE 18 
8 4 
10 4 
1 
INTERFACE 19 
9 1 
10 1 
1 
INTERFACE 20 
9 3 
12 3 
1 
INTERFACE 21 
10 2 
16 3 
1 
INTERFACE 22 
10 3 
14 4 
1 
INTERFACE 23 
11 2 
18 1 
1 
INTERFACE 24 
12 1 
14 1 
-1 
INTERFACE 25 
12 2 
13 1 
1 
INTERFACE 26 
14 2 
17 1 
-1 
INTERFACE 27 
15 2 
26 2 
1 
INTERFACE 28 
15 3 
18 3 
1 
INTERFACE 29 
15 4 
16 2 
1 
INTERFACE 30 
16 1 
17 3 
1 
INTERFACE 31 
16 4 
28 2 
1 
INTERFACE 32 
17 2 
32 2 
-1 
INTERFACE 33 
18 2 
29 2 
1 
INTERFACE 34 
19 2 
23 1 
1 
INTERFACE 35 
19 3 
20 4 
1 
INTERFACE 36 
20 1 
31 2 
1 
INTERFACE 37 
20 2 
21 1 
1 
INTERFACE 38 
20 3 
22 2 
1 
INTERFACE 39 
21 2 
25 1 
-1 
INTERFACE 40 
21 3 
22 4 
-1 
INTERFACE 41 
21 4 
23 3 
1 
INTERFACE 42 
22 1 
27 2 
1 
INTERFACE 43 
22 3 
31 3 
1 
INTERFACE 44 
23 2 
24 1 
1 
INTERFACE 45 
24 2 
29 1 
1 
INTERFACE 46 
24 3 
25 3 
1 
INTERFACE 47 
25 2 
26 1 
1 
INTERFACE 48 
25 4 
27 4 
-1 
INTERFACE 49 
26 3 
29 3 
1 
INTERFACE 50 
26 4 
28 4 
1 
INTERFACE 51 
27 1 
28 1 
1 
INTERFACE 52 
27 3 
30 3 
1 
INTERFACE 53 
28 3 
32 4 
1 
INTERFACE 54 
30 1 
32 1 
-1 
INTERFACE 55 
30 2 
31 1 
1 
BOUNDARY 1 
1 
1 1 
BOUNDARY 2 
1 
1 4 
BOUNDARY 3 
1 
5 4 
BOUNDARY 4 
1 
6 4 
BOUNDARY 5 
1 
11 4 
BOUNDARY 6 
1 
12 4 
BOUNDARY 7 
1 
13 4 
BOUNDARY 8 
1 
14 3 
BOUNDARY 9 
1 
17 4 
BOUNDARY 10 
1 
18 4 
BOUNDARY 11 
1 
19 1 
BOUNDARY 12 
1 
19 4 
BOUNDARY 13 
1 
23 4 
BOUNDARY 14 
1 
24 4 
BOUNDARY 15 
1 
29 4 
BOUNDARY 16 
1 
30 4 
BOUNDARY 17 
1 
31 4 
BOUNDARY 18 
1 
32 3 
