# nurbs mesh v.2.1
#
# 14-Jul-2024
#
2 2 32 55 0 
PATCH 1 
2 1 
4 2 
0.000000000000000   0.000000000000000   0.000000000000000   0.500000000000000   1.000000000000000   1.000000000000000   1.000000000000000   
0.000000000000000   0.000000000000000   1.000000000000000   1.000000000000000   
0.050000000000000   0.049904867452294   0.049525061277599   0.049240387650610   0.050500000000000   0.050403916126817   0.050020311890375   0.049732791527117   
0.000000000000000   0.002178893568691   0.006520098010365   0.008682408883347   0.000000000000000   0.002200682504378   0.006585298990468   0.008769232972180   
1.000000000000000   0.998097349045873   0.998097349045873   1.000000000000000   1.000000000000000   0.998097349045873   0.998097349045873   1.000000000000000   
PATCH 2 
2 1 
4 2 
0.000000000000000   0.000000000000000   0.000000000000000   0.500000000000000   1.000000000000000   1.000000000000000   1.000000000000000   
0.000000000000000   0.000000000000000   1.000000000000000   1.000000000000000   
0.048306130248788   0.048179081844185   0.047924985034980   0.047797936630378   0.050000000000000   0.049904867452294   0.049525061277599   0.049240387650610   
0.003809552062880   0.004846469947964   0.006920305718130   0.007957223603214   0.000000000000000   0.002178893568691   0.006520098010365   0.008682408883347   
1.000000000000000   1.000000000000000   1.000000000000000   1.000000000000000   1.000000000000000   0.998097349045873   0.998097349045873   1.000000000000000   
PATCH 3 
2 1 
13 2 
0.000000000000000   0.000000000000000   0.000000000000000   0.125000000000000   0.125000000000000   0.250000000000000   0.250000000000000   0.500000000000000   0.500000000000000   0.625000000000000   0.625000000000000   0.750000000000000   0.750000000000000   1.000000000000000   1.000000000000000   1.000000000000000   
0.000000000000000   0.000000000000000   1.000000000000000   1.000000000000000   
0.047797936630378   0.043845686204392   0.047717389503441   0.043717226268145   0.047562208601856   0.046472828228069   0.045383447854283   0.044634231553458   0.044609217863697   0.044584204173935   0.045283393095236   0.045048019653900   0.044812646212564   0.049240387650610   0.049122375608591   0.048285922361200   0.048255747484357   0.048034033966406   0.047666014608328   0.047371657169547   0.047290180018830   0.047242143258296   0.047221362617227   0.047171578504451   0.046934145071258   0.046631114599202   
0.007957223603214   0.007379827440130   0.008094404276862   0.007473659319892   0.008129408057565   0.007923112458350   0.007716816859136   0.007588946959613   0.007590606191895   0.007592265424177   0.007723453788263   0.007801356204759   0.007879258621255   0.008682408883347   0.009214726804819   0.009603754858992   0.010146111030127   0.010647841868235   0.011663274723201   0.012693197282704   0.013226232147862   0.013770494800923   0.014325314366207   0.014874219136080   0.015932539210820   0.016972337704766   
1.000000000000000   0.917515746185390   1.000000000000000   0.917515746185390   1.000000000000000   1.000000000000000   1.000000000000000   0.984034148401349   0.984034148401349   0.984034148401349   1.000000000000000   1.000000000000000   1.000000000000000   1.000000000000000   0.999524337261468   0.999167590207569   0.998810843153671   0.998573011784405   0.998097349045873   0.998097349045873   0.998097349045873   0.998216264730506   0.998335180415139   0.998573011784404   0.999048674522936   1.000000000000000   
PATCH 4 
2 2 
13 4 
0.000000000000000   0.000000000000000   0.000000000000000   0.250000000000000   0.250000000000000   0.375000000000000   0.375000000000000   0.500000000000000   0.500000000000000   0.750000000000000   0.750000000000000   0.875000000000000   0.875000000000000   1.000000000000000   1.000000000000000   1.000000000000000   
0.000000000000000   0.000000000000000   0.000000000000000   0.500000000000000   1.000000000000000   1.000000000000000   1.000000000000000   
0.043797567078942   0.045471808229282   0.047146049379621   0.047038584542462   0.047048291774541   0.047057999006621   0.047184878307941   0.047634239921628   0.048083601535316   0.043315115517525   0.048249146465755   0.043438877204477   0.048306130248788   0.044051336862347   0.045365861085436   0.046680385308525   0.046424989450330   0.046438523296830   0.046452057143331   0.046734520694526   0.047343886998239   0.047953253301951   0.043415643205180   0.048116207225177   0.043540579454456   0.048179081844185   0.044558876429159   0.045153966797746   0.045749057166333   0.045197799266067   0.045218986341408   0.045240173416749   0.045833805467697   0.046763181151459   0.047692556835221   0.043616698580490   0.047850328744020   0.043743983954413   0.047924985034980   0.044812646212564   0.045048019653900   0.045283393095236   0.044584204173935   0.044609217863697   0.044634231553458   0.045383447854283   0.046472828228069   0.047562208601856   0.043717226268145   0.047717389503441   0.043845686204392   0.047797936630378   
0.004812310512879   0.004258180740771   0.003704050968662   0.003691740593437   0.003689569959401   0.003687399325366   0.003695368432519   0.003641022103017   0.003586675773514   0.003213981336878   0.003643917995127   0.003337936331824   0.003809552062880   0.005579047539973   0.005143974606768   0.004708901673563   0.004666871801122   0.004664829017525   0.004662786233927   0.004700730539173   0.004711544691850   0.004722358844527   0.004278900832632   0.004756539565560   0.004348409108901   0.004846469947964   0.007112521594161   0.006915562338762   0.006718603083363   0.006617134216492   0.006615347133772   0.006613560051051   0.006711454752482   0.006852589869517   0.006993724986552   0.006408739824138   0.006981782706428   0.006369354663054   0.006920305718130   0.007879258621255   0.007801356204759   0.007723453788263   0.007592265424177   0.007590606191895   0.007588946959613   0.007716816859136   0.007923112458350   0.008129408057565   0.007473659319892   0.008094404276862   0.007379827440130   0.007957223603214   
1.000000000000000   1.000000000000000   1.000000000000000   0.997520300923262   0.997520300923262   0.997520300923262   1.000000000000000   1.000000000000000   1.000000000000000   0.899021009455321   1.000000000000000   0.899021009455321   1.000000000000000   1.000000000000000   1.000000000000000   1.000000000000000   0.994148762792784   0.994148762792784   0.994148762792784   1.000000000000000   1.000000000000000   1.000000000000000   0.903644693637839   1.000000000000000   0.903644693637839   1.000000000000000   1.000000000000000   1.000000000000000   1.000000000000000   0.987405686531828   0.987405686531828   0.987405686531828   1.000000000000000   1.000000000000000   1.000000000000000   0.912892062002873   1.000000000000000   0.912892062002873   1.000000000000000   1.000000000000000   1.000000000000000   1.000000000000000   0.984034148401349   0.984034148401349   0.984034148401349   1.000000000000000   1.000000000000000   1.000000000000000   0.917515746185390   1.000000000000000   0.917515746185390   1.000000000000000   
PATCH 5 
2 1 
13 2 
0.000000000000000   0.000000000000000   0.000000000000000   0.125000000000000   0.125000000000000   0.250000000000000   0.250000000000000   0.500000000000000   0.500000000000000   0.625000000000000   0.625000000000000   0.750000000000000   0.750000000000000   1.000000000000000   1.000000000000000   1.000000000000000   
0.000000000000000   0.000000000000000   1.000000000000000   1.000000000000000   
0.049240387650610   0.049122375608591   0.048285922361200   0.048255747484357   0.048034033966406   0.047666014608328   0.047371657169547   0.047290180018830   0.047242143258296   0.047221362617227   0.047171578504451   0.046934145071258   0.046631114599202   0.049732791527117   0.049613599364677   0.049488606583825   0.049363613802972   0.049232820403708   0.048971233605179   0.048686444333000   0.048544049696911   0.048395854442409   0.048247659187908   0.048093663314994   0.047785671569166   0.047454477349688   
0.008682408883347   0.009214726804819   0.009603754858992   0.010146111030127   0.010647841868235   0.011663274723201   0.012693197282704   0.013226232147862   0.013770494800923   0.014325314366207   0.014874219136080   0.015932539210820   0.016972337704766   0.008769232972180   0.009306874072867   0.009842960902535   0.010379047732203   0.010913580290852   0.011982645408149   0.013045493441370   0.013576917457981   0.014106787203572   0.014636656949163   0.015164972423735   0.016221603372879   0.017272017237946   
1.000000000000000   0.999524337261468   0.999167590207569   0.998810843153671   0.998573011784405   0.998097349045873   0.998097349045873   0.998097349045873   0.998216264730506   0.998335180415139   0.998573011784404   0.999048674522936   1.000000000000000   1.000000000000000   0.999524337261468   0.999167590207569   0.998810843153671   0.998573011784405   0.998097349045873   0.998097349045873   0.998097349045873   0.998216264730506   0.998335180415139   0.998573011784404   0.999048674522936   1.000000000000000   
PATCH 6 
2 1 
6 2 
0.000000000000000   0.000000000000000   0.000000000000000   0.250000000000000   0.500000000000000   0.750000000000000   1.000000000000000   1.000000000000000   1.000000000000000   
0.000000000000000   0.000000000000000   1.000000000000000   1.000000000000000   
0.046631114599202   0.046319764478675   0.045532462595341   0.044433874213560   0.043685663074251   0.043292731582699   0.047454477349688   0.047032993823604   0.046146485990198   0.045216437375554   0.044242847979673   0.043734282891114   
0.016972337704766   0.018012217289919   0.020034198427251   0.021912935712625   0.023967365916919   0.024995070233225   0.017272017237946   0.018289568482936   0.020304367573183   0.022298863263696   0.024273055554476   0.025250000000000   
1.000000000000000   0.999048674522936   0.998097349045873   0.998097349045873   0.999048674522936   1.000000000000000   1.000000000000000   0.999048674522936   0.998097349045873   0.998097349045873   0.999048674522936   1.000000000000000   
PATCH 7 
2 1 
6 2 
0.000000000000000   0.000000000000000   0.000000000000000   0.250000000000000   0.500000000000000   0.750000000000000   1.000000000000000   1.000000000000000   1.000000000000000   
0.000000000000000   0.000000000000000   1.000000000000000   1.000000000000000   
0.046631114599202   0.046319764478675   0.045532462595341   0.044433874213560   0.043685663074251   0.043292731582699   0.044812646212564   0.041750484868375   0.035626162179997   0.029501839491618   0.023377516803239   0.020315355459050   
0.016972337704766   0.018012217289919   0.020034198427251   0.021912935712625   0.023967365916919   0.024995070233225   0.007879258621255   0.008892753461869   0.010919743143099   0.012946732824329   0.014973722505558   0.015987217346173   
1.000000000000000   0.999048674522936   0.998097349045873   0.998097349045873   0.999048674522936   1.000000000000000   1.000000000000000   1.000000000000000   1.000000000000000   1.000000000000000   1.000000000000000   1.000000000000000   
PATCH 8 
2 1 
13 2 
0.000000000000000   0.000000000000000   0.000000000000000   0.250000000000000   0.250000000000000   0.375000000000000   0.375000000000000   0.500000000000000   0.500000000000000   0.750000000000000   0.750000000000000   0.875000000000000   0.875000000000000   1.000000000000000   1.000000000000000   1.000000000000000   
0.000000000000000   0.000000000000000   1.000000000000000   1.000000000000000   
0.043292731582699   0.042424467097526   0.041518415240735   0.041048953579524   0.040560019223269   0.040055332073479   0.039644185717648   0.038340291548718   0.036756684830588   0.036237633821869   0.035703106635453   0.035231338920604   0.034734533032486   0.020315355459050   0.019883336836833   0.019451318214616   0.019333744364989   0.019320729218601   0.019307714072213   0.019399257629065   0.018770528915961   0.018141800202856   0.015963626274009   0.015899545242022   0.015835464210035   0.017885476074910   
0.024995070233225   0.026303987343195   0.027584164489888   0.028213045795170   0.028826903071280   0.029427992441918   0.030098089365684   0.031057605147430   0.031741544505119   0.032301360837813   0.032846300266030   0.033448206243300   0.034028758941573   0.015987217346173   0.016130204143879   0.016273190941586   0.016190974378492   0.016197517295588   0.016204060212684   0.016299362609970   0.016740676757633   0.017181990905295   0.015205871917070   0.015200302513420   0.015194733109770   0.017159713290694   
1.000000000000000   0.998025407480557   0.997038111220835   0.996544463090974   0.996297639026044   0.996050814961113   0.996050814961113   0.996050814961113   0.997038111220835   0.997531759350696   0.998272231545487   0.999012703740278   1.000000000000000   1.000000000000000   1.000000000000000   1.000000000000000   0.994666458342816   0.994666458342816   0.994666458342816   1.000000000000000   1.000000000000000   1.000000000000000   0.882838186526424   0.882838186526424   0.882838186526424   1.000000000000000   
PATCH 9 
2 2 
6 4 
0.000000000000000   0.000000000000000   0.000000000000000   0.250000000000000   0.500000000000000   0.750000000000000   1.000000000000000   1.000000000000000   1.000000000000000   
0.000000000000000   0.000000000000000   0.000000000000000   0.500000000000000   1.000000000000000   1.000000000000000   1.000000000000000   
0.019300276325428   0.022362437669617   0.028486760357995   0.034611083046374   0.040735405734753   0.043797567078942   0.019554046108833   0.022616207453023   0.028740530141401   0.034864852829780   0.040989175518158   0.044051336862347   0.020061585675645   0.023123747019834   0.029248069708212   0.035372392396591   0.041496715084969   0.044558876429159   0.020315355459050   0.023377516803239   0.029501839491618   0.035626162179997   0.041750484868375   0.044812646212564   
0.012920269237797   0.011906774397182   0.009879784715953   0.007852795034723   0.005825805353494   0.004812310512879   0.013687006264891   0.012673511424276   0.010646521743047   0.008619532061817   0.006592542380588   0.005579047539973   0.015220480319079   0.014206985478464   0.012179995797235   0.010153006116005   0.008126016434775   0.007112521594161   0.015987217346173   0.014973722505558   0.012946732824329   0.010919743143099   0.008892753461869   0.007879258621255   
1.000000000000000   1.000000000000000   1.000000000000000   1.000000000000000   1.000000000000000   1.000000000000000   1.000000000000000   1.000000000000000   1.000000000000000   1.000000000000000   1.000000000000000   1.000000000000000   1.000000000000000   1.000000000000000   1.000000000000000   1.000000000000000   1.000000000000000   1.000000000000000   1.000000000000000   1.000000000000000   1.000000000000000   1.000000000000000   1.000000000000000   1.000000000000000   
PATCH 10 
2 2 
13 4 
0.000000000000000   0.000000000000000   0.000000000000000   0.250000000000000   0.250000000000000   0.375000000000000   0.375000000000000   0.500000000000000   0.500000000000000   0.750000000000000   0.750000000000000   0.875000000000000   0.875000000000000   1.000000000000000   1.000000000000000   1.000000000000000   
0.000000000000000   0.000000000000000   0.000000000000000   0.500000000000000   1.000000000000000   1.000000000000000   1.000000000000000   
0.019300276325428   0.018906238111843   0.018512199898258   0.018382908428093   0.018367439927976   0.018351971427859   0.018450325897791   0.016434354131350   0.014418382364909   0.011887221112687   0.014234389930516   0.011802828499363   0.014277929194363   0.019554046108833   0.019150512793090   0.018746979477348   0.018620617412317   0.018605762250632   0.018590907088948   0.018687558830610   0.017018397827503   0.015349236824396   0.012906322403017   0.014650678758392   0.012810987427031   0.015179815914499   0.020061585675645   0.019639062155586   0.019216538635527   0.019096035380765   0.019082406895945   0.019068778411125   0.019162024696247   0.018186485219808   0.017210945743369   0.014944524983678   0.015483256414145   0.014827305282367   0.016983589354773   0.020315355459050   0.019883336836833   0.019451318214616   0.019333744364989   0.019320729218601   0.019307714072213   0.019399257629065   0.018770528915961   0.018141800202856   0.015963626274009   0.015899545242022   0.015835464210035   0.017885476074910   
0.012920269237797   0.013050685519497   0.013181101801196   0.013104563640005   0.013107095394331   0.013109627148657   0.013191228818501   0.013200988107941   0.013210747397382   0.010993746421708   0.013334655836421   0.011198891258336   0.013552166410147   0.013687006264891   0.013820565175592   0.013954124086294   0.013876166324627   0.013879700869645   0.013883235414664   0.013968262266368   0.014085910270364   0.014203558274360   0.012046777795549   0.013801067505671   0.012197851721195   0.014454053130284   0.015220480319079   0.015360324487784   0.015500168656489   0.015419371693870   0.015424911820274   0.015430451946678   0.015522329162103   0.015855754595210   0.016189180028317   0.014152840543230   0.014733890844170   0.014195772646911   0.016257826570557   0.015987217346173   0.016130204143879   0.016273190941586   0.016190974378492   0.016197517295588   0.016204060212684   0.016299362609970   0.016740676757633   0.017181990905295   0.015205871917070   0.015200302513420   0.015194733109770   0.017159713290694   
1.000000000000000   1.000000000000000   1.000000000000000   0.993819696958596   0.993819696958596   0.993819696958596   1.000000000000000   1.000000000000000   1.000000000000000   0.832141374786360   1.000000000000000   0.832141374786360   1.000000000000000   1.000000000000000   1.000000000000000   1.000000000000000   0.994031387304651   0.994031387304651   0.994031387304651   1.000000000000000   1.000000000000000   1.000000000000000   0.844815577721376   0.970709546631606   0.844815577721376   1.000000000000000   1.000000000000000   1.000000000000000   1.000000000000000   0.994454767996761   0.994454767996761   0.994454767996761   1.000000000000000   1.000000000000000   1.000000000000000   0.870163983591408   0.912128639894818   0.870163983591408   1.000000000000000   1.000000000000000   1.000000000000000   1.000000000000000   0.994666458342816   0.994666458342816   0.994666458342816   1.000000000000000   1.000000000000000   1.000000000000000   0.882838186526424   0.882838186526424   0.882838186526424   1.000000000000000   
PATCH 11 
2 1 
13 2 
0.000000000000000   0.000000000000000   0.000000000000000   0.250000000000000   0.250000000000000   0.375000000000000   0.375000000000000   0.500000000000000   0.500000000000000   0.750000000000000   0.750000000000000   0.875000000000000   0.875000000000000   1.000000000000000   1.000000000000000   1.000000000000000   
0.000000000000000   0.000000000000000   1.000000000000000   1.000000000000000   
0.043292731582699   0.042424467097526   0.041518415240735   0.041048953579524   0.040560019223269   0.040055332073479   0.039644185717648   0.038340291548718   0.036756684830588   0.036237633821869   0.035703106635453   0.035231338920604   0.034734533032486   0.043734282891114   0.043142506727484   0.042531053738569   0.042225327244111   0.041914681543332   0.041604035842553   0.041288470935453   0.040657341121252   0.040006534481766   0.039681131162023   0.039350808635958   0.039020486109894   0.038685244377508   
0.024995070233225   0.026303987343195   0.027584164489888   0.028213045795170   0.028826903071280   0.029427992441918   0.030098089365684   0.031057605147430   0.031741544505119   0.032301360837813   0.032846300266030   0.033448206243300   0.034028758941573   0.025250000000000   0.026178902508932   0.027094027156471   0.027551589480241   0.028005707338662   0.028459825197083   0.028910498590156   0.029811845376303   0.030699414301056   0.031143198763433   0.031583538760461   0.032023878757490   0.032460774289170   
1.000000000000000   0.998025407480557   0.997038111220835   0.996544463090974   0.996297639026044   0.996050814961113   0.996050814961113   0.996050814961113   0.997038111220835   0.997531759350696   0.998272231545487   0.999012703740278   1.000000000000000   1.000000000000000   0.999048674522937   0.998573011784405   0.998335180415139   0.998216264730506   0.998097349045873   0.998097349045873   0.998097349045873   0.998573011784405   0.998810843153671   0.999167590207569   0.999524337261468   1.000000000000000   
PATCH 12 
2 1 
6 2 
0.000000000000000   0.000000000000000   0.000000000000000   0.250000000000000   0.500000000000000   0.750000000000000   1.000000000000000   1.000000000000000   1.000000000000000   
0.000000000000000   0.000000000000000   1.000000000000000   1.000000000000000   
0.019300276325428   0.022362437669617   0.028486760357995   0.034611083046374   0.040735405734753   0.043797567078942   0.014550000000000   0.018205945884868   0.025517837654603   0.032829729424339   0.040141621194074   0.043797567078942   
0.012920269237797   0.011906774397182   0.009879784715953   0.007852795034723   0.005825805353494   0.004812310512879   0.000000000000000   0.000000000000000   0.000000000000000   0.000000000000000   0.000000000000000   0.000000000000000   
1.000000000000000   1.000000000000000   1.000000000000000   1.000000000000000   1.000000000000000   1.000000000000000   1.000000000000000   1.000000000000000   1.000000000000000   1.000000000000000   1.000000000000000   1.000000000000000   
PATCH 13 
2 1 
13 2 
0.000000000000000   0.000000000000000   0.000000000000000   0.250000000000000   0.250000000000000   0.375000000000000   0.375000000000000   0.500000000000000   0.500000000000000   0.750000000000000   0.750000000000000   0.875000000000000   0.875000000000000   1.000000000000000   1.000000000000000   1.000000000000000   
0.000000000000000   0.000000000000000   1.000000000000000   1.000000000000000   
0.043797567078942   0.045471808229282   0.047146049379621   0.047038584542462   0.047048291774541   0.047057999006621   0.047184878307941   0.047634239921628   0.048083601535316   0.043315115517525   0.048249146465755   0.043438877204477   0.048306130248788   0.043797567078942   0.044572871194074   0.045348175309206   0.045735827366772   0.046123479424339   0.046511131481905   0.046898783539471   0.047674087654603   0.048449391769735   0.048837043827302   0.049224695884868   0.049612347942434   0.050000000000000   
0.004812310512879   0.004258180740771   0.003704050968662   0.003691740593437   0.003689569959401   0.003687399325366   0.003695368432519   0.003641022103017   0.003586675773514   0.003213981336878   0.003643917995127   0.003337936331824   0.003809552062880   0.000000000000000   0.000000000000000   0.000000000000000   0.000000000000000   0.000000000000000   0.000000000000000   0.000000000000000   0.000000000000000   0.000000000000000   0.000000000000000   0.000000000000000   0.000000000000000   0.000000000000000   
1.000000000000000   1.000000000000000   1.000000000000000   0.997520300923262   0.997520300923262   0.997520300923262   1.000000000000000   1.000000000000000   1.000000000000000   0.899021009455321   1.000000000000000   0.899021009455321   1.000000000000000   1.000000000000000   1.000000000000000   1.000000000000000   1.000000000000000   1.000000000000000   1.000000000000000   1.000000000000000   1.000000000000000   1.000000000000000   1.000000000000000   1.000000000000000   1.000000000000000   1.000000000000000   
PATCH 14 
2 1 
13 2 
0.000000000000000   0.000000000000000   0.000000000000000   0.250000000000000   0.250000000000000   0.375000000000000   0.375000000000000   0.500000000000000   0.500000000000000   0.750000000000000   0.750000000000000   0.875000000000000   0.875000000000000   1.000000000000000   1.000000000000000   1.000000000000000   
0.000000000000000   0.000000000000000   1.000000000000000   1.000000000000000   
0.014550000000000   0.014280210953051   0.013885532348930   0.013688193046870   0.013459631355517   0.013231069664164   0.012971285583518   0.012451717422225   0.011807259703762   0.011485030844530   0.011131579596005   0.010778128347480   0.010393454709662   0.019300276325428   0.018906238111843   0.018512199898258   0.018382908428093   0.018367439927976   0.018351971427859   0.018450325897791   0.016434354131350   0.014418382364909   0.011887221112687   0.014234389930516   0.011802828499363   0.014277929194363   
0.000000000000000   0.001374746953697   0.002698512234483   0.003360394874876   0.004009532097040   0.004658669319205   0.005295061123142   0.006567844731016   0.007789646665977   0.008400547633458   0.008998703182711   0.009596858731964   0.010182268862989   0.012920269237797   0.013050685519497   0.013181101801196   0.013104563640005   0.013107095394331   0.013109627148657   0.013191228818501   0.013200988107941   0.013210747397382   0.010993746421708   0.013334655836421   0.011198891258336   0.013552166410147   
1.000000000000000   0.981457797460550   0.972186696190825   0.967551145555962   0.965233370238531   0.962915594921099   0.962915594921099   0.962915594921099   0.972186696190824   0.976822246825687   0.983775572777981   0.990728898730275   1.000000000000000   1.000000000000000   1.000000000000000   1.000000000000000   0.993819696958596   0.993819696958596   0.993819696958596   1.000000000000000   1.000000000000000   1.000000000000000   0.832141374786360   1.000000000000000   0.832141374786360   1.000000000000000   
PATCH 15 
2 1 
4 2 
0.000000000000000   0.000000000000000   0.000000000000000   0.500000000000000   1.000000000000000   1.000000000000000   1.000000000000000   
0.000000000000000   0.000000000000000   1.000000000000000   1.000000000000000   
0.034734533032486   0.034571920222103   0.034218901187027   0.034028758941573   0.017885476074910   0.017704035378856   0.017341153986748   0.017159713290694   
0.034028758941573   0.034218901187027   0.034571920222103   0.034734533032486   0.017159713290694   0.017341153986748   0.017704035378856   0.017885476074910   
1.000000000000000   0.999973665499716   0.999973665499716   1.000000000000000   1.000000000000000   1.000000000000000   1.000000000000000   1.000000000000000   
PATCH 16 
2 2 
4 4 
0.000000000000000   0.000000000000000   0.000000000000000   0.500000000000000   1.000000000000000   1.000000000000000   1.000000000000000   
0.000000000000000   0.000000000000000   0.000000000000000   0.500000000000000   1.000000000000000   1.000000000000000   1.000000000000000   
0.014277929194363   0.015179815914499   0.016983589354773   0.017885476074910   0.014096488498309   0.014998375218445   0.016802148658719   0.017704035378856   0.013733607106201   0.014635493826338   0.016439267266611   0.017341153986748   0.013552166410147   0.014454053130284   0.016257826570557   0.017159713290694   
0.013552166410147   0.014454053130284   0.016257826570557   0.017159713290694   0.013733607106201   0.014635493826338   0.016439267266611   0.017341153986748   0.014096488498309   0.014998375218445   0.016802148658719   0.017704035378856   0.014277929194363   0.015179815914499   0.016983589354773   0.017885476074910   
1.000000000000000   1.000000000000000   1.000000000000000   1.000000000000000   1.000000000000000   1.000000000000000   1.000000000000000   1.000000000000000   1.000000000000000   1.000000000000000   1.000000000000000   1.000000000000000   1.000000000000000   1.000000000000000   1.000000000000000   1.000000000000000   
PATCH 17 
2 1 
4 2 
0.000000000000000   0.000000000000000   0.000000000000000   0.500000000000000   1.000000000000000   1.000000000000000   1.000000000000000   
0.000000000000000   0.000000000000000   1.000000000000000   1.000000000000000   
0.014277929194363   0.014096488498309   0.013733607106201   0.013552166410147   0.010393454709662   0.010340929187963   0.010235336264627   0.010182268862989   
0.013552166410147   0.013733607106201   0.014096488498309   0.014277929194363   0.010182268862989   0.010235336264627   0.010340929187963   0.010393454709662   
1.000000000000000   1.000000000000000   1.000000000000000   1.000000000000000   1.000000000000000   0.999973665499716   0.999973665499716   1.000000000000000   
PATCH 18 
2 1 
4 2 
0.000000000000000   0.000000000000000   0.000000000000000   0.500000000000000   1.000000000000000   1.000000000000000   1.000000000000000   
0.000000000000000   0.000000000000000   1.000000000000000   1.000000000000000   
0.034734533032486   0.034571920222103   0.034218901187027   0.034028758941573   0.038685244377508   0.037197068413715   0.034084833369545   0.032460774289170   
0.034028758941573   0.034218901187027   0.034571920222103   0.034734533032486   0.032460774289170   0.034084833369545   0.037197068413715   0.038685244377508   
1.000000000000000   0.999973665499716   0.999973665499716   1.000000000000000   1.000000000000000   0.998097349045873   0.998097349045873   1.000000000000000   
PATCH 19 
2 1 
4 2 
0.000000000000000   0.000000000000000   0.000000000000000   0.500000000000000   1.000000000000000   1.000000000000000   1.000000000000000   
0.000000000000000   0.000000000000000   1.000000000000000   1.000000000000000   
0.000000000000000   0.002178893568691   0.006520098010365   0.008682408883347   0.000000000000000   0.002200682504378   0.006585298990468   0.008769232972180   
0.050000000000000   0.049904867452294   0.049525061277599   0.049240387650610   0.050500000000000   0.050403916126817   0.050020311890375   0.049732791527117   
1.000000000000000   0.998097349045873   0.998097349045873   1.000000000000000   1.000000000000000   0.998097349045873   0.998097349045873   1.000000000000000   
PATCH 20 
2 1 
4 2 
0.000000000000000   0.000000000000000   0.000000000000000   0.500000000000000   1.000000000000000   1.000000000000000   1.000000000000000   
0.000000000000000   0.000000000000000   1.000000000000000   1.000000000000000   
0.003809552062880   0.004846469947964   0.006920305718130   0.007957223603214   0.000000000000000   0.002178893568691   0.006520098010365   0.008682408883347   
0.048306130248788   0.048179081844185   0.047924985034980   0.047797936630378   0.050000000000000   0.049904867452294   0.049525061277599   0.049240387650610   
1.000000000000000   1.000000000000000   1.000000000000000   1.000000000000000   1.000000000000000   0.998097349045873   0.998097349045873   1.000000000000000   
PATCH 21 
2 1 
13 2 
0.000000000000000   0.000000000000000   0.000000000000000   0.125000000000000   0.125000000000000   0.250000000000000   0.250000000000000   0.500000000000000   0.500000000000000   0.625000000000000   0.625000000000000   0.750000000000000   0.750000000000000   1.000000000000000   1.000000000000000   1.000000000000000   
0.000000000000000   0.000000000000000   1.000000000000000   1.000000000000000   
0.007957223603214   0.007379827440130   0.008094404276862   0.007473659319892   0.008129408057565   0.007923112458350   0.007716816859136   0.007588946959613   0.007590606191895   0.007592265424177   0.007723453788263   0.007801356204759   0.007879258621255   0.008682408883347   0.009214726804819   0.009603754858992   0.010146111030127   0.010647841868235   0.011663274723201   0.012693197282704   0.013226232147862   0.013770494800923   0.014325314366207   0.014874219136080   0.015932539210820   0.016972337704766   
0.047797936630378   0.043845686204392   0.047717389503441   0.043717226268145   0.047562208601856   0.046472828228069   0.045383447854283   0.044634231553458   0.044609217863697   0.044584204173935   0.045283393095236   0.045048019653900   0.044812646212564   0.049240387650610   0.049122375608591   0.048285922361200   0.048255747484357   0.048034033966406   0.047666014608328   0.047371657169547   0.047290180018830   0.047242143258296   0.047221362617227   0.047171578504451   0.046934145071258   0.046631114599202   
1.000000000000000   0.917515746185390   1.000000000000000   0.917515746185390   1.000000000000000   1.000000000000000   1.000000000000000   0.984034148401349   0.984034148401349   0.984034148401349   1.000000000000000   1.000000000000000   1.000000000000000   1.000000000000000   0.999524337261468   0.999167590207569   0.998810843153671   0.998573011784405   0.998097349045873   0.998097349045873   0.998097349045873   0.998216264730506   0.998335180415139   0.998573011784404   0.999048674522936   1.000000000000000   
PATCH 22 
2 2 
13 4 
0.000000000000000   0.000000000000000   0.000000000000000   0.250000000000000   0.250000000000000   0.375000000000000   0.375000000000000   0.500000000000000   0.500000000000000   0.750000000000000   0.750000000000000   0.875000000000000   0.875000000000000   1.000000000000000   1.000000000000000   1.000000000000000   
0.000000000000000   0.000000000000000   0.000000000000000   0.500000000000000   1.000000000000000   1.000000000000000   1.000000000000000   
0.004812310512879   0.004258180740771   0.003704050968662   0.003691740593437   0.003689569959401   0.003687399325366   0.003695368432519   0.003641022103017   0.003586675773514   0.003213981336878   0.003643917995127   0.003337936331824   0.003809552062880   0.005579047539973   0.005143974606768   0.004708901673563   0.004666871801122   0.004664829017525   0.004662786233927   0.004700730539173   0.004711544691850   0.004722358844527   0.004278900832632   0.004756539565560   0.004348409108901   0.004846469947964   0.007112521594161   0.006915562338762   0.006718603083363   0.006617134216492   0.006615347133772   0.006613560051051   0.006711454752482   0.006852589869517   0.006993724986552   0.006408739824138   0.006981782706428   0.006369354663054   0.006920305718130   0.007879258621255   0.007801356204759   0.007723453788263   0.007592265424177   0.007590606191895   0.007588946959613   0.007716816859136   0.007923112458350   0.008129408057565   0.007473659319892   0.008094404276862   0.007379827440130   0.007957223603214   
0.043797567078942   0.045471808229282   0.047146049379621   0.047038584542462   0.047048291774541   0.047057999006621   0.047184878307941   0.047634239921628   0.048083601535316   0.043315115517525   0.048249146465755   0.043438877204477   0.048306130248788   0.044051336862347   0.045365861085436   0.046680385308525   0.046424989450330   0.046438523296830   0.046452057143331   0.046734520694526   0.047343886998239   0.047953253301951   0.043415643205180   0.048116207225177   0.043540579454456   0.048179081844185   0.044558876429159   0.045153966797746   0.045749057166333   0.045197799266067   0.045218986341408   0.045240173416749   0.045833805467697   0.046763181151459   0.047692556835221   0.043616698580490   0.047850328744020   0.043743983954413   0.047924985034980   0.044812646212564   0.045048019653900   0.045283393095236   0.044584204173935   0.044609217863697   0.044634231553458   0.045383447854283   0.046472828228069   0.047562208601856   0.043717226268145   0.047717389503441   0.043845686204392   0.047797936630378   
1.000000000000000   1.000000000000000   1.000000000000000   0.997520300923262   0.997520300923262   0.997520300923262   1.000000000000000   1.000000000000000   1.000000000000000   0.899021009455321   1.000000000000000   0.899021009455321   1.000000000000000   1.000000000000000   1.000000000000000   1.000000000000000   0.994148762792784   0.994148762792784   0.994148762792784   1.000000000000000   1.000000000000000   1.000000000000000   0.903644693637839   1.000000000000000   0.903644693637839   1.000000000000000   1.000000000000000   1.000000000000000   1.000000000000000   0.987405686531828   0.987405686531828   0.987405686531828   1.000000000000000   1.000000000000000   1.000000000000000   0.912892062002873   1.000000000000000   0.912892062002873   1.000000000000000   1.000000000000000   1.000000000000000   1.000000000000000   0.984034148401349   0.984034148401349   0.984034148401349   1.000000000000000   1.000000000000000   1.000000000000000   0.917515746185390   1.000000000000000   0.917515746185390   1.000000000000000   
PATCH 23 
2 1 
13 2 
0.000000000000000   0.000000000000000   0.000000000000000   0.125000000000000   0.125000000000000   0.250000000000000   0.250000000000000   0.500000000000000   0.500000000000000   0.625000000000000   0.625000000000000   0.750000000000000   0.750000000000000   1.000000000000000   1.000000000000000   1.000000000000000   
0.000000000000000   0.000000000000000   1.000000000000000   1.000000000000000   
0.008682408883347   0.009214726804819   0.009603754858992   0.010146111030127   0.010647841868235   0.011663274723201   0.012693197282704   0.013226232147862   0.013770494800923   0.014325314366207   0.014874219136080   0.015932539210820   0.016972337704766   0.008769232972180   0.009306874072867   0.009842960902535   0.010379047732203   0.010913580290852   0.011982645408149   0.013045493441370   0.013576917457981   0.014106787203572   0.014636656949163   0.015164972423735   0.016221603372879   0.017272017237946   
0.049240387650610   0.049122375608591   0.048285922361200   0.048255747484357   0.048034033966406   0.047666014608328   0.047371657169547   0.047290180018830   0.047242143258296   0.047221362617227   0.047171578504451   0.046934145071258   0.046631114599202   0.049732791527117   0.049613599364677   0.049488606583825   0.049363613802972   0.049232820403708   0.048971233605179   0.048686444333000   0.048544049696911   0.048395854442409   0.048247659187908   0.048093663314994   0.047785671569166   0.047454477349688   
1.000000000000000   0.999524337261468   0.999167590207569   0.998810843153671   0.998573011784405   0.998097349045873   0.998097349045873   0.998097349045873   0.998216264730506   0.998335180415139   0.998573011784404   0.999048674522936   1.000000000000000   1.000000000000000   0.999524337261468   0.999167590207569   0.998810843153671   0.998573011784405   0.998097349045873   0.998097349045873   0.998097349045873   0.998216264730506   0.998335180415139   0.998573011784404   0.999048674522936   1.000000000000000   
PATCH 24 
2 1 
6 2 
0.000000000000000   0.000000000000000   0.000000000000000   0.250000000000000   0.500000000000000   0.750000000000000   1.000000000000000   1.000000000000000   1.000000000000000   
0.000000000000000   0.000000000000000   1.000000000000000   1.000000000000000   
0.016972337704766   0.018012217289919   0.020034198427251   0.021912935712625   0.023967365916919   0.024995070233225   0.017272017237946   0.018289568482936   0.020304367573183   0.022298863263696   0.024273055554476   0.025250000000000   
0.046631114599202   0.046319764478675   0.045532462595341   0.044433874213560   0.043685663074251   0.043292731582699   0.047454477349688   0.047032993823604   0.046146485990198   0.045216437375554   0.044242847979673   0.043734282891114   
1.000000000000000   0.999048674522936   0.998097349045873   0.998097349045873   0.999048674522936   1.000000000000000   1.000000000000000   0.999048674522936   0.998097349045873   0.998097349045873   0.999048674522936   1.000000000000000   
PATCH 25 
2 1 
6 2 
0.000000000000000   0.000000000000000   0.000000000000000   0.250000000000000   0.500000000000000   0.750000000000000   1.000000000000000   1.000000000000000   1.000000000000000   
0.000000000000000   0.000000000000000   1.000000000000000   1.000000000000000   
0.016972337704766   0.018012217289919   0.020034198427251   0.021912935712625   0.023967365916919   0.024995070233225   0.007879258621255   0.008892753461869   0.010919743143099   0.012946732824329   0.014973722505558   0.015987217346173   
0.046631114599202   0.046319764478675   0.045532462595341   0.044433874213560   0.043685663074251   0.043292731582699   0.044812646212564   0.041750484868375   0.035626162179997   0.029501839491618   0.023377516803239   0.020315355459050   
1.000000000000000   0.999048674522936   0.998097349045873   0.998097349045873   0.999048674522936   1.000000000000000   1.000000000000000   1.000000000000000   1.000000000000000   1.000000000000000   1.000000000000000   1.000000000000000   
PATCH 26 
2 1 
13 2 
0.000000000000000   0.000000000000000   0.000000000000000   0.250000000000000   0.250000000000000   0.375000000000000   0.375000000000000   0.500000000000000   0.500000000000000   0.750000000000000   0.750000000000000   0.875000000000000   0.875000000000000   1.000000000000000   1.000000000000000   1.000000000000000   
0.000000000000000   0.000000000000000   1.000000000000000   1.000000000000000   
0.024995070233225   0.026303987343195   0.027584164489888   0.028213045795170   0.028826903071280   0.029427992441918   0.030098089365684   0.031057605147430   0.031741544505119   0.032301360837813   0.032846300266030   0.033448206243300   0.034028758941573   0.015987217346173   0.016130204143879   0.016273190941586   0.016190974378492   0.016197517295588   0.016204060212684   0.016299362609970   0.016740676757633   0.017181990905295   0.015205871917070   0.015200302513420   0.015194733109770   0.017159713290694   
0.043292731582699   0.042424467097526   0.041518415240735   0.041048953579524   0.040560019223269   0.040055332073479   0.039644185717648   0.038340291548718   0.036756684830588   0.036237633821869   0.035703106635453   0.035231338920604   0.034734533032486   0.020315355459050   0.019883336836833   0.019451318214616   0.019333744364989   0.019320729218601   0.019307714072213   0.019399257629065   0.018770528915961   0.018141800202856   0.015963626274009   0.015899545242022   0.015835464210035   0.017885476074910   
1.000000000000000   0.998025407480557   0.997038111220835   0.996544463090974   0.996297639026044   0.996050814961113   0.996050814961113   0.996050814961113   0.997038111220835   0.997531759350696   0.998272231545487   0.999012703740278   1.000000000000000   1.000000000000000   1.000000000000000   1.000000000000000   0.994666458342816   0.994666458342816   0.994666458342816   1.000000000000000   1.000000000000000   1.000000000000000   0.882838186526424   0.882838186526424   0.882838186526424   1.000000000000000   
PATCH 27 
2 2 
6 4 
0.000000000000000   0.000000000000000   0.000000000000000   0.250000000000000   0.500000000000000   0.750000000000000   1.000000000000000   1.000000000000000   1.000000000000000   
0.000000000000000   0.000000000000000   0.000000000000000   0.500000000000000   1.000000000000000   1.000000000000000   1.000000000000000   
0.012920269237797   0.011906774397182   0.009879784715953   0.007852795034723   0.005825805353494   0.004812310512879   0.013687006264891   0.012673511424276   0.010646521743047   0.008619532061817   0.006592542380588   0.005579047539973   0.015220480319079   0.014206985478464   0.012179995797235   0.010153006116005   0.008126016434775   0.007112521594161   0.015987217346173   0.014973722505558   0.012946732824329   0.010919743143099   0.008892753461869   0.007879258621255   
0.019300276325428   0.022362437669617   0.028486760357995   0.034611083046374   0.040735405734753   0.043797567078942   0.019554046108833   0.022616207453023   0.028740530141401   0.034864852829780   0.040989175518158   0.044051336862347   0.020061585675645   0.023123747019834   0.029248069708212   0.035372392396591   0.041496715084969   0.044558876429159   0.020315355459050   0.023377516803239   0.029501839491618   0.035626162179997   0.041750484868375   0.044812646212564   
1.000000000000000   1.000000000000000   1.000000000000000   1.000000000000000   1.000000000000000   1.000000000000000   1.000000000000000   1.000000000000000   1.000000000000000   1.000000000000000   1.000000000000000   1.000000000000000   1.000000000000000   1.000000000000000   1.000000000000000   1.000000000000000   1.000000000000000   1.000000000000000   1.000000000000000   1.000000000000000   1.000000000000000   1.000000000000000   1.000000000000000   1.000000000000000   
PATCH 28 
2 2 
13 4 
0.000000000000000   0.000000000000000   0.000000000000000   0.250000000000000   0.250000000000000   0.375000000000000   0.375000000000000   0.500000000000000   0.500000000000000   0.750000000000000   0.750000000000000   0.875000000000000   0.875000000000000   1.000000000000000   1.000000000000000   1.000000000000000   
0.000000000000000   0.000000000000000   0.000000000000000   0.500000000000000   1.000000000000000   1.000000000000000   1.000000000000000   
0.012920269237797   0.013050685519497   0.013181101801196   0.013104563640005   0.013107095394331   0.013109627148657   0.013191228818501   0.013200988107941   0.013210747397382   0.010993746421708   0.013334655836421   0.011198891258336   0.013552166410147   0.013687006264891   0.013820565175592   0.013954124086294   0.013876166324627   0.013879700869645   0.013883235414664   0.013968262266368   0.014085910270364   0.014203558274360   0.012046777795549   0.013801067505671   0.012197851721195   0.014454053130284   0.015220480319079   0.015360324487784   0.015500168656489   0.015419371693870   0.015424911820274   0.015430451946678   0.015522329162103   0.015855754595210   0.016189180028317   0.014152840543230   0.014733890844170   0.014195772646911   0.016257826570557   0.015987217346173   0.016130204143879   0.016273190941586   0.016190974378492   0.016197517295588   0.016204060212684   0.016299362609970   0.016740676757633   0.017181990905295   0.015205871917070   0.015200302513420   0.015194733109770   0.017159713290694   
0.019300276325428   0.018906238111843   0.018512199898258   0.018382908428093   0.018367439927976   0.018351971427859   0.018450325897791   0.016434354131350   0.014418382364909   0.011887221112687   0.014234389930516   0.011802828499363   0.014277929194363   0.019554046108833   0.019150512793090   0.018746979477348   0.018620617412317   0.018605762250632   0.018590907088948   0.018687558830610   0.017018397827503   0.015349236824396   0.012906322403017   0.014650678758392   0.012810987427031   0.015179815914499   0.020061585675645   0.019639062155586   0.019216538635527   0.019096035380765   0.019082406895945   0.019068778411125   0.019162024696247   0.018186485219808   0.017210945743369   0.014944524983678   0.015483256414145   0.014827305282367   0.016983589354773   0.020315355459050   0.019883336836833   0.019451318214616   0.019333744364989   0.019320729218601   0.019307714072213   0.019399257629065   0.018770528915961   0.018141800202856   0.015963626274009   0.015899545242022   0.015835464210035   0.017885476074910   
1.000000000000000   1.000000000000000   1.000000000000000   0.993819696958596   0.993819696958596   0.993819696958596   1.000000000000000   1.000000000000000   1.000000000000000   0.832141374786360   1.000000000000000   0.832141374786360   1.000000000000000   1.000000000000000   1.000000000000000   1.000000000000000   0.994031387304651   0.994031387304651   0.994031387304651   1.000000000000000   1.000000000000000   1.000000000000000   0.844815577721376   0.970709546631606   0.844815577721376   1.000000000000000   1.000000000000000   1.000000000000000   1.000000000000000   0.994454767996761   0.994454767996761   0.994454767996761   1.000000000000000   1.000000000000000   1.000000000000000   0.870163983591408   0.912128639894818   0.870163983591408   1.000000000000000   1.000000000000000   1.000000000000000   1.000000000000000   0.994666458342816   0.994666458342816   0.994666458342816   1.000000000000000   1.000000000000000   1.000000000000000   0.882838186526424   0.882838186526424   0.882838186526424   1.000000000000000   
PATCH 29 
2 1 
13 2 
0.000000000000000   0.000000000000000   0.000000000000000   0.250000000000000   0.250000000000000   0.375000000000000   0.375000000000000   0.500000000000000   0.500000000000000   0.750000000000000   0.750000000000000   0.875000000000000   0.875000000000000   1.000000000000000   1.000000000000000   1.000000000000000   
0.000000000000000   0.000000000000000   1.000000000000000   1.000000000000000   
0.024995070233225   0.026303987343195   0.027584164489888   0.028213045795170   0.028826903071280   0.029427992441918   0.030098089365684   0.031057605147430   0.031741544505119   0.032301360837813   0.032846300266030   0.033448206243300   0.034028758941573   0.025250000000000   0.026178902508932   0.027094027156471   0.027551589480241   0.028005707338662   0.028459825197083   0.028910498590156   0.029811845376303   0.030699414301056   0.031143198763433   0.031583538760461   0.032023878757490   0.032460774289170   
0.043292731582699   0.042424467097526   0.041518415240735   0.041048953579524   0.040560019223269   0.040055332073479   0.039644185717648   0.038340291548718   0.036756684830588   0.036237633821869   0.035703106635453   0.035231338920604   0.034734533032486   0.043734282891114   0.043142506727484   0.042531053738569   0.042225327244111   0.041914681543332   0.041604035842553   0.041288470935453   0.040657341121252   0.040006534481766   0.039681131162023   0.039350808635958   0.039020486109894   0.038685244377508   
1.000000000000000   0.998025407480557   0.997038111220835   0.996544463090974   0.996297639026044   0.996050814961113   0.996050814961113   0.996050814961113   0.997038111220835   0.997531759350696   0.998272231545487   0.999012703740278   1.000000000000000   1.000000000000000   0.999048674522937   0.998573011784405   0.998335180415139   0.998216264730506   0.998097349045873   0.998097349045873   0.998097349045873   0.998573011784405   0.998810843153671   0.999167590207569   0.999524337261468   1.000000000000000   
PATCH 30 
2 1 
6 2 
0.000000000000000   0.000000000000000   0.000000000000000   0.250000000000000   0.500000000000000   0.750000000000000   1.000000000000000   1.000000000000000   1.000000000000000   
0.000000000000000   0.000000000000000   1.000000000000000   1.000000000000000   
0.012920269237797   0.011906774397182   0.009879784715953   0.007852795034723   0.005825805353494   0.004812310512879   0.000000000000000   0.000000000000000   0.000000000000000   0.000000000000000   0.000000000000000   0.000000000000000   
0.019300276325428   0.022362437669617   0.028486760357995   0.034611083046374   0.040735405734753   0.043797567078942   0.014550000000000   0.018205945884868   0.025517837654603   0.032829729424339   0.040141621194074   0.043797567078942   
1.000000000000000   1.000000000000000   1.000000000000000   1.000000000000000   1.000000000000000   1.000000000000000   1.000000000000000   1.000000000000000   1.000000000000000   1.000000000000000   1.000000000000000   1.000000000000000   
PATCH 31 
2 1 
13 2 
0.000000000000000   0.000000000000000   0.000000000000000   0.250000000000000   0.250000000000000   0.375000000000000   0.375000000000000   0.500000000000000   0.500000000000000   0.750000000000000   0.750000000000000   0.875000000000000   0.875000000000000   1.000000000000000   1.000000000000000   1.000000000000000   
0.000000000000000   0.000000000000000   1.000000000000000   1.000000000000000   
0.004812310512879   0.004258180740771   0.003704050968662   0.003691740593437   0.003689569959401   0.003687399325366   0.003695368432519   0.003641022103017   0.003586675773514   0.003213981336878   0.003643917995127   0.003337936331824   0.003809552062880   0.000000000000000   0.000000000000000   0.000000000000000   0.000000000000000   0.000000000000000   0.000000000000000   0.000000000000000   0.000000000000000   0.000000000000000   0.000000000000000   0.000000000000000   0.000000000000000   0.000000000000000   
0.043797567078942   0.045471808229282   0.047146049379621   0.047038584542462   0.047048291774541   0.047057999006621   0.047184878307941   0.047634239921628   0.048083601535316   0.043315115517525   0.048249146465755   0.043438877204477   0.048306130248788   0.043797567078942   0.044572871194074   0.045348175309206   0.045735827366772   0.046123479424339   0.046511131481905   0.046898783539471   0.047674087654603   0.048449391769735   0.048837043827302   0.049224695884868   0.049612347942434   0.050000000000000   
1.000000000000000   1.000000000000000   1.000000000000000   0.997520300923262   0.997520300923262   0.997520300923262   1.000000000000000   1.000000000000000   1.000000000000000   0.899021009455321   1.000000000000000   0.899021009455321   1.000000000000000   1.000000000000000   1.000000000000000   1.000000000000000   1.000000000000000   1.000000000000000   1.000000000000000   1.000000000000000   1.000000000000000   1.000000000000000   1.000000000000000   1.000000000000000   1.000000000000000   1.000000000000000   
PATCH 32 
2 1 
13 2 
0.000000000000000   0.000000000000000   0.000000000000000   0.250000000000000   0.250000000000000   0.375000000000000   0.375000000000000   0.500000000000000   0.500000000000000   0.750000000000000   0.750000000000000   0.875000000000000   0.875000000000000   1.000000000000000   1.000000000000000   1.000000000000000   
0.000000000000000   0.000000000000000   1.000000000000000   1.000000000000000   
0.000000000000000   0.001374746953697   0.002698512234483   0.003360394874876   0.004009532097040   0.004658669319205   0.005295061123142   0.006567844731016   0.007789646665977   0.008400547633458   0.008998703182711   0.009596858731964   0.010182268862989   0.012920269237797   0.013050685519497   0.013181101801196   0.013104563640005   0.013107095394331   0.013109627148657   0.013191228818501   0.013200988107941   0.013210747397382   0.010993746421708   0.013334655836421   0.011198891258336   0.013552166410147   
0.014550000000000   0.014280210953051   0.013885532348930   0.013688193046870   0.013459631355517   0.013231069664164   0.012971285583518   0.012451717422225   0.011807259703762   0.011485030844530   0.011131579596005   0.010778128347480   0.010393454709662   0.019300276325428   0.018906238111843   0.018512199898258   0.018382908428093   0.018367439927976   0.018351971427859   0.018450325897791   0.016434354131350   0.014418382364909   0.011887221112687   0.014234389930516   0.011802828499363   0.014277929194363   
1.000000000000000   0.981457797460550   0.972186696190825   0.967551145555962   0.965233370238531   0.962915594921099   0.962915594921099   0.962915594921099   0.972186696190824   0.976822246825687   0.983775572777981   0.990728898730275   1.000000000000000   1.000000000000000   1.000000000000000   1.000000000000000   0.993819696958596   0.993819696958596   0.993819696958596   1.000000000000000   1.000000000000000   1.000000000000000   0.832141374786360   1.000000000000000   0.832141374786360   1.000000000000000   
INTERFACE 1 
1 2 
5 1 
1 
INTERFACE 2 
1 3 
2 4 
1 
INTERFACE 3 
2 1 
13 2 
1 
INTERFACE 4 
2 2 
3 1 
1 
INTERFACE 5 
2 3 
4 2 
1 
INTERFACE 6 
3 2 
7 1 
-1 
INTERFACE 7 
3 3 
4 4 
-1 
INTERFACE 8 
3 4 
5 3 
1 
INTERFACE 9 
4 1 
9 2 
1 
INTERFACE 10 
4 3 
13 3 
1 
INTERFACE 11 
5 2 
6 1 
1 
INTERFACE 12 
6 2 
11 1 
1 
INTERFACE 13 
6 3 
7 3 
1 
INTERFACE 14 
7 2 
8 1 
1 
INTERFACE 15 
7 4 
9 4 
-1 
INTERFACE 16 
8 2 
15 1 
1 
INTERFACE 17 
8 3 
11 3 
1 
INTERFACE 18 
8 4 
10 4 
1 
INTERFACE 19 
9 1 
10 1 
1 
INTERFACE 20 
9 3 
12 3 
1 
INTERFACE 21 
10 2 
16 3 
1 
INTERFACE 22 
10 3 
14 4 
1 
INTERFACE 23 
11 2 
18 1 
1 
INTERFACE 24 
12 1 
14 1 
-1 
INTERFACE 25 
12 2 
13 1 
1 
INTERFACE 26 
14 2 
17 1 
-1 
INTERFACE 27 
15 2 
26 2 
1 
INTERFACE 28 
15 3 
18 3 
1 
INTERFACE 29 
15 4 
16 2 
1 
INTERFACE 30 
16 1 
17 3 
1 
INTERFACE 31 
16 4 
28 2 
1 
INTERFACE 32 
17 2 
32 2 
-1 
INTERFACE 33 
18 2 
29 2 
1 
INTERFACE 34 
19 2 
23 1 
1 
INTERFACE 35 
19 3 
20 4 
1 
INTERFACE 36 
20 1 
31 2 
1 
INTERFACE 37 
20 2 
21 1 
1 
INTERFACE 38 
20 3 
22 2 
1 
INTERFACE 39 
21 2 
25 1 
-1 
INTERFACE 40 
21 3 
22 4 
-1 
INTERFACE 41 
21 4 
23 3 
1 
INTERFACE 42 
22 1 
27 2 
1 
INTERFACE 43 
22 3 
31 3 
1 
INTERFACE 44 
23 2 
24 1 
1 
INTERFACE 45 
24 2 
29 1 
1 
INTERFACE 46 
24 3 
25 3 
1 
INTERFACE 47 
25 2 
26 1 
1 
INTERFACE 48 
25 4 
27 4 
-1 
INTERFACE 49 
26 3 
29 3 
1 
INTERFACE 50 
26 4 
28 4 
1 
INTERFACE 51 
27 1 
28 1 
1 
INTERFACE 52 
27 3 
30 3 
1 
INTERFACE 53 
28 3 
32 4 
1 
INTERFACE 54 
30 1 
32 1 
-1 
INTERFACE 55 
30 2 
31 1 
1 
BOUNDARY 1 
1 
1 1 
BOUNDARY 2 
1 
1 4 
BOUNDARY 3 
1 
5 4 
BOUNDARY 4 
1 
6 4 
BOUNDARY 5 
1 
11 4 
BOUNDARY 6 
1 
12 4 
BOUNDARY 7 
1 
13 4 
BOUNDARY 8 
1 
14 3 
BOUNDARY 9 
1 
17 4 
BOUNDARY 10 
1 
18 4 
BOUNDARY 11 
1 
19 1 
BOUNDARY 12 
1 
19 4 
BOUNDARY 13 
1 
23 4 
BOUNDARY 14 
1 
24 4 
BOUNDARY 15 
1 
29 4 
BOUNDARY 16 
1 
30 4 
BOUNDARY 17 
1 
31 4 
BOUNDARY 18 
1 
32 3 
