# nurbs mesh v.2.1
#
# 14-Jul-2024
#
2 2 32 55 0 
PATCH 1 
2 1 
4 2 
0.000000000000000   0.000000000000000   0.000000000000000   0.500000000000000   1.000000000000000   1.000000000000000   1.000000000000000   
0.000000000000000   0.000000000000000   1.000000000000000   1.000000000000000   
0.050000000000000   0.049904867452294   0.049525061277599   0.049240387650610   0.050500000000000   0.050403916126817   0.050020311890375   0.049732791527117   
0.000000000000000   0.002178893568691   0.006520098010365   0.008682408883347   0.000000000000000   0.002200682504378   0.006585298990468   0.008769232972180   
1.000000000000000   0.998097349045873   0.998097349045873   1.000000000000000   1.000000000000000   0.998097349045873   0.998097349045873   1.000000000000000   
PATCH 2 
2 1 
4 2 
0.000000000000000   0.000000000000000   0.000000000000000   0.500000000000000   1.000000000000000   1.000000000000000   1.000000000000000   
0.000000000000000   0.000000000000000   1.000000000000000   1.000000000000000   
0.048333718522899   0.048211613602745   0.047967403762438   0.047845298842285   0.050000000000000   0.049904867452294   0.049525061277599   0.049240387650610   
0.003402083460141   0.004509793691207   0.006725214153340   0.007832924384406   0.000000000000000   0.002178893568691   0.006520098010365   0.008682408883347   
1.000000000000000   1.000000000000000   1.000000000000000   1.000000000000000   1.000000000000000   0.998097349045873   0.998097349045873   1.000000000000000   
PATCH 3 
2 1 
13 2 
0.000000000000000   0.000000000000000   0.000000000000000   0.125000000000000   0.125000000000000   0.250000000000000   0.250000000000000   0.500000000000000   0.500000000000000   0.625000000000000   0.625000000000000   0.750000000000000   0.750000000000000   1.000000000000000   1.000000000000000   1.000000000000000   
0.000000000000000   0.000000000000000   1.000000000000000   1.000000000000000   
0.047845298842285   0.043411889923830   0.047758463925293   0.043272685954027   0.047592634998201   0.045561271543318   0.043529908088436   0.042766992853226   0.042741174029510   0.042715355205794   0.043426632793573   0.043205970607546   0.042985308421518   0.049240387650610   0.049122375608591   0.048469707926515   0.048527100062529   0.048282237166910   0.048034537649984   0.047849192034947   0.047712732654152   0.047609227758380   0.047535764638634   0.047443480027939   0.047185239916793   0.046884562886087   
0.007832924384406   0.007192113216648   0.007976735670601   0.007286157055558   0.008003619788316   0.007435497630239   0.006867375472162   0.006743984728875   0.006743686679120   0.006743388629365   0.006866183273142   0.006922438459966   0.006978693646790   0.008682408883347   0.009214726804819   0.009640308608607   0.010203164822265   0.010702861782490   0.011753447680013   0.012821152364246   0.013344412692898   0.013877495348554   0.014420692973354   0.014959955568313   0.016017777334707   0.017064585337117   
1.000000000000000   0.907531029614504   1.000000000000000   0.907531029614504   1.000000000000000   1.000000000000000   1.000000000000000   0.983045016232589   0.983045016232589   0.983045016232589   1.000000000000000   1.000000000000000   1.000000000000000   1.000000000000000   0.999524337261468   0.999167590207569   0.998810843153671   0.998573011784405   0.998097349045873   0.998097349045873   0.998097349045873   0.998216264730506   0.998335180415139   0.998573011784404   0.999048674522936   1.000000000000000   
PATCH 4 
2 2 
13 4 
0.000000000000000   0.000000000000000   0.000000000000000   0.250000000000000   0.250000000000000   0.375000000000000   0.375000000000000   0.500000000000000   0.500000000000000   0.750000000000000   0.750000000000000   0.875000000000000   0.875000000000000   1.000000000000000   1.000000000000000   1.000000000000000   
0.000000000000000   0.000000000000000   0.000000000000000   0.500000000000000   1.000000000000000   1.000000000000000   1.000000000000000   
0.042303146459610   0.044215778259948   0.046128410060286   0.046046191084689   0.046054941732185   0.046063692379681   0.046163412650271   0.047141965299048   0.048120517947826   0.043659236430144   0.048278984710588   0.043776957785660   0.048333718522899   0.042473686950087   0.043963326346848   0.045452965743608   0.045213482114965   0.045226499806516   0.045239517498067   0.045505036509812   0.046746791860116   0.047988547210419   0.043562598811115   0.048148854514264   0.043685690820202   0.048211613602745   0.042814767931041   0.043458422520646   0.044102077110251   0.043548064175518   0.043569615955179   0.043591167734840   0.044188284228894   0.045956444982251   0.047724605735607   0.043369323573056   0.047888594121617   0.043503156889287   0.047967403762438   0.042985308421518   0.043205970607546   0.043426632793573   0.042715355205794   0.042741174029510   0.042766992853226   0.043529908088436   0.045561271543318   0.047592634998201   0.043272685954027   0.047758463925293   0.043411889923830   0.047845298842285   
0.004302898609255   0.003815295992827   0.003327693376399   0.003318952412965   0.003317532574779   0.003316112736593   0.003322014023655   0.003251351633960   0.003180689244264   0.002874099733395   0.003241439417946   0.002996345309832   0.003402083460141   0.004971847368639   0.004592081609612   0.004212315850585   0.004175061467065   0.004174071100864   0.004173080734664   0.004208354385782   0.004297388133029   0.004386421880277   0.003977114063936   0.004425263481110   0.004045287286536   0.004509793691207   0.006309744887406   0.006145652843181   0.005981560798956   0.005887279575265   0.005887148153035   0.005887016730805   0.005981035110035   0.006389461131169   0.006797887152303   0.006183142725017   0.006792911607437   0.006143171239944   0.006725214153340   0.006978693646790   0.006922438459966   0.006866183273142   0.006743388629365   0.006743686679120   0.006743984728875   0.006867375472162   0.007435497630239   0.008003619788316   0.007286157055558   0.007976735670601   0.007192113216648   0.007832924384406   
1.000000000000000   1.000000000000000   1.000000000000000   0.998031380234324   0.998031380234324   0.998031380234324   1.000000000000000   1.000000000000000   1.000000000000000   0.905530581680065   1.000000000000000   0.905530581680065   1.000000000000000   1.000000000000000   1.000000000000000   1.000000000000000   0.994284789233890   0.994284789233890   0.994284789233890   1.000000000000000   1.000000000000000   1.000000000000000   0.906030693663674   1.000000000000000   0.906030693663674   1.000000000000000   1.000000000000000   1.000000000000000   1.000000000000000   0.986791607233023   0.986791607233023   0.986791607233023   1.000000000000000   1.000000000000000   1.000000000000000   0.907030917630894   1.000000000000000   0.907030917630894   1.000000000000000   1.000000000000000   1.000000000000000   1.000000000000000   0.983045016232589   0.983045016232589   0.983045016232589   1.000000000000000   1.000000000000000   1.000000000000000   0.907531029614504   1.000000000000000   0.907531029614504   1.000000000000000   
PATCH 5 
2 1 
13 2 
0.000000000000000   0.000000000000000   0.000000000000000   0.125000000000000   0.125000000000000   0.250000000000000   0.250000000000000   0.500000000000000   0.500000000000000   0.625000000000000   0.625000000000000   0.750000000000000   0.750000000000000   1.000000000000000   1.000000000000000   1.000000000000000   
0.000000000000000   0.000000000000000   1.000000000000000   1.000000000000000   
0.049240387650610   0.049122375608591   0.048469707926515   0.048527100062529   0.048282237166910   0.048034537649984   0.047849192034947   0.047712732654152   0.047609227758380   0.047535764638634   0.047443480027939   0.047185239916793   0.046884562886087   0.049732791527117   0.049613599364677   0.049488606583825   0.049363613802972   0.049232820403708   0.048971233605179   0.048686444333000   0.048544049696911   0.048395854442409   0.048247659187908   0.048093663314994   0.047785671569166   0.047454477349688   
0.008682408883347   0.009214726804819   0.009640308608607   0.010203164822265   0.010702861782490   0.011753447680013   0.012821152364246   0.013344412692898   0.013877495348554   0.014420692973354   0.014959955568313   0.016017777334707   0.017064585337117   0.008769232972180   0.009306874072867   0.009842960902535   0.010379047732203   0.010913580290852   0.011982645408149   0.013045493441370   0.013576917457981   0.014106787203572   0.014636656949163   0.015164972423735   0.016221603372879   0.017272017237946   
1.000000000000000   0.999524337261468   0.999167590207569   0.998810843153671   0.998573011784405   0.998097349045873   0.998097349045873   0.998097349045873   0.998216264730506   0.998335180415139   0.998573011784404   0.999048674522936   1.000000000000000   1.000000000000000   0.999524337261468   0.999167590207569   0.998810843153671   0.998573011784405   0.998097349045873   0.998097349045873   0.998097349045873   0.998216264730506   0.998335180415139   0.998573011784404   0.999048674522936   1.000000000000000   
PATCH 6 
2 1 
6 2 
0.000000000000000   0.000000000000000   0.000000000000000   0.250000000000000   0.500000000000000   0.750000000000000   1.000000000000000   1.000000000000000   1.000000000000000   
0.000000000000000   0.000000000000000   1.000000000000000   1.000000000000000   
0.046884562886087   0.046563588648899   0.045687926372376   0.044612332152043   0.043725222482907   0.043299560067134   0.047454477349688   0.047032993823604   0.046146485990198   0.045216437375554   0.044242847979673   0.043734282891114   
0.017064585337117   0.018107032407916   0.020102602198535   0.022000943733590   0.023989069486373   0.024999012660552   0.017272017237946   0.018289568482936   0.020304367573183   0.022298863263696   0.024273055554476   0.025250000000000   
1.000000000000000   0.999048674522936   0.998097349045873   0.998097349045873   0.999048674522936   1.000000000000000   1.000000000000000   0.999048674522936   0.998097349045873   0.998097349045873   0.999048674522936   1.000000000000000   
PATCH 7 
2 1 
6 2 
0.000000000000000   0.000000000000000   0.000000000000000   0.250000000000000   0.500000000000000   0.750000000000000   1.000000000000000   1.000000000000000   1.000000000000000   
0.000000000000000   0.000000000000000   1.000000000000000   1.000000000000000   
0.046884562886087   0.046563588648899   0.045687926372376   0.044612332152043   0.043725222482907   0.043299560067134   0.042985308421518   0.039823437934077   0.033499696959194   0.027175955984312   0.020852215009429   0.017690344521988   
0.017064585337117   0.018107032407916   0.020102602198535   0.022000943733590   0.023989069486373   0.024999012660552   0.006978693646790   0.007784774734749   0.009396936910669   0.011009099086588   0.012621261262507   0.013427342350467   
1.000000000000000   0.999048674522936   0.998097349045873   0.998097349045873   0.999048674522936   1.000000000000000   1.000000000000000   1.000000000000000   1.000000000000000   1.000000000000000   1.000000000000000   1.000000000000000   
PATCH 8 
2 1 
13 2 
0.000000000000000   0.000000000000000   0.000000000000000   0.250000000000000   0.250000000000000   0.375000000000000   0.375000000000000   0.500000000000000   0.500000000000000   0.750000000000000   0.750000000000000   0.875000000000000   0.875000000000000   1.000000000000000   1.000000000000000   1.000000000000000   
0.000000000000000   0.000000000000000   1.000000000000000   1.000000000000000   
0.043299560067134   0.042429036752401   0.041520095632366   0.041055455616752   0.040510720961187   0.040091376634322   0.039660343978415   0.038412600846215   0.036785594053680   0.036204039106994   0.035645191320038   0.035156045716613   0.034653724797152   0.017690344521988   0.017417601487159   0.017144858452329   0.016936770612600   0.016918106369279   0.016899442125959   0.017070201479046   0.016370622839479   0.015671044199912   0.013636421948040   0.013570050538681   0.013503679129321   0.015405558562474   
0.024999012660552   0.026308337652161   0.027588372249199   0.028221421810662   0.028796598255018   0.029460067707967   0.030116835156589   0.031124424297682   0.031776499703633   0.032282363588643   0.032804961455239   0.033389714398695   0.033963666499907   0.013427342350467   0.013496874927188   0.013566407503908   0.013422861766586   0.013432094688608   0.013441327610631   0.013603339191998   0.014156618804644   0.014709898417290   0.012890254125303   0.012886392078126   0.012882530030950   0.014694450228586   
1.000000000000000   0.998022156966045   0.997033235449068   0.996538774690580   0.996291544311335   0.996044313932091   0.996044313932091   0.996044313932091   0.997033235449068   0.997527696207557   0.998269387345290   0.999011078483023   1.000000000000000   1.000000000000000   1.000000000000000   1.000000000000000   0.989039854515838   0.989039854515838   0.989039854515838   1.000000000000000   1.000000000000000   1.000000000000000   0.873494330989235   0.873494330989235   0.873494330989235   1.000000000000000   
PATCH 9 
2 2 
6 4 
0.000000000000000   0.000000000000000   0.000000000000000   0.250000000000000   0.500000000000000   0.750000000000000   1.000000000000000   1.000000000000000   1.000000000000000   
0.000000000000000   0.000000000000000   0.000000000000000   0.500000000000000   1.000000000000000   1.000000000000000   1.000000000000000   
0.017008182560080   0.020170053047521   0.026493794022404   0.032817534997286   0.039141275972169   0.042303146459610   0.017178723050557   0.020340593537998   0.026664334512881   0.032988075487763   0.039311816462646   0.042473686950087   0.017519804031511   0.020681674518952   0.027005415493835   0.033329156468717   0.039652897443600   0.042814767931041   0.017690344521988   0.020852215009429   0.027175955984312   0.033499696959194   0.039823437934077   0.042985308421518   
0.010751547312932   0.009945466224973   0.008333304049054   0.006721141873134   0.005108979697215   0.004302898609255   0.011420496072316   0.010614414984356   0.009002252808437   0.007390090632518   0.005777928456599   0.004971847368639   0.012758393591083   0.011952312503124   0.010340150327204   0.008727988151285   0.007115825975366   0.006309744887406   0.013427342350467   0.012621261262507   0.011009099086588   0.009396936910669   0.007784774734749   0.006978693646790   
1.000000000000000   1.000000000000000   1.000000000000000   1.000000000000000   1.000000000000000   1.000000000000000   1.000000000000000   1.000000000000000   1.000000000000000   1.000000000000000   1.000000000000000   1.000000000000000   1.000000000000000   1.000000000000000   1.000000000000000   1.000000000000000   1.000000000000000   1.000000000000000   1.000000000000000   1.000000000000000   1.000000000000000   1.000000000000000   1.000000000000000   1.000000000000000   
PATCH 10 
2 2 
13 4 
0.000000000000000   0.000000000000000   0.000000000000000   0.250000000000000   0.250000000000000   0.375000000000000   0.375000000000000   0.500000000000000   0.500000000000000   0.750000000000000   0.750000000000000   0.875000000000000   0.875000000000000   1.000000000000000   1.000000000000000   1.000000000000000   
0.000000000000000   0.000000000000000   0.000000000000000   0.500000000000000   1.000000000000000   1.000000000000000   1.000000000000000   
0.017008182560080   0.016421447375824   0.015834712191568   0.015822332328882   0.015818026461920   0.015813720594958   0.015817488723722   0.014470576785870   0.013123664848018   0.011399880532535   0.012995242457512   0.011357171937999   0.013048874267545   0.017178723050557   0.016670485903658   0.016162248756759   0.016100941899811   0.016093046438760   0.016085150977708   0.016130666912553   0.014945588299272   0.013760509685992   0.011959015886411   0.013138944477804   0.011893798735830   0.013638045341277   0.017519804031511   0.017168562959325   0.016817321887139   0.016658161041670   0.016643086392440   0.016628011743209   0.016757023290215   0.015895611326077   0.015034199361939   0.013077286594164   0.013426348518389   0.012967052331491   0.014816387488742   0.017690344521988   0.017417601487159   0.017144858452329   0.016936770612600   0.016918106369279   0.016899442125959   0.017070201479046   0.016370622839479   0.015671044199912   0.013636421948040   0.013570050538681   0.013503679129321   0.015405558562474   
0.010751547312932   0.010901128435103   0.011050709557273   0.011046224484197   0.011047531168998   0.011048837853800   0.011055936296480   0.011531853190037   0.012007770083594   0.010546089763112   0.012152137538070   0.010734531393990   0.012337765933656   0.011420496072316   0.011550065058124   0.011679634043932   0.011640383804794   0.011643672048901   0.011646960293008   0.011692787020359   0.012188044593689   0.012683302167018   0.011132130853660   0.012335701173084   0.011271531053230   0.012926937007388   0.012758393591083   0.012847938304166   0.012937483017250   0.012828702445989   0.012835953808706   0.012843205171423   0.012966488468118   0.013500427400992   0.014034366333866   0.012304213034755   0.012702828443112   0.012345530371710   0.014105279154853   0.013427342350467   0.013496874927188   0.013566407503908   0.013422861766586   0.013432094688608   0.013441327610631   0.013603339191998   0.014156618804644   0.014709898417290   0.012890254125303   0.012886392078126   0.012882530030950   0.014694450228586   
1.000000000000000   1.000000000000000   1.000000000000000   0.999493545617423   0.999493545617423   0.999493545617423   1.000000000000000   1.000000000000000   1.000000000000000   0.875591684608364   1.000000000000000   0.875591684608364   1.000000000000000   1.000000000000000   1.000000000000000   1.000000000000000   0.996880122842027   0.996880122842027   0.996880122842027   1.000000000000000   1.000000000000000   1.000000000000000   0.875067346203582   0.968373582747309   0.875067346203582   1.000000000000000   1.000000000000000   1.000000000000000   1.000000000000000   0.991653277291234   0.991653277291234   0.991653277291234   1.000000000000000   1.000000000000000   1.000000000000000   0.874018669394017   0.905120748241926   0.874018669394017   1.000000000000000   1.000000000000000   1.000000000000000   1.000000000000000   0.989039854515838   0.989039854515838   0.989039854515838   1.000000000000000   1.000000000000000   1.000000000000000   0.873494330989235   0.873494330989235   0.873494330989235   1.000000000000000   
PATCH 11 
2 1 
13 2 
0.000000000000000   0.000000000000000   0.000000000000000   0.250000000000000   0.250000000000000   0.375000000000000   0.375000000000000   0.500000000000000   0.500000000000000   0.750000000000000   0.750000000000000   0.875000000000000   0.875000000000000   1.000000000000000   1.000000000000000   1.000000000000000   
0.000000000000000   0.000000000000000   1.000000000000000   1.000000000000000   
0.043299560067134   0.042429036752401   0.041520095632366   0.041055455616752   0.040510720961187   0.040091376634322   0.039660343978415   0.038412600846215   0.036785594053680   0.036204039106994   0.035645191320038   0.035156045716613   0.034653724797152   0.043734282891114   0.043142506727484   0.042531053738569   0.042225327244111   0.041914681543332   0.041604035842553   0.041288470935453   0.040657341121252   0.040006534481766   0.039681131162023   0.039350808635958   0.039020486109894   0.038685244377508   
0.024999012660552   0.026308337652161   0.027588372249199   0.028221421810662   0.028796598255018   0.029460067707967   0.030116835156589   0.031124424297682   0.031776499703633   0.032282363588643   0.032804961455239   0.033389714398695   0.033963666499907   0.025250000000000   0.026178902508932   0.027094027156471   0.027551589480241   0.028005707338662   0.028459825197083   0.028910498590156   0.029811845376303   0.030699414301056   0.031143198763433   0.031583538760461   0.032023878757490   0.032460774289170   
1.000000000000000   0.998022156966045   0.997033235449068   0.996538774690580   0.996291544311335   0.996044313932091   0.996044313932091   0.996044313932091   0.997033235449068   0.997527696207557   0.998269387345290   0.999011078483023   1.000000000000000   1.000000000000000   0.999048674522937   0.998573011784405   0.998335180415139   0.998216264730506   0.998097349045873   0.998097349045873   0.998097349045873   0.998573011784405   0.998810843153671   0.999167590207569   0.999524337261468   1.000000000000000   
PATCH 12 
2 1 
6 2 
0.000000000000000   0.000000000000000   0.000000000000000   0.250000000000000   0.500000000000000   0.750000000000000   1.000000000000000   1.000000000000000   1.000000000000000   
0.000000000000000   0.000000000000000   1.000000000000000   1.000000000000000   
0.017008182560080   0.020170053047521   0.026493794022404   0.032817534997286   0.039141275972169   0.042303146459610   0.014550000000000   0.018019143307451   0.024957429922354   0.031895716537256   0.038834003152159   0.042303146459610   
0.010751547312932   0.009945466224973   0.008333304049054   0.006721141873134   0.005108979697215   0.004302898609255   0.000000000000000   0.000000000000000   0.000000000000000   0.000000000000000   0.000000000000000   0.000000000000000   
1.000000000000000   1.000000000000000   1.000000000000000   1.000000000000000   1.000000000000000   1.000000000000000   1.000000000000000   1.000000000000000   1.000000000000000   1.000000000000000   1.000000000000000   1.000000000000000   
PATCH 13 
2 1 
13 2 
0.000000000000000   0.000000000000000   0.000000000000000   0.250000000000000   0.250000000000000   0.375000000000000   0.375000000000000   0.500000000000000   0.500000000000000   0.750000000000000   0.750000000000000   0.875000000000000   0.875000000000000   1.000000000000000   1.000000000000000   1.000000000000000   
0.000000000000000   0.000000000000000   1.000000000000000   1.000000000000000   
0.042303146459610   0.044215778259948   0.046128410060286   0.046046191084689   0.046054941732185   0.046063692379681   0.046163412650271   0.047141965299048   0.048120517947826   0.043659236430144   0.048278984710588   0.043776957785660   0.048333718522899   0.042303146459610   0.043265253152159   0.044227359844707   0.044708413190982   0.045189466537256   0.045670519883531   0.046151573229805   0.047113679922354   0.048075786614903   0.048556839961177   0.049037893307451   0.049518946653726   0.050000000000000   
0.004302898609255   0.003815295992827   0.003327693376399   0.003318952412965   0.003317532574779   0.003316112736593   0.003322014023655   0.003251351633960   0.003180689244264   0.002874099733395   0.003241439417946   0.002996345309832   0.003402083460141   0.000000000000000   0.000000000000000   0.000000000000000   0.000000000000000   0.000000000000000   0.000000000000000   0.000000000000000   0.000000000000000   0.000000000000000   0.000000000000000   0.000000000000000   0.000000000000000   0.000000000000000   
1.000000000000000   1.000000000000000   1.000000000000000   0.998031380234324   0.998031380234324   0.998031380234324   1.000000000000000   1.000000000000000   1.000000000000000   0.905530581680065   1.000000000000000   0.905530581680065   1.000000000000000   1.000000000000000   1.000000000000000   1.000000000000000   1.000000000000000   1.000000000000000   1.000000000000000   1.000000000000000   1.000000000000000   1.000000000000000   1.000000000000000   1.000000000000000   1.000000000000000   1.000000000000000   
PATCH 14 
2 1 
13 2 
0.000000000000000   0.000000000000000   0.000000000000000   0.250000000000000   0.250000000000000   0.375000000000000   0.375000000000000   0.500000000000000   0.500000000000000   0.750000000000000   0.750000000000000   0.875000000000000   0.875000000000000   1.000000000000000   1.000000000000000   1.000000000000000   
0.000000000000000   0.000000000000000   1.000000000000000   1.000000000000000   
0.014550000000000   0.014280068494809   0.013885186772073   0.013687745910705   0.013459067494950   0.013230389079196   0.012970473109056   0.012450641168775   0.011805859010949   0.011483467932037   0.011129839298737   0.010776210665438   0.010391344477753   0.017008182560080   0.016421447375824   0.015834712191568   0.015822332328882   0.015818026461920   0.015813720594958   0.015817488723722   0.014470576785870   0.013123664848018   0.011399880532535   0.012995242457512   0.011357171937999   0.013048874267545   
0.000000000000000   0.001375095881301   0.002699170222943   0.003361207393764   0.004010489179670   0.004659770965576   0.005296297366567   0.006569350168550   0.007791381430873   0.008402397062034   0.009000657308281   0.009598917554528   0.010184422415860   0.010751547312932   0.010901128435103   0.011050709557273   0.011046224484197   0.011047531168998   0.011048837853800   0.011055936296480   0.011531853190037   0.012007770083594   0.010546089763112   0.012152137538070   0.010734531393990   0.012337765933656   
1.000000000000000   0.981448006516065   0.972172009774098   0.967534011403114   0.965215012217622   0.962896013032130   0.962896013032130   0.962896013032130   0.972172009774098   0.976810008145081   0.983767005701557   0.990724003258032   1.000000000000000   1.000000000000000   1.000000000000000   1.000000000000000   0.999493545617423   0.999493545617423   0.999493545617423   1.000000000000000   1.000000000000000   1.000000000000000   0.875591684608364   1.000000000000000   0.875591684608364   1.000000000000000   
PATCH 15 
2 1 
4 2 
0.000000000000000   0.000000000000000   0.000000000000000   0.500000000000000   1.000000000000000   1.000000000000000   1.000000000000000   
0.000000000000000   0.000000000000000   1.000000000000000   1.000000000000000   
0.034653724797152   0.034487924472956   0.034142836824702   0.033963666499907   0.015405558562474   0.015227781479002   0.014872227312058   0.014694450228586   
0.033963666499907   0.034142836824702   0.034487924472956   0.034653724797152   0.014694450228586   0.014872227312058   0.015227781479002   0.015405558562474   
1.000000000000000   0.999974718164517   0.999974718164517   1.000000000000000   1.000000000000000   1.000000000000000   1.000000000000000   1.000000000000000   
PATCH 16 
2 2 
4 4 
0.000000000000000   0.000000000000000   0.000000000000000   0.500000000000000   1.000000000000000   1.000000000000000   1.000000000000000   
0.000000000000000   0.000000000000000   0.000000000000000   0.500000000000000   1.000000000000000   1.000000000000000   1.000000000000000   
0.013048874267545   0.013638045341277   0.014816387488742   0.015405558562474   0.012871097184072   0.013460268257805   0.014638610405270   0.015227781479002   0.012515543017128   0.013104714090861   0.014283056238325   0.014872227312058   0.012337765933656   0.012926937007388   0.014105279154853   0.014694450228586   
0.012337765933656   0.012926937007388   0.014105279154853   0.014694450228586   0.012515543017128   0.013104714090861   0.014283056238325   0.014872227312058   0.012871097184072   0.013460268257805   0.014638610405270   0.015227781479002   0.013048874267545   0.013638045341277   0.014816387488742   0.015405558562474   
1.000000000000000   1.000000000000000   1.000000000000000   1.000000000000000   1.000000000000000   1.000000000000000   1.000000000000000   1.000000000000000   1.000000000000000   1.000000000000000   1.000000000000000   1.000000000000000   1.000000000000000   1.000000000000000   1.000000000000000   1.000000000000000   
PATCH 17 
2 1 
4 2 
0.000000000000000   0.000000000000000   0.000000000000000   0.500000000000000   1.000000000000000   1.000000000000000   1.000000000000000   
0.000000000000000   0.000000000000000   1.000000000000000   1.000000000000000   
0.013048874267545   0.012871097184072   0.012515543017128   0.012337765933656   0.010391344477753   0.010339874072009   0.010236413041062   0.010184422415860   
0.012337765933656   0.012515543017128   0.012871097184072   0.013048874267545   0.010184422415860   0.010236413041062   0.010339874072009   0.010391344477753   
1.000000000000000   1.000000000000000   1.000000000000000   1.000000000000000   1.000000000000000   0.999974718164517   0.999974718164517   1.000000000000000   
PATCH 18 
2 1 
4 2 
0.000000000000000   0.000000000000000   0.000000000000000   0.500000000000000   1.000000000000000   1.000000000000000   1.000000000000000   
0.000000000000000   0.000000000000000   1.000000000000000   1.000000000000000   
0.034653724797152   0.034487924472956   0.034142836824702   0.033963666499907   0.038685244377508   0.037197068413715   0.034084833369545   0.032460774289170   
0.033963666499907   0.034142836824702   0.034487924472956   0.034653724797152   0.032460774289170   0.034084833369545   0.037197068413715   0.038685244377508   
1.000000000000000   0.999974718164517   0.999974718164517   1.000000000000000   1.000000000000000   0.998097349045873   0.998097349045873   1.000000000000000   
PATCH 19 
2 1 
4 2 
0.000000000000000   0.000000000000000   0.000000000000000   0.500000000000000   1.000000000000000   1.000000000000000   1.000000000000000   
0.000000000000000   0.000000000000000   1.000000000000000   1.000000000000000   
0.000000000000000   0.002178893568691   0.006520098010365   0.008682408883347   0.000000000000000   0.002200682504378   0.006585298990468   0.008769232972180   
0.050000000000000   0.049904867452294   0.049525061277599   0.049240387650610   0.050500000000000   0.050403916126817   0.050020311890375   0.049732791527117   
1.000000000000000   0.998097349045873   0.998097349045873   1.000000000000000   1.000000000000000   0.998097349045873   0.998097349045873   1.000000000000000   
PATCH 20 
2 1 
4 2 
0.000000000000000   0.000000000000000   0.000000000000000   0.500000000000000   1.000000000000000   1.000000000000000   1.000000000000000   
0.000000000000000   0.000000000000000   1.000000000000000   1.000000000000000   
0.003402083460141   0.004509793691207   0.006725214153340   0.007832924384406   0.000000000000000   0.002178893568691   0.006520098010365   0.008682408883347   
0.048333718522899   0.048211613602745   0.047967403762438   0.047845298842285   0.050000000000000   0.049904867452294   0.049525061277599   0.049240387650610   
1.000000000000000   1.000000000000000   1.000000000000000   1.000000000000000   1.000000000000000   0.998097349045873   0.998097349045873   1.000000000000000   
PATCH 21 
2 1 
13 2 
0.000000000000000   0.000000000000000   0.000000000000000   0.125000000000000   0.125000000000000   0.250000000000000   0.250000000000000   0.500000000000000   0.500000000000000   0.625000000000000   0.625000000000000   0.750000000000000   0.750000000000000   1.000000000000000   1.000000000000000   1.000000000000000   
0.000000000000000   0.000000000000000   1.000000000000000   1.000000000000000   
0.007832924384406   0.007192113216648   0.007976735670601   0.007286157055558   0.008003619788316   0.007435497630239   0.006867375472162   0.006743984728875   0.006743686679120   0.006743388629365   0.006866183273142   0.006922438459966   0.006978693646790   0.008682408883347   0.009214726804819   0.009640308608607   0.010203164822265   0.010702861782490   0.011753447680013   0.012821152364246   0.013344412692898   0.013877495348554   0.014420692973354   0.014959955568313   0.016017777334707   0.017064585337117   
0.047845298842285   0.043411889923830   0.047758463925293   0.043272685954027   0.047592634998201   0.045561271543318   0.043529908088436   0.042766992853226   0.042741174029510   0.042715355205794   0.043426632793573   0.043205970607546   0.042985308421518   0.049240387650610   0.049122375608591   0.048469707926515   0.048527100062529   0.048282237166910   0.048034537649984   0.047849192034947   0.047712732654152   0.047609227758380   0.047535764638634   0.047443480027939   0.047185239916793   0.046884562886087   
1.000000000000000   0.907531029614504   1.000000000000000   0.907531029614504   1.000000000000000   1.000000000000000   1.000000000000000   0.983045016232589   0.983045016232589   0.983045016232589   1.000000000000000   1.000000000000000   1.000000000000000   1.000000000000000   0.999524337261468   0.999167590207569   0.998810843153671   0.998573011784405   0.998097349045873   0.998097349045873   0.998097349045873   0.998216264730506   0.998335180415139   0.998573011784404   0.999048674522936   1.000000000000000   
PATCH 22 
2 2 
13 4 
0.000000000000000   0.000000000000000   0.000000000000000   0.250000000000000   0.250000000000000   0.375000000000000   0.375000000000000   0.500000000000000   0.500000000000000   0.750000000000000   0.750000000000000   0.875000000000000   0.875000000000000   1.000000000000000   1.000000000000000   1.000000000000000   
0.000000000000000   0.000000000000000   0.000000000000000   0.500000000000000   1.000000000000000   1.000000000000000   1.000000000000000   
0.004302898609255   0.003815295992827   0.003327693376399   0.003318952412965   0.003317532574779   0.003316112736593   0.003322014023655   0.003251351633960   0.003180689244264   0.002874099733395   0.003241439417946   0.002996345309832   0.003402083460141   0.004971847368639   0.004592081609612   0.004212315850585   0.004175061467065   0.004174071100864   0.004173080734664   0.004208354385782   0.004297388133029   0.004386421880277   0.003977114063936   0.004425263481110   0.004045287286536   0.004509793691207   0.006309744887406   0.006145652843181   0.005981560798956   0.005887279575265   0.005887148153035   0.005887016730805   0.005981035110035   0.006389461131169   0.006797887152303   0.006183142725017   0.006792911607437   0.006143171239944   0.006725214153340   0.006978693646790   0.006922438459966   0.006866183273142   0.006743388629365   0.006743686679120   0.006743984728875   0.006867375472162   0.007435497630239   0.008003619788316   0.007286157055558   0.007976735670601   0.007192113216648   0.007832924384406   
0.042303146459610   0.044215778259948   0.046128410060286   0.046046191084689   0.046054941732185   0.046063692379681   0.046163412650271   0.047141965299048   0.048120517947826   0.043659236430144   0.048278984710588   0.043776957785660   0.048333718522899   0.042473686950087   0.043963326346848   0.045452965743608   0.045213482114965   0.045226499806516   0.045239517498067   0.045505036509812   0.046746791860116   0.047988547210419   0.043562598811115   0.048148854514264   0.043685690820202   0.048211613602745   0.042814767931041   0.043458422520646   0.044102077110251   0.043548064175518   0.043569615955179   0.043591167734840   0.044188284228894   0.045956444982251   0.047724605735607   0.043369323573056   0.047888594121617   0.043503156889287   0.047967403762438   0.042985308421518   0.043205970607546   0.043426632793573   0.042715355205794   0.042741174029510   0.042766992853226   0.043529908088436   0.045561271543318   0.047592634998201   0.043272685954027   0.047758463925293   0.043411889923830   0.047845298842285   
1.000000000000000   1.000000000000000   1.000000000000000   0.998031380234324   0.998031380234324   0.998031380234324   1.000000000000000   1.000000000000000   1.000000000000000   0.905530581680065   1.000000000000000   0.905530581680065   1.000000000000000   1.000000000000000   1.000000000000000   1.000000000000000   0.994284789233890   0.994284789233890   0.994284789233890   1.000000000000000   1.000000000000000   1.000000000000000   0.906030693663674   1.000000000000000   0.906030693663674   1.000000000000000   1.000000000000000   1.000000000000000   1.000000000000000   0.986791607233023   0.986791607233023   0.986791607233023   1.000000000000000   1.000000000000000   1.000000000000000   0.907030917630894   1.000000000000000   0.907030917630894   1.000000000000000   1.000000000000000   1.000000000000000   1.000000000000000   0.983045016232589   0.983045016232589   0.983045016232589   1.000000000000000   1.000000000000000   1.000000000000000   0.907531029614504   1.000000000000000   0.907531029614504   1.000000000000000   
PATCH 23 
2 1 
13 2 
0.000000000000000   0.000000000000000   0.000000000000000   0.125000000000000   0.125000000000000   0.250000000000000   0.250000000000000   0.500000000000000   0.500000000000000   0.625000000000000   0.625000000000000   0.750000000000000   0.750000000000000   1.000000000000000   1.000000000000000   1.000000000000000   
0.000000000000000   0.000000000000000   1.000000000000000   1.000000000000000   
0.008682408883347   0.009214726804819   0.009640308608607   0.010203164822265   0.010702861782490   0.011753447680013   0.012821152364246   0.013344412692898   0.013877495348554   0.014420692973354   0.014959955568313   0.016017777334707   0.017064585337117   0.008769232972180   0.009306874072867   0.009842960902535   0.010379047732203   0.010913580290852   0.011982645408149   0.013045493441370   0.013576917457981   0.014106787203572   0.014636656949163   0.015164972423735   0.016221603372879   0.017272017237946   
0.049240387650610   0.049122375608591   0.048469707926515   0.048527100062529   0.048282237166910   0.048034537649984   0.047849192034947   0.047712732654152   0.047609227758380   0.047535764638634   0.047443480027939   0.047185239916793   0.046884562886087   0.049732791527117   0.049613599364677   0.049488606583825   0.049363613802972   0.049232820403708   0.048971233605179   0.048686444333000   0.048544049696911   0.048395854442409   0.048247659187908   0.048093663314994   0.047785671569166   0.047454477349688   
1.000000000000000   0.999524337261468   0.999167590207569   0.998810843153671   0.998573011784405   0.998097349045873   0.998097349045873   0.998097349045873   0.998216264730506   0.998335180415139   0.998573011784404   0.999048674522936   1.000000000000000   1.000000000000000   0.999524337261468   0.999167590207569   0.998810843153671   0.998573011784405   0.998097349045873   0.998097349045873   0.998097349045873   0.998216264730506   0.998335180415139   0.998573011784404   0.999048674522936   1.000000000000000   
PATCH 24 
2 1 
6 2 
0.000000000000000   0.000000000000000   0.000000000000000   0.250000000000000   0.500000000000000   0.750000000000000   1.000000000000000   1.000000000000000   1.000000000000000   
0.000000000000000   0.000000000000000   1.000000000000000   1.000000000000000   
0.017064585337117   0.018107032407916   0.020102602198535   0.022000943733590   0.023989069486373   0.024999012660552   0.017272017237946   0.018289568482936   0.020304367573183   0.022298863263696   0.024273055554476   0.025250000000000   
0.046884562886087   0.046563588648899   0.045687926372376   0.044612332152043   0.043725222482907   0.043299560067134   0.047454477349688   0.047032993823604   0.046146485990198   0.045216437375554   0.044242847979673   0.043734282891114   
1.000000000000000   0.999048674522936   0.998097349045873   0.998097349045873   0.999048674522936   1.000000000000000   1.000000000000000   0.999048674522936   0.998097349045873   0.998097349045873   0.999048674522936   1.000000000000000   
PATCH 25 
2 1 
6 2 
0.000000000000000   0.000000000000000   0.000000000000000   0.250000000000000   0.500000000000000   0.750000000000000   1.000000000000000   1.000000000000000   1.000000000000000   
0.000000000000000   0.000000000000000   1.000000000000000   1.000000000000000   
0.017064585337117   0.018107032407916   0.020102602198535   0.022000943733590   0.023989069486373   0.024999012660552   0.006978693646790   0.007784774734749   0.009396936910669   0.011009099086588   0.012621261262507   0.013427342350467   
0.046884562886087   0.046563588648899   0.045687926372376   0.044612332152043   0.043725222482907   0.043299560067134   0.042985308421518   0.039823437934077   0.033499696959194   0.027175955984312   0.020852215009429   0.017690344521988   
1.000000000000000   0.999048674522936   0.998097349045873   0.998097349045873   0.999048674522936   1.000000000000000   1.000000000000000   1.000000000000000   1.000000000000000   1.000000000000000   1.000000000000000   1.000000000000000   
PATCH 26 
2 1 
13 2 
0.000000000000000   0.000000000000000   0.000000000000000   0.250000000000000   0.250000000000000   0.375000000000000   0.375000000000000   0.500000000000000   0.500000000000000   0.750000000000000   0.750000000000000   0.875000000000000   0.875000000000000   1.000000000000000   1.000000000000000   1.000000000000000   
0.000000000000000   0.000000000000000   1.000000000000000   1.000000000000000   
0.024999012660552   0.026308337652161   0.027588372249199   0.028221421810662   0.028796598255018   0.029460067707967   0.030116835156589   0.031124424297682   0.031776499703633   0.032282363588643   0.032804961455239   0.033389714398695   0.033963666499907   0.013427342350467   0.013496874927188   0.013566407503908   0.013422861766586   0.013432094688608   0.013441327610631   0.013603339191998   0.014156618804644   0.014709898417290   0.012890254125303   0.012886392078126   0.012882530030950   0.014694450228586   
0.043299560067134   0.042429036752401   0.041520095632366   0.041055455616752   0.040510720961187   0.040091376634322   0.039660343978415   0.038412600846215   0.036785594053680   0.036204039106994   0.035645191320038   0.035156045716613   0.034653724797152   0.017690344521988   0.017417601487159   0.017144858452329   0.016936770612600   0.016918106369279   0.016899442125959   0.017070201479046   0.016370622839479   0.015671044199912   0.013636421948040   0.013570050538681   0.013503679129321   0.015405558562474   
1.000000000000000   0.998022156966045   0.997033235449068   0.996538774690580   0.996291544311335   0.996044313932091   0.996044313932091   0.996044313932091   0.997033235449068   0.997527696207557   0.998269387345290   0.999011078483023   1.000000000000000   1.000000000000000   1.000000000000000   1.000000000000000   0.989039854515838   0.989039854515838   0.989039854515838   1.000000000000000   1.000000000000000   1.000000000000000   0.873494330989235   0.873494330989235   0.873494330989235   1.000000000000000   
PATCH 27 
2 2 
6 4 
0.000000000000000   0.000000000000000   0.000000000000000   0.250000000000000   0.500000000000000   0.750000000000000   1.000000000000000   1.000000000000000   1.000000000000000   
0.000000000000000   0.000000000000000   0.000000000000000   0.500000000000000   1.000000000000000   1.000000000000000   1.000000000000000   
0.010751547312932   0.009945466224973   0.008333304049054   0.006721141873134   0.005108979697215   0.004302898609255   0.011420496072316   0.010614414984356   0.009002252808437   0.007390090632518   0.005777928456599   0.004971847368639   0.012758393591083   0.011952312503124   0.010340150327204   0.008727988151285   0.007115825975366   0.006309744887406   0.013427342350467   0.012621261262507   0.011009099086588   0.009396936910669   0.007784774734749   0.006978693646790   
0.017008182560080   0.020170053047521   0.026493794022404   0.032817534997286   0.039141275972169   0.042303146459610   0.017178723050557   0.020340593537998   0.026664334512881   0.032988075487763   0.039311816462646   0.042473686950087   0.017519804031511   0.020681674518952   0.027005415493835   0.033329156468717   0.039652897443600   0.042814767931041   0.017690344521988   0.020852215009429   0.027175955984312   0.033499696959194   0.039823437934077   0.042985308421518   
1.000000000000000   1.000000000000000   1.000000000000000   1.000000000000000   1.000000000000000   1.000000000000000   1.000000000000000   1.000000000000000   1.000000000000000   1.000000000000000   1.000000000000000   1.000000000000000   1.000000000000000   1.000000000000000   1.000000000000000   1.000000000000000   1.000000000000000   1.000000000000000   1.000000000000000   1.000000000000000   1.000000000000000   1.000000000000000   1.000000000000000   1.000000000000000   
PATCH 28 
2 2 
13 4 
0.000000000000000   0.000000000000000   0.000000000000000   0.250000000000000   0.250000000000000   0.375000000000000   0.375000000000000   0.500000000000000   0.500000000000000   0.750000000000000   0.750000000000000   0.875000000000000   0.875000000000000   1.000000000000000   1.000000000000000   1.000000000000000   
0.000000000000000   0.000000000000000   0.000000000000000   0.500000000000000   1.000000000000000   1.000000000000000   1.000000000000000   
0.010751547312932   0.010901128435103   0.011050709557273   0.011046224484197   0.011047531168998   0.011048837853800   0.011055936296480   0.011531853190037   0.012007770083594   0.010546089763112   0.012152137538070   0.010734531393990   0.012337765933656   0.011420496072316   0.011550065058124   0.011679634043932   0.011640383804794   0.011643672048901   0.011646960293008   0.011692787020359   0.012188044593689   0.012683302167018   0.011132130853660   0.012335701173084   0.011271531053230   0.012926937007388   0.012758393591083   0.012847938304166   0.012937483017250   0.012828702445989   0.012835953808706   0.012843205171423   0.012966488468118   0.013500427400992   0.014034366333866   0.012304213034755   0.012702828443112   0.012345530371710   0.014105279154853   0.013427342350467   0.013496874927188   0.013566407503908   0.013422861766586   0.013432094688608   0.013441327610631   0.013603339191998   0.014156618804644   0.014709898417290   0.012890254125303   0.012886392078126   0.012882530030950   0.014694450228586   
0.017008182560080   0.016421447375824   0.015834712191568   0.015822332328882   0.015818026461920   0.015813720594958   0.015817488723722   0.014470576785870   0.013123664848018   0.011399880532535   0.012995242457512   0.011357171937999   0.013048874267545   0.017178723050557   0.016670485903658   0.016162248756759   0.016100941899811   0.016093046438760   0.016085150977708   0.016130666912553   0.014945588299272   0.013760509685992   0.011959015886411   0.013138944477804   0.011893798735830   0.013638045341277   0.017519804031511   0.017168562959325   0.016817321887139   0.016658161041670   0.016643086392440   0.016628011743209   0.016757023290215   0.015895611326077   0.015034199361939   0.013077286594164   0.013426348518389   0.012967052331491   0.014816387488742   0.017690344521988   0.017417601487159   0.017144858452329   0.016936770612600   0.016918106369279   0.016899442125959   0.017070201479046   0.016370622839479   0.015671044199912   0.013636421948040   0.013570050538681   0.013503679129321   0.015405558562474   
1.000000000000000   1.000000000000000   1.000000000000000   0.999493545617423   0.999493545617423   0.999493545617423   1.000000000000000   1.000000000000000   1.000000000000000   0.875591684608364   1.000000000000000   0.875591684608364   1.000000000000000   1.000000000000000   1.000000000000000   1.000000000000000   0.996880122842027   0.996880122842027   0.996880122842027   1.000000000000000   1.000000000000000   1.000000000000000   0.875067346203582   0.968373582747309   0.875067346203582   1.000000000000000   1.000000000000000   1.000000000000000   1.000000000000000   0.991653277291234   0.991653277291234   0.991653277291234   1.000000000000000   1.000000000000000   1.000000000000000   0.874018669394017   0.905120748241926   0.874018669394017   1.000000000000000   1.000000000000000   1.000000000000000   1.000000000000000   0.989039854515838   0.989039854515838   0.989039854515838   1.000000000000000   1.000000000000000   1.000000000000000   0.873494330989235   0.873494330989235   0.873494330989235   1.000000000000000   
PATCH 29 
2 1 
13 2 
0.000000000000000   0.000000000000000   0.000000000000000   0.250000000000000   0.250000000000000   0.375000000000000   0.375000000000000   0.500000000000000   0.500000000000000   0.750000000000000   0.750000000000000   0.875000000000000   0.875000000000000   1.000000000000000   1.000000000000000   1.000000000000000   
0.000000000000000   0.000000000000000   1.000000000000000   1.000000000000000   
0.024999012660552   0.026308337652161   0.027588372249199   0.028221421810662   0.028796598255018   0.029460067707967   0.030116835156589   0.031124424297682   0.031776499703633   0.032282363588643   0.032804961455239   0.033389714398695   0.033963666499907   0.025250000000000   0.026178902508932   0.027094027156471   0.027551589480241   0.028005707338662   0.028459825197083   0.028910498590156   0.029811845376303   0.030699414301056   0.031143198763433   0.031583538760461   0.032023878757490   0.032460774289170   
0.043299560067134   0.042429036752401   0.041520095632366   0.041055455616752   0.040510720961187   0.040091376634322   0.039660343978415   0.038412600846215   0.036785594053680   0.036204039106994   0.035645191320038   0.035156045716613   0.034653724797152   0.043734282891114   0.043142506727484   0.042531053738569   0.042225327244111   0.041914681543332   0.041604035842553   0.041288470935453   0.040657341121252   0.040006534481766   0.039681131162023   0.039350808635958   0.039020486109894   0.038685244377508   
1.000000000000000   0.998022156966045   0.997033235449068   0.996538774690580   0.996291544311335   0.996044313932091   0.996044313932091   0.996044313932091   0.997033235449068   0.997527696207557   0.998269387345290   0.999011078483023   1.000000000000000   1.000000000000000   0.999048674522937   0.998573011784405   0.998335180415139   0.998216264730506   0.998097349045873   0.998097349045873   0.998097349045873   0.998573011784405   0.998810843153671   0.999167590207569   0.999524337261468   1.000000000000000   
PATCH 30 
2 1 
6 2 
0.000000000000000   0.000000000000000   0.000000000000000   0.250000000000000   0.500000000000000   0.750000000000000   1.000000000000000   1.000000000000000   1.000000000000000   
0.000000000000000   0.000000000000000   1.000000000000000   1.000000000000000   
0.010751547312932   0.009945466224973   0.008333304049054   0.006721141873134   0.005108979697215   0.004302898609255   0.000000000000000   0.000000000000000   0.000000000000000   0.000000000000000   0.000000000000000   0.000000000000000   
0.017008182560080   0.020170053047521   0.026493794022404   0.032817534997286   0.039141275972169   0.042303146459610   0.014550000000000   0.018019143307451   0.024957429922354   0.031895716537256   0.038834003152159   0.042303146459610   
1.000000000000000   1.000000000000000   1.000000000000000   1.000000000000000   1.000000000000000   1.000000000000000   1.000000000000000   1.000000000000000   1.000000000000000   1.000000000000000   1.000000000000000   1.000000000000000   
PATCH 31 
2 1 
13 2 
0.000000000000000   0.000000000000000   0.000000000000000   0.250000000000000   0.250000000000000   0.375000000000000   0.375000000000000   0.500000000000000   0.500000000000000   0.750000000000000   0.750000000000000   0.875000000000000   0.875000000000000   1.000000000000000   1.000000000000000   1.000000000000000   
0.000000000000000   0.000000000000000   1.000000000000000   1.000000000000000   
0.004302898609255   0.003815295992827   0.003327693376399   0.003318952412965   0.003317532574779   0.003316112736593   0.003322014023655   0.003251351633960   0.003180689244264   0.002874099733395   0.003241439417946   0.002996345309832   0.003402083460141   0.000000000000000   0.000000000000000   0.000000000000000   0.000000000000000   0.000000000000000   0.000000000000000   0.000000000000000   0.000000000000000   0.000000000000000   0.000000000000000   0.000000000000000   0.000000000000000   0.000000000000000   
0.042303146459610   0.044215778259948   0.046128410060286   0.046046191084689   0.046054941732185   0.046063692379681   0.046163412650271   0.047141965299048   0.048120517947826   0.043659236430144   0.048278984710588   0.043776957785660   0.048333718522899   0.042303146459610   0.043265253152159   0.044227359844707   0.044708413190982   0.045189466537256   0.045670519883531   0.046151573229805   0.047113679922354   0.048075786614903   0.048556839961177   0.049037893307451   0.049518946653726   0.050000000000000   
1.000000000000000   1.000000000000000   1.000000000000000   0.998031380234324   0.998031380234324   0.998031380234324   1.000000000000000   1.000000000000000   1.000000000000000   0.905530581680065   1.000000000000000   0.905530581680065   1.000000000000000   1.000000000000000   1.000000000000000   1.000000000000000   1.000000000000000   1.000000000000000   1.000000000000000   1.000000000000000   1.000000000000000   1.000000000000000   1.000000000000000   1.000000000000000   1.000000000000000   1.000000000000000   
PATCH 32 
2 1 
13 2 
0.000000000000000   0.000000000000000   0.000000000000000   0.250000000000000   0.250000000000000   0.375000000000000   0.375000000000000   0.500000000000000   0.500000000000000   0.750000000000000   0.750000000000000   0.875000000000000   0.875000000000000   1.000000000000000   1.000000000000000   1.000000000000000   
0.000000000000000   0.000000000000000   1.000000000000000   1.000000000000000   
0.000000000000000   0.001375095881301   0.002699170222943   0.003361207393764   0.004010489179670   0.004659770965576   0.005296297366567   0.006569350168550   0.007791381430873   0.008402397062034   0.009000657308281   0.009598917554528   0.010184422415860   0.010751547312932   0.010901128435103   0.011050709557273   0.011046224484197   0.011047531168998   0.011048837853800   0.011055936296480   0.011531853190037   0.012007770083594   0.010546089763112   0.012152137538070   0.010734531393990   0.012337765933656   
0.014550000000000   0.014280068494809   0.013885186772073   0.013687745910705   0.013459067494950   0.013230389079196   0.012970473109056   0.012450641168775   0.011805859010949   0.011483467932037   0.011129839298737   0.010776210665438   0.010391344477753   0.017008182560080   0.016421447375824   0.015834712191568   0.015822332328882   0.015818026461920   0.015813720594958   0.015817488723722   0.014470576785870   0.013123664848018   0.011399880532535   0.012995242457512   0.011357171937999   0.013048874267545   
1.000000000000000   0.981448006516065   0.972172009774098   0.967534011403114   0.965215012217622   0.962896013032130   0.962896013032130   0.962896013032130   0.972172009774098   0.976810008145081   0.983767005701557   0.990724003258032   1.000000000000000   1.000000000000000   1.000000000000000   1.000000000000000   0.999493545617423   0.999493545617423   0.999493545617423   1.000000000000000   1.000000000000000   1.000000000000000   0.875591684608364   1.000000000000000   0.875591684608364   1.000000000000000   
INTERFACE 1 
1 2 
5 1 
1 
INTERFACE 2 
1 3 
2 4 
1 
INTERFACE 3 
2 1 
13 2 
1 
INTERFACE 4 
2 2 
3 1 
1 
INTERFACE 5 
2 3 
4 2 
1 
INTERFACE 6 
3 2 
7 1 
-1 
INTERFACE 7 
3 3 
4 4 
-1 
INTERFACE 8 
3 4 
5 3 
1 
INTERFACE 9 
4 1 
9 2 
1 
INTERFACE 10 
4 3 
13 3 
1 
INTERFACE 11 
5 2 
6 1 
1 
INTERFACE 12 
6 2 
11 1 
1 
INTERFACE 13 
6 3 
7 3 
1 
INTERFACE 14 
7 2 
8 1 
1 
INTERFACE 15 
7 4 
9 4 
-1 
INTERFACE 16 
8 2 
15 1 
1 
INTERFACE 17 
8 3 
11 3 
1 
INTERFACE 18 
8 4 
10 4 
1 
INTERFACE 19 
9 1 
10 1 
1 
INTERFACE 20 
9 3 
12 3 
1 
INTERFACE 21 
10 2 
16 3 
1 
INTERFACE 22 
10 3 
14 4 
1 
INTERFACE 23 
11 2 
18 1 
1 
INTERFACE 24 
12 1 
14 1 
-1 
INTERFACE 25 
12 2 
13 1 
1 
INTERFACE 26 
14 2 
17 1 
-1 
INTERFACE 27 
15 2 
26 2 
1 
INTERFACE 28 
15 3 
18 3 
1 
INTERFACE 29 
15 4 
16 2 
1 
INTERFACE 30 
16 1 
17 3 
1 
INTERFACE 31 
16 4 
28 2 
1 
INTERFACE 32 
17 2 
32 2 
-1 
INTERFACE 33 
18 2 
29 2 
1 
INTERFACE 34 
19 2 
23 1 
1 
INTERFACE 35 
19 3 
20 4 
1 
INTERFACE 36 
20 1 
31 2 
1 
INTERFACE 37 
20 2 
21 1 
1 
INTERFACE 38 
20 3 
22 2 
1 
INTERFACE 39 
21 2 
25 1 
-1 
INTERFACE 40 
21 3 
22 4 
-1 
INTERFACE 41 
21 4 
23 3 
1 
INTERFACE 42 
22 1 
27 2 
1 
INTERFACE 43 
22 3 
31 3 
1 
INTERFACE 44 
23 2 
24 1 
1 
INTERFACE 45 
24 2 
29 1 
1 
INTERFACE 46 
24 3 
25 3 
1 
INTERFACE 47 
25 2 
26 1 
1 
INTERFACE 48 
25 4 
27 4 
-1 
INTERFACE 49 
26 3 
29 3 
1 
INTERFACE 50 
26 4 
28 4 
1 
INTERFACE 51 
27 1 
28 1 
1 
INTERFACE 52 
27 3 
30 3 
1 
INTERFACE 53 
28 3 
32 4 
1 
INTERFACE 54 
30 1 
32 1 
-1 
INTERFACE 55 
30 2 
31 1 
1 
BOUNDARY 1 
1 
1 1 
BOUNDARY 2 
1 
1 4 
BOUNDARY 3 
1 
5 4 
BOUNDARY 4 
1 
6 4 
BOUNDARY 5 
1 
11 4 
BOUNDARY 6 
1 
12 4 
BOUNDARY 7 
1 
13 4 
BOUNDARY 8 
1 
14 3 
BOUNDARY 9 
1 
17 4 
BOUNDARY 10 
1 
18 4 
BOUNDARY 11 
1 
19 1 
BOUNDARY 12 
1 
19 4 
BOUNDARY 13 
1 
23 4 
BOUNDARY 14 
1 
24 4 
BOUNDARY 15 
1 
29 4 
BOUNDARY 16 
1 
30 4 
BOUNDARY 17 
1 
31 4 
BOUNDARY 18 
1 
32 3 
