# nurbs mesh v.2.1
#
# 14-Jul-2024
#
2 2 32 55 0 
PATCH 1 
2 1 
4 2 
0.000000000000000   0.000000000000000   0.000000000000000   0.500000000000000   1.000000000000000   1.000000000000000   1.000000000000000   
0.000000000000000   0.000000000000000   1.000000000000000   1.000000000000000   
0.050000000000000   0.049904867452294   0.049525061277599   0.049240387650610   0.050500000000000   0.050403916126817   0.050020311890375   0.049732791527117   
0.000000000000000   0.002178893568691   0.006520098010365   0.008682408883347   0.000000000000000   0.002200682504378   0.006585298990468   0.008769232972180   
1.000000000000000   0.998097349045873   0.998097349045873   1.000000000000000   1.000000000000000   0.998097349045873   0.998097349045873   1.000000000000000   
PATCH 2 
2 1 
4 2 
0.000000000000000   0.000000000000000   0.000000000000000   0.500000000000000   1.000000000000000   1.000000000000000   1.000000000000000   
0.000000000000000   0.000000000000000   1.000000000000000   1.000000000000000   
0.048328814892528   0.048207601956619   0.047965176084800   0.047843963148891   0.050000000000000   0.049904867452294   0.049525061277599   0.049240387650610   
0.003483223853448   0.004572177713140   0.006750085432524   0.007839039292216   0.000000000000000   0.002178893568691   0.006520098010365   0.008682408883347   
1.000000000000000   1.000000000000000   1.000000000000000   1.000000000000000   1.000000000000000   0.998097349045873   0.998097349045873   1.000000000000000   
PATCH 3 
2 1 
13 2 
0.000000000000000   0.000000000000000   0.000000000000000   0.125000000000000   0.125000000000000   0.250000000000000   0.250000000000000   0.500000000000000   0.500000000000000   0.625000000000000   0.625000000000000   0.750000000000000   0.750000000000000   1.000000000000000   1.000000000000000   1.000000000000000   
0.000000000000000   0.000000000000000   1.000000000000000   1.000000000000000   
0.047843963148891   0.043327355482882   0.047755604642790   0.043186036588946   0.047587951797560   0.045565748317976   0.043543544838391   0.042780574474048   0.042754765709264   0.042728956944481   0.043440309779258   0.043218562053421   0.042996814327584   0.049240387650610   0.049122375608591   0.048474052473759   0.048540531263085   0.048306553389513   0.048063723361511   0.047861063513061   0.047718710076140   0.047614940646586   0.047537880797060   0.047448976173392   0.047204959707472   0.046870548046424   
0.007839039292216   0.007184771407592   0.007983673309281   0.007278340605032   0.008008547954593   0.007404538823316   0.006800529692039   0.006677845076093   0.006677093884638   0.006676342693182   0.006797524926218   0.006849927188342   0.006902329450465   0.008682408883347   0.009214726804819   0.009641172710702   0.010205988826850   0.010708252029190   0.011760589056827   0.012824333317219   0.013346084472765   0.013879160584124   0.014421334942010   0.014961688621869   0.016024471530111   0.017059484352642   
1.000000000000000   0.905793076215292   1.000000000000000   0.905793076215292   1.000000000000000   1.000000000000000   1.000000000000000   0.983046151308406   0.983046151308406   0.983046151308406   1.000000000000000   1.000000000000000   1.000000000000000   1.000000000000000   0.999524337261468   0.999167590207569   0.998810843153671   0.998573011784405   0.998097349045873   0.998097349045873   0.998097349045873   0.998216264730506   0.998335180415139   0.998573011784404   0.999048674522936   1.000000000000000   
PATCH 4 
2 2 
13 4 
0.000000000000000   0.000000000000000   0.000000000000000   0.250000000000000   0.250000000000000   0.375000000000000   0.375000000000000   0.500000000000000   0.500000000000000   0.750000000000000   0.750000000000000   0.875000000000000   0.875000000000000   1.000000000000000   1.000000000000000   1.000000000000000   
0.000000000000000   0.000000000000000   0.000000000000000   0.500000000000000   1.000000000000000   1.000000000000000   1.000000000000000   
0.042376223866622   0.044297879248294   0.046219534629965   0.046137049171155   0.046145829757940   0.046154610344724   0.046254656977105   0.047186912880181   0.048119168783257   0.043741830139953   0.048275399288801   0.043857364873267   0.048328814892528   0.042531371481862   0.044028049949575   0.045524728417288   0.045285026114486   0.045298063745771   0.045311101377055   0.045576878942427   0.046781621739630   0.047986364536833   0.043602881752201   0.048145450627298   0.043724862525671   0.048207601956619   0.042841666712343   0.043488391352139   0.044135115991935   0.043580980001149   0.043602531721433   0.043624083441717   0.044221322873070   0.045971039458527   0.047720756043984   0.043324984976698   0.047885553304292   0.043459857830478   0.047965176084800   0.042996814327584   0.043218562053421   0.043440309779258   0.042728956944481   0.042754765709264   0.042780574474048   0.043543544838391   0.045565748317976   0.047587951797560   0.043186036588946   0.047755604642790   0.043327355482882   0.047843963148891   
0.004276211458254   0.003822095914832   0.003367980371411   0.003359300342765   0.003358034059191   0.003356767775617   0.003362915237116   0.003312154640573   0.003261394044031   0.002954444841789   0.003323724982054   0.003076693940336   0.003483223853448   0.004932740956306   0.004579053733210   0.004225366510113   0.004188560930369   0.004187799015553   0.004187037100736   0.004222318850847   0.004335250686259   0.004448182521671   0.004035418782600   0.004488712063861   0.004103713307150   0.004572177713140   0.006245799952412   0.006092969369964   0.005940138787517   0.005847082105578   0.005847328928276   0.005847575750974   0.005941126078308   0.006381442777630   0.006821759476952   0.006197366664221   0.006818686227474   0.006157752040778   0.006750085432524   0.006902329450465   0.006849927188342   0.006797524926218   0.006676342693182   0.006677093884638   0.006677845076093   0.006800529692039   0.007404538823316   0.008008547954593   0.007278340605032   0.007983673309281   0.007184771407592   0.007839039292216   
1.000000000000000   1.000000000000000   1.000000000000000   0.998028558960805   0.998028558960805   0.998028558960805   1.000000000000000   1.000000000000000   1.000000000000000   0.907286074312607   1.000000000000000   0.907286074312607   1.000000000000000   1.000000000000000   1.000000000000000   1.000000000000000   0.994282957047705   0.994282957047705   0.994282957047705   1.000000000000000   1.000000000000000   1.000000000000000   0.906912824788279   1.000000000000000   0.906912824788279   1.000000000000000   1.000000000000000   1.000000000000000   1.000000000000000   0.986791753221506   0.986791753221506   0.986791753221506   1.000000000000000   1.000000000000000   1.000000000000000   0.906166325739621   1.000000000000000   0.906166325739621   1.000000000000000   1.000000000000000   1.000000000000000   1.000000000000000   0.983046151308406   0.983046151308406   0.983046151308406   1.000000000000000   1.000000000000000   1.000000000000000   0.905793076215292   1.000000000000000   0.905793076215292   1.000000000000000   
PATCH 5 
2 1 
13 2 
0.000000000000000   0.000000000000000   0.000000000000000   0.125000000000000   0.125000000000000   0.250000000000000   0.250000000000000   0.500000000000000   0.500000000000000   0.625000000000000   0.625000000000000   0.750000000000000   0.750000000000000   1.000000000000000   1.000000000000000   1.000000000000000   
0.000000000000000   0.000000000000000   1.000000000000000   1.000000000000000   
0.049240387650610   0.049122375608591   0.048474052473759   0.048540531263085   0.048306553389513   0.048063723361511   0.047861063513061   0.047718710076140   0.047614940646586   0.047537880797060   0.047448976173392   0.047204959707472   0.046870548046424   0.049732791527117   0.049613599364677   0.049488606583825   0.049363613802972   0.049232820403708   0.048971233605179   0.048686444333000   0.048544049696911   0.048395854442409   0.048247659187908   0.048093663314994   0.047785671569166   0.047454477349688   
0.008682408883347   0.009214726804819   0.009641172710702   0.010205988826850   0.010708252029190   0.011760589056827   0.012824333317219   0.013346084472765   0.013879160584124   0.014421334942010   0.014961688621869   0.016024471530111   0.017059484352642   0.008769232972180   0.009306874072867   0.009842960902535   0.010379047732203   0.010913580290852   0.011982645408149   0.013045493441370   0.013576917457981   0.014106787203572   0.014636656949163   0.015164972423735   0.016221603372879   0.017272017237946   
1.000000000000000   0.999524337261468   0.999167590207569   0.998810843153671   0.998573011784405   0.998097349045873   0.998097349045873   0.998097349045873   0.998216264730506   0.998335180415139   0.998573011784404   0.999048674522936   1.000000000000000   1.000000000000000   0.999524337261468   0.999167590207569   0.998810843153671   0.998573011784405   0.998097349045873   0.998097349045873   0.998097349045873   0.998216264730506   0.998335180415139   0.998573011784404   0.999048674522936   1.000000000000000   
PATCH 6 
2 1 
6 2 
0.000000000000000   0.000000000000000   0.000000000000000   0.250000000000000   0.500000000000000   0.750000000000000   1.000000000000000   1.000000000000000   1.000000000000000   
0.000000000000000   0.000000000000000   1.000000000000000   1.000000000000000   
0.046870548046424   0.046563499642561   0.045687981523365   0.044600645883399   0.043709496178809   0.043299656087295   0.047454477349688   0.047032993823604   0.046146485990198   0.045216437375554   0.044242847979673   0.043734282891114   
0.017059484352642   0.018106997796308   0.020102626464867   0.021995180552728   0.023980441527947   0.024999068097818   0.017272017237946   0.018289568482936   0.020304367573183   0.022298863263696   0.024273055554476   0.025250000000000   
1.000000000000000   0.999048674522936   0.998097349045873   0.998097349045873   0.999048674522936   1.000000000000000   1.000000000000000   0.999048674522936   0.998097349045873   0.998097349045873   0.999048674522936   1.000000000000000   
PATCH 7 
2 1 
6 2 
0.000000000000000   0.000000000000000   0.000000000000000   0.250000000000000   0.500000000000000   0.750000000000000   1.000000000000000   1.000000000000000   1.000000000000000   
0.000000000000000   0.000000000000000   1.000000000000000   1.000000000000000   
0.046870548046424   0.046563499642561   0.045687981523365   0.044600645883399   0.043709496178809   0.043299656087295   0.042996814327584   0.039778435065313   0.033341676540773   0.026904918016233   0.020468159491692   0.017249780229422   
0.017059484352642   0.018106997796308   0.020102626464867   0.021995180552728   0.023980441527947   0.024999068097818   0.006902329450465   0.007662879995355   0.009183981085136   0.010705082174916   0.012226183264697   0.012986733809587   
1.000000000000000   0.999048674522936   0.998097349045873   0.998097349045873   0.999048674522936   1.000000000000000   1.000000000000000   1.000000000000000   1.000000000000000   1.000000000000000   1.000000000000000   1.000000000000000   
PATCH 8 
2 1 
13 2 
0.000000000000000   0.000000000000000   0.000000000000000   0.250000000000000   0.250000000000000   0.375000000000000   0.375000000000000   0.500000000000000   0.500000000000000   0.750000000000000   0.750000000000000   0.875000000000000   0.875000000000000   1.000000000000000   1.000000000000000   1.000000000000000   
0.000000000000000   0.000000000000000   1.000000000000000   1.000000000000000   
0.043299656087295   0.042429001177033   0.041520202342650   0.041057811925046   0.040539264984466   0.040106529273126   0.039659797841298   0.038428719466109   0.036800957483555   0.036197560204344   0.035642516366371   0.035155849147674   0.034653965422571   0.017249780229422   0.016977426765079   0.016705073300736   0.016479274230621   0.016459511670617   0.016439749110614   0.016626023060723   0.015929590155293   0.015233157249863   0.013238089584301   0.013171472664712   0.013104855745122   0.014966689571507   
0.024999068097818   0.026308276580059   0.027588363652454   0.028222941044863   0.028816766685964   0.029471058310158   0.030116253825611   0.031137272665799   0.031789514605756   0.032276305639941   0.032802193311311   0.033389194457899   0.033963541290476   0.012986733809587   0.013051094955005   0.013115456100423   0.012960033814429   0.012969671614518   0.012979309414607   0.013154007300779   0.013711939085346   0.014269870869914   0.012491454167549   0.012487787543783   0.012484120920016   0.014255204374848   
1.000000000000000   0.998022240591784   0.997033360887676   0.996538921035622   0.996291701109595   0.996044481183568   0.996044481183568   0.996044481183568   0.997033360887676   0.997527800739730   0.998269460517811   0.999011120295892   1.000000000000000   1.000000000000000   1.000000000000000   1.000000000000000   0.987764134381599   0.987764134381599   0.987764134381599   1.000000000000000   1.000000000000000   1.000000000000000   0.872449388998306   0.872449388998306   0.872449388998306   1.000000000000000   
PATCH 9 
2 2 
6 4 
0.000000000000000   0.000000000000000   0.000000000000000   0.250000000000000   0.500000000000000   0.750000000000000   1.000000000000000   1.000000000000000   1.000000000000000   
0.000000000000000   0.000000000000000   0.000000000000000   0.500000000000000   1.000000000000000   1.000000000000000   1.000000000000000   
0.016629189768460   0.019847569030730   0.026284327555271   0.032721086079811   0.039157844604352   0.042376223866622   0.016784337383700   0.020002716645971   0.026439475170511   0.032876233695052   0.039312992219592   0.042531371481862   0.017094632614181   0.020313011876452   0.026749770400992   0.033186528925533   0.039623287450073   0.042841666712343   0.017249780229422   0.020468159491692   0.026904918016233   0.033341676540773   0.039778435065313   0.042996814327584   
0.010360615817376   0.009600065272486   0.008078964182705   0.006557863092924   0.005036762003144   0.004276211458254   0.011017145315429   0.010256594770538   0.008735493680758   0.007214392590977   0.005693291501197   0.004932740956306   0.012330204311534   0.011569653766644   0.010048552676863   0.008527451587083   0.007006350497302   0.006245799952412   0.012986733809587   0.012226183264697   0.010705082174916   0.009183981085136   0.007662879995355   0.006902329450465   
1.000000000000000   1.000000000000000   1.000000000000000   1.000000000000000   1.000000000000000   1.000000000000000   1.000000000000000   1.000000000000000   1.000000000000000   1.000000000000000   1.000000000000000   1.000000000000000   1.000000000000000   1.000000000000000   1.000000000000000   1.000000000000000   1.000000000000000   1.000000000000000   1.000000000000000   1.000000000000000   1.000000000000000   1.000000000000000   1.000000000000000   1.000000000000000   
PATCH 10 
2 2 
13 4 
0.000000000000000   0.000000000000000   0.000000000000000   0.250000000000000   0.250000000000000   0.375000000000000   0.375000000000000   0.500000000000000   0.500000000000000   0.750000000000000   0.750000000000000   0.875000000000000   0.875000000000000   1.000000000000000   1.000000000000000   1.000000000000000   
0.000000000000000   0.000000000000000   0.000000000000000   0.500000000000000   1.000000000000000   1.000000000000000   1.000000000000000   
0.016629189768460   0.015802440119770   0.014975690471080   0.014859564763276   0.014844517099794   0.014829469436312   0.014915499817153   0.013968284264170   0.013021068711188   0.011656160172897   0.012928527565475   0.011636603379752   0.012985834090984   0.016784337383700   0.016096186781097   0.015408036178494   0.015264492130112   0.015248265742500   0.015232039354887   0.015343130628045   0.014458610736951   0.013574090845857   0.012051642525748   0.012989263840284   0.012003666471095   0.013481047961115   0.017094632614181   0.016683680103752   0.016272727593322   0.016074346863784   0.016055763027911   0.016037179192038   0.016198392249831   0.015439263682513   0.014680135115194   0.012842607231450   0.013110736389902   0.012737792653780   0.014471475701376   0.017249780229422   0.016977426765079   0.016705073300736   0.016479274230621   0.016459511670617   0.016439749110614   0.016626023060723   0.015929590155293   0.015233157249863   0.013238089584301   0.013171472664712   0.013104855745122   0.014966689571507   
0.010360615817376   0.010555988967822   0.010751362118267   0.010683138556447   0.010689427650638   0.010695716744828   0.010776518495029   0.011369981679110   0.011963444863190   0.010823111805395   0.012110405792675   0.010995677474886   0.012274348894326   0.011017145315429   0.011179765464617   0.011342385613806   0.011252362370943   0.011259488641608   0.011266614912273   0.011370890696466   0.011955471030669   0.012540051364871   0.011240197395934   0.012204751230452   0.011367788336168   0.012769562764456   0.012330204311534   0.012427318458209   0.012524432604884   0.012390809999933   0.012399610623548   0.012408411247162   0.012559635099341   0.013126449733787   0.013693264368233   0.012074368577011   0.012393442106006   0.012112010058734   0.013759990504717   0.012986733809587   0.013051094955005   0.013115456100423   0.012960033814429   0.012969671614518   0.012979309414607   0.013154007300779   0.013711939085346   0.014269870869914   0.012491454167549   0.012487787543783   0.012484120920016   0.014255204374848   
1.000000000000000   1.000000000000000   1.000000000000000   0.993305562456024   0.993305562456024   0.993305562456024   1.000000000000000   1.000000000000000   1.000000000000000   0.900828166033807   1.000000000000000   0.900828166033807   1.000000000000000   1.000000000000000   1.000000000000000   1.000000000000000   0.991920205437418   0.991920205437418   0.991920205437418   1.000000000000000   1.000000000000000   1.000000000000000   0.893733471774932   0.968112347249577   0.893733471774932   1.000000000000000   1.000000000000000   1.000000000000000   1.000000000000000   0.989149491400206   0.989149491400206   0.989149491400206   1.000000000000000   1.000000000000000   1.000000000000000   0.879544083257181   0.904337041748730   0.879544083257181   1.000000000000000   1.000000000000000   1.000000000000000   1.000000000000000   0.987764134381599   0.987764134381599   0.987764134381599   1.000000000000000   1.000000000000000   1.000000000000000   0.872449388998306   0.872449388998306   0.872449388998306   1.000000000000000   
PATCH 11 
2 1 
13 2 
0.000000000000000   0.000000000000000   0.000000000000000   0.250000000000000   0.250000000000000   0.375000000000000   0.375000000000000   0.500000000000000   0.500000000000000   0.750000000000000   0.750000000000000   0.875000000000000   0.875000000000000   1.000000000000000   1.000000000000000   1.000000000000000   
0.000000000000000   0.000000000000000   1.000000000000000   1.000000000000000   
0.043299656087295   0.042429001177033   0.041520202342650   0.041057811925046   0.040539264984466   0.040106529273126   0.039659797841298   0.038428719466109   0.036800957483555   0.036197560204344   0.035642516366371   0.035155849147674   0.034653965422571   0.043734282891114   0.043142506727484   0.042531053738569   0.042225327244111   0.041914681543332   0.041604035842553   0.041288470935453   0.040657341121252   0.040006534481766   0.039681131162023   0.039350808635958   0.039020486109894   0.038685244377508   
0.024999068097818   0.026308276580059   0.027588363652454   0.028222941044863   0.028816766685964   0.029471058310158   0.030116253825611   0.031137272665799   0.031789514605756   0.032276305639941   0.032802193311311   0.033389194457899   0.033963541290476   0.025250000000000   0.026178902508932   0.027094027156471   0.027551589480241   0.028005707338662   0.028459825197083   0.028910498590156   0.029811845376303   0.030699414301056   0.031143198763433   0.031583538760461   0.032023878757490   0.032460774289170   
1.000000000000000   0.998022240591784   0.997033360887676   0.996538921035622   0.996291701109595   0.996044481183568   0.996044481183568   0.996044481183568   0.997033360887676   0.997527800739730   0.998269460517811   0.999011120295892   1.000000000000000   1.000000000000000   0.999048674522937   0.998573011784405   0.998335180415139   0.998216264730506   0.998097349045873   0.998097349045873   0.998097349045873   0.998573011784405   0.998810843153671   0.999167590207569   0.999524337261468   1.000000000000000   
PATCH 12 
2 1 
6 2 
0.000000000000000   0.000000000000000   0.000000000000000   0.250000000000000   0.500000000000000   0.750000000000000   1.000000000000000   1.000000000000000   1.000000000000000   
0.000000000000000   0.000000000000000   1.000000000000000   1.000000000000000   
0.016629189768460   0.019847569030730   0.026284327555271   0.032721086079811   0.039157844604352   0.042376223866622   0.014550000000000   0.018028277983328   0.024984833949983   0.031941389916639   0.038897945883294   0.042376223866622   
0.010360615817376   0.009600065272486   0.008078964182705   0.006557863092924   0.005036762003144   0.004276211458254   -0.000000000000000   0.000000000000000   0.000000000000000   0.000000000000000   0.000000000000000   0.000000000000000   
1.000000000000000   1.000000000000000   1.000000000000000   1.000000000000000   1.000000000000000   1.000000000000000   1.000000000000000   1.000000000000000   1.000000000000000   1.000000000000000   1.000000000000000   1.000000000000000   
PATCH 13 
2 1 
13 2 
0.000000000000000   0.000000000000000   0.000000000000000   0.250000000000000   0.250000000000000   0.375000000000000   0.375000000000000   0.500000000000000   0.500000000000000   0.750000000000000   0.750000000000000   0.875000000000000   0.875000000000000   1.000000000000000   1.000000000000000   1.000000000000000   
0.000000000000000   0.000000000000000   1.000000000000000   1.000000000000000   
0.042376223866622   0.044297879248294   0.046219534629965   0.046137049171155   0.046145829757940   0.046154610344724   0.046254656977105   0.047186912880181   0.048119168783257   0.043741830139953   0.048275399288801   0.043857364873267   0.048328814892528   0.042376223866622   0.043329195883294   0.044282167899966   0.044758653908303   0.045235139916639   0.045711625924975   0.046188111933311   0.047141083949983   0.048094055966655   0.048570541974992   0.049047027983328   0.049523513991664   0.050000000000000   
0.004276211458254   0.003822095914832   0.003367980371411   0.003359300342765   0.003358034059191   0.003356767775617   0.003362915237116   0.003312154640573   0.003261394044031   0.002954444841789   0.003323724982054   0.003076693940336   0.003483223853448   0.000000000000000   0.000000000000000   0.000000000000000   0.000000000000000   0.000000000000000   0.000000000000000   0.000000000000000   0.000000000000000   0.000000000000000   0.000000000000000   0.000000000000000   0.000000000000000   0.000000000000000   
1.000000000000000   1.000000000000000   1.000000000000000   0.998028558960805   0.998028558960805   0.998028558960805   1.000000000000000   1.000000000000000   1.000000000000000   0.907286074312607   1.000000000000000   0.907286074312607   1.000000000000000   1.000000000000000   1.000000000000000   1.000000000000000   1.000000000000000   1.000000000000000   1.000000000000000   1.000000000000000   1.000000000000000   1.000000000000000   1.000000000000000   1.000000000000000   1.000000000000000   1.000000000000000   
PATCH 14 
2 1 
13 2 
0.000000000000000   0.000000000000000   0.000000000000000   0.250000000000000   0.250000000000000   0.375000000000000   0.375000000000000   0.500000000000000   0.500000000000000   0.750000000000000   0.750000000000000   0.875000000000000   0.875000000000000   1.000000000000000   1.000000000000000   1.000000000000000   
0.000000000000000   0.000000000000000   1.000000000000000   1.000000000000000   
0.014550000000000   0.014280072158812   0.013885195660185   0.013687757410871   0.013459081997197   0.013230406583524   0.012970494005490   0.012450668849423   0.011805895035916   0.011483508129163   0.011129884058050   0.010776259986937   0.010391398751464   0.016629189768460   0.015802440119770   0.014975690471080   0.014859564763276   0.014844517099794   0.014829469436312   0.014915499817153   0.013968284264170   0.013021068711188   0.011656160172897   0.012928527565475   0.011636603379752   0.012985834090984   
-0.000000000000000   0.001375086908233   0.002699153302296   0.003361186499328   0.004010464567817   0.004659742636306   0.005296265576253   0.006569311456146   0.007791336821870   0.008402349504732   0.009000607059051   0.009598864613371   0.010184367039148   0.010360615817376   0.010555988967822   0.010751362118267   0.010683138556447   0.010689427650638   0.010695716744828   0.010776518495029   0.011369981679110   0.011963444863190   0.010823111805395   0.012110405792675   0.010995677474886   0.012274348894326   
1.000000000000000   0.981448258337599   0.972172387506399   0.967534452090799   0.965215484382999   0.962896516675199   0.962896516675199   0.962896516675199   0.972172387506399   0.976810322921999   0.983767226045399   0.990724129168800   1.000000000000000   1.000000000000000   1.000000000000000   1.000000000000000   0.993305562456024   0.993305562456024   0.993305562456024   1.000000000000000   1.000000000000000   1.000000000000000   0.900828166033807   1.000000000000000   0.900828166033807   1.000000000000000   
PATCH 15 
2 1 
4 2 
0.000000000000000   0.000000000000000   0.000000000000000   0.500000000000000   1.000000000000000   1.000000000000000   1.000000000000000   
0.000000000000000   0.000000000000000   1.000000000000000   1.000000000000000   
0.034653965422571   0.034489255796051   0.034143973370955   0.033963541290476   0.014966689571507   0.014788818272342   0.014433075674013   0.014255204374848   
0.033963541290476   0.034143973370955   0.034489255796051   0.034653965422571   0.014255204374848   0.014433075674013   0.014788818272342   0.014966689571507   
1.000000000000000   0.999974691362458   0.999974691362458   1.000000000000000   1.000000000000000   1.000000000000000   1.000000000000000   1.000000000000000   
PATCH 16 
2 2 
4 4 
0.000000000000000   0.000000000000000   0.000000000000000   0.500000000000000   1.000000000000000   1.000000000000000   1.000000000000000   
0.000000000000000   0.000000000000000   0.000000000000000   0.500000000000000   1.000000000000000   1.000000000000000   1.000000000000000   
0.012985834090984   0.013481047961115   0.014471475701376   0.014966689571507   0.012807962791820   0.013303176661950   0.014293604402211   0.014788818272342   0.012452220193490   0.012947434063621   0.013937861803882   0.014433075674013   0.012274348894326   0.012769562764456   0.013759990504717   0.014255204374848   
0.012274348894326   0.012769562764456   0.013759990504717   0.014255204374848   0.012452220193490   0.012947434063621   0.013937861803882   0.014433075674013   0.012807962791820   0.013303176661950   0.014293604402211   0.014788818272342   0.012985834090984   0.013481047961115   0.014471475701376   0.014966689571507   
1.000000000000000   1.000000000000000   1.000000000000000   1.000000000000000   1.000000000000000   1.000000000000000   1.000000000000000   1.000000000000000   1.000000000000000   1.000000000000000   1.000000000000000   1.000000000000000   1.000000000000000   1.000000000000000   1.000000000000000   1.000000000000000   
PATCH 17 
2 1 
4 2 
0.000000000000000   0.000000000000000   0.000000000000000   0.500000000000000   1.000000000000000   1.000000000000000   1.000000000000000   
0.000000000000000   0.000000000000000   1.000000000000000   1.000000000000000   
0.012985834090984   0.012807962791820   0.012452220193490   0.012274348894326   0.010391398751464   0.010339901208864   0.010236385352706   0.010184367039148   
0.012274348894326   0.012452220193490   0.012807962791820   0.012985834090984   0.010184367039148   0.010236385352706   0.010339901208864   0.010391398751464   
1.000000000000000   1.000000000000000   1.000000000000000   1.000000000000000   1.000000000000000   0.999974691362458   0.999974691362458   1.000000000000000   
PATCH 18 
2 1 
4 2 
0.000000000000000   0.000000000000000   0.000000000000000   0.500000000000000   1.000000000000000   1.000000000000000   1.000000000000000   
0.000000000000000   0.000000000000000   1.000000000000000   1.000000000000000   
0.034653965422571   0.034489255796051   0.034143973370955   0.033963541290476   0.038685244377508   0.037197068413715   0.034084833369545   0.032460774289170   
0.033963541290476   0.034143973370955   0.034489255796051   0.034653965422571   0.032460774289170   0.034084833369545   0.037197068413715   0.038685244377508   
1.000000000000000   0.999974691362458   0.999974691362458   1.000000000000000   1.000000000000000   0.998097349045873   0.998097349045873   1.000000000000000   
PATCH 19 
2 1 
4 2 
0.000000000000000   0.000000000000000   0.000000000000000   0.500000000000000   1.000000000000000   1.000000000000000   1.000000000000000   
0.000000000000000   0.000000000000000   1.000000000000000   1.000000000000000   
0.000000000000000   0.002178893568691   0.006520098010365   0.008682408883347   0.000000000000000   0.002200682504378   0.006585298990468   0.008769232972180   
0.050000000000000   0.049904867452294   0.049525061277599   0.049240387650610   0.050500000000000   0.050403916126817   0.050020311890375   0.049732791527117   
1.000000000000000   0.998097349045873   0.998097349045873   1.000000000000000   1.000000000000000   0.998097349045873   0.998097349045873   1.000000000000000   
PATCH 20 
2 1 
4 2 
0.000000000000000   0.000000000000000   0.000000000000000   0.500000000000000   1.000000000000000   1.000000000000000   1.000000000000000   
0.000000000000000   0.000000000000000   1.000000000000000   1.000000000000000   
0.003483223853448   0.004572177713140   0.006750085432524   0.007839039292216   0.000000000000000   0.002178893568691   0.006520098010365   0.008682408883347   
0.048328814892528   0.048207601956619   0.047965176084800   0.047843963148891   0.050000000000000   0.049904867452294   0.049525061277599   0.049240387650610   
1.000000000000000   1.000000000000000   1.000000000000000   1.000000000000000   1.000000000000000   0.998097349045873   0.998097349045873   1.000000000000000   
PATCH 21 
2 1 
13 2 
0.000000000000000   0.000000000000000   0.000000000000000   0.125000000000000   0.125000000000000   0.250000000000000   0.250000000000000   0.500000000000000   0.500000000000000   0.625000000000000   0.625000000000000   0.750000000000000   0.750000000000000   1.000000000000000   1.000000000000000   1.000000000000000   
0.000000000000000   0.000000000000000   1.000000000000000   1.000000000000000   
0.007839039292216   0.007184771407592   0.007983673309281   0.007278340605032   0.008008547954593   0.007404538823316   0.006800529692039   0.006677845076093   0.006677093884638   0.006676342693182   0.006797524926218   0.006849927188342   0.006902329450465   0.008682408883347   0.009214726804819   0.009641172710702   0.010205988826850   0.010708252029190   0.011760589056827   0.012824333317219   0.013346084472765   0.013879160584124   0.014421334942010   0.014961688621869   0.016024471530111   0.017059484352642   
0.047843963148891   0.043327355482882   0.047755604642790   0.043186036588946   0.047587951797560   0.045565748317976   0.043543544838391   0.042780574474048   0.042754765709264   0.042728956944481   0.043440309779258   0.043218562053421   0.042996814327584   0.049240387650610   0.049122375608591   0.048474052473759   0.048540531263085   0.048306553389513   0.048063723361511   0.047861063513061   0.047718710076140   0.047614940646586   0.047537880797060   0.047448976173392   0.047204959707472   0.046870548046424   
1.000000000000000   0.905793076215292   1.000000000000000   0.905793076215292   1.000000000000000   1.000000000000000   1.000000000000000   0.983046151308406   0.983046151308406   0.983046151308406   1.000000000000000   1.000000000000000   1.000000000000000   1.000000000000000   0.999524337261468   0.999167590207569   0.998810843153671   0.998573011784405   0.998097349045873   0.998097349045873   0.998097349045873   0.998216264730506   0.998335180415139   0.998573011784404   0.999048674522936   1.000000000000000   
PATCH 22 
2 2 
13 4 
0.000000000000000   0.000000000000000   0.000000000000000   0.250000000000000   0.250000000000000   0.375000000000000   0.375000000000000   0.500000000000000   0.500000000000000   0.750000000000000   0.750000000000000   0.875000000000000   0.875000000000000   1.000000000000000   1.000000000000000   1.000000000000000   
0.000000000000000   0.000000000000000   0.000000000000000   0.500000000000000   1.000000000000000   1.000000000000000   1.000000000000000   
0.004276211458254   0.003822095914832   0.003367980371411   0.003359300342765   0.003358034059191   0.003356767775617   0.003362915237116   0.003312154640573   0.003261394044031   0.002954444841789   0.003323724982054   0.003076693940336   0.003483223853448   0.004932740956306   0.004579053733210   0.004225366510113   0.004188560930369   0.004187799015553   0.004187037100736   0.004222318850847   0.004335250686259   0.004448182521671   0.004035418782600   0.004488712063861   0.004103713307150   0.004572177713140   0.006245799952412   0.006092969369964   0.005940138787517   0.005847082105578   0.005847328928276   0.005847575750974   0.005941126078308   0.006381442777630   0.006821759476952   0.006197366664221   0.006818686227474   0.006157752040778   0.006750085432524   0.006902329450465   0.006849927188342   0.006797524926218   0.006676342693182   0.006677093884638   0.006677845076093   0.006800529692039   0.007404538823316   0.008008547954593   0.007278340605032   0.007983673309281   0.007184771407592   0.007839039292216   
0.042376223866622   0.044297879248294   0.046219534629965   0.046137049171155   0.046145829757940   0.046154610344724   0.046254656977105   0.047186912880181   0.048119168783257   0.043741830139953   0.048275399288801   0.043857364873267   0.048328814892528   0.042531371481862   0.044028049949575   0.045524728417288   0.045285026114486   0.045298063745771   0.045311101377055   0.045576878942427   0.046781621739630   0.047986364536833   0.043602881752201   0.048145450627298   0.043724862525671   0.048207601956619   0.042841666712343   0.043488391352139   0.044135115991935   0.043580980001149   0.043602531721433   0.043624083441717   0.044221322873070   0.045971039458527   0.047720756043984   0.043324984976698   0.047885553304292   0.043459857830478   0.047965176084800   0.042996814327584   0.043218562053421   0.043440309779258   0.042728956944481   0.042754765709264   0.042780574474048   0.043543544838391   0.045565748317976   0.047587951797560   0.043186036588946   0.047755604642790   0.043327355482882   0.047843963148891   
1.000000000000000   1.000000000000000   1.000000000000000   0.998028558960805   0.998028558960805   0.998028558960805   1.000000000000000   1.000000000000000   1.000000000000000   0.907286074312607   1.000000000000000   0.907286074312607   1.000000000000000   1.000000000000000   1.000000000000000   1.000000000000000   0.994282957047705   0.994282957047705   0.994282957047705   1.000000000000000   1.000000000000000   1.000000000000000   0.906912824788279   1.000000000000000   0.906912824788279   1.000000000000000   1.000000000000000   1.000000000000000   1.000000000000000   0.986791753221506   0.986791753221506   0.986791753221506   1.000000000000000   1.000000000000000   1.000000000000000   0.906166325739621   1.000000000000000   0.906166325739621   1.000000000000000   1.000000000000000   1.000000000000000   1.000000000000000   0.983046151308406   0.983046151308406   0.983046151308406   1.000000000000000   1.000000000000000   1.000000000000000   0.905793076215292   1.000000000000000   0.905793076215292   1.000000000000000   
PATCH 23 
2 1 
13 2 
0.000000000000000   0.000000000000000   0.000000000000000   0.125000000000000   0.125000000000000   0.250000000000000   0.250000000000000   0.500000000000000   0.500000000000000   0.625000000000000   0.625000000000000   0.750000000000000   0.750000000000000   1.000000000000000   1.000000000000000   1.000000000000000   
0.000000000000000   0.000000000000000   1.000000000000000   1.000000000000000   
0.008682408883347   0.009214726804819   0.009641172710702   0.010205988826850   0.010708252029190   0.011760589056827   0.012824333317219   0.013346084472765   0.013879160584124   0.014421334942010   0.014961688621869   0.016024471530111   0.017059484352642   0.008769232972180   0.009306874072867   0.009842960902535   0.010379047732203   0.010913580290852   0.011982645408149   0.013045493441370   0.013576917457981   0.014106787203572   0.014636656949163   0.015164972423735   0.016221603372879   0.017272017237946   
0.049240387650610   0.049122375608591   0.048474052473759   0.048540531263085   0.048306553389513   0.048063723361511   0.047861063513061   0.047718710076140   0.047614940646586   0.047537880797060   0.047448976173392   0.047204959707472   0.046870548046424   0.049732791527117   0.049613599364677   0.049488606583825   0.049363613802972   0.049232820403708   0.048971233605179   0.048686444333000   0.048544049696911   0.048395854442409   0.048247659187908   0.048093663314994   0.047785671569166   0.047454477349688   
1.000000000000000   0.999524337261468   0.999167590207569   0.998810843153671   0.998573011784405   0.998097349045873   0.998097349045873   0.998097349045873   0.998216264730506   0.998335180415139   0.998573011784404   0.999048674522936   1.000000000000000   1.000000000000000   0.999524337261468   0.999167590207569   0.998810843153671   0.998573011784405   0.998097349045873   0.998097349045873   0.998097349045873   0.998216264730506   0.998335180415139   0.998573011784404   0.999048674522936   1.000000000000000   
PATCH 24 
2 1 
6 2 
0.000000000000000   0.000000000000000   0.000000000000000   0.250000000000000   0.500000000000000   0.750000000000000   1.000000000000000   1.000000000000000   1.000000000000000   
0.000000000000000   0.000000000000000   1.000000000000000   1.000000000000000   
0.017059484352642   0.018106997796308   0.020102626464867   0.021995180552728   0.023980441527947   0.024999068097818   0.017272017237946   0.018289568482936   0.020304367573183   0.022298863263696   0.024273055554476   0.025250000000000   
0.046870548046424   0.046563499642561   0.045687981523365   0.044600645883399   0.043709496178809   0.043299656087295   0.047454477349688   0.047032993823604   0.046146485990198   0.045216437375554   0.044242847979673   0.043734282891114   
1.000000000000000   0.999048674522936   0.998097349045873   0.998097349045873   0.999048674522936   1.000000000000000   1.000000000000000   0.999048674522936   0.998097349045873   0.998097349045873   0.999048674522936   1.000000000000000   
PATCH 25 
2 1 
6 2 
0.000000000000000   0.000000000000000   0.000000000000000   0.250000000000000   0.500000000000000   0.750000000000000   1.000000000000000   1.000000000000000   1.000000000000000   
0.000000000000000   0.000000000000000   1.000000000000000   1.000000000000000   
0.017059484352642   0.018106997796308   0.020102626464867   0.021995180552728   0.023980441527947   0.024999068097818   0.006902329450465   0.007662879995355   0.009183981085136   0.010705082174916   0.012226183264697   0.012986733809587   
0.046870548046424   0.046563499642561   0.045687981523365   0.044600645883399   0.043709496178809   0.043299656087295   0.042996814327584   0.039778435065313   0.033341676540773   0.026904918016233   0.020468159491692   0.017249780229422   
1.000000000000000   0.999048674522936   0.998097349045873   0.998097349045873   0.999048674522936   1.000000000000000   1.000000000000000   1.000000000000000   1.000000000000000   1.000000000000000   1.000000000000000   1.000000000000000   
PATCH 26 
2 1 
13 2 
0.000000000000000   0.000000000000000   0.000000000000000   0.250000000000000   0.250000000000000   0.375000000000000   0.375000000000000   0.500000000000000   0.500000000000000   0.750000000000000   0.750000000000000   0.875000000000000   0.875000000000000   1.000000000000000   1.000000000000000   1.000000000000000   
0.000000000000000   0.000000000000000   1.000000000000000   1.000000000000000   
0.024999068097818   0.026308276580059   0.027588363652454   0.028222941044863   0.028816766685964   0.029471058310158   0.030116253825611   0.031137272665799   0.031789514605756   0.032276305639941   0.032802193311311   0.033389194457899   0.033963541290476   0.012986733809587   0.013051094955005   0.013115456100423   0.012960033814429   0.012969671614518   0.012979309414607   0.013154007300779   0.013711939085346   0.014269870869914   0.012491454167549   0.012487787543783   0.012484120920016   0.014255204374848   
0.043299656087295   0.042429001177033   0.041520202342650   0.041057811925046   0.040539264984466   0.040106529273126   0.039659797841298   0.038428719466109   0.036800957483555   0.036197560204344   0.035642516366371   0.035155849147674   0.034653965422571   0.017249780229422   0.016977426765079   0.016705073300736   0.016479274230621   0.016459511670617   0.016439749110614   0.016626023060723   0.015929590155293   0.015233157249863   0.013238089584301   0.013171472664712   0.013104855745122   0.014966689571507   
1.000000000000000   0.998022240591784   0.997033360887676   0.996538921035622   0.996291701109595   0.996044481183568   0.996044481183568   0.996044481183568   0.997033360887676   0.997527800739730   0.998269460517811   0.999011120295892   1.000000000000000   1.000000000000000   1.000000000000000   1.000000000000000   0.987764134381599   0.987764134381599   0.987764134381599   1.000000000000000   1.000000000000000   1.000000000000000   0.872449388998306   0.872449388998306   0.872449388998306   1.000000000000000   
PATCH 27 
2 2 
6 4 
0.000000000000000   0.000000000000000   0.000000000000000   0.250000000000000   0.500000000000000   0.750000000000000   1.000000000000000   1.000000000000000   1.000000000000000   
0.000000000000000   0.000000000000000   0.000000000000000   0.500000000000000   1.000000000000000   1.000000000000000   1.000000000000000   
0.010360615817376   0.009600065272486   0.008078964182705   0.006557863092924   0.005036762003144   0.004276211458254   0.011017145315429   0.010256594770538   0.008735493680758   0.007214392590977   0.005693291501197   0.004932740956306   0.012330204311534   0.011569653766644   0.010048552676863   0.008527451587083   0.007006350497302   0.006245799952412   0.012986733809587   0.012226183264697   0.010705082174916   0.009183981085136   0.007662879995355   0.006902329450465   
0.016629189768460   0.019847569030730   0.026284327555271   0.032721086079811   0.039157844604352   0.042376223866622   0.016784337383700   0.020002716645971   0.026439475170511   0.032876233695052   0.039312992219592   0.042531371481862   0.017094632614181   0.020313011876452   0.026749770400992   0.033186528925533   0.039623287450073   0.042841666712343   0.017249780229422   0.020468159491692   0.026904918016233   0.033341676540773   0.039778435065313   0.042996814327584   
1.000000000000000   1.000000000000000   1.000000000000000   1.000000000000000   1.000000000000000   1.000000000000000   1.000000000000000   1.000000000000000   1.000000000000000   1.000000000000000   1.000000000000000   1.000000000000000   1.000000000000000   1.000000000000000   1.000000000000000   1.000000000000000   1.000000000000000   1.000000000000000   1.000000000000000   1.000000000000000   1.000000000000000   1.000000000000000   1.000000000000000   1.000000000000000   
PATCH 28 
2 2 
13 4 
0.000000000000000   0.000000000000000   0.000000000000000   0.250000000000000   0.250000000000000   0.375000000000000   0.375000000000000   0.500000000000000   0.500000000000000   0.750000000000000   0.750000000000000   0.875000000000000   0.875000000000000   1.000000000000000   1.000000000000000   1.000000000000000   
0.000000000000000   0.000000000000000   0.000000000000000   0.500000000000000   1.000000000000000   1.000000000000000   1.000000000000000   
0.010360615817376   0.010555988967822   0.010751362118267   0.010683138556447   0.010689427650638   0.010695716744828   0.010776518495029   0.011369981679110   0.011963444863190   0.010823111805395   0.012110405792675   0.010995677474886   0.012274348894326   0.011017145315429   0.011179765464617   0.011342385613806   0.011252362370943   0.011259488641608   0.011266614912273   0.011370890696466   0.011955471030669   0.012540051364871   0.011240197395934   0.012204751230452   0.011367788336168   0.012769562764456   0.012330204311534   0.012427318458209   0.012524432604884   0.012390809999933   0.012399610623548   0.012408411247162   0.012559635099341   0.013126449733787   0.013693264368233   0.012074368577011   0.012393442106006   0.012112010058734   0.013759990504717   0.012986733809587   0.013051094955005   0.013115456100423   0.012960033814429   0.012969671614518   0.012979309414607   0.013154007300779   0.013711939085346   0.014269870869914   0.012491454167549   0.012487787543783   0.012484120920016   0.014255204374848   
0.016629189768460   0.015802440119770   0.014975690471080   0.014859564763276   0.014844517099794   0.014829469436312   0.014915499817153   0.013968284264170   0.013021068711188   0.011656160172897   0.012928527565475   0.011636603379752   0.012985834090984   0.016784337383700   0.016096186781097   0.015408036178494   0.015264492130112   0.015248265742500   0.015232039354887   0.015343130628045   0.014458610736951   0.013574090845857   0.012051642525748   0.012989263840284   0.012003666471095   0.013481047961115   0.017094632614181   0.016683680103752   0.016272727593322   0.016074346863784   0.016055763027911   0.016037179192038   0.016198392249831   0.015439263682513   0.014680135115194   0.012842607231450   0.013110736389902   0.012737792653780   0.014471475701376   0.017249780229422   0.016977426765079   0.016705073300736   0.016479274230621   0.016459511670617   0.016439749110614   0.016626023060723   0.015929590155293   0.015233157249863   0.013238089584301   0.013171472664712   0.013104855745122   0.014966689571507   
1.000000000000000   1.000000000000000   1.000000000000000   0.993305562456024   0.993305562456024   0.993305562456024   1.000000000000000   1.000000000000000   1.000000000000000   0.900828166033807   1.000000000000000   0.900828166033807   1.000000000000000   1.000000000000000   1.000000000000000   1.000000000000000   0.991920205437418   0.991920205437418   0.991920205437418   1.000000000000000   1.000000000000000   1.000000000000000   0.893733471774932   0.968112347249577   0.893733471774932   1.000000000000000   1.000000000000000   1.000000000000000   1.000000000000000   0.989149491400206   0.989149491400206   0.989149491400206   1.000000000000000   1.000000000000000   1.000000000000000   0.879544083257181   0.904337041748730   0.879544083257181   1.000000000000000   1.000000000000000   1.000000000000000   1.000000000000000   0.987764134381599   0.987764134381599   0.987764134381599   1.000000000000000   1.000000000000000   1.000000000000000   0.872449388998306   0.872449388998306   0.872449388998306   1.000000000000000   
PATCH 29 
2 1 
13 2 
0.000000000000000   0.000000000000000   0.000000000000000   0.250000000000000   0.250000000000000   0.375000000000000   0.375000000000000   0.500000000000000   0.500000000000000   0.750000000000000   0.750000000000000   0.875000000000000   0.875000000000000   1.000000000000000   1.000000000000000   1.000000000000000   
0.000000000000000   0.000000000000000   1.000000000000000   1.000000000000000   
0.024999068097818   0.026308276580059   0.027588363652454   0.028222941044863   0.028816766685964   0.029471058310158   0.030116253825611   0.031137272665799   0.031789514605756   0.032276305639941   0.032802193311311   0.033389194457899   0.033963541290476   0.025250000000000   0.026178902508932   0.027094027156471   0.027551589480241   0.028005707338662   0.028459825197083   0.028910498590156   0.029811845376303   0.030699414301056   0.031143198763433   0.031583538760461   0.032023878757490   0.032460774289170   
0.043299656087295   0.042429001177033   0.041520202342650   0.041057811925046   0.040539264984466   0.040106529273126   0.039659797841298   0.038428719466109   0.036800957483555   0.036197560204344   0.035642516366371   0.035155849147674   0.034653965422571   0.043734282891114   0.043142506727484   0.042531053738569   0.042225327244111   0.041914681543332   0.041604035842553   0.041288470935453   0.040657341121252   0.040006534481766   0.039681131162023   0.039350808635958   0.039020486109894   0.038685244377508   
1.000000000000000   0.998022240591784   0.997033360887676   0.996538921035622   0.996291701109595   0.996044481183568   0.996044481183568   0.996044481183568   0.997033360887676   0.997527800739730   0.998269460517811   0.999011120295892   1.000000000000000   1.000000000000000   0.999048674522937   0.998573011784405   0.998335180415139   0.998216264730506   0.998097349045873   0.998097349045873   0.998097349045873   0.998573011784405   0.998810843153671   0.999167590207569   0.999524337261468   1.000000000000000   
PATCH 30 
2 1 
6 2 
0.000000000000000   0.000000000000000   0.000000000000000   0.250000000000000   0.500000000000000   0.750000000000000   1.000000000000000   1.000000000000000   1.000000000000000   
0.000000000000000   0.000000000000000   1.000000000000000   1.000000000000000   
0.010360615817376   0.009600065272486   0.008078964182705   0.006557863092924   0.005036762003144   0.004276211458254   0.000000000000000   0.000000000000000   0.000000000000000   0.000000000000000   0.000000000000000   0.000000000000000   
0.016629189768460   0.019847569030730   0.026284327555271   0.032721086079811   0.039157844604352   0.042376223866622   0.014550000000000   0.018028277983328   0.024984833949983   0.031941389916639   0.038897945883294   0.042376223866622   
1.000000000000000   1.000000000000000   1.000000000000000   1.000000000000000   1.000000000000000   1.000000000000000   1.000000000000000   1.000000000000000   1.000000000000000   1.000000000000000   1.000000000000000   1.000000000000000   
PATCH 31 
2 1 
13 2 
0.000000000000000   0.000000000000000   0.000000000000000   0.250000000000000   0.250000000000000   0.375000000000000   0.375000000000000   0.500000000000000   0.500000000000000   0.750000000000000   0.750000000000000   0.875000000000000   0.875000000000000   1.000000000000000   1.000000000000000   1.000000000000000   
0.000000000000000   0.000000000000000   1.000000000000000   1.000000000000000   
0.004276211458254   0.003822095914832   0.003367980371411   0.003359300342765   0.003358034059191   0.003356767775617   0.003362915237116   0.003312154640573   0.003261394044031   0.002954444841789   0.003323724982054   0.003076693940336   0.003483223853448   0.000000000000000   0.000000000000000   0.000000000000000   0.000000000000000   0.000000000000000   0.000000000000000   0.000000000000000   0.000000000000000   0.000000000000000   0.000000000000000   0.000000000000000   0.000000000000000   0.000000000000000   
0.042376223866622   0.044297879248294   0.046219534629965   0.046137049171155   0.046145829757940   0.046154610344724   0.046254656977105   0.047186912880181   0.048119168783257   0.043741830139953   0.048275399288801   0.043857364873267   0.048328814892528   0.042376223866622   0.043329195883294   0.044282167899966   0.044758653908303   0.045235139916639   0.045711625924975   0.046188111933311   0.047141083949983   0.048094055966655   0.048570541974992   0.049047027983328   0.049523513991664   0.050000000000000   
1.000000000000000   1.000000000000000   1.000000000000000   0.998028558960805   0.998028558960805   0.998028558960805   1.000000000000000   1.000000000000000   1.000000000000000   0.907286074312607   1.000000000000000   0.907286074312607   1.000000000000000   1.000000000000000   1.000000000000000   1.000000000000000   1.000000000000000   1.000000000000000   1.000000000000000   1.000000000000000   1.000000000000000   1.000000000000000   1.000000000000000   1.000000000000000   1.000000000000000   1.000000000000000   
PATCH 32 
2 1 
13 2 
0.000000000000000   0.000000000000000   0.000000000000000   0.250000000000000   0.250000000000000   0.375000000000000   0.375000000000000   0.500000000000000   0.500000000000000   0.750000000000000   0.750000000000000   0.875000000000000   0.875000000000000   1.000000000000000   1.000000000000000   1.000000000000000   
0.000000000000000   0.000000000000000   1.000000000000000   1.000000000000000   
0.000000000000000   0.001375086908233   0.002699153302296   0.003361186499328   0.004010464567817   0.004659742636306   0.005296265576253   0.006569311456146   0.007791336821870   0.008402349504732   0.009000607059051   0.009598864613371   0.010184367039148   0.010360615817376   0.010555988967822   0.010751362118267   0.010683138556447   0.010689427650638   0.010695716744828   0.010776518495029   0.011369981679110   0.011963444863190   0.010823111805395   0.012110405792675   0.010995677474886   0.012274348894326   
0.014550000000000   0.014280072158812   0.013885195660185   0.013687757410871   0.013459081997197   0.013230406583524   0.012970494005490   0.012450668849423   0.011805895035916   0.011483508129163   0.011129884058050   0.010776259986937   0.010391398751464   0.016629189768460   0.015802440119770   0.014975690471080   0.014859564763276   0.014844517099794   0.014829469436312   0.014915499817153   0.013968284264170   0.013021068711188   0.011656160172897   0.012928527565475   0.011636603379752   0.012985834090984   
1.000000000000000   0.981448258337599   0.972172387506399   0.967534452090799   0.965215484382999   0.962896516675199   0.962896516675199   0.962896516675199   0.972172387506399   0.976810322921999   0.983767226045399   0.990724129168800   1.000000000000000   1.000000000000000   1.000000000000000   1.000000000000000   0.993305562456024   0.993305562456024   0.993305562456024   1.000000000000000   1.000000000000000   1.000000000000000   0.900828166033807   1.000000000000000   0.900828166033807   1.000000000000000   
INTERFACE 1 
1 2 
5 1 
1 
INTERFACE 2 
1 3 
2 4 
1 
INTERFACE 3 
2 1 
13 2 
1 
INTERFACE 4 
2 2 
3 1 
1 
INTERFACE 5 
2 3 
4 2 
1 
INTERFACE 6 
3 2 
7 1 
-1 
INTERFACE 7 
3 3 
4 4 
-1 
INTERFACE 8 
3 4 
5 3 
1 
INTERFACE 9 
4 1 
9 2 
1 
INTERFACE 10 
4 3 
13 3 
1 
INTERFACE 11 
5 2 
6 1 
1 
INTERFACE 12 
6 2 
11 1 
1 
INTERFACE 13 
6 3 
7 3 
1 
INTERFACE 14 
7 2 
8 1 
1 
INTERFACE 15 
7 4 
9 4 
-1 
INTERFACE 16 
8 2 
15 1 
1 
INTERFACE 17 
8 3 
11 3 
1 
INTERFACE 18 
8 4 
10 4 
1 
INTERFACE 19 
9 1 
10 1 
1 
INTERFACE 20 
9 3 
12 3 
1 
INTERFACE 21 
10 2 
16 3 
1 
INTERFACE 22 
10 3 
14 4 
1 
INTERFACE 23 
11 2 
18 1 
1 
INTERFACE 24 
12 1 
14 1 
-1 
INTERFACE 25 
12 2 
13 1 
1 
INTERFACE 26 
14 2 
17 1 
-1 
INTERFACE 27 
15 2 
26 2 
1 
INTERFACE 28 
15 3 
18 3 
1 
INTERFACE 29 
15 4 
16 2 
1 
INTERFACE 30 
16 1 
17 3 
1 
INTERFACE 31 
16 4 
28 2 
1 
INTERFACE 32 
17 2 
32 2 
-1 
INTERFACE 33 
18 2 
29 2 
1 
INTERFACE 34 
19 2 
23 1 
1 
INTERFACE 35 
19 3 
20 4 
1 
INTERFACE 36 
20 1 
31 2 
1 
INTERFACE 37 
20 2 
21 1 
1 
INTERFACE 38 
20 3 
22 2 
1 
INTERFACE 39 
21 2 
25 1 
-1 
INTERFACE 40 
21 3 
22 4 
-1 
INTERFACE 41 
21 4 
23 3 
1 
INTERFACE 42 
22 1 
27 2 
1 
INTERFACE 43 
22 3 
31 3 
1 
INTERFACE 44 
23 2 
24 1 
1 
INTERFACE 45 
24 2 
29 1 
1 
INTERFACE 46 
24 3 
25 3 
1 
INTERFACE 47 
25 2 
26 1 
1 
INTERFACE 48 
25 4 
27 4 
-1 
INTERFACE 49 
26 3 
29 3 
1 
INTERFACE 50 
26 4 
28 4 
1 
INTERFACE 51 
27 1 
28 1 
1 
INTERFACE 52 
27 3 
30 3 
1 
INTERFACE 53 
28 3 
32 4 
1 
INTERFACE 54 
30 1 
32 1 
-1 
INTERFACE 55 
30 2 
31 1 
1 
BOUNDARY 1 
1 
1 1 
BOUNDARY 2 
1 
1 4 
BOUNDARY 3 
1 
5 4 
BOUNDARY 4 
1 
6 4 
BOUNDARY 5 
1 
11 4 
BOUNDARY 6 
1 
12 4 
BOUNDARY 7 
1 
13 4 
BOUNDARY 8 
1 
14 3 
BOUNDARY 9 
1 
17 4 
BOUNDARY 10 
1 
18 4 
BOUNDARY 11 
1 
19 1 
BOUNDARY 12 
1 
19 4 
BOUNDARY 13 
1 
23 4 
BOUNDARY 14 
1 
24 4 
BOUNDARY 15 
1 
29 4 
BOUNDARY 16 
1 
30 4 
BOUNDARY 17 
1 
31 4 
BOUNDARY 18 
1 
32 3 
