# nurbs mesh v.2.1
#
# 14-Jul-2024
#
2 2 32 55 0 
PATCH 1 
2 1 
4 2 
0.000000000000000   0.000000000000000   0.000000000000000   0.500000000000000   1.000000000000000   1.000000000000000   1.000000000000000   
0.000000000000000   0.000000000000000   1.000000000000000   1.000000000000000   
0.050000000000000   0.049904867452294   0.049525061277599   0.049240387650610   0.050500000000000   0.050403916126817   0.050020311890375   0.049732791527117   
0.000000000000000   0.002178893568691   0.006520098010365   0.008682408883347   0.000000000000000   0.002200682504378   0.006585298990468   0.008769232972180   
1.000000000000000   0.998097349045873   0.998097349045873   1.000000000000000   1.000000000000000   0.998097349045873   0.998097349045873   1.000000000000000   
PATCH 2 
2 1 
4 2 
0.000000000000000   0.000000000000000   0.000000000000000   0.500000000000000   1.000000000000000   1.000000000000000   1.000000000000000   
0.000000000000000   0.000000000000000   1.000000000000000   1.000000000000000   
0.048328338551866   0.048207174445707   0.047964846233389   0.047843682127230   0.050000000000000   0.049904867452294   0.049525061277599   0.049240387650610   
0.003474360587212   0.004565902389111   0.006748985992911   0.007840527794810   0.000000000000000   0.002178893568691   0.006520098010365   0.008682408883347   
1.000000000000000   1.000000000000000   1.000000000000000   1.000000000000000   1.000000000000000   0.998097349045873   0.998097349045873   1.000000000000000   
PATCH 3 
2 1 
13 2 
0.000000000000000   0.000000000000000   0.000000000000000   0.125000000000000   0.125000000000000   0.250000000000000   0.250000000000000   0.500000000000000   0.500000000000000   0.625000000000000   0.625000000000000   0.750000000000000   0.750000000000000   1.000000000000000   1.000000000000000   1.000000000000000   
0.000000000000000   0.000000000000000   1.000000000000000   1.000000000000000   
0.047843682127230   0.043324452552412   0.047755323781781   0.043183097726733   0.047587621467992   0.045553323730545   0.043519025993099   0.042756448059904   0.042730639038295   0.042704830016687   0.043415789906665   0.043194035778590   0.042972281650516   0.049240387650610   0.049122375608591   0.048474340924020   0.048538566013902   0.048305814173494   0.048066508118292   0.047861449206934   0.047718652067539   0.047613671644786   0.047538207741255   0.047449086323442   0.047204176840748   0.046870398380836   
0.007840527794810   0.007185708471669   0.007985217847095   0.007279309869616   0.008010084338414   0.007401970503871   0.006793856669328   0.006671275746058   0.006670518921194   0.006669762096330   0.006790829369873   0.006843183173714   0.006895536977555   0.008682408883347   0.009214726804819   0.009641230081577   0.010205575619357   0.010708088165058   0.011761270451813   0.012824436663581   0.013346068248779   0.013878790685947   0.014421434125475   0.014961723354563   0.016024205773597   0.017059429878823   
1.000000000000000   0.905737239626348   1.000000000000000   0.905737239626348   1.000000000000000   1.000000000000000   1.000000000000000   0.983045588421268   0.983045588421268   0.983045588421268   1.000000000000000   1.000000000000000   1.000000000000000   1.000000000000000   0.999524337261468   0.999167590207569   0.998810843153671   0.998573011784405   0.998097349045873   0.998097349045873   0.998097349045873   0.998216264730506   0.998335180415139   0.998573011784404   0.999048674522936   1.000000000000000   
PATCH 4 
2 2 
13 4 
0.000000000000000   0.000000000000000   0.000000000000000   0.250000000000000   0.250000000000000   0.375000000000000   0.375000000000000   0.500000000000000   0.500000000000000   0.750000000000000   0.750000000000000   0.875000000000000   0.875000000000000   1.000000000000000   1.000000000000000   1.000000000000000   
0.000000000000000   0.000000000000000   0.000000000000000   0.500000000000000   1.000000000000000   1.000000000000000   1.000000000000000   
0.042351828279152   0.044273519653936   0.046195211028720   0.046112798192029   0.046121577809199   0.046130357426369   0.046230329497401   0.047174526434731   0.048118723372061   0.043743900557856   0.048274908225407   0.043859411642011   0.048328338551866   0.042506941621993   0.044003648685100   0.045500355748206   0.045260806148193   0.045273843116473   0.045286880084753   0.045552503621326   0.046769225758685   0.047985947896044   0.043603699850075   0.048145012114501   0.043725671869611   0.048207174445707   0.042817168307675   0.043463906747427   0.044110645187178   0.043556822060522   0.043578373731021   0.043599925401520   0.044196851869175   0.045958624406592   0.047720396944009   0.043323298434513   0.047885219892687   0.043458192324812   0.047964846233389   0.042972281650516   0.043194035778590   0.043415789906665   0.042704830016687   0.042730639038295   0.042756448059904   0.043519025993099   0.045553323730545   0.047587621467992   0.043183097726733   0.047755323781781   0.043324452552412   0.047843682127230   
0.004267493047918   0.003813802042695   0.003360111037472   0.003351450499956   0.003350186157765   0.003348921815574   0.003355053668708   0.003303821500606   0.003252589332504   0.002946642220714   0.003314913867804   0.003068852063004   0.003474360587212   0.004924504030327   0.004571147325450   0.004217790620572   0.004181028399049   0.004180269348622   0.004179510298195   0.004214754418863   0.004328358751422   0.004441963083981   0.004029809132939   0.004482489862627   0.004098066165170   0.004565902389111   0.006238525995146   0.006085837890959   0.005933149786773   0.005840184197237   0.005840435730337   0.005840687263437   0.005934155919173   0.006377433253055   0.006820710586936   0.006196142957390   0.006817641852272   0.006156494369503   0.006748985992911   0.006895536977555   0.006843183173714   0.006790829369873   0.006669762096330   0.006670518921194   0.006671275746058   0.006793856669328   0.007401970503871   0.008010084338414   0.007279309869616   0.007985217847095   0.007185708471669   0.007840527794810   
1.000000000000000   1.000000000000000   1.000000000000000   0.998029109620330   0.998029109620330   0.998029109620330   1.000000000000000   1.000000000000000   1.000000000000000   0.907337946566629   1.000000000000000   0.907337946566629   1.000000000000000   1.000000000000000   1.000000000000000   1.000000000000000   0.994283229320565   0.994283229320565   0.994283229320565   1.000000000000000   1.000000000000000   1.000000000000000   0.906937769831559   1.000000000000000   0.906937769831559   1.000000000000000   1.000000000000000   1.000000000000000   1.000000000000000   0.986791468721033   0.986791468721033   0.986791468721033   1.000000000000000   1.000000000000000   1.000000000000000   0.906137416361418   1.000000000000000   0.906137416361418   1.000000000000000   1.000000000000000   1.000000000000000   1.000000000000000   0.983045588421268   0.983045588421268   0.983045588421268   1.000000000000000   1.000000000000000   1.000000000000000   0.905737239626348   1.000000000000000   0.905737239626348   1.000000000000000   
PATCH 5 
2 1 
13 2 
0.000000000000000   0.000000000000000   0.000000000000000   0.125000000000000   0.125000000000000   0.250000000000000   0.250000000000000   0.500000000000000   0.500000000000000   0.625000000000000   0.625000000000000   0.750000000000000   0.750000000000000   1.000000000000000   1.000000000000000   1.000000000000000   
0.000000000000000   0.000000000000000   1.000000000000000   1.000000000000000   
0.049240387650610   0.049122375608591   0.048474340924020   0.048538566013902   0.048305814173494   0.048066508118292   0.047861449206934   0.047718652067539   0.047613671644786   0.047538207741255   0.047449086323442   0.047204176840748   0.046870398380836   0.049732791527117   0.049613599364677   0.049488606583825   0.049363613802972   0.049232820403708   0.048971233605179   0.048686444333000   0.048544049696911   0.048395854442409   0.048247659187908   0.048093663314994   0.047785671569166   0.047454477349688   
0.008682408883347   0.009214726804819   0.009641230081577   0.010205575619357   0.010708088165058   0.011761270451813   0.012824436663581   0.013346068248779   0.013878790685947   0.014421434125475   0.014961723354563   0.016024205773597   0.017059429878823   0.008769232972180   0.009306874072867   0.009842960902535   0.010379047732203   0.010913580290852   0.011982645408149   0.013045493441370   0.013576917457981   0.014106787203572   0.014636656949163   0.015164972423735   0.016221603372879   0.017272017237946   
1.000000000000000   0.999524337261468   0.999167590207569   0.998810843153671   0.998573011784405   0.998097349045873   0.998097349045873   0.998097349045873   0.998216264730506   0.998335180415139   0.998573011784404   0.999048674522936   1.000000000000000   1.000000000000000   0.999524337261468   0.999167590207569   0.998810843153671   0.998573011784405   0.998097349045873   0.998097349045873   0.998097349045873   0.998216264730506   0.998335180415139   0.998573011784404   0.999048674522936   1.000000000000000   
PATCH 6 
2 1 
6 2 
0.000000000000000   0.000000000000000   0.000000000000000   0.250000000000000   0.500000000000000   0.750000000000000   1.000000000000000   1.000000000000000   1.000000000000000   
0.000000000000000   0.000000000000000   1.000000000000000   1.000000000000000   
0.046870398380836   0.046563526923932   0.045687983442516   0.044603961268536   0.043707424361159   0.043299650394455   0.047454477349688   0.047032993823604   0.046146485990198   0.045216437375554   0.044242847979673   0.043734282891114   
0.017059429878823   0.018107008405127   0.020102627309290   0.021996815562563   0.023979304861859   0.024999064811055   0.017272017237946   0.018289568482936   0.020304367573183   0.022298863263696   0.024273055554476   0.025250000000000   
1.000000000000000   0.999048674522936   0.998097349045873   0.998097349045873   0.999048674522936   1.000000000000000   1.000000000000000   0.999048674522936   0.998097349045873   0.998097349045873   0.999048674522936   1.000000000000000   
PATCH 7 
2 1 
6 2 
0.000000000000000   0.000000000000000   0.000000000000000   0.250000000000000   0.500000000000000   0.750000000000000   1.000000000000000   1.000000000000000   1.000000000000000   
0.000000000000000   0.000000000000000   1.000000000000000   1.000000000000000   
0.046870398380836   0.046563526923932   0.045687983442516   0.044603961268536   0.043707424361159   0.043299650394455   0.042972281650516   0.039755114195440   0.033320779285287   0.026886444375134   0.020452109464981   0.017234942009905   
0.017059429878823   0.018107008405127   0.020102627309290   0.021996815562563   0.023979304861859   0.024999064811055   0.006895536977555   0.007655076181308   0.009174154588816   0.010693232996324   0.012212311403831   0.012971850607585   
1.000000000000000   0.999048674522936   0.998097349045873   0.998097349045873   0.999048674522936   1.000000000000000   1.000000000000000   1.000000000000000   1.000000000000000   1.000000000000000   1.000000000000000   1.000000000000000   
PATCH 8 
2 1 
13 2 
0.000000000000000   0.000000000000000   0.000000000000000   0.250000000000000   0.250000000000000   0.375000000000000   0.375000000000000   0.500000000000000   0.500000000000000   0.750000000000000   0.750000000000000   0.875000000000000   0.875000000000000   1.000000000000000   1.000000000000000   1.000000000000000   
0.000000000000000   0.000000000000000   1.000000000000000   1.000000000000000   
0.043299650394455   0.042428993259877   0.041520190816418   0.041057643251656   0.040538954003667   0.040107714044021   0.039659863282435   0.038428917742285   0.036801203164211   0.036198403396927   0.035642720617779   0.035155854730990   0.034653950753875   0.017234942009905   0.016962820450811   0.016690698891717   0.016464827828631   0.016445053233515   0.016425278638399   0.016611600511254   0.015915001472163   0.015218402433072   0.013225110015882   0.013158491447247   0.013091872878611   0.014951928158530   
0.024999064811055   0.026308274694130   0.027588362154162   0.028222832887857   0.028816555083566   0.029471940064303   0.030116316430357   0.031137449897029   0.031789747321462   0.032277080020116   0.032802405916912   0.033389226553463   0.033963555944920   0.012971850607585   0.013036095629085   0.013100340650584   0.012944917432140   0.012954559006594   0.012964200581048   0.013138906948399   0.013697020161011   0.014255133373624   0.012478499150327   0.012474833847715   0.012471168545103   0.014240472163174   
1.000000000000000   0.998022234112087   0.997033351168130   0.996538909696152   0.996291688960163   0.996044468224173   0.996044468224173   0.996044468224173   0.997033351168130   0.997527792640108   0.998269454848076   0.999011117056043   1.000000000000000   1.000000000000000   1.000000000000000   1.000000000000000   0.987750075091158   0.987750075091158   0.987750075091158   1.000000000000000   1.000000000000000   1.000000000000000   0.872442340159023   0.872442340159023   0.872442340159023   1.000000000000000   
PATCH 9 
2 2 
6 4 
0.000000000000000   0.000000000000000   0.000000000000000   0.250000000000000   0.500000000000000   0.750000000000000   1.000000000000000   1.000000000000000   1.000000000000000   
0.000000000000000   0.000000000000000   0.000000000000000   0.500000000000000   1.000000000000000   1.000000000000000   1.000000000000000   
0.016614488638540   0.019831656093617   0.026265991003770   0.032700325913922   0.039134660824075   0.042351828279152   0.016769601981381   0.019986769436458   0.026421104346611   0.032855439256763   0.039289774166916   0.042506941621993   0.017079828667064   0.020296996122140   0.026731331032293   0.033165665942446   0.039600000852599   0.042817168307675   0.017234942009905   0.020452109464981   0.026886444375134   0.033320779285287   0.039755114195440   0.042972281650516   
0.010343806677949   0.009584267474195   0.008065189066687   0.006546110659180   0.005027032251672   0.004267493047918   0.011000817660358   0.010241278456604   0.008722200049096   0.007203121641589   0.005684043234081   0.004924504030327   0.012314839625176   0.011555300421422   0.010036222013915   0.008517143606407   0.006998065198899   0.006238525995146   0.012971850607585   0.012212311403831   0.010693232996324   0.009174154588816   0.007655076181308   0.006895536977555   
1.000000000000000   1.000000000000000   1.000000000000000   1.000000000000000   1.000000000000000   1.000000000000000   1.000000000000000   1.000000000000000   1.000000000000000   1.000000000000000   1.000000000000000   1.000000000000000   1.000000000000000   1.000000000000000   1.000000000000000   1.000000000000000   1.000000000000000   1.000000000000000   1.000000000000000   1.000000000000000   1.000000000000000   1.000000000000000   1.000000000000000   1.000000000000000   
PATCH 10 
2 2 
13 4 
0.000000000000000   0.000000000000000   0.000000000000000   0.250000000000000   0.250000000000000   0.375000000000000   0.375000000000000   0.500000000000000   0.500000000000000   0.750000000000000   0.750000000000000   0.875000000000000   0.875000000000000   1.000000000000000   1.000000000000000   1.000000000000000   
0.000000000000000   0.000000000000000   0.000000000000000   0.500000000000000   1.000000000000000   1.000000000000000   1.000000000000000   
0.016614488638540   0.015786149679744   0.014957810720947   0.014835597139323   0.014820154631289   0.014804712123254   0.014896040688810   0.013956637966749   0.013017235244689   0.011666302050914   0.012926131519007   0.011647619261128   0.012983538458430   0.016769601981381   0.016080317372510   0.015391032763640   0.015242904811650   0.015226379281845   0.015209853752041   0.015324930644421   0.014446228843103   0.013567527041785   0.012056004042156   0.012984221501067   0.012008682665499   0.013475635883455   0.017079828667064   0.016668652758044   0.016257476849025   0.016057520156304   0.016038828582958   0.016020137009613   0.016182710555643   0.015425410595809   0.014668110635976   0.012835408024640   0.013100401465187   0.012730809474241   0.014459830733505   0.017234942009905   0.016962820450811   0.016690698891717   0.016464827828631   0.016445053233515   0.016425278638399   0.016611600511254   0.015915001472163   0.015218402433072   0.013225110015882   0.013158491447247   0.013091872878611   0.014951928158530   
0.010343806677949   0.010539368743644   0.010734930809339   0.010662785677056   0.010669320543823   0.010675855410591   0.010761070276409   0.011361610992906   0.011962151709404   0.010834181110182   0.012109043779411   0.011006018598613   0.012272082463074   0.011000817660358   0.011163550465004   0.011326283269651   0.011233318615827   0.011240630159516   0.011247941703205   0.011355529444406   0.011945463284933   0.012535397125459   0.011245260620219   0.012200491296487   0.011372306085235   0.012764179888099   0.012314839625176   0.012411913907724   0.012508988190273   0.012374384493369   0.012383249390901   0.012392114288433   0.012544447780401   0.013113167868985   0.013681887957569   0.012067419640291   0.012383386330639   0.012104881058480   0.013748374738149   0.012971850607585   0.013036095629085   0.013100340650584   0.012944917432140   0.012954559006594   0.012964200581048   0.013138906948399   0.013697020161011   0.014255133373624   0.012478499150327   0.012474833847715   0.012471168545103   0.014240472163174   
1.000000000000000   1.000000000000000   1.000000000000000   0.992920492116676   0.992920492116676   0.992920492116676   1.000000000000000   1.000000000000000   1.000000000000000   0.901813557975942   1.000000000000000   0.901813557975942   1.000000000000000   1.000000000000000   1.000000000000000   1.000000000000000   0.991627887860296   0.991627887860296   0.991627887860296   1.000000000000000   1.000000000000000   1.000000000000000   0.894470753521712   0.968110585039756   0.894470753521712   1.000000000000000   1.000000000000000   1.000000000000000   1.000000000000000   0.989042679347538   0.989042679347538   0.989042679347538   1.000000000000000   1.000000000000000   1.000000000000000   0.879785144613253   0.904331755119267   0.879785144613253   1.000000000000000   1.000000000000000   1.000000000000000   1.000000000000000   0.987750075091158   0.987750075091158   0.987750075091158   1.000000000000000   1.000000000000000   1.000000000000000   0.872442340159023   0.872442340159023   0.872442340159023   1.000000000000000   
PATCH 11 
2 1 
13 2 
0.000000000000000   0.000000000000000   0.000000000000000   0.250000000000000   0.250000000000000   0.375000000000000   0.375000000000000   0.500000000000000   0.500000000000000   0.750000000000000   0.750000000000000   0.875000000000000   0.875000000000000   1.000000000000000   1.000000000000000   1.000000000000000   
0.000000000000000   0.000000000000000   1.000000000000000   1.000000000000000   
0.043299650394455   0.042428993259877   0.041520190816418   0.041057643251656   0.040538954003667   0.040107714044021   0.039659863282435   0.038428917742285   0.036801203164211   0.036198403396927   0.035642720617779   0.035155854730990   0.034653950753875   0.043734282891114   0.043142506727484   0.042531053738569   0.042225327244111   0.041914681543332   0.041604035842553   0.041288470935453   0.040657341121252   0.040006534481766   0.039681131162023   0.039350808635958   0.039020486109894   0.038685244377508   
0.024999064811055   0.026308274694130   0.027588362154162   0.028222832887857   0.028816555083566   0.029471940064303   0.030116316430357   0.031137449897029   0.031789747321462   0.032277080020116   0.032802405916912   0.033389226553463   0.033963555944920   0.025250000000000   0.026178902508932   0.027094027156471   0.027551589480241   0.028005707338662   0.028459825197083   0.028910498590156   0.029811845376303   0.030699414301056   0.031143198763433   0.031583538760461   0.032023878757490   0.032460774289170   
1.000000000000000   0.998022234112087   0.997033351168130   0.996538909696152   0.996291688960163   0.996044468224173   0.996044468224173   0.996044468224173   0.997033351168130   0.997527792640108   0.998269454848076   0.999011117056043   1.000000000000000   1.000000000000000   0.999048674522937   0.998573011784405   0.998335180415139   0.998216264730506   0.998097349045873   0.998097349045873   0.998097349045873   0.998573011784405   0.998810843153671   0.999167590207569   0.999524337261468   1.000000000000000   
PATCH 12 
2 1 
6 2 
0.000000000000000   0.000000000000000   0.000000000000000   0.250000000000000   0.500000000000000   0.750000000000000   1.000000000000000   1.000000000000000   1.000000000000000   
0.000000000000000   0.000000000000000   1.000000000000000   1.000000000000000   
0.016614488638540   0.019831656093617   0.026265991003770   0.032700325913922   0.039134660824075   0.042351828279152   0.014550000000000   0.018025228534894   0.024975685604682   0.031926142674470   0.038876599744258   0.042351828279152   
0.010343806677949   0.009584267474195   0.008065189066687   0.006546110659180   0.005027032251672   0.004267493047918   0.000000000000000   0.000000000000000   0.000000000000000   0.000000000000000   0.000000000000000   0.000000000000000   
1.000000000000000   1.000000000000000   1.000000000000000   1.000000000000000   1.000000000000000   1.000000000000000   1.000000000000000   1.000000000000000   1.000000000000000   1.000000000000000   1.000000000000000   1.000000000000000   
PATCH 13 
2 1 
13 2 
0.000000000000000   0.000000000000000   0.000000000000000   0.250000000000000   0.250000000000000   0.375000000000000   0.375000000000000   0.500000000000000   0.500000000000000   0.750000000000000   0.750000000000000   0.875000000000000   0.875000000000000   1.000000000000000   1.000000000000000   1.000000000000000   
0.000000000000000   0.000000000000000   1.000000000000000   1.000000000000000   
0.042351828279152   0.044273519653936   0.046195211028720   0.046112798192029   0.046121577809199   0.046130357426369   0.046230329497401   0.047174526434731   0.048118723372061   0.043743900557856   0.048274908225407   0.043859411642011   0.048328338551866   0.042351828279152   0.043307849744258   0.044263871209364   0.044741881941917   0.045219892674470   0.045697903407023   0.046175914139576   0.047131935604682   0.048087957069788   0.048565967802341   0.049043978534894   0.049521989267447   0.050000000000000   
0.004267493047918   0.003813802042695   0.003360111037472   0.003351450499956   0.003350186157765   0.003348921815574   0.003355053668708   0.003303821500606   0.003252589332504   0.002946642220714   0.003314913867804   0.003068852063004   0.003474360587212   0.000000000000000   0.000000000000000   0.000000000000000   0.000000000000000   0.000000000000000   0.000000000000000   0.000000000000000   0.000000000000000   0.000000000000000   0.000000000000000   0.000000000000000   0.000000000000000   0.000000000000000   
1.000000000000000   1.000000000000000   1.000000000000000   0.998029109620330   0.998029109620330   0.998029109620330   1.000000000000000   1.000000000000000   1.000000000000000   0.907337946566629   1.000000000000000   0.907337946566629   1.000000000000000   1.000000000000000   1.000000000000000   1.000000000000000   1.000000000000000   1.000000000000000   1.000000000000000   1.000000000000000   1.000000000000000   1.000000000000000   1.000000000000000   1.000000000000000   1.000000000000000   1.000000000000000   
PATCH 14 
2 1 
13 2 
0.000000000000000   0.000000000000000   0.000000000000000   0.250000000000000   0.250000000000000   0.375000000000000   0.375000000000000   0.500000000000000   0.500000000000000   0.750000000000000   0.750000000000000   0.875000000000000   0.875000000000000   1.000000000000000   1.000000000000000   1.000000000000000   
0.000000000000000   0.000000000000000   1.000000000000000   1.000000000000000   
0.014550000000000   0.014280071874907   0.013885194971489   0.013687756519780   0.013459080873490   0.013230405227200   0.012970492386329   0.012450666704587   0.011805892244521   0.011483505014487   0.011129880589873   0.010776256165259   0.010391394546063   0.016614488638540   0.015786149679744   0.014957810720947   0.014835597139323   0.014820154631289   0.014804712123254   0.014896040688810   0.013956637966749   0.013017235244689   0.011666302050914   0.012926131519007   0.011647619261128   0.012983538458430   
0.000000000000000   0.001375087603514   0.002699154613398   0.003361188118340   0.004010466474874   0.004659744831409   0.005296268039536   0.006569314455791   0.007791340278416   0.008402353189728   0.009000610952633   0.009598868715538   0.010184371330036   0.010343806677949   0.010539368743644   0.010734930809339   0.010662785677056   0.010669320543823   0.010675855410591   0.010761070276409   0.011361610992906   0.011962151709404   0.010834181110182   0.012109043779411   0.011006018598613   0.012272082463074   
1.000000000000000   0.981448238825207   0.972172358237810   0.967534417944112   0.965215447797263   0.962896477650414   0.962896477650414   0.962896477650414   0.972172358237810   0.976810298531508   0.983767208972056   0.990724119412603   1.000000000000000   1.000000000000000   1.000000000000000   1.000000000000000   0.992920492116676   0.992920492116676   0.992920492116676   1.000000000000000   1.000000000000000   1.000000000000000   0.901813557975942   1.000000000000000   0.901813557975942   1.000000000000000   
PATCH 15 
2 1 
4 2 
0.000000000000000   0.000000000000000   0.000000000000000   0.500000000000000   1.000000000000000   1.000000000000000   1.000000000000000   
0.000000000000000   0.000000000000000   1.000000000000000   1.000000000000000   
0.034653950753875   0.034489168953100   0.034143901984304   0.033963555944920   0.014951928158530   0.014774064159691   0.014418336162013   0.014240472163174   
0.033963555944920   0.034143901984304   0.034489168953100   0.034653950753875   0.014240472163174   0.014418336162013   0.014774064159691   0.014951928158530   
1.000000000000000   0.999974693439729   0.999974693439729   1.000000000000000   1.000000000000000   1.000000000000000   1.000000000000000   1.000000000000000   
PATCH 16 
2 2 
4 4 
0.000000000000000   0.000000000000000   0.000000000000000   0.500000000000000   1.000000000000000   1.000000000000000   1.000000000000000   
0.000000000000000   0.000000000000000   0.000000000000000   0.500000000000000   1.000000000000000   1.000000000000000   1.000000000000000   
0.012983538458430   0.013475635883455   0.014459830733505   0.014951928158530   0.012805674459591   0.013297771884616   0.014281966734666   0.014774064159691   0.012449946461913   0.012942043886938   0.013926238736988   0.014418336162013   0.012272082463074   0.012764179888099   0.013748374738149   0.014240472163174   
0.012272082463074   0.012764179888099   0.013748374738149   0.014240472163174   0.012449946461913   0.012942043886938   0.013926238736988   0.014418336162013   0.012805674459591   0.013297771884616   0.014281966734666   0.014774064159691   0.012983538458430   0.013475635883455   0.014459830733505   0.014951928158530   
1.000000000000000   1.000000000000000   1.000000000000000   1.000000000000000   1.000000000000000   1.000000000000000   1.000000000000000   1.000000000000000   1.000000000000000   1.000000000000000   1.000000000000000   1.000000000000000   1.000000000000000   1.000000000000000   1.000000000000000   1.000000000000000   
PATCH 17 
2 1 
4 2 
0.000000000000000   0.000000000000000   0.000000000000000   0.500000000000000   1.000000000000000   1.000000000000000   1.000000000000000   
0.000000000000000   0.000000000000000   1.000000000000000   1.000000000000000   
0.012983538458430   0.012805674459591   0.012449946461913   0.012272082463074   0.010391394546063   0.010339899106164   0.010236387498150   0.010184371330036   
0.012272082463074   0.012449946461913   0.012805674459591   0.012983538458430   0.010184371330036   0.010236387498150   0.010339899106164   0.010391394546063   
1.000000000000000   1.000000000000000   1.000000000000000   1.000000000000000   1.000000000000000   0.999974693439729   0.999974693439729   1.000000000000000   
PATCH 18 
2 1 
4 2 
0.000000000000000   0.000000000000000   0.000000000000000   0.500000000000000   1.000000000000000   1.000000000000000   1.000000000000000   
0.000000000000000   0.000000000000000   1.000000000000000   1.000000000000000   
0.034653950753875   0.034489168953100   0.034143901984304   0.033963555944920   0.038685244377508   0.037197068413715   0.034084833369545   0.032460774289170   
0.033963555944920   0.034143901984304   0.034489168953100   0.034653950753875   0.032460774289170   0.034084833369545   0.037197068413715   0.038685244377508   
1.000000000000000   0.999974693439729   0.999974693439729   1.000000000000000   1.000000000000000   0.998097349045873   0.998097349045873   1.000000000000000   
PATCH 19 
2 1 
4 2 
0.000000000000000   0.000000000000000   0.000000000000000   0.500000000000000   1.000000000000000   1.000000000000000   1.000000000000000   
0.000000000000000   0.000000000000000   1.000000000000000   1.000000000000000   
0.000000000000000   0.002178893568691   0.006520098010365   0.008682408883347   0.000000000000000   0.002200682504378   0.006585298990468   0.008769232972180   
0.050000000000000   0.049904867452294   0.049525061277599   0.049240387650610   0.050500000000000   0.050403916126817   0.050020311890375   0.049732791527117   
1.000000000000000   0.998097349045873   0.998097349045873   1.000000000000000   1.000000000000000   0.998097349045873   0.998097349045873   1.000000000000000   
PATCH 20 
2 1 
4 2 
0.000000000000000   0.000000000000000   0.000000000000000   0.500000000000000   1.000000000000000   1.000000000000000   1.000000000000000   
0.000000000000000   0.000000000000000   1.000000000000000   1.000000000000000   
0.003474360587212   0.004565902389111   0.006748985992911   0.007840527794810   0.000000000000000   0.002178893568691   0.006520098010365   0.008682408883347   
0.048328338551866   0.048207174445707   0.047964846233389   0.047843682127230   0.050000000000000   0.049904867452294   0.049525061277599   0.049240387650610   
1.000000000000000   1.000000000000000   1.000000000000000   1.000000000000000   1.000000000000000   0.998097349045873   0.998097349045873   1.000000000000000   
PATCH 21 
2 1 
13 2 
0.000000000000000   0.000000000000000   0.000000000000000   0.125000000000000   0.125000000000000   0.250000000000000   0.250000000000000   0.500000000000000   0.500000000000000   0.625000000000000   0.625000000000000   0.750000000000000   0.750000000000000   1.000000000000000   1.000000000000000   1.000000000000000   
0.000000000000000   0.000000000000000   1.000000000000000   1.000000000000000   
0.007840527794810   0.007185708471669   0.007985217847095   0.007279309869616   0.008010084338414   0.007401970503871   0.006793856669328   0.006671275746058   0.006670518921194   0.006669762096330   0.006790829369873   0.006843183173714   0.006895536977555   0.008682408883347   0.009214726804819   0.009641230081577   0.010205575619357   0.010708088165058   0.011761270451813   0.012824436663581   0.013346068248779   0.013878790685947   0.014421434125475   0.014961723354563   0.016024205773597   0.017059429878823   
0.047843682127230   0.043324452552412   0.047755323781781   0.043183097726733   0.047587621467992   0.045553323730545   0.043519025993099   0.042756448059904   0.042730639038295   0.042704830016687   0.043415789906665   0.043194035778590   0.042972281650516   0.049240387650610   0.049122375608591   0.048474340924020   0.048538566013902   0.048305814173494   0.048066508118292   0.047861449206934   0.047718652067539   0.047613671644786   0.047538207741255   0.047449086323442   0.047204176840748   0.046870398380836   
1.000000000000000   0.905737239626348   1.000000000000000   0.905737239626348   1.000000000000000   1.000000000000000   1.000000000000000   0.983045588421268   0.983045588421268   0.983045588421268   1.000000000000000   1.000000000000000   1.000000000000000   1.000000000000000   0.999524337261468   0.999167590207569   0.998810843153671   0.998573011784405   0.998097349045873   0.998097349045873   0.998097349045873   0.998216264730506   0.998335180415139   0.998573011784404   0.999048674522936   1.000000000000000   
PATCH 22 
2 2 
13 4 
0.000000000000000   0.000000000000000   0.000000000000000   0.250000000000000   0.250000000000000   0.375000000000000   0.375000000000000   0.500000000000000   0.500000000000000   0.750000000000000   0.750000000000000   0.875000000000000   0.875000000000000   1.000000000000000   1.000000000000000   1.000000000000000   
0.000000000000000   0.000000000000000   0.000000000000000   0.500000000000000   1.000000000000000   1.000000000000000   1.000000000000000   
0.004267493047918   0.003813802042695   0.003360111037472   0.003351450499956   0.003350186157765   0.003348921815574   0.003355053668708   0.003303821500606   0.003252589332504   0.002946642220714   0.003314913867804   0.003068852063004   0.003474360587212   0.004924504030327   0.004571147325450   0.004217790620572   0.004181028399049   0.004180269348622   0.004179510298195   0.004214754418863   0.004328358751422   0.004441963083981   0.004029809132939   0.004482489862627   0.004098066165170   0.004565902389111   0.006238525995146   0.006085837890959   0.005933149786773   0.005840184197237   0.005840435730337   0.005840687263437   0.005934155919173   0.006377433253055   0.006820710586936   0.006196142957390   0.006817641852272   0.006156494369503   0.006748985992911   0.006895536977555   0.006843183173714   0.006790829369873   0.006669762096330   0.006670518921194   0.006671275746058   0.006793856669328   0.007401970503871   0.008010084338414   0.007279309869616   0.007985217847095   0.007185708471669   0.007840527794810   
0.042351828279152   0.044273519653936   0.046195211028720   0.046112798192029   0.046121577809199   0.046130357426369   0.046230329497401   0.047174526434731   0.048118723372061   0.043743900557856   0.048274908225407   0.043859411642011   0.048328338551866   0.042506941621993   0.044003648685100   0.045500355748206   0.045260806148193   0.045273843116473   0.045286880084753   0.045552503621326   0.046769225758685   0.047985947896044   0.043603699850075   0.048145012114501   0.043725671869611   0.048207174445707   0.042817168307675   0.043463906747427   0.044110645187178   0.043556822060522   0.043578373731021   0.043599925401520   0.044196851869175   0.045958624406592   0.047720396944009   0.043323298434513   0.047885219892687   0.043458192324812   0.047964846233389   0.042972281650516   0.043194035778590   0.043415789906665   0.042704830016687   0.042730639038295   0.042756448059904   0.043519025993099   0.045553323730545   0.047587621467992   0.043183097726733   0.047755323781781   0.043324452552412   0.047843682127230   
1.000000000000000   1.000000000000000   1.000000000000000   0.998029109620330   0.998029109620330   0.998029109620330   1.000000000000000   1.000000000000000   1.000000000000000   0.907337946566629   1.000000000000000   0.907337946566629   1.000000000000000   1.000000000000000   1.000000000000000   1.000000000000000   0.994283229320565   0.994283229320565   0.994283229320565   1.000000000000000   1.000000000000000   1.000000000000000   0.906937769831559   1.000000000000000   0.906937769831559   1.000000000000000   1.000000000000000   1.000000000000000   1.000000000000000   0.986791468721033   0.986791468721033   0.986791468721033   1.000000000000000   1.000000000000000   1.000000000000000   0.906137416361418   1.000000000000000   0.906137416361418   1.000000000000000   1.000000000000000   1.000000000000000   1.000000000000000   0.983045588421268   0.983045588421268   0.983045588421268   1.000000000000000   1.000000000000000   1.000000000000000   0.905737239626348   1.000000000000000   0.905737239626348   1.000000000000000   
PATCH 23 
2 1 
13 2 
0.000000000000000   0.000000000000000   0.000000000000000   0.125000000000000   0.125000000000000   0.250000000000000   0.250000000000000   0.500000000000000   0.500000000000000   0.625000000000000   0.625000000000000   0.750000000000000   0.750000000000000   1.000000000000000   1.000000000000000   1.000000000000000   
0.000000000000000   0.000000000000000   1.000000000000000   1.000000000000000   
0.008682408883347   0.009214726804819   0.009641230081577   0.010205575619357   0.010708088165058   0.011761270451813   0.012824436663581   0.013346068248779   0.013878790685947   0.014421434125475   0.014961723354563   0.016024205773597   0.017059429878823   0.008769232972180   0.009306874072867   0.009842960902535   0.010379047732203   0.010913580290852   0.011982645408149   0.013045493441370   0.013576917457981   0.014106787203572   0.014636656949163   0.015164972423735   0.016221603372879   0.017272017237946   
0.049240387650610   0.049122375608591   0.048474340924020   0.048538566013902   0.048305814173494   0.048066508118292   0.047861449206934   0.047718652067539   0.047613671644786   0.047538207741255   0.047449086323442   0.047204176840748   0.046870398380836   0.049732791527117   0.049613599364677   0.049488606583825   0.049363613802972   0.049232820403708   0.048971233605179   0.048686444333000   0.048544049696911   0.048395854442409   0.048247659187908   0.048093663314994   0.047785671569166   0.047454477349688   
1.000000000000000   0.999524337261468   0.999167590207569   0.998810843153671   0.998573011784405   0.998097349045873   0.998097349045873   0.998097349045873   0.998216264730506   0.998335180415139   0.998573011784404   0.999048674522936   1.000000000000000   1.000000000000000   0.999524337261468   0.999167590207569   0.998810843153671   0.998573011784405   0.998097349045873   0.998097349045873   0.998097349045873   0.998216264730506   0.998335180415139   0.998573011784404   0.999048674522936   1.000000000000000   
PATCH 24 
2 1 
6 2 
0.000000000000000   0.000000000000000   0.000000000000000   0.250000000000000   0.500000000000000   0.750000000000000   1.000000000000000   1.000000000000000   1.000000000000000   
0.000000000000000   0.000000000000000   1.000000000000000   1.000000000000000   
0.017059429878823   0.018107008405127   0.020102627309290   0.021996815562563   0.023979304861859   0.024999064811055   0.017272017237946   0.018289568482936   0.020304367573183   0.022298863263696   0.024273055554476   0.025250000000000   
0.046870398380836   0.046563526923932   0.045687983442516   0.044603961268536   0.043707424361159   0.043299650394455   0.047454477349688   0.047032993823604   0.046146485990198   0.045216437375554   0.044242847979673   0.043734282891114   
1.000000000000000   0.999048674522936   0.998097349045873   0.998097349045873   0.999048674522936   1.000000000000000   1.000000000000000   0.999048674522936   0.998097349045873   0.998097349045873   0.999048674522936   1.000000000000000   
PATCH 25 
2 1 
6 2 
0.000000000000000   0.000000000000000   0.000000000000000   0.250000000000000   0.500000000000000   0.750000000000000   1.000000000000000   1.000000000000000   1.000000000000000   
0.000000000000000   0.000000000000000   1.000000000000000   1.000000000000000   
0.017059429878823   0.018107008405127   0.020102627309290   0.021996815562563   0.023979304861859   0.024999064811055   0.006895536977555   0.007655076181308   0.009174154588816   0.010693232996324   0.012212311403831   0.012971850607585   
0.046870398380836   0.046563526923932   0.045687983442516   0.044603961268536   0.043707424361159   0.043299650394455   0.042972281650516   0.039755114195440   0.033320779285287   0.026886444375134   0.020452109464981   0.017234942009905   
1.000000000000000   0.999048674522936   0.998097349045873   0.998097349045873   0.999048674522936   1.000000000000000   1.000000000000000   1.000000000000000   1.000000000000000   1.000000000000000   1.000000000000000   1.000000000000000   
PATCH 26 
2 1 
13 2 
0.000000000000000   0.000000000000000   0.000000000000000   0.250000000000000   0.250000000000000   0.375000000000000   0.375000000000000   0.500000000000000   0.500000000000000   0.750000000000000   0.750000000000000   0.875000000000000   0.875000000000000   1.000000000000000   1.000000000000000   1.000000000000000   
0.000000000000000   0.000000000000000   1.000000000000000   1.000000000000000   
0.024999064811055   0.026308274694130   0.027588362154162   0.028222832887857   0.028816555083566   0.029471940064303   0.030116316430357   0.031137449897029   0.031789747321462   0.032277080020116   0.032802405916912   0.033389226553463   0.033963555944920   0.012971850607585   0.013036095629085   0.013100340650584   0.012944917432140   0.012954559006594   0.012964200581048   0.013138906948399   0.013697020161011   0.014255133373624   0.012478499150327   0.012474833847715   0.012471168545103   0.014240472163174   
0.043299650394455   0.042428993259877   0.041520190816418   0.041057643251656   0.040538954003667   0.040107714044021   0.039659863282435   0.038428917742285   0.036801203164211   0.036198403396927   0.035642720617779   0.035155854730990   0.034653950753875   0.017234942009905   0.016962820450811   0.016690698891717   0.016464827828631   0.016445053233515   0.016425278638399   0.016611600511254   0.015915001472163   0.015218402433072   0.013225110015882   0.013158491447247   0.013091872878611   0.014951928158530   
1.000000000000000   0.998022234112087   0.997033351168130   0.996538909696152   0.996291688960163   0.996044468224173   0.996044468224173   0.996044468224173   0.997033351168130   0.997527792640108   0.998269454848076   0.999011117056043   1.000000000000000   1.000000000000000   1.000000000000000   1.000000000000000   0.987750075091158   0.987750075091158   0.987750075091158   1.000000000000000   1.000000000000000   1.000000000000000   0.872442340159023   0.872442340159023   0.872442340159023   1.000000000000000   
PATCH 27 
2 2 
6 4 
0.000000000000000   0.000000000000000   0.000000000000000   0.250000000000000   0.500000000000000   0.750000000000000   1.000000000000000   1.000000000000000   1.000000000000000   
0.000000000000000   0.000000000000000   0.000000000000000   0.500000000000000   1.000000000000000   1.000000000000000   1.000000000000000   
0.010343806677949   0.009584267474195   0.008065189066687   0.006546110659180   0.005027032251672   0.004267493047918   0.011000817660358   0.010241278456604   0.008722200049096   0.007203121641589   0.005684043234081   0.004924504030327   0.012314839625176   0.011555300421422   0.010036222013915   0.008517143606407   0.006998065198899   0.006238525995146   0.012971850607585   0.012212311403831   0.010693232996324   0.009174154588816   0.007655076181308   0.006895536977555   
0.016614488638540   0.019831656093617   0.026265991003770   0.032700325913922   0.039134660824075   0.042351828279152   0.016769601981381   0.019986769436458   0.026421104346611   0.032855439256763   0.039289774166916   0.042506941621993   0.017079828667064   0.020296996122140   0.026731331032293   0.033165665942446   0.039600000852599   0.042817168307675   0.017234942009905   0.020452109464981   0.026886444375134   0.033320779285287   0.039755114195440   0.042972281650516   
1.000000000000000   1.000000000000000   1.000000000000000   1.000000000000000   1.000000000000000   1.000000000000000   1.000000000000000   1.000000000000000   1.000000000000000   1.000000000000000   1.000000000000000   1.000000000000000   1.000000000000000   1.000000000000000   1.000000000000000   1.000000000000000   1.000000000000000   1.000000000000000   1.000000000000000   1.000000000000000   1.000000000000000   1.000000000000000   1.000000000000000   1.000000000000000   
PATCH 28 
2 2 
13 4 
0.000000000000000   0.000000000000000   0.000000000000000   0.250000000000000   0.250000000000000   0.375000000000000   0.375000000000000   0.500000000000000   0.500000000000000   0.750000000000000   0.750000000000000   0.875000000000000   0.875000000000000   1.000000000000000   1.000000000000000   1.000000000000000   
0.000000000000000   0.000000000000000   0.000000000000000   0.500000000000000   1.000000000000000   1.000000000000000   1.000000000000000   
0.010343806677949   0.010539368743644   0.010734930809339   0.010662785677056   0.010669320543823   0.010675855410591   0.010761070276409   0.011361610992906   0.011962151709404   0.010834181110182   0.012109043779411   0.011006018598613   0.012272082463074   0.011000817660358   0.011163550465004   0.011326283269651   0.011233318615827   0.011240630159516   0.011247941703205   0.011355529444406   0.011945463284933   0.012535397125459   0.011245260620219   0.012200491296487   0.011372306085235   0.012764179888099   0.012314839625176   0.012411913907724   0.012508988190273   0.012374384493369   0.012383249390901   0.012392114288433   0.012544447780401   0.013113167868985   0.013681887957569   0.012067419640291   0.012383386330639   0.012104881058480   0.013748374738149   0.012971850607585   0.013036095629085   0.013100340650584   0.012944917432140   0.012954559006594   0.012964200581048   0.013138906948399   0.013697020161011   0.014255133373624   0.012478499150327   0.012474833847715   0.012471168545103   0.014240472163174   
0.016614488638540   0.015786149679744   0.014957810720947   0.014835597139323   0.014820154631289   0.014804712123254   0.014896040688810   0.013956637966749   0.013017235244689   0.011666302050914   0.012926131519007   0.011647619261128   0.012983538458430   0.016769601981381   0.016080317372510   0.015391032763640   0.015242904811650   0.015226379281845   0.015209853752041   0.015324930644421   0.014446228843103   0.013567527041785   0.012056004042156   0.012984221501067   0.012008682665499   0.013475635883455   0.017079828667064   0.016668652758044   0.016257476849025   0.016057520156304   0.016038828582958   0.016020137009613   0.016182710555643   0.015425410595809   0.014668110635976   0.012835408024640   0.013100401465187   0.012730809474241   0.014459830733505   0.017234942009905   0.016962820450811   0.016690698891717   0.016464827828631   0.016445053233515   0.016425278638399   0.016611600511254   0.015915001472163   0.015218402433072   0.013225110015882   0.013158491447247   0.013091872878611   0.014951928158530   
1.000000000000000   1.000000000000000   1.000000000000000   0.992920492116676   0.992920492116676   0.992920492116676   1.000000000000000   1.000000000000000   1.000000000000000   0.901813557975942   1.000000000000000   0.901813557975942   1.000000000000000   1.000000000000000   1.000000000000000   1.000000000000000   0.991627887860296   0.991627887860296   0.991627887860296   1.000000000000000   1.000000000000000   1.000000000000000   0.894470753521712   0.968110585039756   0.894470753521712   1.000000000000000   1.000000000000000   1.000000000000000   1.000000000000000   0.989042679347538   0.989042679347538   0.989042679347538   1.000000000000000   1.000000000000000   1.000000000000000   0.879785144613253   0.904331755119267   0.879785144613253   1.000000000000000   1.000000000000000   1.000000000000000   1.000000000000000   0.987750075091158   0.987750075091158   0.987750075091158   1.000000000000000   1.000000000000000   1.000000000000000   0.872442340159023   0.872442340159023   0.872442340159023   1.000000000000000   
PATCH 29 
2 1 
13 2 
0.000000000000000   0.000000000000000   0.000000000000000   0.250000000000000   0.250000000000000   0.375000000000000   0.375000000000000   0.500000000000000   0.500000000000000   0.750000000000000   0.750000000000000   0.875000000000000   0.875000000000000   1.000000000000000   1.000000000000000   1.000000000000000   
0.000000000000000   0.000000000000000   1.000000000000000   1.000000000000000   
0.024999064811055   0.026308274694130   0.027588362154162   0.028222832887857   0.028816555083566   0.029471940064303   0.030116316430357   0.031137449897029   0.031789747321462   0.032277080020116   0.032802405916912   0.033389226553463   0.033963555944920   0.025250000000000   0.026178902508932   0.027094027156471   0.027551589480241   0.028005707338662   0.028459825197083   0.028910498590156   0.029811845376303   0.030699414301056   0.031143198763433   0.031583538760461   0.032023878757490   0.032460774289170   
0.043299650394455   0.042428993259877   0.041520190816418   0.041057643251656   0.040538954003667   0.040107714044021   0.039659863282435   0.038428917742285   0.036801203164211   0.036198403396927   0.035642720617779   0.035155854730990   0.034653950753875   0.043734282891114   0.043142506727484   0.042531053738569   0.042225327244111   0.041914681543332   0.041604035842553   0.041288470935453   0.040657341121252   0.040006534481766   0.039681131162023   0.039350808635958   0.039020486109894   0.038685244377508   
1.000000000000000   0.998022234112087   0.997033351168130   0.996538909696152   0.996291688960163   0.996044468224173   0.996044468224173   0.996044468224173   0.997033351168130   0.997527792640108   0.998269454848076   0.999011117056043   1.000000000000000   1.000000000000000   0.999048674522937   0.998573011784405   0.998335180415139   0.998216264730506   0.998097349045873   0.998097349045873   0.998097349045873   0.998573011784405   0.998810843153671   0.999167590207569   0.999524337261468   1.000000000000000   
PATCH 30 
2 1 
6 2 
0.000000000000000   0.000000000000000   0.000000000000000   0.250000000000000   0.500000000000000   0.750000000000000   1.000000000000000   1.000000000000000   1.000000000000000   
0.000000000000000   0.000000000000000   1.000000000000000   1.000000000000000   
0.010343806677949   0.009584267474195   0.008065189066687   0.006546110659180   0.005027032251672   0.004267493047918   0.000000000000000   0.000000000000000   0.000000000000000   0.000000000000000   0.000000000000000   0.000000000000000   
0.016614488638540   0.019831656093617   0.026265991003770   0.032700325913922   0.039134660824075   0.042351828279152   0.014550000000000   0.018025228534894   0.024975685604682   0.031926142674470   0.038876599744258   0.042351828279152   
1.000000000000000   1.000000000000000   1.000000000000000   1.000000000000000   1.000000000000000   1.000000000000000   1.000000000000000   1.000000000000000   1.000000000000000   1.000000000000000   1.000000000000000   1.000000000000000   
PATCH 31 
2 1 
13 2 
0.000000000000000   0.000000000000000   0.000000000000000   0.250000000000000   0.250000000000000   0.375000000000000   0.375000000000000   0.500000000000000   0.500000000000000   0.750000000000000   0.750000000000000   0.875000000000000   0.875000000000000   1.000000000000000   1.000000000000000   1.000000000000000   
0.000000000000000   0.000000000000000   1.000000000000000   1.000000000000000   
0.004267493047918   0.003813802042695   0.003360111037472   0.003351450499956   0.003350186157765   0.003348921815574   0.003355053668708   0.003303821500606   0.003252589332504   0.002946642220714   0.003314913867804   0.003068852063004   0.003474360587212   0.000000000000000   0.000000000000000   0.000000000000000   0.000000000000000   0.000000000000000   0.000000000000000   0.000000000000000   0.000000000000000   0.000000000000000   0.000000000000000   0.000000000000000   0.000000000000000   0.000000000000000   
0.042351828279152   0.044273519653936   0.046195211028720   0.046112798192029   0.046121577809199   0.046130357426369   0.046230329497401   0.047174526434731   0.048118723372061   0.043743900557856   0.048274908225407   0.043859411642011   0.048328338551866   0.042351828279152   0.043307849744258   0.044263871209364   0.044741881941917   0.045219892674470   0.045697903407023   0.046175914139576   0.047131935604682   0.048087957069788   0.048565967802341   0.049043978534894   0.049521989267447   0.050000000000000   
1.000000000000000   1.000000000000000   1.000000000000000   0.998029109620330   0.998029109620330   0.998029109620330   1.000000000000000   1.000000000000000   1.000000000000000   0.907337946566629   1.000000000000000   0.907337946566629   1.000000000000000   1.000000000000000   1.000000000000000   1.000000000000000   1.000000000000000   1.000000000000000   1.000000000000000   1.000000000000000   1.000000000000000   1.000000000000000   1.000000000000000   1.000000000000000   1.000000000000000   1.000000000000000   
PATCH 32 
2 1 
13 2 
0.000000000000000   0.000000000000000   0.000000000000000   0.250000000000000   0.250000000000000   0.375000000000000   0.375000000000000   0.500000000000000   0.500000000000000   0.750000000000000   0.750000000000000   0.875000000000000   0.875000000000000   1.000000000000000   1.000000000000000   1.000000000000000   
0.000000000000000   0.000000000000000   1.000000000000000   1.000000000000000   
0.000000000000000   0.001375087603514   0.002699154613398   0.003361188118340   0.004010466474874   0.004659744831409   0.005296268039536   0.006569314455791   0.007791340278416   0.008402353189728   0.009000610952633   0.009598868715538   0.010184371330036   0.010343806677949   0.010539368743644   0.010734930809339   0.010662785677056   0.010669320543823   0.010675855410591   0.010761070276409   0.011361610992906   0.011962151709404   0.010834181110182   0.012109043779411   0.011006018598613   0.012272082463074   
0.014550000000000   0.014280071874907   0.013885194971489   0.013687756519780   0.013459080873490   0.013230405227200   0.012970492386329   0.012450666704587   0.011805892244521   0.011483505014487   0.011129880589873   0.010776256165259   0.010391394546063   0.016614488638540   0.015786149679744   0.014957810720947   0.014835597139323   0.014820154631289   0.014804712123254   0.014896040688810   0.013956637966749   0.013017235244689   0.011666302050914   0.012926131519007   0.011647619261128   0.012983538458430   
1.000000000000000   0.981448238825207   0.972172358237810   0.967534417944112   0.965215447797263   0.962896477650414   0.962896477650414   0.962896477650414   0.972172358237810   0.976810298531508   0.983767208972056   0.990724119412603   1.000000000000000   1.000000000000000   1.000000000000000   1.000000000000000   0.992920492116676   0.992920492116676   0.992920492116676   1.000000000000000   1.000000000000000   1.000000000000000   0.901813557975942   1.000000000000000   0.901813557975942   1.000000000000000   
INTERFACE 1 
1 2 
5 1 
1 
INTERFACE 2 
1 3 
2 4 
1 
INTERFACE 3 
2 1 
13 2 
1 
INTERFACE 4 
2 2 
3 1 
1 
INTERFACE 5 
2 3 
4 2 
1 
INTERFACE 6 
3 2 
7 1 
-1 
INTERFACE 7 
3 3 
4 4 
-1 
INTERFACE 8 
3 4 
5 3 
1 
INTERFACE 9 
4 1 
9 2 
1 
INTERFACE 10 
4 3 
13 3 
1 
INTERFACE 11 
5 2 
6 1 
1 
INTERFACE 12 
6 2 
11 1 
1 
INTERFACE 13 
6 3 
7 3 
1 
INTERFACE 14 
7 2 
8 1 
1 
INTERFACE 15 
7 4 
9 4 
-1 
INTERFACE 16 
8 2 
15 1 
1 
INTERFACE 17 
8 3 
11 3 
1 
INTERFACE 18 
8 4 
10 4 
1 
INTERFACE 19 
9 1 
10 1 
1 
INTERFACE 20 
9 3 
12 3 
1 
INTERFACE 21 
10 2 
16 3 
1 
INTERFACE 22 
10 3 
14 4 
1 
INTERFACE 23 
11 2 
18 1 
1 
INTERFACE 24 
12 1 
14 1 
-1 
INTERFACE 25 
12 2 
13 1 
1 
INTERFACE 26 
14 2 
17 1 
-1 
INTERFACE 27 
15 2 
26 2 
1 
INTERFACE 28 
15 3 
18 3 
1 
INTERFACE 29 
15 4 
16 2 
1 
INTERFACE 30 
16 1 
17 3 
1 
INTERFACE 31 
16 4 
28 2 
1 
INTERFACE 32 
17 2 
32 2 
-1 
INTERFACE 33 
18 2 
29 2 
1 
INTERFACE 34 
19 2 
23 1 
1 
INTERFACE 35 
19 3 
20 4 
1 
INTERFACE 36 
20 1 
31 2 
1 
INTERFACE 37 
20 2 
21 1 
1 
INTERFACE 38 
20 3 
22 2 
1 
INTERFACE 39 
21 2 
25 1 
-1 
INTERFACE 40 
21 3 
22 4 
-1 
INTERFACE 41 
21 4 
23 3 
1 
INTERFACE 42 
22 1 
27 2 
1 
INTERFACE 43 
22 3 
31 3 
1 
INTERFACE 44 
23 2 
24 1 
1 
INTERFACE 45 
24 2 
29 1 
1 
INTERFACE 46 
24 3 
25 3 
1 
INTERFACE 47 
25 2 
26 1 
1 
INTERFACE 48 
25 4 
27 4 
-1 
INTERFACE 49 
26 3 
29 3 
1 
INTERFACE 50 
26 4 
28 4 
1 
INTERFACE 51 
27 1 
28 1 
1 
INTERFACE 52 
27 3 
30 3 
1 
INTERFACE 53 
28 3 
32 4 
1 
INTERFACE 54 
30 1 
32 1 
-1 
INTERFACE 55 
30 2 
31 1 
1 
BOUNDARY 1 
1 
1 1 
BOUNDARY 2 
1 
1 4 
BOUNDARY 3 
1 
5 4 
BOUNDARY 4 
1 
6 4 
BOUNDARY 5 
1 
11 4 
BOUNDARY 6 
1 
12 4 
BOUNDARY 7 
1 
13 4 
BOUNDARY 8 
1 
14 3 
BOUNDARY 9 
1 
17 4 
BOUNDARY 10 
1 
18 4 
BOUNDARY 11 
1 
19 1 
BOUNDARY 12 
1 
19 4 
BOUNDARY 13 
1 
23 4 
BOUNDARY 14 
1 
24 4 
BOUNDARY 15 
1 
29 4 
BOUNDARY 16 
1 
30 4 
BOUNDARY 17 
1 
31 4 
BOUNDARY 18 
1 
32 3 
