# nurbs mesh v.2.1
#
# 14-Jul-2024
#
2 2 32 55 0 
PATCH 1 
2 1 
4 2 
0.000000000000000   0.000000000000000   0.000000000000000   0.500000000000000   1.000000000000000   1.000000000000000   1.000000000000000   
0.000000000000000   0.000000000000000   1.000000000000000   1.000000000000000   
0.050000000000000   0.049904867452294   0.049525061277599   0.049240387650610   0.050500000000000   0.050403916126817   0.050020311890375   0.049732791527117   
0.000000000000000   0.002178893568691   0.006520098010365   0.008682408883347   0.000000000000000   0.002200682504378   0.006585298990468   0.008769232972180   
1.000000000000000   0.998097349045873   0.998097349045873   1.000000000000000   1.000000000000000   0.998097349045873   0.998097349045873   1.000000000000000   
PATCH 2 
2 1 
4 2 
0.000000000000000   0.000000000000000   0.000000000000000   0.500000000000000   1.000000000000000   1.000000000000000   1.000000000000000   
0.000000000000000   0.000000000000000   1.000000000000000   1.000000000000000   
0.048197798329923   0.048063907514153   0.047796125882615   0.047662235066845   0.050000000000000   0.049904867452294   0.049525061277599   0.049240387650610   
0.003970619979231   0.004888221240220   0.006723423762199   0.007641025023188   0.000000000000000   0.002178893568691   0.006520098010365   0.008682408883347   
1.000000000000000   1.000000000000000   1.000000000000000   1.000000000000000   1.000000000000000   0.998097349045873   0.998097349045873   1.000000000000000   
PATCH 3 
2 1 
13 2 
0.000000000000000   0.000000000000000   0.000000000000000   0.125000000000000   0.125000000000000   0.250000000000000   0.250000000000000   0.500000000000000   0.500000000000000   0.625000000000000   0.625000000000000   0.750000000000000   0.750000000000000   1.000000000000000   1.000000000000000   1.000000000000000   
0.000000000000000   0.000000000000000   1.000000000000000   1.000000000000000   
0.047662235066845   0.041416963543404   0.041364765715065   0.041312567886726   0.047453443753490   0.046774963951285   0.046096484149081   0.045501646339946   0.045479807747989   0.045457969156031   0.046009129781250   0.045691130597357   0.045373131413465   0.049240387650610   0.049122375608591   0.048034624924474   0.048273342572751   0.048110801873997   0.047881225439713   0.047617076080356   0.047503339833831   0.047365395132813   0.047283659617543   0.047272317449509   0.047011631570285   0.046728465152606   
0.007641025023188   0.006708104017343   0.006750810633507   0.006793517249670   0.007811851487842   0.007774863613051   0.007737875738260   0.007640532072603   0.007644256787916   0.007647981503230   0.007752774599514   0.007884354449980   0.008015934300446   0.008682408883347   0.009214726804819   0.009553773438715   0.010149810521478   0.010664859230157   0.011715934108939   0.012758957081663   0.013285849201480   0.013806421183178   0.014344213103222   0.014905984304680   0.015958843230680   0.017007770408494   
1.000000000000000   0.869172441162863   0.869172441162863   0.869172441162863   1.000000000000000   1.000000000000000   1.000000000000000   0.987575696613782   0.987575696613782   0.987575696613782   1.000000000000000   1.000000000000000   1.000000000000000   1.000000000000000   0.999524337261468   0.999167590207569   0.998810843153671   0.998573011784405   0.998097349045873   0.998097349045873   0.998097349045873   0.998216264730506   0.998335180415139   0.998573011784404   0.999048674522936   1.000000000000000   
PATCH 4 
2 2 
13 4 
0.000000000000000   0.000000000000000   0.000000000000000   0.250000000000000   0.250000000000000   0.375000000000000   0.375000000000000   0.500000000000000   0.500000000000000   0.750000000000000   0.750000000000000   0.875000000000000   0.875000000000000   1.000000000000000   1.000000000000000   1.000000000000000   
0.000000000000000   0.000000000000000   0.000000000000000   0.500000000000000   1.000000000000000   1.000000000000000   1.000000000000000   
0.044089512274686   0.045214618952599   0.046339725630512   0.046169393227287   0.046181455811153   0.046193518395018   0.046387975965975   0.047179826470807   0.047971676975638   0.042981589709190   0.048141550917721   0.043108037378428   0.048197798329923   0.044410417059381   0.045333746863789   0.046257076668196   0.045991537209473   0.046006043795362   0.046020550381250   0.046315103011752   0.047078610840926   0.047842118670101   0.042564334253574   0.046447354617057   0.042685268919672   0.048063907514153   0.045052226628770   0.045572002686168   0.046091778743565   0.045635825173845   0.045655219763780   0.045674614353714   0.046169357103304   0.046876179581165   0.047583002059027   0.041729823342342   0.043058962015729   0.041839732002160   0.047796125882615   0.045373131413465   0.045691130597357   0.046009129781250   0.045457969156031   0.045479807747989   0.045501646339946   0.046096484149081   0.046774963951285   0.047453443753490   0.041312567886726   0.041364765715065   0.041416963543404   0.047662235066845   
0.004913712819620   0.004448172730409   0.003982632641198   0.003962219121194   0.003958920398743   0.003955621676292   0.003969437751393   0.003856590619888   0.003743743488382   0.003334758245631   0.003800557566351   0.003461628189267   0.003970619979231   0.005689268189826   0.005307218160301   0.004925168130777   0.004883659716703   0.004880254496036   0.004876849275369   0.004911547248109   0.004836158868178   0.004760770488247   0.004199447996641   0.004538120833140   0.004273247146286   0.004888221240220   0.007240378930240   0.007025309020087   0.006810239109935   0.006726540907721   0.006722922690623   0.006719304473525   0.006795766241543   0.006795295364760   0.006794824487977   0.005928827498660   0.006013247366718   0.005896485060324   0.006723423762199   0.008015934300446   0.007884354449980   0.007752774599514   0.007647981503230   0.007644256787916   0.007640532072603   0.007737875738260   0.007774863613051   0.007811851487842   0.006793517249670   0.006750810633507   0.006708104017343   0.007641025023188   
1.000000000000000   1.000000000000000   1.000000000000000   0.996074906155065   0.996074906155065   0.996074906155065   1.000000000000000   1.000000000000000   1.000000000000000   0.894130179091599   1.000000000000000   0.894130179091599   1.000000000000000   1.000000000000000   1.000000000000000   1.000000000000000   0.993950103769744   0.993950103769744   0.993950103769744   1.000000000000000   1.000000000000000   1.000000000000000   0.887890744609415   0.967293110290716   0.887890744609415   1.000000000000000   1.000000000000000   1.000000000000000   1.000000000000000   0.989700498999103   0.989700498999103   0.989700498999103   1.000000000000000   1.000000000000000   1.000000000000000   0.875411875645047   0.901879330872148   0.875411875645047   1.000000000000000   1.000000000000000   1.000000000000000   1.000000000000000   0.987575696613782   0.987575696613782   0.987575696613782   1.000000000000000   1.000000000000000   1.000000000000000   0.869172441162863   0.869172441162863   0.869172441162863   1.000000000000000   
PATCH 5 
2 1 
13 2 
0.000000000000000   0.000000000000000   0.000000000000000   0.125000000000000   0.125000000000000   0.250000000000000   0.250000000000000   0.500000000000000   0.500000000000000   0.625000000000000   0.625000000000000   0.750000000000000   0.750000000000000   1.000000000000000   1.000000000000000   1.000000000000000   
0.000000000000000   0.000000000000000   1.000000000000000   1.000000000000000   
0.049240387650610   0.049122375608591   0.048034624924474   0.048273342572751   0.048110801873997   0.047881225439713   0.047617076080356   0.047503339833831   0.047365395132813   0.047283659617543   0.047272317449509   0.047011631570285   0.046728465152606   0.049732791527117   0.049613599364677   0.049488606583825   0.049363613802972   0.049232820403708   0.048971233605179   0.048686444333000   0.048544049696911   0.048395854442409   0.048247659187908   0.048093663314994   0.047785671569166   0.047454477349688   
0.008682408883347   0.009214726804819   0.009553773438715   0.010149810521478   0.010664859230157   0.011715934108939   0.012758957081663   0.013285849201480   0.013806421183178   0.014344213103222   0.014905984304680   0.015958843230680   0.017007770408494   0.008769232972180   0.009306874072867   0.009842960902535   0.010379047732203   0.010913580290852   0.011982645408149   0.013045493441370   0.013576917457981   0.014106787203572   0.014636656949163   0.015164972423735   0.016221603372879   0.017272017237946   
1.000000000000000   0.999524337261468   0.999167590207569   0.998810843153671   0.998573011784405   0.998097349045873   0.998097349045873   0.998097349045873   0.998216264730506   0.998335180415139   0.998573011784404   0.999048674522936   1.000000000000000   1.000000000000000   0.999524337261468   0.999167590207569   0.998810843153671   0.998573011784405   0.998097349045873   0.998097349045873   0.998097349045873   0.998216264730506   0.998335180415139   0.998573011784404   0.999048674522936   1.000000000000000   
PATCH 6 
2 1 
6 2 
0.000000000000000   0.000000000000000   0.000000000000000   0.250000000000000   0.500000000000000   0.750000000000000   1.000000000000000   1.000000000000000   1.000000000000000   
0.000000000000000   0.000000000000000   1.000000000000000   1.000000000000000   
0.046728465152606   0.046435049777488   0.045468248467709   0.044552943913682   0.043527234389102   0.043205341599609   0.047454477349688   0.047032993823604   0.046146485990198   0.045216437375554   0.044242847979673   0.043734282891114   
0.017007770408494   0.018057047911921   0.020005944331130   0.021971655928457   0.023880446822609   0.024944615602964   0.017272017237946   0.018289568482936   0.020304367573183   0.022298863263696   0.024273055554476   0.025250000000000   
1.000000000000000   0.999048674522936   0.998097349045873   0.998097349045873   0.999048674522936   1.000000000000000   1.000000000000000   0.999048674522936   0.998097349045873   0.998097349045873   0.999048674522936   1.000000000000000   
PATCH 7 
2 1 
6 2 
0.000000000000000   0.000000000000000   0.000000000000000   0.250000000000000   0.500000000000000   0.750000000000000   1.000000000000000   1.000000000000000   1.000000000000000   
0.000000000000000   0.000000000000000   1.000000000000000   1.000000000000000   
0.046728465152606   0.046435049777488   0.045468248467709   0.044552943913682   0.043527234389102   0.043205341599609   0.045373131413465   0.042481615924501   0.036698584946574   0.030915553968646   0.025132522990719   0.022241007501755   
0.017007770408494   0.018057047911921   0.020005944331130   0.021971655928457   0.023880446822609   0.024944615602964   0.008015934300446   0.009212368740943   0.011605237621935   0.013998106502928   0.016390975383921   0.017587409824418   
1.000000000000000   0.999048674522936   0.998097349045873   0.998097349045873   0.999048674522936   1.000000000000000   1.000000000000000   1.000000000000000   1.000000000000000   1.000000000000000   1.000000000000000   1.000000000000000   
PATCH 8 
2 1 
13 2 
0.000000000000000   0.000000000000000   0.000000000000000   0.250000000000000   0.250000000000000   0.375000000000000   0.375000000000000   0.500000000000000   0.500000000000000   0.750000000000000   0.750000000000000   0.875000000000000   0.875000000000000   1.000000000000000   1.000000000000000   1.000000000000000   
0.000000000000000   0.000000000000000   1.000000000000000   1.000000000000000   
0.043205341599609   0.042338550298014   0.041472455368419   0.040893133339058   0.040465779013863   0.040004646229424   0.039616305167327   0.038338740356513   0.037062973839427   0.036573010872595   0.035964734729544   0.035480618718354   0.034928860174570   0.022241007501755   0.021659787571933   0.021078567642111   0.021076645914622   0.021075508757766   0.021074371600911   0.021074019014689   0.020340633487176   0.019607247959664   0.017971254788881   0.017917919763649   0.017864584738417   0.019393907858738   
0.024944615602964   0.026242672319541   0.027537222302724   0.028085269660715   0.028734806162547   0.029361097839739   0.030042546980488   0.031012622655373   0.031952542209307   0.032541527830207   0.033022951536403   0.033615195383619   0.034143754022220   0.017587409824418   0.017827903622288   0.018068397420158   0.018068188239098   0.018068642537154   0.018069096835210   0.018070214612383   0.018352840586847   0.018635466561310   0.017148512534445   0.017137212424893   0.017125912315340   0.018590266123101   
1.000000000000000   0.998042636955120   0.997063955432680   0.996574614671460   0.996329944290850   0.996085273910240   0.996085273910240   0.996085273910240   0.997063955432680   0.997553296193900   0.998287307335730   0.999021318477560   1.000000000000000   1.000000000000000   1.000000000000000   1.000000000000000   0.999962510783604   0.999962510783604   0.999962510783604   1.000000000000000   1.000000000000000   1.000000000000000   0.919156373196809   0.919156373196809   0.919156373196809   1.000000000000000   
PATCH 9 
2 2 
6 4 
0.000000000000000   0.000000000000000   0.000000000000000   0.250000000000000   0.500000000000000   0.750000000000000   1.000000000000000   1.000000000000000   1.000000000000000   
0.000000000000000   0.000000000000000   0.000000000000000   0.500000000000000   1.000000000000000   1.000000000000000   1.000000000000000   
0.020957388362977   0.023848903851941   0.029631934829868   0.035414965807795   0.041197996785722   0.044089512274686   0.021278293147672   0.024169808636635   0.029952839614562   0.035735870592490   0.041518901570417   0.044410417059381   0.021920102717061   0.024811618206024   0.030594649183952   0.036377680161879   0.042160711139806   0.045052226628770   0.022241007501755   0.025132522990719   0.030915553968646   0.036698584946574   0.042481615924501   0.045373131413465   
0.014485188343591   0.013288753903095   0.010895885022102   0.008503016141109   0.006110147260116   0.004913712819620   0.015260743713798   0.014064309273301   0.011671440392309   0.009278571511316   0.006885702630323   0.005689268189826   0.016811854454211   0.015615420013715   0.013222551132722   0.010829682251729   0.008436813370736   0.007240378930240   0.017587409824418   0.016390975383921   0.013998106502928   0.011605237621935   0.009212368740943   0.008015934300446   
1.000000000000000   1.000000000000000   1.000000000000000   1.000000000000000   1.000000000000000   1.000000000000000   1.000000000000000   1.000000000000000   1.000000000000000   1.000000000000000   1.000000000000000   1.000000000000000   1.000000000000000   1.000000000000000   1.000000000000000   1.000000000000000   1.000000000000000   1.000000000000000   1.000000000000000   1.000000000000000   1.000000000000000   1.000000000000000   1.000000000000000   1.000000000000000   
PATCH 10 
2 2 
13 4 
0.000000000000000   0.000000000000000   0.000000000000000   0.250000000000000   0.250000000000000   0.375000000000000   0.375000000000000   0.500000000000000   0.500000000000000   0.750000000000000   0.750000000000000   0.875000000000000   0.875000000000000   1.000000000000000   1.000000000000000   1.000000000000000   
0.000000000000000   0.000000000000000   0.000000000000000   0.500000000000000   1.000000000000000   1.000000000000000   1.000000000000000   
0.020957388362977   0.020409421261844   0.019861454160710   0.019695004910186   0.019678075977817   0.019661147045448   0.019793738431235   0.018087216501008   0.016380694570780   0.013609637880895   0.016203039603625   0.013530432019171   0.016248024857179   0.021278293147672   0.020722012839366   0.020165732531061   0.020040415161295   0.020027434172804   0.020014453184314   0.020113808577099   0.018650570747550   0.017187332918001   0.014700042107891   0.016631759643631   0.014613970198983   0.017034495607569   0.021920102717061   0.021347195994411   0.020774289271761   0.020731235663513   0.020726150562779   0.020721065462045   0.020753948868825   0.019777279240634   0.018800609612443   0.016880850561884   0.017489199723643   0.016781046558606   0.018607437108348   0.022241007501755   0.021659787571933   0.021078567642111   0.021076645914622   0.021075508757766   0.021074371600911   0.021074019014689   0.020340633487176   0.019607247959664   0.017971254788881   0.017917919763649   0.017864584738417   0.019393907858738   
0.014485188343591   0.014711922979652   0.014938657615713   0.014832144390899   0.014835895347876   0.014839646304853   0.014953661443622   0.015028407389398   0.015103153335175   0.012653663160822   0.015230487108865   0.012857382597169   0.015444383121543   0.015260743713798   0.015490918140311   0.015721092566824   0.015641155352949   0.015644082145196   0.015647008937443   0.015732799735812   0.015859515688760   0.015986231641709   0.013777375504228   0.015707168437872   0.013924515026712   0.016230853871932   0.016811854454211   0.017048908461629   0.017285962469047   0.017259177277048   0.017260455739834   0.017261734202621   0.017291076320193   0.017521732287485   0.017752388254777   0.016024800191039   0.016660531095886   0.016058779885797   0.017803795372712   0.017587409824418   0.017827903622288   0.018068397420158   0.018068188239098   0.018068642537154   0.018069096835210   0.018070214612383   0.018352840586847   0.018635466561310   0.017148512534445   0.017137212424893   0.017125912315340   0.018590266123101   
1.000000000000000   1.000000000000000   1.000000000000000   0.992426176462231   0.992426176462231   0.992426176462231   1.000000000000000   1.000000000000000   1.000000000000000   0.837499338518965   1.000000000000000   0.837499338518965   1.000000000000000   1.000000000000000   1.000000000000000   1.000000000000000   0.994310260042574   0.994310260042574   0.994310260042574   1.000000000000000   1.000000000000000   1.000000000000000   0.857913597188426   0.979789093299202   0.857913597188426   1.000000000000000   1.000000000000000   1.000000000000000   1.000000000000000   0.998078427203261   0.998078427203261   0.998078427203261   1.000000000000000   1.000000000000000   1.000000000000000   0.898742114527348   0.939367279897607   0.898742114527348   1.000000000000000   1.000000000000000   1.000000000000000   1.000000000000000   0.999962510783604   0.999962510783604   0.999962510783604   1.000000000000000   1.000000000000000   1.000000000000000   0.919156373196809   0.919156373196809   0.919156373196809   1.000000000000000   
PATCH 11 
2 1 
13 2 
0.000000000000000   0.000000000000000   0.000000000000000   0.250000000000000   0.250000000000000   0.375000000000000   0.375000000000000   0.500000000000000   0.500000000000000   0.750000000000000   0.750000000000000   0.875000000000000   0.875000000000000   1.000000000000000   1.000000000000000   1.000000000000000   
0.000000000000000   0.000000000000000   1.000000000000000   1.000000000000000   
0.043205341599609   0.042338550298014   0.041472455368419   0.040893133339058   0.040465779013863   0.040004646229424   0.039616305167327   0.038338740356513   0.037062973839427   0.036573010872595   0.035964734729544   0.035480618718354   0.034928860174570   0.043734282891114   0.043142506727484   0.042531053738569   0.042225327244111   0.041914681543332   0.041604035842553   0.041288470935453   0.040657341121252   0.040006534481766   0.039681131162023   0.039350808635958   0.039020486109894   0.038685244377508   
0.024944615602964   0.026242672319541   0.027537222302724   0.028085269660715   0.028734806162547   0.029361097839739   0.030042546980488   0.031012622655373   0.031952542209307   0.032541527830207   0.033022951536403   0.033615195383619   0.034143754022220   0.025250000000000   0.026178902508932   0.027094027156471   0.027551589480241   0.028005707338662   0.028459825197083   0.028910498590156   0.029811845376303   0.030699414301056   0.031143198763433   0.031583538760461   0.032023878757490   0.032460774289170   
1.000000000000000   0.998042636955120   0.997063955432680   0.996574614671460   0.996329944290850   0.996085273910240   0.996085273910240   0.996085273910240   0.997063955432680   0.997553296193900   0.998287307335730   0.999021318477560   1.000000000000000   1.000000000000000   0.999048674522937   0.998573011784405   0.998335180415139   0.998216264730506   0.998097349045873   0.998097349045873   0.998097349045873   0.998573011784405   0.998810843153671   0.999167590207569   0.999524337261468   1.000000000000000   
PATCH 12 
2 1 
6 2 
0.000000000000000   0.000000000000000   0.000000000000000   0.250000000000000   0.500000000000000   0.750000000000000   1.000000000000000   1.000000000000000   1.000000000000000   
0.000000000000000   0.000000000000000   1.000000000000000   1.000000000000000   
0.020957388362977   0.023848903851941   0.029631934829868   0.035414965807795   0.041197996785722   0.044089512274686   0.014550000000000   0.018242439034336   0.025627317103007   0.033012195171679   0.040397073240350   0.044089512274686   
0.014485188343591   0.013288753903095   0.010895885022102   0.008503016141109   0.006110147260116   0.004913712819620   0.000000000000000   0.000000000000000   0.000000000000000   0.000000000000000   0.000000000000000   0.000000000000000   
1.000000000000000   1.000000000000000   1.000000000000000   1.000000000000000   1.000000000000000   1.000000000000000   1.000000000000000   1.000000000000000   1.000000000000000   1.000000000000000   1.000000000000000   1.000000000000000   
PATCH 13 
2 1 
13 2 
0.000000000000000   0.000000000000000   0.000000000000000   0.250000000000000   0.250000000000000   0.375000000000000   0.375000000000000   0.500000000000000   0.500000000000000   0.750000000000000   0.750000000000000   0.875000000000000   0.875000000000000   1.000000000000000   1.000000000000000   1.000000000000000   
0.000000000000000   0.000000000000000   1.000000000000000   1.000000000000000   
0.044089512274686   0.045214618952599   0.046339725630512   0.046169393227287   0.046181455811153   0.046193518395018   0.046387975965975   0.047179826470807   0.047971676975638   0.042981589709190   0.048141550917721   0.043108037378428   0.048197798329923   0.044089512274686   0.044828323240350   0.045567134206015   0.045936539688847   0.046305945171679   0.046675350654511   0.047044756137343   0.047783567103007   0.048522378068672   0.048891783551504   0.049261189034336   0.049630594517168   0.050000000000000   
0.004913712819620   0.004448172730409   0.003982632641198   0.003962219121194   0.003958920398743   0.003955621676292   0.003969437751393   0.003856590619888   0.003743743488382   0.003334758245631   0.003800557566351   0.003461628189267   0.003970619979231   0.000000000000000   0.000000000000000   0.000000000000000   0.000000000000000   0.000000000000000   0.000000000000000   0.000000000000000   0.000000000000000   0.000000000000000   0.000000000000000   0.000000000000000   0.000000000000000   0.000000000000000   
1.000000000000000   1.000000000000000   1.000000000000000   0.996074906155065   0.996074906155065   0.996074906155065   1.000000000000000   1.000000000000000   1.000000000000000   0.894130179091599   1.000000000000000   0.894130179091599   1.000000000000000   1.000000000000000   1.000000000000000   1.000000000000000   1.000000000000000   1.000000000000000   1.000000000000000   1.000000000000000   1.000000000000000   1.000000000000000   1.000000000000000   1.000000000000000   1.000000000000000   1.000000000000000   
PATCH 14 
2 1 
13 2 
0.000000000000000   0.000000000000000   0.000000000000000   0.250000000000000   0.250000000000000   0.375000000000000   0.375000000000000   0.500000000000000   0.500000000000000   0.750000000000000   0.750000000000000   0.875000000000000   0.875000000000000   1.000000000000000   1.000000000000000   1.000000000000000   
0.000000000000000   0.000000000000000   1.000000000000000   1.000000000000000   
0.014550000000000   0.014280967409638   0.013887367463568   0.013690567490534   0.013462625678572   0.013234683866611   0.012975600215723   0.012457432913947   0.011814698256465   0.011493330927723   0.011140821760055   0.010788312592387   0.010404661585793   0.020957388362977   0.020409421261844   0.019861454160710   0.019695004910186   0.019678075977817   0.019661147045448   0.019793738431235   0.018087216501008   0.016380694570780   0.013609637880895   0.016203039603625   0.013530432019171   0.016248024857179   
0.000000000000000   0.001372892406640   0.002695014668889   0.003356075800013   0.004004444395040   0.004652812990066   0.005288489048995   0.006559841166852   0.007780423140318   0.008390714127051   0.008988312577686   0.009585911028321   0.010170816942858   0.014485188343591   0.014711922979652   0.014938657615713   0.014832144390899   0.014835895347876   0.014839646304853   0.014953661443622   0.015028407389398   0.015103153335175   0.012653663160822   0.015230487108865   0.012857382597169   0.015444383121543   
1.000000000000000   0.981509787603953   0.972264681405930   0.967642128306918   0.965330851757413   0.963019575207907   0.963019575207907   0.963019575207907   0.972264681405930   0.976887234504942   0.983821064153459   0.990754893801977   1.000000000000000   1.000000000000000   1.000000000000000   1.000000000000000   0.992426176462231   0.992426176462231   0.992426176462231   1.000000000000000   1.000000000000000   1.000000000000000   0.837499338518965   1.000000000000000   0.837499338518965   1.000000000000000   
PATCH 15 
2 1 
4 2 
0.000000000000000   0.000000000000000   0.000000000000000   0.500000000000000   1.000000000000000   1.000000000000000   1.000000000000000   
0.000000000000000   0.000000000000000   1.000000000000000   1.000000000000000   
0.034928860174570   0.034799951507728   0.034406652849300   0.034143754022220   0.019393907858738   0.019192997424829   0.018791176557011   0.018590266123101   
0.034143754022220   0.034406652849300   0.034799951507728   0.034928860174570   0.018590266123101   0.018791176557011   0.019192997424829   0.019393907858738   
1.000000000000000   0.999967711126021   0.999967711126021   1.000000000000000   1.000000000000000   1.000000000000000   1.000000000000000   1.000000000000000   
PATCH 16 
2 2 
4 4 
0.000000000000000   0.000000000000000   0.000000000000000   0.500000000000000   1.000000000000000   1.000000000000000   1.000000000000000   
0.000000000000000   0.000000000000000   0.000000000000000   0.500000000000000   1.000000000000000   1.000000000000000   1.000000000000000   
0.016248024857179   0.017034495607569   0.018607437108348   0.019393907858738   0.016047114423270   0.016833585173660   0.018406526674439   0.019192997424829   0.015645293555452   0.016431764305841   0.018004705806621   0.018791176557011   0.015444383121543   0.016230853871932   0.017803795372712   0.018590266123101   
0.015444383121543   0.016230853871932   0.017803795372712   0.018590266123101   0.015645293555452   0.016431764305841   0.018004705806621   0.018791176557011   0.016047114423270   0.016833585173660   0.018406526674439   0.019192997424829   0.016248024857179   0.017034495607569   0.018607437108348   0.019393907858738   
1.000000000000000   1.000000000000000   1.000000000000000   1.000000000000000   1.000000000000000   1.000000000000000   1.000000000000000   1.000000000000000   1.000000000000000   1.000000000000000   1.000000000000000   1.000000000000000   1.000000000000000   1.000000000000000   1.000000000000000   1.000000000000000   
PATCH 17 
2 1 
4 2 
0.000000000000000   0.000000000000000   0.000000000000000   0.500000000000000   1.000000000000000   1.000000000000000   1.000000000000000   
0.000000000000000   0.000000000000000   1.000000000000000   1.000000000000000   
0.016248024857179   0.016047114423270   0.015645293555452   0.015444383121543   0.010404661585793   0.010346532626028   0.010229610304561   0.010170816942858   
0.015444383121543   0.015645293555452   0.016047114423270   0.016248024857179   0.010170816942858   0.010229610304561   0.010346532626028   0.010404661585793   
1.000000000000000   1.000000000000000   1.000000000000000   1.000000000000000   1.000000000000000   0.999967711126021   0.999967711126021   1.000000000000000   
PATCH 18 
2 1 
4 2 
0.000000000000000   0.000000000000000   0.000000000000000   0.500000000000000   1.000000000000000   1.000000000000000   1.000000000000000   
0.000000000000000   0.000000000000000   1.000000000000000   1.000000000000000   
0.034928860174570   0.034799951507728   0.034406652849300   0.034143754022220   0.038685244377508   0.037197068413715   0.034084833369545   0.032460774289170   
0.034143754022220   0.034406652849300   0.034799951507728   0.034928860174570   0.032460774289170   0.034084833369545   0.037197068413715   0.038685244377508   
1.000000000000000   0.999967711126021   0.999967711126021   1.000000000000000   1.000000000000000   0.998097349045873   0.998097349045873   1.000000000000000   
PATCH 19 
2 1 
4 2 
0.000000000000000   0.000000000000000   0.000000000000000   0.500000000000000   1.000000000000000   1.000000000000000   1.000000000000000   
0.000000000000000   0.000000000000000   1.000000000000000   1.000000000000000   
0.000000000000000   0.002178893568691   0.006520098010365   0.008682408883347   0.000000000000000   0.002200682504378   0.006585298990468   0.008769232972180   
0.050000000000000   0.049904867452294   0.049525061277599   0.049240387650610   0.050500000000000   0.050403916126817   0.050020311890375   0.049732791527117   
1.000000000000000   0.998097349045873   0.998097349045873   1.000000000000000   1.000000000000000   0.998097349045873   0.998097349045873   1.000000000000000   
PATCH 20 
2 1 
4 2 
0.000000000000000   0.000000000000000   0.000000000000000   0.500000000000000   1.000000000000000   1.000000000000000   1.000000000000000   
0.000000000000000   0.000000000000000   1.000000000000000   1.000000000000000   
0.003970619979231   0.004888221240220   0.006723423762199   0.007641025023188   0.000000000000000   0.002178893568691   0.006520098010365   0.008682408883347   
0.048197798329923   0.048063907514153   0.047796125882615   0.047662235066845   0.050000000000000   0.049904867452294   0.049525061277599   0.049240387650610   
1.000000000000000   1.000000000000000   1.000000000000000   1.000000000000000   1.000000000000000   0.998097349045873   0.998097349045873   1.000000000000000   
PATCH 21 
2 1 
13 2 
0.000000000000000   0.000000000000000   0.000000000000000   0.125000000000000   0.125000000000000   0.250000000000000   0.250000000000000   0.500000000000000   0.500000000000000   0.625000000000000   0.625000000000000   0.750000000000000   0.750000000000000   1.000000000000000   1.000000000000000   1.000000000000000   
0.000000000000000   0.000000000000000   1.000000000000000   1.000000000000000   
0.007641025023188   0.006708104017343   0.006750810633507   0.006793517249670   0.007811851487842   0.007774863613051   0.007737875738260   0.007640532072603   0.007644256787916   0.007647981503230   0.007752774599514   0.007884354449980   0.008015934300446   0.008682408883347   0.009214726804819   0.009553773438715   0.010149810521478   0.010664859230157   0.011715934108939   0.012758957081663   0.013285849201480   0.013806421183178   0.014344213103222   0.014905984304680   0.015958843230680   0.017007770408494   
0.047662235066845   0.041416963543404   0.041364765715065   0.041312567886726   0.047453443753490   0.046774963951285   0.046096484149081   0.045501646339946   0.045479807747989   0.045457969156031   0.046009129781250   0.045691130597357   0.045373131413465   0.049240387650610   0.049122375608591   0.048034624924474   0.048273342572751   0.048110801873997   0.047881225439713   0.047617076080356   0.047503339833831   0.047365395132813   0.047283659617543   0.047272317449509   0.047011631570285   0.046728465152606   
1.000000000000000   0.869172441162863   0.869172441162863   0.869172441162863   1.000000000000000   1.000000000000000   1.000000000000000   0.987575696613782   0.987575696613782   0.987575696613782   1.000000000000000   1.000000000000000   1.000000000000000   1.000000000000000   0.999524337261468   0.999167590207569   0.998810843153671   0.998573011784405   0.998097349045873   0.998097349045873   0.998097349045873   0.998216264730506   0.998335180415139   0.998573011784404   0.999048674522936   1.000000000000000   
PATCH 22 
2 2 
13 4 
0.000000000000000   0.000000000000000   0.000000000000000   0.250000000000000   0.250000000000000   0.375000000000000   0.375000000000000   0.500000000000000   0.500000000000000   0.750000000000000   0.750000000000000   0.875000000000000   0.875000000000000   1.000000000000000   1.000000000000000   1.000000000000000   
0.000000000000000   0.000000000000000   0.000000000000000   0.500000000000000   1.000000000000000   1.000000000000000   1.000000000000000   
0.004913712819620   0.004448172730409   0.003982632641198   0.003962219121194   0.003958920398743   0.003955621676292   0.003969437751393   0.003856590619888   0.003743743488382   0.003334758245631   0.003800557566351   0.003461628189267   0.003970619979231   0.005689268189826   0.005307218160301   0.004925168130777   0.004883659716703   0.004880254496036   0.004876849275369   0.004911547248109   0.004836158868178   0.004760770488247   0.004199447996641   0.004538120833140   0.004273247146286   0.004888221240220   0.007240378930240   0.007025309020087   0.006810239109935   0.006726540907721   0.006722922690623   0.006719304473525   0.006795766241543   0.006795295364760   0.006794824487977   0.005928827498660   0.006013247366718   0.005896485060324   0.006723423762199   0.008015934300446   0.007884354449980   0.007752774599514   0.007647981503230   0.007644256787916   0.007640532072603   0.007737875738260   0.007774863613051   0.007811851487842   0.006793517249670   0.006750810633507   0.006708104017343   0.007641025023188   
0.044089512274686   0.045214618952599   0.046339725630512   0.046169393227287   0.046181455811153   0.046193518395018   0.046387975965975   0.047179826470807   0.047971676975638   0.042981589709190   0.048141550917721   0.043108037378428   0.048197798329923   0.044410417059381   0.045333746863789   0.046257076668196   0.045991537209473   0.046006043795362   0.046020550381250   0.046315103011752   0.047078610840926   0.047842118670101   0.042564334253574   0.046447354617057   0.042685268919672   0.048063907514153   0.045052226628770   0.045572002686168   0.046091778743565   0.045635825173845   0.045655219763780   0.045674614353714   0.046169357103304   0.046876179581165   0.047583002059027   0.041729823342342   0.043058962015729   0.041839732002160   0.047796125882615   0.045373131413465   0.045691130597357   0.046009129781250   0.045457969156031   0.045479807747989   0.045501646339946   0.046096484149081   0.046774963951285   0.047453443753490   0.041312567886726   0.041364765715065   0.041416963543404   0.047662235066845   
1.000000000000000   1.000000000000000   1.000000000000000   0.996074906155065   0.996074906155065   0.996074906155065   1.000000000000000   1.000000000000000   1.000000000000000   0.894130179091599   1.000000000000000   0.894130179091599   1.000000000000000   1.000000000000000   1.000000000000000   1.000000000000000   0.993950103769744   0.993950103769744   0.993950103769744   1.000000000000000   1.000000000000000   1.000000000000000   0.887890744609415   0.967293110290716   0.887890744609415   1.000000000000000   1.000000000000000   1.000000000000000   1.000000000000000   0.989700498999103   0.989700498999103   0.989700498999103   1.000000000000000   1.000000000000000   1.000000000000000   0.875411875645047   0.901879330872148   0.875411875645047   1.000000000000000   1.000000000000000   1.000000000000000   1.000000000000000   0.987575696613782   0.987575696613782   0.987575696613782   1.000000000000000   1.000000000000000   1.000000000000000   0.869172441162863   0.869172441162863   0.869172441162863   1.000000000000000   
PATCH 23 
2 1 
13 2 
0.000000000000000   0.000000000000000   0.000000000000000   0.125000000000000   0.125000000000000   0.250000000000000   0.250000000000000   0.500000000000000   0.500000000000000   0.625000000000000   0.625000000000000   0.750000000000000   0.750000000000000   1.000000000000000   1.000000000000000   1.000000000000000   
0.000000000000000   0.000000000000000   1.000000000000000   1.000000000000000   
0.008682408883347   0.009214726804819   0.009553773438715   0.010149810521478   0.010664859230157   0.011715934108939   0.012758957081663   0.013285849201480   0.013806421183178   0.014344213103222   0.014905984304680   0.015958843230680   0.017007770408494   0.008769232972180   0.009306874072867   0.009842960902535   0.010379047732203   0.010913580290852   0.011982645408149   0.013045493441370   0.013576917457981   0.014106787203572   0.014636656949163   0.015164972423735   0.016221603372879   0.017272017237946   
0.049240387650610   0.049122375608591   0.048034624924474   0.048273342572751   0.048110801873997   0.047881225439713   0.047617076080356   0.047503339833831   0.047365395132813   0.047283659617543   0.047272317449509   0.047011631570285   0.046728465152606   0.049732791527117   0.049613599364677   0.049488606583825   0.049363613802972   0.049232820403708   0.048971233605179   0.048686444333000   0.048544049696911   0.048395854442409   0.048247659187908   0.048093663314994   0.047785671569166   0.047454477349688   
1.000000000000000   0.999524337261468   0.999167590207569   0.998810843153671   0.998573011784405   0.998097349045873   0.998097349045873   0.998097349045873   0.998216264730506   0.998335180415139   0.998573011784404   0.999048674522936   1.000000000000000   1.000000000000000   0.999524337261468   0.999167590207569   0.998810843153671   0.998573011784405   0.998097349045873   0.998097349045873   0.998097349045873   0.998216264730506   0.998335180415139   0.998573011784404   0.999048674522936   1.000000000000000   
PATCH 24 
2 1 
6 2 
0.000000000000000   0.000000000000000   0.000000000000000   0.250000000000000   0.500000000000000   0.750000000000000   1.000000000000000   1.000000000000000   1.000000000000000   
0.000000000000000   0.000000000000000   1.000000000000000   1.000000000000000   
0.017007770408494   0.018057047911921   0.020005944331130   0.021971655928457   0.023880446822609   0.024944615602964   0.017272017237946   0.018289568482936   0.020304367573183   0.022298863263696   0.024273055554476   0.025250000000000   
0.046728465152606   0.046435049777488   0.045468248467709   0.044552943913682   0.043527234389102   0.043205341599609   0.047454477349688   0.047032993823604   0.046146485990198   0.045216437375554   0.044242847979673   0.043734282891114   
1.000000000000000   0.999048674522936   0.998097349045873   0.998097349045873   0.999048674522936   1.000000000000000   1.000000000000000   0.999048674522936   0.998097349045873   0.998097349045873   0.999048674522936   1.000000000000000   
PATCH 25 
2 1 
6 2 
0.000000000000000   0.000000000000000   0.000000000000000   0.250000000000000   0.500000000000000   0.750000000000000   1.000000000000000   1.000000000000000   1.000000000000000   
0.000000000000000   0.000000000000000   1.000000000000000   1.000000000000000   
0.017007770408494   0.018057047911921   0.020005944331130   0.021971655928457   0.023880446822609   0.024944615602964   0.008015934300446   0.009212368740943   0.011605237621935   0.013998106502928   0.016390975383921   0.017587409824418   
0.046728465152606   0.046435049777488   0.045468248467709   0.044552943913682   0.043527234389102   0.043205341599609   0.045373131413465   0.042481615924501   0.036698584946574   0.030915553968646   0.025132522990719   0.022241007501755   
1.000000000000000   0.999048674522936   0.998097349045873   0.998097349045873   0.999048674522936   1.000000000000000   1.000000000000000   1.000000000000000   1.000000000000000   1.000000000000000   1.000000000000000   1.000000000000000   
PATCH 26 
2 1 
13 2 
0.000000000000000   0.000000000000000   0.000000000000000   0.250000000000000   0.250000000000000   0.375000000000000   0.375000000000000   0.500000000000000   0.500000000000000   0.750000000000000   0.750000000000000   0.875000000000000   0.875000000000000   1.000000000000000   1.000000000000000   1.000000000000000   
0.000000000000000   0.000000000000000   1.000000000000000   1.000000000000000   
0.024944615602964   0.026242672319541   0.027537222302724   0.028085269660715   0.028734806162547   0.029361097839739   0.030042546980488   0.031012622655373   0.031952542209307   0.032541527830207   0.033022951536403   0.033615195383619   0.034143754022220   0.017587409824418   0.017827903622288   0.018068397420158   0.018068188239098   0.018068642537154   0.018069096835210   0.018070214612383   0.018352840586847   0.018635466561310   0.017148512534445   0.017137212424893   0.017125912315340   0.018590266123101   
0.043205341599609   0.042338550298014   0.041472455368419   0.040893133339058   0.040465779013863   0.040004646229424   0.039616305167327   0.038338740356513   0.037062973839427   0.036573010872595   0.035964734729544   0.035480618718354   0.034928860174570   0.022241007501755   0.021659787571933   0.021078567642111   0.021076645914622   0.021075508757766   0.021074371600911   0.021074019014689   0.020340633487176   0.019607247959664   0.017971254788881   0.017917919763649   0.017864584738417   0.019393907858738   
1.000000000000000   0.998042636955120   0.997063955432680   0.996574614671460   0.996329944290850   0.996085273910240   0.996085273910240   0.996085273910240   0.997063955432680   0.997553296193900   0.998287307335730   0.999021318477560   1.000000000000000   1.000000000000000   1.000000000000000   1.000000000000000   0.999962510783604   0.999962510783604   0.999962510783604   1.000000000000000   1.000000000000000   1.000000000000000   0.919156373196809   0.919156373196809   0.919156373196809   1.000000000000000   
PATCH 27 
2 2 
6 4 
0.000000000000000   0.000000000000000   0.000000000000000   0.250000000000000   0.500000000000000   0.750000000000000   1.000000000000000   1.000000000000000   1.000000000000000   
0.000000000000000   0.000000000000000   0.000000000000000   0.500000000000000   1.000000000000000   1.000000000000000   1.000000000000000   
0.014485188343591   0.013288753903095   0.010895885022102   0.008503016141109   0.006110147260116   0.004913712819620   0.015260743713798   0.014064309273301   0.011671440392309   0.009278571511316   0.006885702630323   0.005689268189826   0.016811854454211   0.015615420013715   0.013222551132722   0.010829682251729   0.008436813370736   0.007240378930240   0.017587409824418   0.016390975383921   0.013998106502928   0.011605237621935   0.009212368740943   0.008015934300446   
0.020957388362977   0.023848903851941   0.029631934829868   0.035414965807795   0.041197996785722   0.044089512274686   0.021278293147672   0.024169808636635   0.029952839614562   0.035735870592490   0.041518901570417   0.044410417059381   0.021920102717061   0.024811618206024   0.030594649183952   0.036377680161879   0.042160711139806   0.045052226628770   0.022241007501755   0.025132522990719   0.030915553968646   0.036698584946574   0.042481615924501   0.045373131413465   
1.000000000000000   1.000000000000000   1.000000000000000   1.000000000000000   1.000000000000000   1.000000000000000   1.000000000000000   1.000000000000000   1.000000000000000   1.000000000000000   1.000000000000000   1.000000000000000   1.000000000000000   1.000000000000000   1.000000000000000   1.000000000000000   1.000000000000000   1.000000000000000   1.000000000000000   1.000000000000000   1.000000000000000   1.000000000000000   1.000000000000000   1.000000000000000   
PATCH 28 
2 2 
13 4 
0.000000000000000   0.000000000000000   0.000000000000000   0.250000000000000   0.250000000000000   0.375000000000000   0.375000000000000   0.500000000000000   0.500000000000000   0.750000000000000   0.750000000000000   0.875000000000000   0.875000000000000   1.000000000000000   1.000000000000000   1.000000000000000   
0.000000000000000   0.000000000000000   0.000000000000000   0.500000000000000   1.000000000000000   1.000000000000000   1.000000000000000   
0.014485188343591   0.014711922979652   0.014938657615713   0.014832144390899   0.014835895347876   0.014839646304853   0.014953661443622   0.015028407389398   0.015103153335175   0.012653663160822   0.015230487108865   0.012857382597169   0.015444383121543   0.015260743713798   0.015490918140311   0.015721092566824   0.015641155352949   0.015644082145196   0.015647008937443   0.015732799735812   0.015859515688760   0.015986231641709   0.013777375504228   0.015707168437872   0.013924515026712   0.016230853871932   0.016811854454211   0.017048908461629   0.017285962469047   0.017259177277048   0.017260455739834   0.017261734202621   0.017291076320193   0.017521732287485   0.017752388254777   0.016024800191039   0.016660531095886   0.016058779885797   0.017803795372712   0.017587409824418   0.017827903622288   0.018068397420158   0.018068188239098   0.018068642537154   0.018069096835210   0.018070214612383   0.018352840586847   0.018635466561310   0.017148512534445   0.017137212424893   0.017125912315340   0.018590266123101   
0.020957388362977   0.020409421261844   0.019861454160710   0.019695004910186   0.019678075977817   0.019661147045448   0.019793738431235   0.018087216501008   0.016380694570780   0.013609637880895   0.016203039603625   0.013530432019171   0.016248024857179   0.021278293147672   0.020722012839366   0.020165732531061   0.020040415161295   0.020027434172804   0.020014453184314   0.020113808577099   0.018650570747550   0.017187332918001   0.014700042107891   0.016631759643631   0.014613970198983   0.017034495607569   0.021920102717061   0.021347195994411   0.020774289271761   0.020731235663513   0.020726150562779   0.020721065462045   0.020753948868825   0.019777279240634   0.018800609612443   0.016880850561884   0.017489199723643   0.016781046558606   0.018607437108348   0.022241007501755   0.021659787571933   0.021078567642111   0.021076645914622   0.021075508757766   0.021074371600911   0.021074019014689   0.020340633487176   0.019607247959664   0.017971254788881   0.017917919763649   0.017864584738417   0.019393907858738   
1.000000000000000   1.000000000000000   1.000000000000000   0.992426176462231   0.992426176462231   0.992426176462231   1.000000000000000   1.000000000000000   1.000000000000000   0.837499338518965   1.000000000000000   0.837499338518965   1.000000000000000   1.000000000000000   1.000000000000000   1.000000000000000   0.994310260042574   0.994310260042574   0.994310260042574   1.000000000000000   1.000000000000000   1.000000000000000   0.857913597188426   0.979789093299202   0.857913597188426   1.000000000000000   1.000000000000000   1.000000000000000   1.000000000000000   0.998078427203261   0.998078427203261   0.998078427203261   1.000000000000000   1.000000000000000   1.000000000000000   0.898742114527348   0.939367279897607   0.898742114527348   1.000000000000000   1.000000000000000   1.000000000000000   1.000000000000000   0.999962510783604   0.999962510783604   0.999962510783604   1.000000000000000   1.000000000000000   1.000000000000000   0.919156373196809   0.919156373196809   0.919156373196809   1.000000000000000   
PATCH 29 
2 1 
13 2 
0.000000000000000   0.000000000000000   0.000000000000000   0.250000000000000   0.250000000000000   0.375000000000000   0.375000000000000   0.500000000000000   0.500000000000000   0.750000000000000   0.750000000000000   0.875000000000000   0.875000000000000   1.000000000000000   1.000000000000000   1.000000000000000   
0.000000000000000   0.000000000000000   1.000000000000000   1.000000000000000   
0.024944615602964   0.026242672319541   0.027537222302724   0.028085269660715   0.028734806162547   0.029361097839739   0.030042546980488   0.031012622655373   0.031952542209307   0.032541527830207   0.033022951536403   0.033615195383619   0.034143754022220   0.025250000000000   0.026178902508932   0.027094027156471   0.027551589480241   0.028005707338662   0.028459825197083   0.028910498590156   0.029811845376303   0.030699414301056   0.031143198763433   0.031583538760461   0.032023878757490   0.032460774289170   
0.043205341599609   0.042338550298014   0.041472455368419   0.040893133339058   0.040465779013863   0.040004646229424   0.039616305167327   0.038338740356513   0.037062973839427   0.036573010872595   0.035964734729544   0.035480618718354   0.034928860174570   0.043734282891114   0.043142506727484   0.042531053738569   0.042225327244111   0.041914681543332   0.041604035842553   0.041288470935453   0.040657341121252   0.040006534481766   0.039681131162023   0.039350808635958   0.039020486109894   0.038685244377508   
1.000000000000000   0.998042636955120   0.997063955432680   0.996574614671460   0.996329944290850   0.996085273910240   0.996085273910240   0.996085273910240   0.997063955432680   0.997553296193900   0.998287307335730   0.999021318477560   1.000000000000000   1.000000000000000   0.999048674522937   0.998573011784405   0.998335180415139   0.998216264730506   0.998097349045873   0.998097349045873   0.998097349045873   0.998573011784405   0.998810843153671   0.999167590207569   0.999524337261468   1.000000000000000   
PATCH 30 
2 1 
6 2 
0.000000000000000   0.000000000000000   0.000000000000000   0.250000000000000   0.500000000000000   0.750000000000000   1.000000000000000   1.000000000000000   1.000000000000000   
0.000000000000000   0.000000000000000   1.000000000000000   1.000000000000000   
0.014485188343591   0.013288753903095   0.010895885022102   0.008503016141109   0.006110147260116   0.004913712819620   0.000000000000000   0.000000000000000   0.000000000000000   0.000000000000000   0.000000000000000   0.000000000000000   
0.020957388362977   0.023848903851941   0.029631934829868   0.035414965807795   0.041197996785722   0.044089512274686   0.014550000000000   0.018242439034336   0.025627317103007   0.033012195171679   0.040397073240350   0.044089512274686   
1.000000000000000   1.000000000000000   1.000000000000000   1.000000000000000   1.000000000000000   1.000000000000000   1.000000000000000   1.000000000000000   1.000000000000000   1.000000000000000   1.000000000000000   1.000000000000000   
PATCH 31 
2 1 
13 2 
0.000000000000000   0.000000000000000   0.000000000000000   0.250000000000000   0.250000000000000   0.375000000000000   0.375000000000000   0.500000000000000   0.500000000000000   0.750000000000000   0.750000000000000   0.875000000000000   0.875000000000000   1.000000000000000   1.000000000000000   1.000000000000000   
0.000000000000000   0.000000000000000   1.000000000000000   1.000000000000000   
0.004913712819620   0.004448172730409   0.003982632641198   0.003962219121194   0.003958920398743   0.003955621676292   0.003969437751393   0.003856590619888   0.003743743488382   0.003334758245631   0.003800557566351   0.003461628189267   0.003970619979231   0.000000000000000   0.000000000000000   0.000000000000000   0.000000000000000   0.000000000000000   0.000000000000000   0.000000000000000   0.000000000000000   0.000000000000000   0.000000000000000   0.000000000000000   0.000000000000000   0.000000000000000   
0.044089512274686   0.045214618952599   0.046339725630512   0.046169393227287   0.046181455811153   0.046193518395018   0.046387975965975   0.047179826470807   0.047971676975638   0.042981589709190   0.048141550917721   0.043108037378428   0.048197798329923   0.044089512274686   0.044828323240350   0.045567134206015   0.045936539688847   0.046305945171679   0.046675350654511   0.047044756137343   0.047783567103007   0.048522378068672   0.048891783551504   0.049261189034336   0.049630594517168   0.050000000000000   
1.000000000000000   1.000000000000000   1.000000000000000   0.996074906155065   0.996074906155065   0.996074906155065   1.000000000000000   1.000000000000000   1.000000000000000   0.894130179091599   1.000000000000000   0.894130179091599   1.000000000000000   1.000000000000000   1.000000000000000   1.000000000000000   1.000000000000000   1.000000000000000   1.000000000000000   1.000000000000000   1.000000000000000   1.000000000000000   1.000000000000000   1.000000000000000   1.000000000000000   1.000000000000000   
PATCH 32 
2 1 
13 2 
0.000000000000000   0.000000000000000   0.000000000000000   0.250000000000000   0.250000000000000   0.375000000000000   0.375000000000000   0.500000000000000   0.500000000000000   0.750000000000000   0.750000000000000   0.875000000000000   0.875000000000000   1.000000000000000   1.000000000000000   1.000000000000000   
0.000000000000000   0.000000000000000   1.000000000000000   1.000000000000000   
0.000000000000000   0.001372892406640   0.002695014668889   0.003356075800013   0.004004444395040   0.004652812990066   0.005288489048995   0.006559841166852   0.007780423140318   0.008390714127051   0.008988312577686   0.009585911028321   0.010170816942858   0.014485188343591   0.014711922979652   0.014938657615713   0.014832144390899   0.014835895347876   0.014839646304853   0.014953661443622   0.015028407389398   0.015103153335175   0.012653663160822   0.015230487108865   0.012857382597169   0.015444383121543   
0.014550000000000   0.014280967409638   0.013887367463568   0.013690567490534   0.013462625678572   0.013234683866611   0.012975600215723   0.012457432913947   0.011814698256465   0.011493330927723   0.011140821760055   0.010788312592387   0.010404661585793   0.020957388362977   0.020409421261844   0.019861454160710   0.019695004910186   0.019678075977817   0.019661147045448   0.019793738431235   0.018087216501008   0.016380694570780   0.013609637880895   0.016203039603625   0.013530432019171   0.016248024857179   
1.000000000000000   0.981509787603953   0.972264681405930   0.967642128306918   0.965330851757413   0.963019575207907   0.963019575207907   0.963019575207907   0.972264681405930   0.976887234504942   0.983821064153459   0.990754893801977   1.000000000000000   1.000000000000000   1.000000000000000   1.000000000000000   0.992426176462231   0.992426176462231   0.992426176462231   1.000000000000000   1.000000000000000   1.000000000000000   0.837499338518965   1.000000000000000   0.837499338518965   1.000000000000000   
INTERFACE 1 
1 2 
5 1 
1 
INTERFACE 2 
1 3 
2 4 
1 
INTERFACE 3 
2 1 
13 2 
1 
INTERFACE 4 
2 2 
3 1 
1 
INTERFACE 5 
2 3 
4 2 
1 
INTERFACE 6 
3 2 
7 1 
-1 
INTERFACE 7 
3 3 
4 4 
-1 
INTERFACE 8 
3 4 
5 3 
1 
INTERFACE 9 
4 1 
9 2 
1 
INTERFACE 10 
4 3 
13 3 
1 
INTERFACE 11 
5 2 
6 1 
1 
INTERFACE 12 
6 2 
11 1 
1 
INTERFACE 13 
6 3 
7 3 
1 
INTERFACE 14 
7 2 
8 1 
1 
INTERFACE 15 
7 4 
9 4 
-1 
INTERFACE 16 
8 2 
15 1 
1 
INTERFACE 17 
8 3 
11 3 
1 
INTERFACE 18 
8 4 
10 4 
1 
INTERFACE 19 
9 1 
10 1 
1 
INTERFACE 20 
9 3 
12 3 
1 
INTERFACE 21 
10 2 
16 3 
1 
INTERFACE 22 
10 3 
14 4 
1 
INTERFACE 23 
11 2 
18 1 
1 
INTERFACE 24 
12 1 
14 1 
-1 
INTERFACE 25 
12 2 
13 1 
1 
INTERFACE 26 
14 2 
17 1 
-1 
INTERFACE 27 
15 2 
26 2 
1 
INTERFACE 28 
15 3 
18 3 
1 
INTERFACE 29 
15 4 
16 2 
1 
INTERFACE 30 
16 1 
17 3 
1 
INTERFACE 31 
16 4 
28 2 
1 
INTERFACE 32 
17 2 
32 2 
-1 
INTERFACE 33 
18 2 
29 2 
1 
INTERFACE 34 
19 2 
23 1 
1 
INTERFACE 35 
19 3 
20 4 
1 
INTERFACE 36 
20 1 
31 2 
1 
INTERFACE 37 
20 2 
21 1 
1 
INTERFACE 38 
20 3 
22 2 
1 
INTERFACE 39 
21 2 
25 1 
-1 
INTERFACE 40 
21 3 
22 4 
-1 
INTERFACE 41 
21 4 
23 3 
1 
INTERFACE 42 
22 1 
27 2 
1 
INTERFACE 43 
22 3 
31 3 
1 
INTERFACE 44 
23 2 
24 1 
1 
INTERFACE 45 
24 2 
29 1 
1 
INTERFACE 46 
24 3 
25 3 
1 
INTERFACE 47 
25 2 
26 1 
1 
INTERFACE 48 
25 4 
27 4 
-1 
INTERFACE 49 
26 3 
29 3 
1 
INTERFACE 50 
26 4 
28 4 
1 
INTERFACE 51 
27 1 
28 1 
1 
INTERFACE 52 
27 3 
30 3 
1 
INTERFACE 53 
28 3 
32 4 
1 
INTERFACE 54 
30 1 
32 1 
-1 
INTERFACE 55 
30 2 
31 1 
1 
BOUNDARY 1 
1 
1 1 
BOUNDARY 2 
1 
1 4 
BOUNDARY 3 
1 
5 4 
BOUNDARY 4 
1 
6 4 
BOUNDARY 5 
1 
11 4 
BOUNDARY 6 
1 
12 4 
BOUNDARY 7 
1 
13 4 
BOUNDARY 8 
1 
14 3 
BOUNDARY 9 
1 
17 4 
BOUNDARY 10 
1 
18 4 
BOUNDARY 11 
1 
19 1 
BOUNDARY 12 
1 
19 4 
BOUNDARY 13 
1 
23 4 
BOUNDARY 14 
1 
24 4 
BOUNDARY 15 
1 
29 4 
BOUNDARY 16 
1 
30 4 
BOUNDARY 17 
1 
31 4 
BOUNDARY 18 
1 
32 3 
