# nurbs mesh v.2.1
#
# 14-Jul-2024
#
2 2 32 55 0 
PATCH 1 
2 1 
4 2 
0.000000000000000   0.000000000000000   0.000000000000000   0.500000000000000   1.000000000000000   1.000000000000000   1.000000000000000   
0.000000000000000   0.000000000000000   1.000000000000000   1.000000000000000   
0.050000000000000   0.049904867452294   0.049525061277599   0.049240387650610   0.050500000000000   0.050403916126817   0.050020311890375   0.049732791527117   
0.000000000000000   0.002178893568691   0.006520098010365   0.008682408883347   0.000000000000000   0.002200682504378   0.006585298990468   0.008769232972180   
1.000000000000000   0.998097349045873   0.998097349045873   1.000000000000000   1.000000000000000   0.998097349045873   0.998097349045873   1.000000000000000   
PATCH 2 
2 1 
4 2 
0.000000000000000   0.000000000000000   0.000000000000000   0.500000000000000   1.000000000000000   1.000000000000000   1.000000000000000   
0.000000000000000   0.000000000000000   1.000000000000000   1.000000000000000   
0.048324264729604   0.048196695455944   0.047941556908623   0.047813987634962   0.050000000000000   0.049904867452294   0.049525061277599   0.049240387650610   
0.003327956002285   0.004461988561261   0.006730053679213   0.007864086238190   0.000000000000000   0.002178893568691   0.006520098010365   0.008682408883347   
1.000000000000000   1.000000000000000   1.000000000000000   1.000000000000000   1.000000000000000   0.998097349045873   0.998097349045873   1.000000000000000   
PATCH 3 
2 1 
13 2 
0.000000000000000   0.000000000000000   0.000000000000000   0.125000000000000   0.125000000000000   0.250000000000000   0.250000000000000   0.500000000000000   0.500000000000000   0.625000000000000   0.625000000000000   0.750000000000000   0.750000000000000   1.000000000000000   1.000000000000000   1.000000000000000   
0.000000000000000   0.000000000000000   1.000000000000000   1.000000000000000   
0.047813987634962   0.043448290508937   0.047727906769221   0.043310462282802   0.047563446477630   0.045574615797960   0.043585785118290   0.042834762668483   0.042809161314603   0.042783559960724   0.043483379702771   0.043246818941038   0.043010258179305   0.049240387650610   0.049122375608591   0.048457168362186   0.048469787980476   0.048247014572718   0.048015027682918   0.047799517078985   0.047661942092142   0.047578275697544   0.047503660322587   0.047412620338241   0.047149080800011   0.046864106820166   
0.007864086238190   0.007230467399842   0.008006975593878   0.007324439009897   0.008034905790900   0.007501659215976   0.006968412641052   0.006845663967795   0.006845585574352   0.006845507180908   0.006968099067277   0.007029975539021   0.007091852010764   0.008682408883347   0.009214726804819   0.009637814571091   0.010191114553060   0.010695053889165   0.011748673836267   0.012807841999912   0.013330207465432   0.013868473209349   0.014410953643644   0.014950224840583   0.016005502549579   0.017057139938012   
1.000000000000000   0.908889145413871   1.000000000000000   0.908889145413871   1.000000000000000   1.000000000000000   1.000000000000000   0.983336439087363   0.983336439087363   0.983336439087363   1.000000000000000   1.000000000000000   1.000000000000000   1.000000000000000   0.999524337261468   0.999167590207569   0.998810843153671   0.998573011784405   0.998097349045873   0.998097349045873   0.998097349045873   0.998216264730506   0.998335180415139   0.998573011784404   0.999048674522936   1.000000000000000   
PATCH 4 
2 2 
13 4 
0.000000000000000   0.000000000000000   0.000000000000000   0.250000000000000   0.250000000000000   0.375000000000000   0.375000000000000   0.500000000000000   0.500000000000000   0.750000000000000   0.750000000000000   0.875000000000000   0.875000000000000   1.000000000000000   1.000000000000000   1.000000000000000   
0.000000000000000   0.000000000000000   0.000000000000000   0.500000000000000   1.000000000000000   1.000000000000000   1.000000000000000   
0.042260478902425   0.044110861997975   0.045961245093526   0.045869672679608   0.045878897352272   0.045888122024936   0.045998143784183   0.047054975027096   0.048111806270009   0.043657637841978   0.048269975423521   0.043774932399314   0.048324264729604   0.042447923721645   0.043894851233741   0.045341778745837   0.045098144499887   0.045111463342855   0.045124782185823   0.045395054117710   0.046684885219812   0.047974716321914   0.043570843952184   0.048134458259946   0.043693271926720   0.048196695455944   0.042822813360085   0.043462829705272   0.044102846050460   0.043555088140445   0.043576595324021   0.043598102507596   0.044188874784763   0.045944705605244   0.047700536425725   0.043397256172596   0.047863423932796   0.043529950981532   0.047941556908623   0.043010258179305   0.043246818941038   0.043483379702771   0.042783559960724   0.042809161314603   0.042834762668483   0.043585785118290   0.045574615797960   0.047563446477630   0.043310462282802   0.047727906769221   0.043448290508937   0.047813987634962   
0.004225360889443   0.003741361867428   0.003257362845413   0.003247866631237   0.003246356895762   0.003244847160286   0.003251323903511   0.003178696589047   0.003106069274583   0.002807235183472   0.003167279712548   0.002929734920851   0.003327956002285   0.004941983669773   0.004563515285326   0.004185046900879   0.004147276768655   0.004146164065409   0.004145051362164   0.004180596087897   0.004259437245779   0.004338278403662   0.003936536140078   0.004377203682880   0.004004918040599   0.004461988561261   0.006375229230434   0.006207822121122   0.006040415011811   0.005946097043490   0.005945778404704   0.005945459765918   0.006039140456667   0.006420918559244   0.006802696661821   0.006195138053290   0.006797051623545   0.006155284280095   0.006730053679213   0.007091852010764   0.007029975539021   0.006968099067277   0.006845507180908   0.006845585574352   0.006845663967795   0.006968412641052   0.007501659215976   0.008034905790900   0.007324439009897   0.008006975593878   0.007230467399842   0.007864086238190   
1.000000000000000   1.000000000000000   1.000000000000000   0.997810860494031   0.997810860494031   0.997810860494031   1.000000000000000   1.000000000000000   1.000000000000000   0.905662054663984   1.000000000000000   0.905662054663984   1.000000000000000   1.000000000000000   1.000000000000000   1.000000000000000   0.994192255142364   0.994192255142364   0.994192255142364   1.000000000000000   1.000000000000000   1.000000000000000   0.906468827351456   1.000000000000000   0.906468827351456   1.000000000000000   1.000000000000000   1.000000000000000   1.000000000000000   0.986955044439030   0.986955044439030   0.986955044439030   1.000000000000000   1.000000000000000   1.000000000000000   0.908082372726399   1.000000000000000   0.908082372726399   1.000000000000000   1.000000000000000   1.000000000000000   1.000000000000000   0.983336439087363   0.983336439087363   0.983336439087363   1.000000000000000   1.000000000000000   1.000000000000000   0.908889145413871   1.000000000000000   0.908889145413871   1.000000000000000   
PATCH 5 
2 1 
13 2 
0.000000000000000   0.000000000000000   0.000000000000000   0.125000000000000   0.125000000000000   0.250000000000000   0.250000000000000   0.500000000000000   0.500000000000000   0.625000000000000   0.625000000000000   0.750000000000000   0.750000000000000   1.000000000000000   1.000000000000000   1.000000000000000   
0.000000000000000   0.000000000000000   1.000000000000000   1.000000000000000   
0.049240387650610   0.049122375608591   0.048457168362186   0.048469787980476   0.048247014572718   0.048015027682918   0.047799517078985   0.047661942092142   0.047578275697544   0.047503660322587   0.047412620338241   0.047149080800011   0.046864106820166   0.049732791527117   0.049613599364677   0.049488606583825   0.049363613802972   0.049232820403708   0.048971233605179   0.048686444333000   0.048544049696911   0.048395854442409   0.048247659187908   0.048093663314994   0.047785671569166   0.047454477349688   
0.008682408883347   0.009214726804819   0.009637814571091   0.010191114553060   0.010695053889165   0.011748673836267   0.012807841999912   0.013330207465432   0.013868473209349   0.014410953643644   0.014950224840583   0.016005502549579   0.017057139938012   0.008769232972180   0.009306874072867   0.009842960902535   0.010379047732203   0.010913580290852   0.011982645408149   0.013045493441370   0.013576917457981   0.014106787203572   0.014636656949163   0.015164972423735   0.016221603372879   0.017272017237946   
1.000000000000000   0.999524337261468   0.999167590207569   0.998810843153671   0.998573011784405   0.998097349045873   0.998097349045873   0.998097349045873   0.998216264730506   0.998335180415139   0.998573011784404   0.999048674522936   1.000000000000000   1.000000000000000   0.999524337261468   0.999167590207569   0.998810843153671   0.998573011784405   0.998097349045873   0.998097349045873   0.998097349045873   0.998216264730506   0.998335180415139   0.998573011784404   0.999048674522936   1.000000000000000   
PATCH 6 
2 1 
6 2 
0.000000000000000   0.000000000000000   0.000000000000000   0.250000000000000   0.500000000000000   0.750000000000000   1.000000000000000   1.000000000000000   1.000000000000000   
0.000000000000000   0.000000000000000   1.000000000000000   1.000000000000000   
0.046864106820166   0.046546932129249   0.045677488618292   0.044605199388547   0.043697333612831   0.043293810281012   0.047454477349688   0.047032993823604   0.046146485990198   0.045216437375554   0.044242847979673   0.043734282891114   
0.017057139938012   0.018100555240888   0.020098009606250   0.021997426151775   0.023973768751371   0.024995693019987   0.017272017237946   0.018289568482936   0.020304367573183   0.022298863263696   0.024273055554476   0.025250000000000   
1.000000000000000   0.999048674522936   0.998097349045873   0.998097349045873   0.999048674522936   1.000000000000000   1.000000000000000   0.999048674522936   0.998097349045873   0.998097349045873   0.999048674522936   1.000000000000000   
PATCH 7 
2 1 
6 2 
0.000000000000000   0.000000000000000   0.000000000000000   0.250000000000000   0.500000000000000   0.750000000000000   1.000000000000000   1.000000000000000   1.000000000000000   
0.000000000000000   0.000000000000000   1.000000000000000   1.000000000000000   
0.046864106820166   0.046546932129249   0.045677488618292   0.044605199388547   0.043697333612831   0.043293810281012   0.043010258179305   0.039880710434016   0.033621614943439   0.027362519452861   0.021103423962283   0.017973876216994   
0.017057139938012   0.018100555240888   0.020098009606250   0.021997426151775   0.023973768751371   0.024995693019987   0.007091852010764   0.007910438200678   0.009547610580507   0.011184782960337   0.012821955340166   0.013640541530080   
1.000000000000000   0.999048674522936   0.998097349045873   0.998097349045873   0.999048674522936   1.000000000000000   1.000000000000000   1.000000000000000   1.000000000000000   1.000000000000000   1.000000000000000   1.000000000000000   
PATCH 8 
2 1 
13 2 
0.000000000000000   0.000000000000000   0.000000000000000   0.250000000000000   0.250000000000000   0.375000000000000   0.375000000000000   0.500000000000000   0.500000000000000   0.750000000000000   0.750000000000000   0.875000000000000   0.875000000000000   1.000000000000000   1.000000000000000   1.000000000000000   
0.000000000000000   0.000000000000000   1.000000000000000   1.000000000000000   
0.043293810281012   0.042423038224413   0.041517380480436   0.041034711480760   0.040512344777446   0.040045502932743   0.039648254641021   0.038347063635142   0.036850937549442   0.036273245988043   0.035702119147916   0.035217827558672   0.034712749288865   0.017973876216994   0.017546632795778   0.017119389374561   0.016926679628596   0.016908715366244   0.016890751103892   0.017047532325154   0.016434995485625   0.015822458646095   0.013795148781563   0.013729176504097   0.013663204226630   0.015558569536230   
0.024995693019987   0.026302973939389   0.027583217236037   0.028202928978522   0.028792622047108   0.029420301550779   0.030100634267228   0.031062398996047   0.031822095419167   0.032332181986285   0.032844385603662   0.033434284080208   0.034006231996797   0.013640541530080   0.013752294279297   0.013864047028513   0.013728736433382   0.013737579272784   0.013746422112186   0.013899418386121   0.014373845646626   0.014848272907130   0.013035306247657   0.013031131812083   0.013026957376508   0.014831575164832   
1.000000000000000   0.998025680537908   0.997038520806862   0.996544940941339   0.996298151008578   0.996051361075816   0.996051361075816   0.996051361075816   0.997038520806862   0.997532100672385   0.998272470470670   0.999012840268954   1.000000000000000   1.000000000000000   1.000000000000000   1.000000000000000   0.989874715347244   0.989874715347244   0.989874715347244   1.000000000000000   1.000000000000000   1.000000000000000   0.875174382572883   0.875174382572883   0.875174382572883   1.000000000000000   
PATCH 9 
2 2 
6 4 
0.000000000000000   0.000000000000000   0.000000000000000   0.250000000000000   0.500000000000000   0.750000000000000   1.000000000000000   1.000000000000000   1.000000000000000   
0.000000000000000   0.000000000000000   0.000000000000000   0.500000000000000   1.000000000000000   1.000000000000000   1.000000000000000   
0.017224096940114   0.020353644685403   0.026612740175980   0.032871835666558   0.039130931157136   0.042260478902425   0.017411541759334   0.020541089504623   0.026800184995200   0.033059280485778   0.039318375976356   0.042447923721645   0.017786431397774   0.020915979143063   0.027175074633641   0.033434170124218   0.039693265614796   0.042822813360085   0.017973876216994   0.021103423962283   0.027362519452861   0.033621614943439   0.039880710434016   0.043010258179305   
0.010774050408760   0.009955464218845   0.008318291839016   0.006681119459187   0.005043947079358   0.004225360889443   0.011490673189090   0.010672086999176   0.009034914619346   0.007397742239517   0.005760569859688   0.004941983669773   0.012923918749750   0.012105332559836   0.010468160180007   0.008830987800177   0.007193815420348   0.006375229230434   0.013640541530080   0.012821955340166   0.011184782960337   0.009547610580507   0.007910438200678   0.007091852010764   
1.000000000000000   1.000000000000000   1.000000000000000   1.000000000000000   1.000000000000000   1.000000000000000   1.000000000000000   1.000000000000000   1.000000000000000   1.000000000000000   1.000000000000000   1.000000000000000   1.000000000000000   1.000000000000000   1.000000000000000   1.000000000000000   1.000000000000000   1.000000000000000   1.000000000000000   1.000000000000000   1.000000000000000   1.000000000000000   1.000000000000000   1.000000000000000   
PATCH 10 
2 2 
13 4 
0.000000000000000   0.000000000000000   0.000000000000000   0.250000000000000   0.250000000000000   0.375000000000000   0.375000000000000   0.500000000000000   0.500000000000000   0.750000000000000   0.750000000000000   0.875000000000000   0.875000000000000   1.000000000000000   1.000000000000000   1.000000000000000   
0.000000000000000   0.000000000000000   0.000000000000000   0.500000000000000   1.000000000000000   1.000000000000000   1.000000000000000   
0.017224096940114   0.016621769969782   0.016019442999451   0.015998402302631   0.015992570630092   0.015986738957554   0.015996116309297   0.014644929197533   0.013293742085769   0.011613811896355   0.013171800898963   0.011575480182453   0.013226258123905   0.017411541759334   0.016852985676281   0.016294429593228   0.016230471634122   0.016221606814130   0.016212741994138   0.016258970313262   0.015092445769556   0.013925921225850   0.012159146117657   0.013311144800246   0.012097411193498   0.013809335976986   0.017786431397774   0.017315417089279   0.016844402780784   0.016694610297104   0.016679679182206   0.016664748067307   0.016784678321190   0.015987478913602   0.015190279506014   0.013249814560261   0.013589832602813   0.013141273215586   0.014975491683149   0.017973876216994   0.017546632795778   0.017119389374561   0.016926679628596   0.016908715366244   0.016890751103892   0.017047532325154   0.016434995485625   0.015822458646095   0.013795148781563   0.013729176504097   0.013663204226630   0.015558569536230   
0.010774050408760   0.010931599224070   0.011089148039380   0.011080246872610   0.011082161668605   0.011084076464600   0.011096807223361   0.011634409173734   0.012172011124108   0.010749650611447   0.012317449557358   0.010935534098113   0.012499263752507   0.011490673189090   0.011636772987877   0.011782872786663   0.011742369262803   0.011746016069650   0.011749662876497   0.011797460014051   0.012319268291957   0.012841076569863   0.011321064520499   0.012495870121039   0.011458389917712   0.013082341605588   0.012923918749750   0.013047120515490   0.013170322281230   0.013066614043189   0.013073724871739   0.013080835700289   0.013198765595431   0.013688986528403   0.014179207461374   0.012463892338604   0.012852711248402   0.012504101556910   0.014248497311751   0.013640541530080   0.013752294279297   0.013864047028513   0.013728736433382   0.013737579272784   0.013746422112186   0.013899418386121   0.014373845646626   0.014848272907130   0.013035306247657   0.013031131812083   0.013026957376508   0.014831575164832   
1.000000000000000   1.000000000000000   1.000000000000000   0.999057239996129   0.999057239996129   0.999057239996129   1.000000000000000   1.000000000000000   1.000000000000000   0.880262777151212   1.000000000000000   0.880262777151212   1.000000000000000   1.000000000000000   1.000000000000000   1.000000000000000   0.996761608833908   0.996761608833908   0.996761608833908   1.000000000000000   1.000000000000000   1.000000000000000   0.878990678506629   0.968793595643221   0.878990678506629   1.000000000000000   1.000000000000000   1.000000000000000   1.000000000000000   0.992170346509466   0.992170346509466   0.992170346509466   1.000000000000000   1.000000000000000   1.000000000000000   0.876446481217465   0.906380786929662   0.876446481217465   1.000000000000000   1.000000000000000   1.000000000000000   1.000000000000000   0.989874715347244   0.989874715347244   0.989874715347244   1.000000000000000   1.000000000000000   1.000000000000000   0.875174382572883   0.875174382572883   0.875174382572883   1.000000000000000   
PATCH 11 
2 1 
13 2 
0.000000000000000   0.000000000000000   0.000000000000000   0.250000000000000   0.250000000000000   0.375000000000000   0.375000000000000   0.500000000000000   0.500000000000000   0.750000000000000   0.750000000000000   0.875000000000000   0.875000000000000   1.000000000000000   1.000000000000000   1.000000000000000   
0.000000000000000   0.000000000000000   1.000000000000000   1.000000000000000   
0.043293810281012   0.042423038224413   0.041517380480436   0.041034711480760   0.040512344777446   0.040045502932743   0.039648254641021   0.038347063635142   0.036850937549442   0.036273245988043   0.035702119147916   0.035217827558672   0.034712749288865   0.043734282891114   0.043142506727484   0.042531053738569   0.042225327244111   0.041914681543332   0.041604035842553   0.041288470935453   0.040657341121252   0.040006534481766   0.039681131162023   0.039350808635958   0.039020486109894   0.038685244377508   
0.024995693019987   0.026302973939389   0.027583217236037   0.028202928978522   0.028792622047108   0.029420301550779   0.030100634267228   0.031062398996047   0.031822095419167   0.032332181986285   0.032844385603662   0.033434284080208   0.034006231996797   0.025250000000000   0.026178902508932   0.027094027156471   0.027551589480241   0.028005707338662   0.028459825197083   0.028910498590156   0.029811845376303   0.030699414301056   0.031143198763433   0.031583538760461   0.032023878757490   0.032460774289170   
1.000000000000000   0.998025680537908   0.997038520806862   0.996544940941339   0.996298151008578   0.996051361075816   0.996051361075816   0.996051361075816   0.997038520806862   0.997532100672385   0.998272470470670   0.999012840268954   1.000000000000000   1.000000000000000   0.999048674522937   0.998573011784405   0.998335180415139   0.998216264730506   0.998097349045873   0.998097349045873   0.998097349045873   0.998573011784405   0.998810843153671   0.999167590207569   0.999524337261468   1.000000000000000   
PATCH 12 
2 1 
6 2 
0.000000000000000   0.000000000000000   0.000000000000000   0.250000000000000   0.500000000000000   0.750000000000000   1.000000000000000   1.000000000000000   1.000000000000000   
0.000000000000000   0.000000000000000   1.000000000000000   1.000000000000000   
0.017224096940114   0.020353644685403   0.026612740175980   0.032871835666558   0.039130931157136   0.042260478902425   0.014550000000000   0.018013809862803   0.024941429588409   0.031869049314015   0.038796669039622   0.042260478902425   
0.010774050408760   0.009955464218845   0.008318291839016   0.006681119459187   0.005043947079358   0.004225360889443   0.000000000000000   0.000000000000000   0.000000000000000   0.000000000000000   0.000000000000000   0.000000000000000   
1.000000000000000   1.000000000000000   1.000000000000000   1.000000000000000   1.000000000000000   1.000000000000000   1.000000000000000   1.000000000000000   1.000000000000000   1.000000000000000   1.000000000000000   1.000000000000000   
PATCH 13 
2 1 
13 2 
0.000000000000000   0.000000000000000   0.000000000000000   0.250000000000000   0.250000000000000   0.375000000000000   0.375000000000000   0.500000000000000   0.500000000000000   0.750000000000000   0.750000000000000   0.875000000000000   0.875000000000000   1.000000000000000   1.000000000000000   1.000000000000000   
0.000000000000000   0.000000000000000   1.000000000000000   1.000000000000000   
0.042260478902425   0.044110861997975   0.045961245093526   0.045869672679608   0.045878897352272   0.045888122024936   0.045998143784183   0.047054975027096   0.048111806270009   0.043657637841978   0.048269975423521   0.043774932399314   0.048324264729604   0.042260478902425   0.043227919039622   0.044195359176819   0.044679079245417   0.045162799314015   0.045646519382614   0.046130239451212   0.047097679588409   0.048065119725606   0.048548839794205   0.049032559862803   0.049516279931402   0.050000000000000   
0.004225360889443   0.003741361867428   0.003257362845413   0.003247866631237   0.003246356895762   0.003244847160286   0.003251323903511   0.003178696589047   0.003106069274583   0.002807235183472   0.003167279712548   0.002929734920851   0.003327956002285   0.000000000000000   0.000000000000000   0.000000000000000   0.000000000000000   0.000000000000000   0.000000000000000   0.000000000000000   0.000000000000000   0.000000000000000   0.000000000000000   0.000000000000000   0.000000000000000   0.000000000000000   
1.000000000000000   1.000000000000000   1.000000000000000   0.997810860494031   0.997810860494031   0.997810860494031   1.000000000000000   1.000000000000000   1.000000000000000   0.905662054663984   1.000000000000000   0.905662054663984   1.000000000000000   1.000000000000000   1.000000000000000   1.000000000000000   1.000000000000000   1.000000000000000   1.000000000000000   1.000000000000000   1.000000000000000   1.000000000000000   1.000000000000000   1.000000000000000   1.000000000000000   1.000000000000000   
PATCH 14 
2 1 
13 2 
0.000000000000000   0.000000000000000   0.000000000000000   0.250000000000000   0.250000000000000   0.375000000000000   0.375000000000000   0.500000000000000   0.500000000000000   0.750000000000000   0.750000000000000   0.875000000000000   0.875000000000000   1.000000000000000   1.000000000000000   1.000000000000000   
0.000000000000000   0.000000000000000   1.000000000000000   1.000000000000000   
0.014550000000000   0.014280222923832   0.013885561388043   0.013688230620149   0.013459678737349   0.013231126854550   0.012971353856846   0.012451807861437   0.011807377406408   0.011485162178893   0.011131725836474   0.010778289494054   0.010393632036730   0.017224096940114   0.016621769969782   0.016019442999451   0.015998402302631   0.015992570630092   0.015986738957554   0.015996116309297   0.014644929197533   0.013293742085769   0.011613811896355   0.013171800898963   0.011575480182453   0.013226258123905   
0.000000000000000   0.001374717628569   0.002698456933786   0.003360326586394   0.004009451658164   0.004658576729934   0.005294957220866   0.006567718202729   0.007789500861240   0.008400392190495   0.008998538938912   0.009596685687329   0.010182087854908   0.010774050408760   0.010931599224070   0.011089148039380   0.011080246872610   0.011082161668605   0.011084076464600   0.011096807223361   0.011634409173734   0.012172011124108   0.010749650611447   0.012317449557358   0.010935534098113   0.012499263752507   
1.000000000000000   0.981458620194609   0.972187930291914   0.967552585340566   0.965234912864892   0.962917240389218   0.962917240389218   0.962917240389218   0.972187930291913   0.976823275243261   0.983776292670283   0.990729310097304   1.000000000000000   1.000000000000000   1.000000000000000   1.000000000000000   0.999057239996129   0.999057239996129   0.999057239996129   1.000000000000000   1.000000000000000   1.000000000000000   0.880262777151212   1.000000000000000   0.880262777151212   1.000000000000000   
PATCH 15 
2 1 
4 2 
0.000000000000000   0.000000000000000   0.000000000000000   0.500000000000000   1.000000000000000   1.000000000000000   1.000000000000000   
0.000000000000000   0.000000000000000   1.000000000000000   1.000000000000000   
0.034712749288865   0.034549711447750   0.034196323069934   0.034006231996797   0.015558569536230   0.015376820943381   0.015013323757682   0.014831575164832   
0.034006231996797   0.034196323069934   0.034549711447750   0.034712749288865   0.014831575164832   0.015013323757682   0.015376820943381   0.015558569536230   
1.000000000000000   0.999973576054020   0.999973576054020   1.000000000000000   1.000000000000000   1.000000000000000   1.000000000000000   1.000000000000000   
PATCH 16 
2 2 
4 4 
0.000000000000000   0.000000000000000   0.000000000000000   0.500000000000000   1.000000000000000   1.000000000000000   1.000000000000000   
0.000000000000000   0.000000000000000   0.000000000000000   0.500000000000000   1.000000000000000   1.000000000000000   1.000000000000000   
0.013226258123905   0.013809335976986   0.014975491683149   0.015558569536230   0.013044509531055   0.013627587384137   0.014793743090299   0.015376820943381   0.012681012345356   0.013264090198438   0.014430245904601   0.015013323757682   0.012499263752507   0.013082341605588   0.014248497311751   0.014831575164832   
0.012499263752507   0.013082341605588   0.014248497311751   0.014831575164832   0.012681012345356   0.013264090198438   0.014430245904601   0.015013323757682   0.013044509531055   0.013627587384137   0.014793743090299   0.015376820943381   0.013226258123905   0.013809335976986   0.014975491683149   0.015558569536230   
1.000000000000000   1.000000000000000   1.000000000000000   1.000000000000000   1.000000000000000   1.000000000000000   1.000000000000000   1.000000000000000   1.000000000000000   1.000000000000000   1.000000000000000   1.000000000000000   1.000000000000000   1.000000000000000   1.000000000000000   1.000000000000000   
PATCH 17 
2 1 
4 2 
0.000000000000000   0.000000000000000   0.000000000000000   0.500000000000000   1.000000000000000   1.000000000000000   1.000000000000000   
0.000000000000000   0.000000000000000   1.000000000000000   1.000000000000000   
0.013226258123905   0.013044509531055   0.012681012345356   0.012499263752507   0.010393632036730   0.010341017851497   0.010235245760586   0.010182087854908   
0.012499263752507   0.012681012345356   0.013044509531055   0.013226258123905   0.010182087854908   0.010235245760586   0.010341017851497   0.010393632036730   
1.000000000000000   1.000000000000000   1.000000000000000   1.000000000000000   1.000000000000000   0.999973576054020   0.999973576054020   1.000000000000000   
PATCH 18 
2 1 
4 2 
0.000000000000000   0.000000000000000   0.000000000000000   0.500000000000000   1.000000000000000   1.000000000000000   1.000000000000000   
0.000000000000000   0.000000000000000   1.000000000000000   1.000000000000000   
0.034712749288865   0.034549711447750   0.034196323069934   0.034006231996797   0.038685244377508   0.037197068413715   0.034084833369545   0.032460774289170   
0.034006231996797   0.034196323069934   0.034549711447750   0.034712749288865   0.032460774289170   0.034084833369545   0.037197068413715   0.038685244377508   
1.000000000000000   0.999973576054020   0.999973576054020   1.000000000000000   1.000000000000000   0.998097349045873   0.998097349045873   1.000000000000000   
PATCH 19 
2 1 
4 2 
0.000000000000000   0.000000000000000   0.000000000000000   0.500000000000000   1.000000000000000   1.000000000000000   1.000000000000000   
0.000000000000000   0.000000000000000   1.000000000000000   1.000000000000000   
0.000000000000000   0.002178893568691   0.006520098010365   0.008682408883347   0.000000000000000   0.002200682504378   0.006585298990468   0.008769232972180   
0.050000000000000   0.049904867452294   0.049525061277599   0.049240387650610   0.050500000000000   0.050403916126817   0.050020311890375   0.049732791527117   
1.000000000000000   0.998097349045873   0.998097349045873   1.000000000000000   1.000000000000000   0.998097349045873   0.998097349045873   1.000000000000000   
PATCH 20 
2 1 
4 2 
0.000000000000000   0.000000000000000   0.000000000000000   0.500000000000000   1.000000000000000   1.000000000000000   1.000000000000000   
0.000000000000000   0.000000000000000   1.000000000000000   1.000000000000000   
0.003327956002285   0.004461988561261   0.006730053679213   0.007864086238190   0.000000000000000   0.002178893568691   0.006520098010365   0.008682408883347   
0.048324264729604   0.048196695455944   0.047941556908623   0.047813987634962   0.050000000000000   0.049904867452294   0.049525061277599   0.049240387650610   
1.000000000000000   1.000000000000000   1.000000000000000   1.000000000000000   1.000000000000000   0.998097349045873   0.998097349045873   1.000000000000000   
PATCH 21 
2 1 
13 2 
0.000000000000000   0.000000000000000   0.000000000000000   0.125000000000000   0.125000000000000   0.250000000000000   0.250000000000000   0.500000000000000   0.500000000000000   0.625000000000000   0.625000000000000   0.750000000000000   0.750000000000000   1.000000000000000   1.000000000000000   1.000000000000000   
0.000000000000000   0.000000000000000   1.000000000000000   1.000000000000000   
0.007864086238190   0.007230467399842   0.008006975593878   0.007324439009897   0.008034905790900   0.007501659215976   0.006968412641052   0.006845663967795   0.006845585574352   0.006845507180908   0.006968099067277   0.007029975539021   0.007091852010764   0.008682408883347   0.009214726804819   0.009637814571091   0.010191114553060   0.010695053889165   0.011748673836267   0.012807841999912   0.013330207465432   0.013868473209349   0.014410953643644   0.014950224840583   0.016005502549579   0.017057139938012   
0.047813987634962   0.043448290508937   0.047727906769221   0.043310462282802   0.047563446477630   0.045574615797960   0.043585785118290   0.042834762668483   0.042809161314603   0.042783559960724   0.043483379702771   0.043246818941038   0.043010258179305   0.049240387650610   0.049122375608591   0.048457168362186   0.048469787980476   0.048247014572718   0.048015027682918   0.047799517078985   0.047661942092142   0.047578275697544   0.047503660322587   0.047412620338241   0.047149080800011   0.046864106820166   
1.000000000000000   0.908889145413871   1.000000000000000   0.908889145413871   1.000000000000000   1.000000000000000   1.000000000000000   0.983336439087363   0.983336439087363   0.983336439087363   1.000000000000000   1.000000000000000   1.000000000000000   1.000000000000000   0.999524337261468   0.999167590207569   0.998810843153671   0.998573011784405   0.998097349045873   0.998097349045873   0.998097349045873   0.998216264730506   0.998335180415139   0.998573011784404   0.999048674522936   1.000000000000000   
PATCH 22 
2 2 
13 4 
0.000000000000000   0.000000000000000   0.000000000000000   0.250000000000000   0.250000000000000   0.375000000000000   0.375000000000000   0.500000000000000   0.500000000000000   0.750000000000000   0.750000000000000   0.875000000000000   0.875000000000000   1.000000000000000   1.000000000000000   1.000000000000000   
0.000000000000000   0.000000000000000   0.000000000000000   0.500000000000000   1.000000000000000   1.000000000000000   1.000000000000000   
0.004225360889443   0.003741361867428   0.003257362845413   0.003247866631237   0.003246356895762   0.003244847160286   0.003251323903511   0.003178696589047   0.003106069274583   0.002807235183472   0.003167279712548   0.002929734920851   0.003327956002285   0.004941983669773   0.004563515285326   0.004185046900879   0.004147276768655   0.004146164065409   0.004145051362164   0.004180596087897   0.004259437245779   0.004338278403662   0.003936536140078   0.004377203682880   0.004004918040599   0.004461988561261   0.006375229230434   0.006207822121122   0.006040415011811   0.005946097043490   0.005945778404704   0.005945459765918   0.006039140456667   0.006420918559244   0.006802696661821   0.006195138053290   0.006797051623545   0.006155284280095   0.006730053679213   0.007091852010764   0.007029975539021   0.006968099067277   0.006845507180908   0.006845585574352   0.006845663967795   0.006968412641052   0.007501659215976   0.008034905790900   0.007324439009897   0.008006975593878   0.007230467399842   0.007864086238190   
0.042260478902425   0.044110861997975   0.045961245093526   0.045869672679608   0.045878897352272   0.045888122024936   0.045998143784183   0.047054975027096   0.048111806270009   0.043657637841978   0.048269975423521   0.043774932399314   0.048324264729604   0.042447923721645   0.043894851233741   0.045341778745837   0.045098144499887   0.045111463342855   0.045124782185823   0.045395054117710   0.046684885219812   0.047974716321914   0.043570843952184   0.048134458259946   0.043693271926720   0.048196695455944   0.042822813360085   0.043462829705272   0.044102846050460   0.043555088140445   0.043576595324021   0.043598102507596   0.044188874784763   0.045944705605244   0.047700536425725   0.043397256172596   0.047863423932796   0.043529950981532   0.047941556908623   0.043010258179305   0.043246818941038   0.043483379702771   0.042783559960724   0.042809161314603   0.042834762668483   0.043585785118290   0.045574615797960   0.047563446477630   0.043310462282802   0.047727906769221   0.043448290508937   0.047813987634962   
1.000000000000000   1.000000000000000   1.000000000000000   0.997810860494031   0.997810860494031   0.997810860494031   1.000000000000000   1.000000000000000   1.000000000000000   0.905662054663984   1.000000000000000   0.905662054663984   1.000000000000000   1.000000000000000   1.000000000000000   1.000000000000000   0.994192255142364   0.994192255142364   0.994192255142364   1.000000000000000   1.000000000000000   1.000000000000000   0.906468827351456   1.000000000000000   0.906468827351456   1.000000000000000   1.000000000000000   1.000000000000000   1.000000000000000   0.986955044439030   0.986955044439030   0.986955044439030   1.000000000000000   1.000000000000000   1.000000000000000   0.908082372726399   1.000000000000000   0.908082372726399   1.000000000000000   1.000000000000000   1.000000000000000   1.000000000000000   0.983336439087363   0.983336439087363   0.983336439087363   1.000000000000000   1.000000000000000   1.000000000000000   0.908889145413871   1.000000000000000   0.908889145413871   1.000000000000000   
PATCH 23 
2 1 
13 2 
0.000000000000000   0.000000000000000   0.000000000000000   0.125000000000000   0.125000000000000   0.250000000000000   0.250000000000000   0.500000000000000   0.500000000000000   0.625000000000000   0.625000000000000   0.750000000000000   0.750000000000000   1.000000000000000   1.000000000000000   1.000000000000000   
0.000000000000000   0.000000000000000   1.000000000000000   1.000000000000000   
0.008682408883347   0.009214726804819   0.009637814571091   0.010191114553060   0.010695053889165   0.011748673836267   0.012807841999912   0.013330207465432   0.013868473209349   0.014410953643644   0.014950224840583   0.016005502549579   0.017057139938012   0.008769232972180   0.009306874072867   0.009842960902535   0.010379047732203   0.010913580290852   0.011982645408149   0.013045493441370   0.013576917457981   0.014106787203572   0.014636656949163   0.015164972423735   0.016221603372879   0.017272017237946   
0.049240387650610   0.049122375608591   0.048457168362186   0.048469787980476   0.048247014572718   0.048015027682918   0.047799517078985   0.047661942092142   0.047578275697544   0.047503660322587   0.047412620338241   0.047149080800011   0.046864106820166   0.049732791527117   0.049613599364677   0.049488606583825   0.049363613802972   0.049232820403708   0.048971233605179   0.048686444333000   0.048544049696911   0.048395854442409   0.048247659187908   0.048093663314994   0.047785671569166   0.047454477349688   
1.000000000000000   0.999524337261468   0.999167590207569   0.998810843153671   0.998573011784405   0.998097349045873   0.998097349045873   0.998097349045873   0.998216264730506   0.998335180415139   0.998573011784404   0.999048674522936   1.000000000000000   1.000000000000000   0.999524337261468   0.999167590207569   0.998810843153671   0.998573011784405   0.998097349045873   0.998097349045873   0.998097349045873   0.998216264730506   0.998335180415139   0.998573011784404   0.999048674522936   1.000000000000000   
PATCH 24 
2 1 
6 2 
0.000000000000000   0.000000000000000   0.000000000000000   0.250000000000000   0.500000000000000   0.750000000000000   1.000000000000000   1.000000000000000   1.000000000000000   
0.000000000000000   0.000000000000000   1.000000000000000   1.000000000000000   
0.017057139938012   0.018100555240888   0.020098009606250   0.021997426151775   0.023973768751371   0.024995693019987   0.017272017237946   0.018289568482936   0.020304367573183   0.022298863263696   0.024273055554476   0.025250000000000   
0.046864106820166   0.046546932129249   0.045677488618292   0.044605199388547   0.043697333612831   0.043293810281012   0.047454477349688   0.047032993823604   0.046146485990198   0.045216437375554   0.044242847979673   0.043734282891114   
1.000000000000000   0.999048674522936   0.998097349045873   0.998097349045873   0.999048674522936   1.000000000000000   1.000000000000000   0.999048674522936   0.998097349045873   0.998097349045873   0.999048674522936   1.000000000000000   
PATCH 25 
2 1 
6 2 
0.000000000000000   0.000000000000000   0.000000000000000   0.250000000000000   0.500000000000000   0.750000000000000   1.000000000000000   1.000000000000000   1.000000000000000   
0.000000000000000   0.000000000000000   1.000000000000000   1.000000000000000   
0.017057139938012   0.018100555240888   0.020098009606250   0.021997426151775   0.023973768751371   0.024995693019987   0.007091852010764   0.007910438200678   0.009547610580507   0.011184782960337   0.012821955340166   0.013640541530080   
0.046864106820166   0.046546932129249   0.045677488618292   0.044605199388547   0.043697333612831   0.043293810281012   0.043010258179305   0.039880710434016   0.033621614943439   0.027362519452861   0.021103423962283   0.017973876216994   
1.000000000000000   0.999048674522936   0.998097349045873   0.998097349045873   0.999048674522936   1.000000000000000   1.000000000000000   1.000000000000000   1.000000000000000   1.000000000000000   1.000000000000000   1.000000000000000   
PATCH 26 
2 1 
13 2 
0.000000000000000   0.000000000000000   0.000000000000000   0.250000000000000   0.250000000000000   0.375000000000000   0.375000000000000   0.500000000000000   0.500000000000000   0.750000000000000   0.750000000000000   0.875000000000000   0.875000000000000   1.000000000000000   1.000000000000000   1.000000000000000   
0.000000000000000   0.000000000000000   1.000000000000000   1.000000000000000   
0.024995693019987   0.026302973939389   0.027583217236037   0.028202928978522   0.028792622047108   0.029420301550779   0.030100634267228   0.031062398996047   0.031822095419167   0.032332181986285   0.032844385603662   0.033434284080208   0.034006231996797   0.013640541530080   0.013752294279297   0.013864047028513   0.013728736433382   0.013737579272784   0.013746422112186   0.013899418386121   0.014373845646626   0.014848272907130   0.013035306247657   0.013031131812083   0.013026957376508   0.014831575164832   
0.043293810281012   0.042423038224413   0.041517380480436   0.041034711480760   0.040512344777446   0.040045502932743   0.039648254641021   0.038347063635142   0.036850937549442   0.036273245988043   0.035702119147916   0.035217827558672   0.034712749288865   0.017973876216994   0.017546632795778   0.017119389374561   0.016926679628596   0.016908715366244   0.016890751103892   0.017047532325154   0.016434995485625   0.015822458646095   0.013795148781563   0.013729176504097   0.013663204226630   0.015558569536230   
1.000000000000000   0.998025680537908   0.997038520806862   0.996544940941339   0.996298151008578   0.996051361075816   0.996051361075816   0.996051361075816   0.997038520806862   0.997532100672385   0.998272470470670   0.999012840268954   1.000000000000000   1.000000000000000   1.000000000000000   1.000000000000000   0.989874715347244   0.989874715347244   0.989874715347244   1.000000000000000   1.000000000000000   1.000000000000000   0.875174382572883   0.875174382572883   0.875174382572883   1.000000000000000   
PATCH 27 
2 2 
6 4 
0.000000000000000   0.000000000000000   0.000000000000000   0.250000000000000   0.500000000000000   0.750000000000000   1.000000000000000   1.000000000000000   1.000000000000000   
0.000000000000000   0.000000000000000   0.000000000000000   0.500000000000000   1.000000000000000   1.000000000000000   1.000000000000000   
0.010774050408760   0.009955464218845   0.008318291839016   0.006681119459187   0.005043947079358   0.004225360889443   0.011490673189090   0.010672086999176   0.009034914619346   0.007397742239517   0.005760569859688   0.004941983669773   0.012923918749750   0.012105332559836   0.010468160180007   0.008830987800177   0.007193815420348   0.006375229230434   0.013640541530080   0.012821955340166   0.011184782960337   0.009547610580507   0.007910438200678   0.007091852010764   
0.017224096940114   0.020353644685403   0.026612740175980   0.032871835666558   0.039130931157136   0.042260478902425   0.017411541759334   0.020541089504623   0.026800184995200   0.033059280485778   0.039318375976356   0.042447923721645   0.017786431397774   0.020915979143063   0.027175074633641   0.033434170124218   0.039693265614796   0.042822813360085   0.017973876216994   0.021103423962283   0.027362519452861   0.033621614943439   0.039880710434016   0.043010258179305   
1.000000000000000   1.000000000000000   1.000000000000000   1.000000000000000   1.000000000000000   1.000000000000000   1.000000000000000   1.000000000000000   1.000000000000000   1.000000000000000   1.000000000000000   1.000000000000000   1.000000000000000   1.000000000000000   1.000000000000000   1.000000000000000   1.000000000000000   1.000000000000000   1.000000000000000   1.000000000000000   1.000000000000000   1.000000000000000   1.000000000000000   1.000000000000000   
PATCH 28 
2 2 
13 4 
0.000000000000000   0.000000000000000   0.000000000000000   0.250000000000000   0.250000000000000   0.375000000000000   0.375000000000000   0.500000000000000   0.500000000000000   0.750000000000000   0.750000000000000   0.875000000000000   0.875000000000000   1.000000000000000   1.000000000000000   1.000000000000000   
0.000000000000000   0.000000000000000   0.000000000000000   0.500000000000000   1.000000000000000   1.000000000000000   1.000000000000000   
0.010774050408760   0.010931599224070   0.011089148039380   0.011080246872610   0.011082161668605   0.011084076464600   0.011096807223361   0.011634409173734   0.012172011124108   0.010749650611447   0.012317449557358   0.010935534098113   0.012499263752507   0.011490673189090   0.011636772987877   0.011782872786663   0.011742369262803   0.011746016069650   0.011749662876497   0.011797460014051   0.012319268291957   0.012841076569863   0.011321064520499   0.012495870121039   0.011458389917712   0.013082341605588   0.012923918749750   0.013047120515490   0.013170322281230   0.013066614043189   0.013073724871739   0.013080835700289   0.013198765595431   0.013688986528403   0.014179207461374   0.012463892338604   0.012852711248402   0.012504101556910   0.014248497311751   0.013640541530080   0.013752294279297   0.013864047028513   0.013728736433382   0.013737579272784   0.013746422112186   0.013899418386121   0.014373845646626   0.014848272907130   0.013035306247657   0.013031131812083   0.013026957376508   0.014831575164832   
0.017224096940114   0.016621769969782   0.016019442999451   0.015998402302631   0.015992570630092   0.015986738957554   0.015996116309297   0.014644929197533   0.013293742085769   0.011613811896355   0.013171800898963   0.011575480182453   0.013226258123905   0.017411541759334   0.016852985676281   0.016294429593228   0.016230471634122   0.016221606814130   0.016212741994138   0.016258970313262   0.015092445769556   0.013925921225850   0.012159146117657   0.013311144800246   0.012097411193498   0.013809335976986   0.017786431397774   0.017315417089279   0.016844402780784   0.016694610297104   0.016679679182206   0.016664748067307   0.016784678321190   0.015987478913602   0.015190279506014   0.013249814560261   0.013589832602813   0.013141273215586   0.014975491683149   0.017973876216994   0.017546632795778   0.017119389374561   0.016926679628596   0.016908715366244   0.016890751103892   0.017047532325154   0.016434995485625   0.015822458646095   0.013795148781563   0.013729176504097   0.013663204226630   0.015558569536230   
1.000000000000000   1.000000000000000   1.000000000000000   0.999057239996129   0.999057239996129   0.999057239996129   1.000000000000000   1.000000000000000   1.000000000000000   0.880262777151212   1.000000000000000   0.880262777151212   1.000000000000000   1.000000000000000   1.000000000000000   1.000000000000000   0.996761608833908   0.996761608833908   0.996761608833908   1.000000000000000   1.000000000000000   1.000000000000000   0.878990678506629   0.968793595643221   0.878990678506629   1.000000000000000   1.000000000000000   1.000000000000000   1.000000000000000   0.992170346509466   0.992170346509466   0.992170346509466   1.000000000000000   1.000000000000000   1.000000000000000   0.876446481217465   0.906380786929662   0.876446481217465   1.000000000000000   1.000000000000000   1.000000000000000   1.000000000000000   0.989874715347244   0.989874715347244   0.989874715347244   1.000000000000000   1.000000000000000   1.000000000000000   0.875174382572883   0.875174382572883   0.875174382572883   1.000000000000000   
PATCH 29 
2 1 
13 2 
0.000000000000000   0.000000000000000   0.000000000000000   0.250000000000000   0.250000000000000   0.375000000000000   0.375000000000000   0.500000000000000   0.500000000000000   0.750000000000000   0.750000000000000   0.875000000000000   0.875000000000000   1.000000000000000   1.000000000000000   1.000000000000000   
0.000000000000000   0.000000000000000   1.000000000000000   1.000000000000000   
0.024995693019987   0.026302973939389   0.027583217236037   0.028202928978522   0.028792622047108   0.029420301550779   0.030100634267228   0.031062398996047   0.031822095419167   0.032332181986285   0.032844385603662   0.033434284080208   0.034006231996797   0.025250000000000   0.026178902508932   0.027094027156471   0.027551589480241   0.028005707338662   0.028459825197083   0.028910498590156   0.029811845376303   0.030699414301056   0.031143198763433   0.031583538760461   0.032023878757490   0.032460774289170   
0.043293810281012   0.042423038224413   0.041517380480436   0.041034711480760   0.040512344777446   0.040045502932743   0.039648254641021   0.038347063635142   0.036850937549442   0.036273245988043   0.035702119147916   0.035217827558672   0.034712749288865   0.043734282891114   0.043142506727484   0.042531053738569   0.042225327244111   0.041914681543332   0.041604035842553   0.041288470935453   0.040657341121252   0.040006534481766   0.039681131162023   0.039350808635958   0.039020486109894   0.038685244377508   
1.000000000000000   0.998025680537908   0.997038520806862   0.996544940941339   0.996298151008578   0.996051361075816   0.996051361075816   0.996051361075816   0.997038520806862   0.997532100672385   0.998272470470670   0.999012840268954   1.000000000000000   1.000000000000000   0.999048674522937   0.998573011784405   0.998335180415139   0.998216264730506   0.998097349045873   0.998097349045873   0.998097349045873   0.998573011784405   0.998810843153671   0.999167590207569   0.999524337261468   1.000000000000000   
PATCH 30 
2 1 
6 2 
0.000000000000000   0.000000000000000   0.000000000000000   0.250000000000000   0.500000000000000   0.750000000000000   1.000000000000000   1.000000000000000   1.000000000000000   
0.000000000000000   0.000000000000000   1.000000000000000   1.000000000000000   
0.010774050408760   0.009955464218845   0.008318291839016   0.006681119459187   0.005043947079358   0.004225360889443   0.000000000000000   0.000000000000000   0.000000000000000   0.000000000000000   0.000000000000000   0.000000000000000   
0.017224096940114   0.020353644685403   0.026612740175980   0.032871835666558   0.039130931157136   0.042260478902425   0.014550000000000   0.018013809862803   0.024941429588409   0.031869049314015   0.038796669039622   0.042260478902425   
1.000000000000000   1.000000000000000   1.000000000000000   1.000000000000000   1.000000000000000   1.000000000000000   1.000000000000000   1.000000000000000   1.000000000000000   1.000000000000000   1.000000000000000   1.000000000000000   
PATCH 31 
2 1 
13 2 
0.000000000000000   0.000000000000000   0.000000000000000   0.250000000000000   0.250000000000000   0.375000000000000   0.375000000000000   0.500000000000000   0.500000000000000   0.750000000000000   0.750000000000000   0.875000000000000   0.875000000000000   1.000000000000000   1.000000000000000   1.000000000000000   
0.000000000000000   0.000000000000000   1.000000000000000   1.000000000000000   
0.004225360889443   0.003741361867428   0.003257362845413   0.003247866631237   0.003246356895762   0.003244847160286   0.003251323903511   0.003178696589047   0.003106069274583   0.002807235183472   0.003167279712548   0.002929734920851   0.003327956002285   0.000000000000000   0.000000000000000   0.000000000000000   0.000000000000000   0.000000000000000   0.000000000000000   0.000000000000000   0.000000000000000   0.000000000000000   0.000000000000000   0.000000000000000   0.000000000000000   0.000000000000000   
0.042260478902425   0.044110861997975   0.045961245093526   0.045869672679608   0.045878897352272   0.045888122024936   0.045998143784183   0.047054975027096   0.048111806270009   0.043657637841978   0.048269975423521   0.043774932399314   0.048324264729604   0.042260478902425   0.043227919039622   0.044195359176819   0.044679079245417   0.045162799314015   0.045646519382614   0.046130239451212   0.047097679588409   0.048065119725606   0.048548839794205   0.049032559862803   0.049516279931402   0.050000000000000   
1.000000000000000   1.000000000000000   1.000000000000000   0.997810860494031   0.997810860494031   0.997810860494031   1.000000000000000   1.000000000000000   1.000000000000000   0.905662054663984   1.000000000000000   0.905662054663984   1.000000000000000   1.000000000000000   1.000000000000000   1.000000000000000   1.000000000000000   1.000000000000000   1.000000000000000   1.000000000000000   1.000000000000000   1.000000000000000   1.000000000000000   1.000000000000000   1.000000000000000   1.000000000000000   
PATCH 32 
2 1 
13 2 
0.000000000000000   0.000000000000000   0.000000000000000   0.250000000000000   0.250000000000000   0.375000000000000   0.375000000000000   0.500000000000000   0.500000000000000   0.750000000000000   0.750000000000000   0.875000000000000   0.875000000000000   1.000000000000000   1.000000000000000   1.000000000000000   
0.000000000000000   0.000000000000000   1.000000000000000   1.000000000000000   
0.000000000000000   0.001374717628569   0.002698456933786   0.003360326586394   0.004009451658164   0.004658576729934   0.005294957220866   0.006567718202729   0.007789500861240   0.008400392190495   0.008998538938912   0.009596685687329   0.010182087854908   0.010774050408760   0.010931599224070   0.011089148039380   0.011080246872610   0.011082161668605   0.011084076464600   0.011096807223361   0.011634409173734   0.012172011124108   0.010749650611447   0.012317449557358   0.010935534098113   0.012499263752507   
0.014550000000000   0.014280222923832   0.013885561388043   0.013688230620149   0.013459678737349   0.013231126854550   0.012971353856846   0.012451807861437   0.011807377406408   0.011485162178893   0.011131725836474   0.010778289494054   0.010393632036730   0.017224096940114   0.016621769969782   0.016019442999451   0.015998402302631   0.015992570630092   0.015986738957554   0.015996116309297   0.014644929197533   0.013293742085769   0.011613811896355   0.013171800898963   0.011575480182453   0.013226258123905   
1.000000000000000   0.981458620194609   0.972187930291914   0.967552585340566   0.965234912864892   0.962917240389218   0.962917240389218   0.962917240389218   0.972187930291913   0.976823275243261   0.983776292670283   0.990729310097304   1.000000000000000   1.000000000000000   1.000000000000000   1.000000000000000   0.999057239996129   0.999057239996129   0.999057239996129   1.000000000000000   1.000000000000000   1.000000000000000   0.880262777151212   1.000000000000000   0.880262777151212   1.000000000000000   
INTERFACE 1 
1 2 
5 1 
1 
INTERFACE 2 
1 3 
2 4 
1 
INTERFACE 3 
2 1 
13 2 
1 
INTERFACE 4 
2 2 
3 1 
1 
INTERFACE 5 
2 3 
4 2 
1 
INTERFACE 6 
3 2 
7 1 
-1 
INTERFACE 7 
3 3 
4 4 
-1 
INTERFACE 8 
3 4 
5 3 
1 
INTERFACE 9 
4 1 
9 2 
1 
INTERFACE 10 
4 3 
13 3 
1 
INTERFACE 11 
5 2 
6 1 
1 
INTERFACE 12 
6 2 
11 1 
1 
INTERFACE 13 
6 3 
7 3 
1 
INTERFACE 14 
7 2 
8 1 
1 
INTERFACE 15 
7 4 
9 4 
-1 
INTERFACE 16 
8 2 
15 1 
1 
INTERFACE 17 
8 3 
11 3 
1 
INTERFACE 18 
8 4 
10 4 
1 
INTERFACE 19 
9 1 
10 1 
1 
INTERFACE 20 
9 3 
12 3 
1 
INTERFACE 21 
10 2 
16 3 
1 
INTERFACE 22 
10 3 
14 4 
1 
INTERFACE 23 
11 2 
18 1 
1 
INTERFACE 24 
12 1 
14 1 
-1 
INTERFACE 25 
12 2 
13 1 
1 
INTERFACE 26 
14 2 
17 1 
-1 
INTERFACE 27 
15 2 
26 2 
1 
INTERFACE 28 
15 3 
18 3 
1 
INTERFACE 29 
15 4 
16 2 
1 
INTERFACE 30 
16 1 
17 3 
1 
INTERFACE 31 
16 4 
28 2 
1 
INTERFACE 32 
17 2 
32 2 
-1 
INTERFACE 33 
18 2 
29 2 
1 
INTERFACE 34 
19 2 
23 1 
1 
INTERFACE 35 
19 3 
20 4 
1 
INTERFACE 36 
20 1 
31 2 
1 
INTERFACE 37 
20 2 
21 1 
1 
INTERFACE 38 
20 3 
22 2 
1 
INTERFACE 39 
21 2 
25 1 
-1 
INTERFACE 40 
21 3 
22 4 
-1 
INTERFACE 41 
21 4 
23 3 
1 
INTERFACE 42 
22 1 
27 2 
1 
INTERFACE 43 
22 3 
31 3 
1 
INTERFACE 44 
23 2 
24 1 
1 
INTERFACE 45 
24 2 
29 1 
1 
INTERFACE 46 
24 3 
25 3 
1 
INTERFACE 47 
25 2 
26 1 
1 
INTERFACE 48 
25 4 
27 4 
-1 
INTERFACE 49 
26 3 
29 3 
1 
INTERFACE 50 
26 4 
28 4 
1 
INTERFACE 51 
27 1 
28 1 
1 
INTERFACE 52 
27 3 
30 3 
1 
INTERFACE 53 
28 3 
32 4 
1 
INTERFACE 54 
30 1 
32 1 
-1 
INTERFACE 55 
30 2 
31 1 
1 
BOUNDARY 1 
1 
1 1 
BOUNDARY 2 
1 
1 4 
BOUNDARY 3 
1 
5 4 
BOUNDARY 4 
1 
6 4 
BOUNDARY 5 
1 
11 4 
BOUNDARY 6 
1 
12 4 
BOUNDARY 7 
1 
13 4 
BOUNDARY 8 
1 
14 3 
BOUNDARY 9 
1 
17 4 
BOUNDARY 10 
1 
18 4 
BOUNDARY 11 
1 
19 1 
BOUNDARY 12 
1 
19 4 
BOUNDARY 13 
1 
23 4 
BOUNDARY 14 
1 
24 4 
BOUNDARY 15 
1 
29 4 
BOUNDARY 16 
1 
30 4 
BOUNDARY 17 
1 
31 4 
BOUNDARY 18 
1 
32 3 
