# nurbs mesh v.2.1
#
# 14-Jul-2024
#
2 2 32 55 0 
PATCH 1 
2 1 
4 2 
0.000000000000000   0.000000000000000   0.000000000000000   0.500000000000000   1.000000000000000   1.000000000000000   1.000000000000000   
0.000000000000000   0.000000000000000   1.000000000000000   1.000000000000000   
0.050000000000000   0.049904867452294   0.049525061277599   0.049240387650610   0.050500000000000   0.050403916126817   0.050020311890375   0.049732791527117   
0.000000000000000   0.002178893568691   0.006520098010365   0.008682408883347   0.000000000000000   0.002200682504378   0.006585298990468   0.008769232972180   
1.000000000000000   0.998097349045873   0.998097349045873   1.000000000000000   1.000000000000000   0.998097349045873   0.998097349045873   1.000000000000000   
PATCH 2 
2 1 
4 2 
0.000000000000000   0.000000000000000   0.000000000000000   0.500000000000000   1.000000000000000   1.000000000000000   1.000000000000000   
0.000000000000000   0.000000000000000   1.000000000000000   1.000000000000000   
0.048334854639042   0.048212262873086   0.047967079341172   0.047844487575215   0.050000000000000   0.049904867452294   0.049525061277599   0.049240387650610   
0.003422911642634   0.004526561102373   0.006733860021850   0.007837509481588   0.000000000000000   0.002178893568691   0.006520098010365   0.008682408883347   
1.000000000000000   1.000000000000000   1.000000000000000   1.000000000000000   1.000000000000000   0.998097349045873   0.998097349045873   1.000000000000000   
PATCH 3 
2 1 
13 2 
0.000000000000000   0.000000000000000   0.000000000000000   0.125000000000000   0.125000000000000   0.250000000000000   0.250000000000000   0.500000000000000   0.500000000000000   0.625000000000000   0.625000000000000   0.750000000000000   0.750000000000000   1.000000000000000   1.000000000000000   1.000000000000000   
0.000000000000000   0.000000000000000   1.000000000000000   1.000000000000000   
0.047844487575215   0.043411036312585   0.047757531611371   0.043271752571742   0.047591679218184   0.045575056473191   0.043558433728197   0.042795002763146   0.042769183557038   0.042743364350930   0.043455156903766   0.043234456837969   0.043013756772173   0.049240387650610   0.049122375608591   0.048468037412225   0.048523452252199   0.048291637674600   0.048055124343163   0.047846805778587   0.047708488955158   0.047615986686219   0.047529602533110   0.047441076983300   0.047192140247761   0.046876403712648   
0.007837509481588   0.007196259255627   0.007981248611231   0.007290186443253   0.008007992969759   0.007442153653914   0.006876314338069   0.006752744934089   0.006752425207325   0.006752105480560   0.006875035431010   0.006931104610130   0.006987173789249   0.008682408883347   0.009214726804819   0.009639976354215   0.010202397844433   0.010704945619950   0.011758484985107   0.012820512968781   0.013343225804879   0.013879465491614   0.014418823605469   0.014959197836355   0.016020119761389   0.017061615640850   
1.000000000000000   0.907530037248504   1.000000000000000   0.907530037248504   1.000000000000000   1.000000000000000   1.000000000000000   0.983044158715264   0.983044158715264   0.983044158715264   1.000000000000000   1.000000000000000   1.000000000000000   1.000000000000000   0.999524337261468   0.999167590207569   0.998810843153671   0.998573011784405   0.998097349045873   0.998097349045873   0.998097349045873   0.998216264730506   0.998335180415139   0.998573011784404   0.999048674522936   1.000000000000000   
PATCH 4 
2 2 
13 4 
0.000000000000000   0.000000000000000   0.000000000000000   0.250000000000000   0.250000000000000   0.375000000000000   0.375000000000000   0.500000000000000   0.500000000000000   0.750000000000000   0.750000000000000   0.875000000000000   0.875000000000000   1.000000000000000   1.000000000000000   1.000000000000000   
0.000000000000000   0.000000000000000   0.000000000000000   0.500000000000000   1.000000000000000   1.000000000000000   1.000000000000000   
0.042335315800761   0.044249120751979   0.046162925703196   0.046080625981514   0.046089378556045   0.046098131130576   0.046197936001321   0.047159888778014   0.048121841554707   0.043660496619407   0.048280255993190   0.043778114295786   0.048334854639042   0.042504926043614   0.043995454773476   0.045485983503339   0.045246310573868   0.045259329806293   0.045272349038719   0.045538060433040   0.046763680701808   0.047989300970576   0.043563310607491   0.048149574897735   0.043686344799986   0.048212262873086   0.042844146529320   0.043488122816472   0.044132099103623   0.043577679758576   0.043599232306790   0.043620784855003   0.044218309296478   0.045971264549397   0.047724219802315   0.043368938583658   0.047888212706825   0.043502805808385   0.047967079341172   0.043013756772173   0.043234456837969   0.043455156903766   0.042743364350930   0.042769183557038   0.042795002763146   0.043558433728197   0.045575056473191   0.047591679218184   0.043271752571742   0.047757531611371   0.043411036312585   0.047844487575215   
0.004316687625894   0.003830482638947   0.003344277651999   0.003335509898449   0.003334097293486   0.003332684688522   0.003338627232147   0.003269983120930   0.003201339009712   0.002892874296064   0.003262222678226   0.003015218227727   0.003422911642634   0.004984309166733   0.004605638131742   0.004226967096752   0.004189658793977   0.004188679271945   0.004187699749914   0.004223049008627   0.004313025754176   0.004403002499724   0.003992202332861   0.004441979161477   0.004060478484702   0.004526561102373   0.006319552248411   0.006155949117334   0.005992345986258   0.005897956585032   0.005897843228865   0.005897729872698   0.005991892561588   0.006399111020668   0.006806329479747   0.006190858406456   0.006801492127980   0.006150998998652   0.006733860021850   0.006987173789249   0.006931104610130   0.006875035431010   0.006752105480560   0.006752425207325   0.006752744934089   0.006876314338069   0.007442153653914   0.008007992969759   0.007290186443253   0.007981248611231   0.007196259255627   0.007837509481588   
1.000000000000000   1.000000000000000   1.000000000000000   0.998031047884927   0.998031047884927   0.998031047884927   1.000000000000000   1.000000000000000   1.000000000000000   0.905531765692447   1.000000000000000   0.905531765692447   1.000000000000000   1.000000000000000   1.000000000000000   1.000000000000000   0.994284325592511   0.994284325592511   0.994284325592511   1.000000000000000   1.000000000000000   1.000000000000000   0.906031333581461   1.000000000000000   0.906031333581461   1.000000000000000   1.000000000000000   1.000000000000000   1.000000000000000   0.986790881007680   0.986790881007680   0.986790881007680   1.000000000000000   1.000000000000000   1.000000000000000   0.907030469359490   1.000000000000000   0.907030469359490   1.000000000000000   1.000000000000000   1.000000000000000   1.000000000000000   0.983044158715264   0.983044158715264   0.983044158715264   1.000000000000000   1.000000000000000   1.000000000000000   0.907530037248504   1.000000000000000   0.907530037248504   1.000000000000000   
PATCH 5 
2 1 
13 2 
0.000000000000000   0.000000000000000   0.000000000000000   0.125000000000000   0.125000000000000   0.250000000000000   0.250000000000000   0.500000000000000   0.500000000000000   0.625000000000000   0.625000000000000   0.750000000000000   0.750000000000000   1.000000000000000   1.000000000000000   1.000000000000000   
0.000000000000000   0.000000000000000   1.000000000000000   1.000000000000000   
0.049240387650610   0.049122375608591   0.048468037412225   0.048523452252199   0.048291637674600   0.048055124343163   0.047846805778587   0.047708488955158   0.047615986686219   0.047529602533110   0.047441076983300   0.047192140247761   0.046876403712648   0.049732791527117   0.049613599364677   0.049488606583825   0.049363613802972   0.049232820403708   0.048971233605179   0.048686444333000   0.048544049696911   0.048395854442409   0.048247659187908   0.048093663314994   0.047785671569166   0.047454477349688   
0.008682408883347   0.009214726804819   0.009639976354215   0.010202397844433   0.010704945619950   0.011758484985107   0.012820512968781   0.013343225804879   0.013879465491614   0.014418823605469   0.014959197836355   0.016020119761389   0.017061615640850   0.008769232972180   0.009306874072867   0.009842960902535   0.010379047732203   0.010913580290852   0.011982645408149   0.013045493441370   0.013576917457981   0.014106787203572   0.014636656949163   0.015164972423735   0.016221603372879   0.017272017237946   
1.000000000000000   0.999524337261468   0.999167590207569   0.998810843153671   0.998573011784405   0.998097349045873   0.998097349045873   0.998097349045873   0.998216264730506   0.998335180415139   0.998573011784404   0.999048674522936   1.000000000000000   1.000000000000000   0.999524337261468   0.999167590207569   0.998810843153671   0.998573011784405   0.998097349045873   0.998097349045873   0.998097349045873   0.998216264730506   0.998335180415139   0.998573011784404   0.999048674522936   1.000000000000000   
PATCH 6 
2 1 
6 2 
0.000000000000000   0.000000000000000   0.000000000000000   0.250000000000000   0.500000000000000   0.750000000000000   1.000000000000000   1.000000000000000   1.000000000000000   
0.000000000000000   0.000000000000000   1.000000000000000   1.000000000000000   
0.046876403712648   0.046563119357847   0.045687862796735   0.044611871897863   0.043713106223553   0.043299601680162   0.047454477349688   0.047032993823604   0.046146485990198   0.045216437375554   0.044242847979673   0.043734282891114   
0.017061615640850   0.018106849916219   0.020102574225372   0.022000716755403   0.023982422115107   0.024999036685845   0.017272017237946   0.018289568482936   0.020304367573183   0.022298863263696   0.024273055554476   0.025250000000000   
1.000000000000000   0.999048674522936   0.998097349045873   0.998097349045873   0.999048674522936   1.000000000000000   1.000000000000000   0.999048674522936   0.998097349045873   0.998097349045873   0.999048674522936   1.000000000000000   
PATCH 7 
2 1 
6 2 
0.000000000000000   0.000000000000000   0.000000000000000   0.250000000000000   0.500000000000000   0.750000000000000   1.000000000000000   1.000000000000000   1.000000000000000   
0.000000000000000   0.000000000000000   1.000000000000000   1.000000000000000   
0.046876403712648   0.046563119357847   0.045687862796735   0.044611871897863   0.043713106223553   0.043299601680162   0.043013756772173   0.039847608173542   0.033515310976282   0.027183013779021   0.020850716581761   0.017684567983130   
0.017061615640850   0.018106849916219   0.020102574225372   0.022000716755403   0.023982422115107   0.024999036685845   0.006987173789249   0.007791538537648   0.009400268034445   0.011008997531241   0.012617727028038   0.013422091776437   
1.000000000000000   0.999048674522936   0.998097349045873   0.998097349045873   0.999048674522936   1.000000000000000   1.000000000000000   1.000000000000000   1.000000000000000   1.000000000000000   1.000000000000000   1.000000000000000   
PATCH 8 
2 1 
13 2 
0.000000000000000   0.000000000000000   0.000000000000000   0.250000000000000   0.250000000000000   0.375000000000000   0.375000000000000   0.500000000000000   0.500000000000000   0.750000000000000   0.750000000000000   0.875000000000000   0.875000000000000   1.000000000000000   1.000000000000000   1.000000000000000   
0.000000000000000   0.000000000000000   1.000000000000000   1.000000000000000   
0.043299601680162   0.042429225454958   0.041520231487145   0.041057620035991   0.040523248773372   0.040090276830664   0.039659807190122   0.038415149481338   0.036788535028124   0.036200425272751   0.035643848948222   0.035155972648007   0.034653583840776   0.017684567983130   0.017408773308008   0.017132978632885   0.016922798183131   0.016904033898336   0.016885269613542   0.017057921493706   0.016361801448383   0.015665681403060   0.013627788404333   0.013561357299247   0.013494926194160   0.015399956982714   
0.024999036685845   0.026308435783771   0.027588424057626   0.028222861006134   0.028805444528335   0.029459189886364   0.030116346928984   0.031126386162481   0.031778913480567   0.032279002046234   0.032803574023226   0.033389479634085   0.033963349177050   0.013422091776437   0.013492157822787   0.013562223869138   0.013417067757568   0.013426358233200   0.013435648708831   0.013599385771663   0.014151655575187   0.014703925378711   0.012881427508636   0.012877612747289   0.012873797985943   0.014688666333324   
1.000000000000000   0.998022197422023   0.997033296133034   0.996538845488540   0.996291620166293   0.996044394844045   0.996044394844046   0.996044394844045   0.997033296133034   0.997527746777528   0.998269422744270   0.999011098711011   1.000000000000000   1.000000000000000   1.000000000000000   1.000000000000000   0.988916881450512   0.988916881450512   0.988916881450512   1.000000000000000   1.000000000000000   1.000000000000000   0.873241070651760   0.873241070651760   0.873241070651760   1.000000000000000   
PATCH 9 
2 2 
6 4 
0.000000000000000   0.000000000000000   0.000000000000000   0.250000000000000   0.500000000000000   0.750000000000000   1.000000000000000   1.000000000000000   1.000000000000000   
0.000000000000000   0.000000000000000   0.000000000000000   0.500000000000000   1.000000000000000   1.000000000000000   1.000000000000000   
0.017006127011719   0.020172275610349   0.026504572807609   0.032836870004870   0.039169167202131   0.042335315800761   0.017175737254571   0.020341885853202   0.026674183050462   0.033006480247723   0.039338777444984   0.042504926043614   0.017514957740277   0.020681106338908   0.027013403536168   0.033345700733429   0.039677997930689   0.042844146529320   0.017684567983130   0.020850716581761   0.027183013779021   0.033515310976282   0.039847608173542   0.043013756772173   
0.010751605613081   0.009947240864683   0.008338511367886   0.006729781871089   0.005121052374292   0.004316687625894   0.011419227153920   0.010614862405521   0.009006132908725   0.007397403411928   0.005788673915131   0.004984309166733   0.012754470235598   0.011950105487199   0.010341375990403   0.008732646493606   0.007123916996809   0.006319552248411   0.013422091776437   0.012617727028038   0.011008997531241   0.009400268034445   0.007791538537648   0.006987173789249   
1.000000000000000   1.000000000000000   1.000000000000000   1.000000000000000   1.000000000000000   1.000000000000000   1.000000000000000   1.000000000000000   1.000000000000000   1.000000000000000   1.000000000000000   1.000000000000000   1.000000000000000   1.000000000000000   1.000000000000000   1.000000000000000   1.000000000000000   1.000000000000000   1.000000000000000   1.000000000000000   1.000000000000000   1.000000000000000   1.000000000000000   1.000000000000000   
PATCH 10 
2 2 
13 4 
0.000000000000000   0.000000000000000   0.000000000000000   0.250000000000000   0.250000000000000   0.375000000000000   0.375000000000000   0.500000000000000   0.500000000000000   0.750000000000000   0.750000000000000   0.875000000000000   0.875000000000000   1.000000000000000   1.000000000000000   1.000000000000000   
0.000000000000000   0.000000000000000   0.000000000000000   0.500000000000000   1.000000000000000   1.000000000000000   1.000000000000000   
0.017006127011719   0.016415417513835   0.015824708015952   0.015812350763951   0.015808047658167   0.015803744552382   0.015807495592813   0.014463784435884   0.013120073278956   0.011395219830637   0.012991498688764   0.011352407373162   0.013045110270787   0.017175737254571   0.016663756462378   0.016151775670185   0.016089962618746   0.016082044218209   0.016074125817672   0.016120102068036   0.014938288689009   0.013756475309982   0.011953361974061   0.013133963341385   0.011888037078411   0.013633821948769   0.017514957740277   0.017160434359464   0.016805910978652   0.016645186328336   0.016630037338294   0.016614888348252   0.016745315018483   0.015887297195258   0.015029279372034   0.013069646260909   0.013418892646626   0.012959296488910   0.014811245304732   0.017684567983130   0.017408773308008   0.017132978632885   0.016922798183131   0.016904033898336   0.016885269613542   0.017057921493706   0.016361801448383   0.015665681403060   0.013627788404333   0.013561357299247   0.013494926194160   0.015399956982714   
0.010751605613081   0.010901676237324   0.011051746861566   0.011047266767981   0.011048568511355   0.011049870254728   0.011056953835059   0.011530358384781   0.012003762934504   0.010541185596865   0.012148102069009   0.010729685741367   0.012333819621398   0.011419227153920   0.011549296633690   0.011679366113459   0.011639717015378   0.011643015941816   0.011646314868253   0.011692561819210   0.012185682682383   0.012678803545556   0.011126246074807   0.012330479738579   0.011265713802511   0.012922531299380   0.012754470235598   0.012844537426421   0.012934604617245   0.012824617510172   0.012831910802738   0.012839204095305   0.012963777787512   0.013496331277586   0.014028884767660   0.012296367030693   0.012695235077719   0.012337769924799   0.014099954655343   0.013422091776437   0.013492157822787   0.013562223869138   0.013417067757568   0.013426358233200   0.013435648708831   0.013599385771663   0.014151655575187   0.014703925378711   0.012881427508636   0.012877612747289   0.012873797985943   0.014688666333324   
1.000000000000000   1.000000000000000   1.000000000000000   0.999494463052300   0.999494463052300   0.999494463052300   1.000000000000000   1.000000000000000   1.000000000000000   0.875481256965060   1.000000000000000   0.875481256965060   1.000000000000000   1.000000000000000   1.000000000000000   1.000000000000000   0.996850067651853   0.996850067651853   0.996850067651853   1.000000000000000   1.000000000000000   1.000000000000000   0.874921210386735   0.968310267662940   0.874921210386735   1.000000000000000   1.000000000000000   1.000000000000000   1.000000000000000   0.991561276850959   0.991561276850959   0.991561276850959   1.000000000000000   1.000000000000000   1.000000000000000   0.873801117230085   0.904930802988820   0.873801117230085   1.000000000000000   1.000000000000000   1.000000000000000   1.000000000000000   0.988916881450512   0.988916881450512   0.988916881450512   1.000000000000000   1.000000000000000   1.000000000000000   0.873241070651760   0.873241070651760   0.873241070651760   1.000000000000000   
PATCH 11 
2 1 
13 2 
0.000000000000000   0.000000000000000   0.000000000000000   0.250000000000000   0.250000000000000   0.375000000000000   0.375000000000000   0.500000000000000   0.500000000000000   0.750000000000000   0.750000000000000   0.875000000000000   0.875000000000000   1.000000000000000   1.000000000000000   1.000000000000000   
0.000000000000000   0.000000000000000   1.000000000000000   1.000000000000000   
0.043299601680162   0.042429225454958   0.041520231487145   0.041057620035991   0.040523248773372   0.040090276830664   0.039659807190122   0.038415149481338   0.036788535028124   0.036200425272751   0.035643848948222   0.035155972648007   0.034653583840776   0.043734282891114   0.043142506727484   0.042531053738569   0.042225327244111   0.041914681543332   0.041604035842553   0.041288470935453   0.040657341121252   0.040006534481766   0.039681131162023   0.039350808635958   0.039020486109894   0.038685244377508   
0.024999036685845   0.026308435783771   0.027588424057626   0.028222861006134   0.028805444528335   0.029459189886364   0.030116346928984   0.031126386162481   0.031778913480567   0.032279002046234   0.032803574023226   0.033389479634085   0.033963349177050   0.025250000000000   0.026178902508932   0.027094027156471   0.027551589480241   0.028005707338662   0.028459825197083   0.028910498590156   0.029811845376303   0.030699414301056   0.031143198763433   0.031583538760461   0.032023878757490   0.032460774289170   
1.000000000000000   0.998022197422023   0.997033296133034   0.996538845488540   0.996291620166293   0.996044394844045   0.996044394844046   0.996044394844045   0.997033296133034   0.997527746777528   0.998269422744270   0.999011098711011   1.000000000000000   1.000000000000000   0.999048674522937   0.998573011784405   0.998335180415139   0.998216264730506   0.998097349045873   0.998097349045873   0.998097349045873   0.998573011784405   0.998810843153671   0.999167590207569   0.999524337261468   1.000000000000000   
PATCH 12 
2 1 
6 2 
0.000000000000000   0.000000000000000   0.000000000000000   0.250000000000000   0.500000000000000   0.750000000000000   1.000000000000000   1.000000000000000   1.000000000000000   
0.000000000000000   0.000000000000000   1.000000000000000   1.000000000000000   
0.017006127011719   0.020172275610349   0.026504572807609   0.032836870004870   0.039169167202131   0.042335315800761   0.014550000000000   0.018023164475095   0.024969493425285   0.031915822375476   0.038862151325666   0.042335315800761   
0.010751605613081   0.009947240864683   0.008338511367886   0.006729781871089   0.005121052374292   0.004316687625894   0.000000000000000   0.000000000000000   0.000000000000000   0.000000000000000   0.000000000000000   0.000000000000000   
1.000000000000000   1.000000000000000   1.000000000000000   1.000000000000000   1.000000000000000   1.000000000000000   1.000000000000000   1.000000000000000   1.000000000000000   1.000000000000000   1.000000000000000   1.000000000000000   
PATCH 13 
2 1 
13 2 
0.000000000000000   0.000000000000000   0.000000000000000   0.250000000000000   0.250000000000000   0.375000000000000   0.375000000000000   0.500000000000000   0.500000000000000   0.750000000000000   0.750000000000000   0.875000000000000   0.875000000000000   1.000000000000000   1.000000000000000   1.000000000000000   
0.000000000000000   0.000000000000000   1.000000000000000   1.000000000000000   
0.042335315800761   0.044249120751979   0.046162925703196   0.046080625981514   0.046089378556045   0.046098131130576   0.046197936001321   0.047159888778014   0.048121841554707   0.043660496619407   0.048280255993190   0.043778114295786   0.048334854639042   0.042335315800761   0.043293401325666   0.044251486850571   0.044730529613023   0.045209572375476   0.045688615137928   0.046167657900380   0.047125743425285   0.048083828950190   0.048562871712643   0.049041914475095   0.049520957237548   0.050000000000000   
0.004316687625894   0.003830482638947   0.003344277651999   0.003335509898449   0.003334097293486   0.003332684688522   0.003338627232147   0.003269983120930   0.003201339009712   0.002892874296064   0.003262222678226   0.003015218227727   0.003422911642634   0.000000000000000   0.000000000000000   0.000000000000000   0.000000000000000   0.000000000000000   0.000000000000000   0.000000000000000   0.000000000000000   0.000000000000000   0.000000000000000   0.000000000000000   0.000000000000000   0.000000000000000   
1.000000000000000   1.000000000000000   1.000000000000000   0.998031047884927   0.998031047884927   0.998031047884927   1.000000000000000   1.000000000000000   1.000000000000000   0.905531765692447   1.000000000000000   0.905531765692447   1.000000000000000   1.000000000000000   1.000000000000000   1.000000000000000   1.000000000000000   1.000000000000000   1.000000000000000   1.000000000000000   1.000000000000000   1.000000000000000   1.000000000000000   1.000000000000000   1.000000000000000   1.000000000000000   
PATCH 14 
2 1 
13 2 
0.000000000000000   0.000000000000000   0.000000000000000   0.250000000000000   0.250000000000000   0.375000000000000   0.375000000000000   0.500000000000000   0.500000000000000   0.750000000000000   0.750000000000000   0.875000000000000   0.875000000000000   1.000000000000000   1.000000000000000   1.000000000000000   
0.000000000000000   0.000000000000000   1.000000000000000   1.000000000000000   
0.014550000000000   0.014280070267352   0.013885191071896   0.013687751474167   0.013459074510736   0.013230397547306   0.012970483218172   0.012450654559906   0.011805876438831   0.011483487378293   0.011129860952053   0.010776234525812   0.010391370733870   0.017006127011719   0.016415417513835   0.015824708015952   0.015812350763951   0.015808047658167   0.015803744552382   0.015807495592813   0.014463784435884   0.013120073278956   0.011395219830637   0.012991498688764   0.011352407373162   0.013045110270787   
0.000000000000000   0.001375091540387   0.002699162037219   0.003361197285635   0.004010477273162   0.004659757260689   0.005296281987328   0.006569331440604   0.007791359850326   0.008402374055187   0.009000632999160   0.009598891943132   0.010184395626215   0.010751605613081   0.010901676237324   0.011051746861566   0.011047266767981   0.011048568511355   0.011049870254728   0.011056953835059   0.011530358384781   0.012003762934504   0.010541185596865   0.012148102069009   0.010729685741367   0.012333819621398   
1.000000000000000   0.981448128340377   0.972172192510566   0.967534224595660   0.965215240638207   0.962896256680754   0.962896256680754   0.962896256680754   0.972172192510566   0.976810160425471   0.983767112297830   0.990724064170188   1.000000000000000   1.000000000000000   1.000000000000000   1.000000000000000   0.999494463052300   0.999494463052300   0.999494463052300   1.000000000000000   1.000000000000000   1.000000000000000   0.875481256965060   1.000000000000000   0.875481256965060   1.000000000000000   
PATCH 15 
2 1 
4 2 
0.000000000000000   0.000000000000000   0.000000000000000   0.500000000000000   1.000000000000000   1.000000000000000   1.000000000000000   
0.000000000000000   0.000000000000000   1.000000000000000   1.000000000000000   
0.034653583840776   0.034488795749296   0.034143609348690   0.033963349177050   0.015399956982714   0.015222134320366   0.014866488995672   0.014688666333324   
0.033963349177050   0.034143609348690   0.034488795749296   0.034653583840776   0.014688666333324   0.014866488995672   0.015222134320366   0.015399956982714   
1.000000000000000   0.999974705200215   0.999974705200215   1.000000000000000   1.000000000000000   1.000000000000000   1.000000000000000   1.000000000000000   
PATCH 16 
2 2 
4 4 
0.000000000000000   0.000000000000000   0.000000000000000   0.500000000000000   1.000000000000000   1.000000000000000   1.000000000000000   
0.000000000000000   0.000000000000000   0.000000000000000   0.500000000000000   1.000000000000000   1.000000000000000   1.000000000000000   
0.013045110270787   0.013633821948769   0.014811245304732   0.015399956982714   0.012867287608440   0.013455999286422   0.014633422642385   0.015222134320366   0.012511642283745   0.013100353961727   0.014277777317690   0.014866488995672   0.012333819621398   0.012922531299380   0.014099954655343   0.014688666333324   
0.012333819621398   0.012922531299380   0.014099954655343   0.014688666333324   0.012511642283745   0.013100353961727   0.014277777317690   0.014866488995672   0.012867287608440   0.013455999286422   0.014633422642385   0.015222134320366   0.013045110270787   0.013633821948769   0.014811245304732   0.015399956982714   
1.000000000000000   1.000000000000000   1.000000000000000   1.000000000000000   1.000000000000000   1.000000000000000   1.000000000000000   1.000000000000000   1.000000000000000   1.000000000000000   1.000000000000000   1.000000000000000   1.000000000000000   1.000000000000000   1.000000000000000   1.000000000000000   
PATCH 17 
2 1 
4 2 
0.000000000000000   0.000000000000000   0.000000000000000   0.500000000000000   1.000000000000000   1.000000000000000   1.000000000000000   
0.000000000000000   0.000000000000000   1.000000000000000   1.000000000000000   
0.013045110270787   0.012867287608440   0.012511642283745   0.012333819621398   0.010391370733870   0.010339887200067   0.010236399646240   0.010184395626215   
0.012333819621398   0.012511642283745   0.012867287608440   0.013045110270787   0.010184395626215   0.010236399646240   0.010339887200067   0.010391370733870   
1.000000000000000   1.000000000000000   1.000000000000000   1.000000000000000   1.000000000000000   0.999974705200215   0.999974705200215   1.000000000000000   
PATCH 18 
2 1 
4 2 
0.000000000000000   0.000000000000000   0.000000000000000   0.500000000000000   1.000000000000000   1.000000000000000   1.000000000000000   
0.000000000000000   0.000000000000000   1.000000000000000   1.000000000000000   
0.034653583840776   0.034488795749296   0.034143609348690   0.033963349177050   0.038685244377508   0.037197068413715   0.034084833369545   0.032460774289170   
0.033963349177050   0.034143609348690   0.034488795749296   0.034653583840776   0.032460774289170   0.034084833369545   0.037197068413715   0.038685244377508   
1.000000000000000   0.999974705200215   0.999974705200215   1.000000000000000   1.000000000000000   0.998097349045873   0.998097349045873   1.000000000000000   
PATCH 19 
2 1 
4 2 
0.000000000000000   0.000000000000000   0.000000000000000   0.500000000000000   1.000000000000000   1.000000000000000   1.000000000000000   
0.000000000000000   0.000000000000000   1.000000000000000   1.000000000000000   
0.000000000000000   0.002178893568691   0.006520098010365   0.008682408883347   0.000000000000000   0.002200682504378   0.006585298990468   0.008769232972180   
0.050000000000000   0.049904867452294   0.049525061277599   0.049240387650610   0.050500000000000   0.050403916126817   0.050020311890375   0.049732791527117   
1.000000000000000   0.998097349045873   0.998097349045873   1.000000000000000   1.000000000000000   0.998097349045873   0.998097349045873   1.000000000000000   
PATCH 20 
2 1 
4 2 
0.000000000000000   0.000000000000000   0.000000000000000   0.500000000000000   1.000000000000000   1.000000000000000   1.000000000000000   
0.000000000000000   0.000000000000000   1.000000000000000   1.000000000000000   
0.003422911642634   0.004526561102373   0.006733860021850   0.007837509481588   0.000000000000000   0.002178893568691   0.006520098010365   0.008682408883347   
0.048334854639042   0.048212262873086   0.047967079341172   0.047844487575215   0.050000000000000   0.049904867452294   0.049525061277599   0.049240387650610   
1.000000000000000   1.000000000000000   1.000000000000000   1.000000000000000   1.000000000000000   0.998097349045873   0.998097349045873   1.000000000000000   
PATCH 21 
2 1 
13 2 
0.000000000000000   0.000000000000000   0.000000000000000   0.125000000000000   0.125000000000000   0.250000000000000   0.250000000000000   0.500000000000000   0.500000000000000   0.625000000000000   0.625000000000000   0.750000000000000   0.750000000000000   1.000000000000000   1.000000000000000   1.000000000000000   
0.000000000000000   0.000000000000000   1.000000000000000   1.000000000000000   
0.007837509481588   0.007196259255627   0.007981248611231   0.007290186443253   0.008007992969759   0.007442153653914   0.006876314338069   0.006752744934089   0.006752425207325   0.006752105480560   0.006875035431010   0.006931104610130   0.006987173789249   0.008682408883347   0.009214726804819   0.009639976354215   0.010202397844433   0.010704945619950   0.011758484985107   0.012820512968781   0.013343225804879   0.013879465491614   0.014418823605469   0.014959197836355   0.016020119761389   0.017061615640850   
0.047844487575215   0.043411036312585   0.047757531611371   0.043271752571742   0.047591679218184   0.045575056473191   0.043558433728197   0.042795002763146   0.042769183557038   0.042743364350930   0.043455156903766   0.043234456837969   0.043013756772173   0.049240387650610   0.049122375608591   0.048468037412225   0.048523452252199   0.048291637674600   0.048055124343163   0.047846805778587   0.047708488955158   0.047615986686219   0.047529602533110   0.047441076983300   0.047192140247761   0.046876403712648   
1.000000000000000   0.907530037248504   1.000000000000000   0.907530037248504   1.000000000000000   1.000000000000000   1.000000000000000   0.983044158715264   0.983044158715264   0.983044158715264   1.000000000000000   1.000000000000000   1.000000000000000   1.000000000000000   0.999524337261468   0.999167590207569   0.998810843153671   0.998573011784405   0.998097349045873   0.998097349045873   0.998097349045873   0.998216264730506   0.998335180415139   0.998573011784404   0.999048674522936   1.000000000000000   
PATCH 22 
2 2 
13 4 
0.000000000000000   0.000000000000000   0.000000000000000   0.250000000000000   0.250000000000000   0.375000000000000   0.375000000000000   0.500000000000000   0.500000000000000   0.750000000000000   0.750000000000000   0.875000000000000   0.875000000000000   1.000000000000000   1.000000000000000   1.000000000000000   
0.000000000000000   0.000000000000000   0.000000000000000   0.500000000000000   1.000000000000000   1.000000000000000   1.000000000000000   
0.004316687625894   0.003830482638947   0.003344277651999   0.003335509898449   0.003334097293486   0.003332684688522   0.003338627232147   0.003269983120930   0.003201339009712   0.002892874296064   0.003262222678226   0.003015218227727   0.003422911642634   0.004984309166733   0.004605638131742   0.004226967096752   0.004189658793977   0.004188679271945   0.004187699749914   0.004223049008627   0.004313025754176   0.004403002499724   0.003992202332861   0.004441979161477   0.004060478484702   0.004526561102373   0.006319552248411   0.006155949117334   0.005992345986258   0.005897956585032   0.005897843228865   0.005897729872698   0.005991892561588   0.006399111020668   0.006806329479747   0.006190858406456   0.006801492127980   0.006150998998652   0.006733860021850   0.006987173789249   0.006931104610130   0.006875035431010   0.006752105480560   0.006752425207325   0.006752744934089   0.006876314338069   0.007442153653914   0.008007992969759   0.007290186443253   0.007981248611231   0.007196259255627   0.007837509481588   
0.042335315800761   0.044249120751979   0.046162925703196   0.046080625981514   0.046089378556045   0.046098131130576   0.046197936001321   0.047159888778014   0.048121841554707   0.043660496619407   0.048280255993190   0.043778114295786   0.048334854639042   0.042504926043614   0.043995454773476   0.045485983503339   0.045246310573868   0.045259329806293   0.045272349038719   0.045538060433040   0.046763680701808   0.047989300970576   0.043563310607491   0.048149574897735   0.043686344799986   0.048212262873086   0.042844146529320   0.043488122816472   0.044132099103623   0.043577679758576   0.043599232306790   0.043620784855003   0.044218309296478   0.045971264549397   0.047724219802315   0.043368938583658   0.047888212706825   0.043502805808385   0.047967079341172   0.043013756772173   0.043234456837969   0.043455156903766   0.042743364350930   0.042769183557038   0.042795002763146   0.043558433728197   0.045575056473191   0.047591679218184   0.043271752571742   0.047757531611371   0.043411036312585   0.047844487575215   
1.000000000000000   1.000000000000000   1.000000000000000   0.998031047884927   0.998031047884927   0.998031047884927   1.000000000000000   1.000000000000000   1.000000000000000   0.905531765692447   1.000000000000000   0.905531765692447   1.000000000000000   1.000000000000000   1.000000000000000   1.000000000000000   0.994284325592511   0.994284325592511   0.994284325592511   1.000000000000000   1.000000000000000   1.000000000000000   0.906031333581461   1.000000000000000   0.906031333581461   1.000000000000000   1.000000000000000   1.000000000000000   1.000000000000000   0.986790881007680   0.986790881007680   0.986790881007680   1.000000000000000   1.000000000000000   1.000000000000000   0.907030469359490   1.000000000000000   0.907030469359490   1.000000000000000   1.000000000000000   1.000000000000000   1.000000000000000   0.983044158715264   0.983044158715264   0.983044158715264   1.000000000000000   1.000000000000000   1.000000000000000   0.907530037248504   1.000000000000000   0.907530037248504   1.000000000000000   
PATCH 23 
2 1 
13 2 
0.000000000000000   0.000000000000000   0.000000000000000   0.125000000000000   0.125000000000000   0.250000000000000   0.250000000000000   0.500000000000000   0.500000000000000   0.625000000000000   0.625000000000000   0.750000000000000   0.750000000000000   1.000000000000000   1.000000000000000   1.000000000000000   
0.000000000000000   0.000000000000000   1.000000000000000   1.000000000000000   
0.008682408883347   0.009214726804819   0.009639976354215   0.010202397844433   0.010704945619950   0.011758484985107   0.012820512968781   0.013343225804879   0.013879465491614   0.014418823605469   0.014959197836355   0.016020119761389   0.017061615640850   0.008769232972180   0.009306874072867   0.009842960902535   0.010379047732203   0.010913580290852   0.011982645408149   0.013045493441370   0.013576917457981   0.014106787203572   0.014636656949163   0.015164972423735   0.016221603372879   0.017272017237946   
0.049240387650610   0.049122375608591   0.048468037412225   0.048523452252199   0.048291637674600   0.048055124343163   0.047846805778587   0.047708488955158   0.047615986686219   0.047529602533110   0.047441076983300   0.047192140247761   0.046876403712648   0.049732791527117   0.049613599364677   0.049488606583825   0.049363613802972   0.049232820403708   0.048971233605179   0.048686444333000   0.048544049696911   0.048395854442409   0.048247659187908   0.048093663314994   0.047785671569166   0.047454477349688   
1.000000000000000   0.999524337261468   0.999167590207569   0.998810843153671   0.998573011784405   0.998097349045873   0.998097349045873   0.998097349045873   0.998216264730506   0.998335180415139   0.998573011784404   0.999048674522936   1.000000000000000   1.000000000000000   0.999524337261468   0.999167590207569   0.998810843153671   0.998573011784405   0.998097349045873   0.998097349045873   0.998097349045873   0.998216264730506   0.998335180415139   0.998573011784404   0.999048674522936   1.000000000000000   
PATCH 24 
2 1 
6 2 
0.000000000000000   0.000000000000000   0.000000000000000   0.250000000000000   0.500000000000000   0.750000000000000   1.000000000000000   1.000000000000000   1.000000000000000   
0.000000000000000   0.000000000000000   1.000000000000000   1.000000000000000   
0.017061615640850   0.018106849916219   0.020102574225372   0.022000716755403   0.023982422115107   0.024999036685845   0.017272017237946   0.018289568482936   0.020304367573183   0.022298863263696   0.024273055554476   0.025250000000000   
0.046876403712648   0.046563119357847   0.045687862796735   0.044611871897863   0.043713106223553   0.043299601680162   0.047454477349688   0.047032993823604   0.046146485990198   0.045216437375554   0.044242847979673   0.043734282891114   
1.000000000000000   0.999048674522936   0.998097349045873   0.998097349045873   0.999048674522936   1.000000000000000   1.000000000000000   0.999048674522936   0.998097349045873   0.998097349045873   0.999048674522936   1.000000000000000   
PATCH 25 
2 1 
6 2 
0.000000000000000   0.000000000000000   0.000000000000000   0.250000000000000   0.500000000000000   0.750000000000000   1.000000000000000   1.000000000000000   1.000000000000000   
0.000000000000000   0.000000000000000   1.000000000000000   1.000000000000000   
0.017061615640850   0.018106849916219   0.020102574225372   0.022000716755403   0.023982422115107   0.024999036685845   0.006987173789249   0.007791538537648   0.009400268034445   0.011008997531241   0.012617727028038   0.013422091776437   
0.046876403712648   0.046563119357847   0.045687862796735   0.044611871897863   0.043713106223553   0.043299601680162   0.043013756772173   0.039847608173542   0.033515310976282   0.027183013779021   0.020850716581761   0.017684567983130   
1.000000000000000   0.999048674522936   0.998097349045873   0.998097349045873   0.999048674522936   1.000000000000000   1.000000000000000   1.000000000000000   1.000000000000000   1.000000000000000   1.000000000000000   1.000000000000000   
PATCH 26 
2 1 
13 2 
0.000000000000000   0.000000000000000   0.000000000000000   0.250000000000000   0.250000000000000   0.375000000000000   0.375000000000000   0.500000000000000   0.500000000000000   0.750000000000000   0.750000000000000   0.875000000000000   0.875000000000000   1.000000000000000   1.000000000000000   1.000000000000000   
0.000000000000000   0.000000000000000   1.000000000000000   1.000000000000000   
0.024999036685845   0.026308435783771   0.027588424057626   0.028222861006134   0.028805444528335   0.029459189886364   0.030116346928984   0.031126386162481   0.031778913480567   0.032279002046234   0.032803574023226   0.033389479634085   0.033963349177050   0.013422091776437   0.013492157822787   0.013562223869138   0.013417067757568   0.013426358233200   0.013435648708831   0.013599385771663   0.014151655575187   0.014703925378711   0.012881427508636   0.012877612747289   0.012873797985943   0.014688666333324   
0.043299601680162   0.042429225454958   0.041520231487145   0.041057620035991   0.040523248773372   0.040090276830664   0.039659807190122   0.038415149481338   0.036788535028124   0.036200425272751   0.035643848948222   0.035155972648007   0.034653583840776   0.017684567983130   0.017408773308008   0.017132978632885   0.016922798183131   0.016904033898336   0.016885269613542   0.017057921493706   0.016361801448383   0.015665681403060   0.013627788404333   0.013561357299247   0.013494926194160   0.015399956982714   
1.000000000000000   0.998022197422023   0.997033296133034   0.996538845488540   0.996291620166293   0.996044394844045   0.996044394844046   0.996044394844045   0.997033296133034   0.997527746777528   0.998269422744270   0.999011098711011   1.000000000000000   1.000000000000000   1.000000000000000   1.000000000000000   0.988916881450512   0.988916881450512   0.988916881450512   1.000000000000000   1.000000000000000   1.000000000000000   0.873241070651760   0.873241070651760   0.873241070651760   1.000000000000000   
PATCH 27 
2 2 
6 4 
0.000000000000000   0.000000000000000   0.000000000000000   0.250000000000000   0.500000000000000   0.750000000000000   1.000000000000000   1.000000000000000   1.000000000000000   
0.000000000000000   0.000000000000000   0.000000000000000   0.500000000000000   1.000000000000000   1.000000000000000   1.000000000000000   
0.010751605613081   0.009947240864683   0.008338511367886   0.006729781871089   0.005121052374292   0.004316687625894   0.011419227153920   0.010614862405521   0.009006132908725   0.007397403411928   0.005788673915131   0.004984309166733   0.012754470235598   0.011950105487199   0.010341375990403   0.008732646493606   0.007123916996809   0.006319552248411   0.013422091776437   0.012617727028038   0.011008997531241   0.009400268034445   0.007791538537648   0.006987173789249   
0.017006127011719   0.020172275610349   0.026504572807609   0.032836870004870   0.039169167202131   0.042335315800761   0.017175737254571   0.020341885853202   0.026674183050462   0.033006480247723   0.039338777444984   0.042504926043614   0.017514957740277   0.020681106338908   0.027013403536168   0.033345700733429   0.039677997930689   0.042844146529320   0.017684567983130   0.020850716581761   0.027183013779021   0.033515310976282   0.039847608173542   0.043013756772173   
1.000000000000000   1.000000000000000   1.000000000000000   1.000000000000000   1.000000000000000   1.000000000000000   1.000000000000000   1.000000000000000   1.000000000000000   1.000000000000000   1.000000000000000   1.000000000000000   1.000000000000000   1.000000000000000   1.000000000000000   1.000000000000000   1.000000000000000   1.000000000000000   1.000000000000000   1.000000000000000   1.000000000000000   1.000000000000000   1.000000000000000   1.000000000000000   
PATCH 28 
2 2 
13 4 
0.000000000000000   0.000000000000000   0.000000000000000   0.250000000000000   0.250000000000000   0.375000000000000   0.375000000000000   0.500000000000000   0.500000000000000   0.750000000000000   0.750000000000000   0.875000000000000   0.875000000000000   1.000000000000000   1.000000000000000   1.000000000000000   
0.000000000000000   0.000000000000000   0.000000000000000   0.500000000000000   1.000000000000000   1.000000000000000   1.000000000000000   
0.010751605613081   0.010901676237324   0.011051746861566   0.011047266767981   0.011048568511355   0.011049870254728   0.011056953835059   0.011530358384781   0.012003762934504   0.010541185596865   0.012148102069009   0.010729685741367   0.012333819621398   0.011419227153920   0.011549296633690   0.011679366113459   0.011639717015378   0.011643015941816   0.011646314868253   0.011692561819210   0.012185682682383   0.012678803545556   0.011126246074807   0.012330479738579   0.011265713802511   0.012922531299380   0.012754470235598   0.012844537426421   0.012934604617245   0.012824617510172   0.012831910802738   0.012839204095305   0.012963777787512   0.013496331277586   0.014028884767660   0.012296367030693   0.012695235077719   0.012337769924799   0.014099954655343   0.013422091776437   0.013492157822787   0.013562223869138   0.013417067757568   0.013426358233200   0.013435648708831   0.013599385771663   0.014151655575187   0.014703925378711   0.012881427508636   0.012877612747289   0.012873797985943   0.014688666333324   
0.017006127011719   0.016415417513835   0.015824708015952   0.015812350763951   0.015808047658167   0.015803744552382   0.015807495592813   0.014463784435884   0.013120073278956   0.011395219830637   0.012991498688764   0.011352407373162   0.013045110270787   0.017175737254571   0.016663756462378   0.016151775670185   0.016089962618746   0.016082044218209   0.016074125817672   0.016120102068036   0.014938288689009   0.013756475309982   0.011953361974061   0.013133963341385   0.011888037078411   0.013633821948769   0.017514957740277   0.017160434359464   0.016805910978652   0.016645186328336   0.016630037338294   0.016614888348252   0.016745315018483   0.015887297195258   0.015029279372034   0.013069646260909   0.013418892646626   0.012959296488910   0.014811245304732   0.017684567983130   0.017408773308008   0.017132978632885   0.016922798183131   0.016904033898336   0.016885269613542   0.017057921493706   0.016361801448383   0.015665681403060   0.013627788404333   0.013561357299247   0.013494926194160   0.015399956982714   
1.000000000000000   1.000000000000000   1.000000000000000   0.999494463052300   0.999494463052300   0.999494463052300   1.000000000000000   1.000000000000000   1.000000000000000   0.875481256965060   1.000000000000000   0.875481256965060   1.000000000000000   1.000000000000000   1.000000000000000   1.000000000000000   0.996850067651853   0.996850067651853   0.996850067651853   1.000000000000000   1.000000000000000   1.000000000000000   0.874921210386735   0.968310267662940   0.874921210386735   1.000000000000000   1.000000000000000   1.000000000000000   1.000000000000000   0.991561276850959   0.991561276850959   0.991561276850959   1.000000000000000   1.000000000000000   1.000000000000000   0.873801117230085   0.904930802988820   0.873801117230085   1.000000000000000   1.000000000000000   1.000000000000000   1.000000000000000   0.988916881450512   0.988916881450512   0.988916881450512   1.000000000000000   1.000000000000000   1.000000000000000   0.873241070651760   0.873241070651760   0.873241070651760   1.000000000000000   
PATCH 29 
2 1 
13 2 
0.000000000000000   0.000000000000000   0.000000000000000   0.250000000000000   0.250000000000000   0.375000000000000   0.375000000000000   0.500000000000000   0.500000000000000   0.750000000000000   0.750000000000000   0.875000000000000   0.875000000000000   1.000000000000000   1.000000000000000   1.000000000000000   
0.000000000000000   0.000000000000000   1.000000000000000   1.000000000000000   
0.024999036685845   0.026308435783771   0.027588424057626   0.028222861006134   0.028805444528335   0.029459189886364   0.030116346928984   0.031126386162481   0.031778913480567   0.032279002046234   0.032803574023226   0.033389479634085   0.033963349177050   0.025250000000000   0.026178902508932   0.027094027156471   0.027551589480241   0.028005707338662   0.028459825197083   0.028910498590156   0.029811845376303   0.030699414301056   0.031143198763433   0.031583538760461   0.032023878757490   0.032460774289170   
0.043299601680162   0.042429225454958   0.041520231487145   0.041057620035991   0.040523248773372   0.040090276830664   0.039659807190122   0.038415149481338   0.036788535028124   0.036200425272751   0.035643848948222   0.035155972648007   0.034653583840776   0.043734282891114   0.043142506727484   0.042531053738569   0.042225327244111   0.041914681543332   0.041604035842553   0.041288470935453   0.040657341121252   0.040006534481766   0.039681131162023   0.039350808635958   0.039020486109894   0.038685244377508   
1.000000000000000   0.998022197422023   0.997033296133034   0.996538845488540   0.996291620166293   0.996044394844045   0.996044394844046   0.996044394844045   0.997033296133034   0.997527746777528   0.998269422744270   0.999011098711011   1.000000000000000   1.000000000000000   0.999048674522937   0.998573011784405   0.998335180415139   0.998216264730506   0.998097349045873   0.998097349045873   0.998097349045873   0.998573011784405   0.998810843153671   0.999167590207569   0.999524337261468   1.000000000000000   
PATCH 30 
2 1 
6 2 
0.000000000000000   0.000000000000000   0.000000000000000   0.250000000000000   0.500000000000000   0.750000000000000   1.000000000000000   1.000000000000000   1.000000000000000   
0.000000000000000   0.000000000000000   1.000000000000000   1.000000000000000   
0.010751605613081   0.009947240864683   0.008338511367886   0.006729781871089   0.005121052374292   0.004316687625894   0.000000000000000   0.000000000000000   0.000000000000000   0.000000000000000   0.000000000000000   0.000000000000000   
0.017006127011719   0.020172275610349   0.026504572807609   0.032836870004870   0.039169167202131   0.042335315800761   0.014550000000000   0.018023164475095   0.024969493425285   0.031915822375476   0.038862151325666   0.042335315800761   
1.000000000000000   1.000000000000000   1.000000000000000   1.000000000000000   1.000000000000000   1.000000000000000   1.000000000000000   1.000000000000000   1.000000000000000   1.000000000000000   1.000000000000000   1.000000000000000   
PATCH 31 
2 1 
13 2 
0.000000000000000   0.000000000000000   0.000000000000000   0.250000000000000   0.250000000000000   0.375000000000000   0.375000000000000   0.500000000000000   0.500000000000000   0.750000000000000   0.750000000000000   0.875000000000000   0.875000000000000   1.000000000000000   1.000000000000000   1.000000000000000   
0.000000000000000   0.000000000000000   1.000000000000000   1.000000000000000   
0.004316687625894   0.003830482638947   0.003344277651999   0.003335509898449   0.003334097293486   0.003332684688522   0.003338627232147   0.003269983120930   0.003201339009712   0.002892874296064   0.003262222678226   0.003015218227727   0.003422911642634   0.000000000000000   0.000000000000000   0.000000000000000   0.000000000000000   0.000000000000000   0.000000000000000   0.000000000000000   0.000000000000000   0.000000000000000   0.000000000000000   0.000000000000000   0.000000000000000   0.000000000000000   
0.042335315800761   0.044249120751979   0.046162925703196   0.046080625981514   0.046089378556045   0.046098131130576   0.046197936001321   0.047159888778014   0.048121841554707   0.043660496619407   0.048280255993190   0.043778114295786   0.048334854639042   0.042335315800761   0.043293401325666   0.044251486850571   0.044730529613023   0.045209572375476   0.045688615137928   0.046167657900380   0.047125743425285   0.048083828950190   0.048562871712643   0.049041914475095   0.049520957237548   0.050000000000000   
1.000000000000000   1.000000000000000   1.000000000000000   0.998031047884927   0.998031047884927   0.998031047884927   1.000000000000000   1.000000000000000   1.000000000000000   0.905531765692447   1.000000000000000   0.905531765692447   1.000000000000000   1.000000000000000   1.000000000000000   1.000000000000000   1.000000000000000   1.000000000000000   1.000000000000000   1.000000000000000   1.000000000000000   1.000000000000000   1.000000000000000   1.000000000000000   1.000000000000000   1.000000000000000   
PATCH 32 
2 1 
13 2 
0.000000000000000   0.000000000000000   0.000000000000000   0.250000000000000   0.250000000000000   0.375000000000000   0.375000000000000   0.500000000000000   0.500000000000000   0.750000000000000   0.750000000000000   0.875000000000000   0.875000000000000   1.000000000000000   1.000000000000000   1.000000000000000   
0.000000000000000   0.000000000000000   1.000000000000000   1.000000000000000   
0.000000000000000   0.001375091540387   0.002699162037219   0.003361197285635   0.004010477273162   0.004659757260689   0.005296281987328   0.006569331440604   0.007791359850326   0.008402374055187   0.009000632999160   0.009598891943132   0.010184395626215   0.010751605613081   0.010901676237324   0.011051746861566   0.011047266767981   0.011048568511355   0.011049870254728   0.011056953835059   0.011530358384781   0.012003762934504   0.010541185596865   0.012148102069009   0.010729685741367   0.012333819621398   
0.014550000000000   0.014280070267352   0.013885191071896   0.013687751474167   0.013459074510736   0.013230397547306   0.012970483218172   0.012450654559906   0.011805876438831   0.011483487378293   0.011129860952053   0.010776234525812   0.010391370733870   0.017006127011719   0.016415417513835   0.015824708015952   0.015812350763951   0.015808047658167   0.015803744552382   0.015807495592813   0.014463784435884   0.013120073278956   0.011395219830637   0.012991498688764   0.011352407373162   0.013045110270787   
1.000000000000000   0.981448128340377   0.972172192510566   0.967534224595660   0.965215240638207   0.962896256680754   0.962896256680754   0.962896256680754   0.972172192510566   0.976810160425471   0.983767112297830   0.990724064170188   1.000000000000000   1.000000000000000   1.000000000000000   1.000000000000000   0.999494463052300   0.999494463052300   0.999494463052300   1.000000000000000   1.000000000000000   1.000000000000000   0.875481256965060   1.000000000000000   0.875481256965060   1.000000000000000   
INTERFACE 1 
1 2 
5 1 
1 
INTERFACE 2 
1 3 
2 4 
1 
INTERFACE 3 
2 1 
13 2 
1 
INTERFACE 4 
2 2 
3 1 
1 
INTERFACE 5 
2 3 
4 2 
1 
INTERFACE 6 
3 2 
7 1 
-1 
INTERFACE 7 
3 3 
4 4 
-1 
INTERFACE 8 
3 4 
5 3 
1 
INTERFACE 9 
4 1 
9 2 
1 
INTERFACE 10 
4 3 
13 3 
1 
INTERFACE 11 
5 2 
6 1 
1 
INTERFACE 12 
6 2 
11 1 
1 
INTERFACE 13 
6 3 
7 3 
1 
INTERFACE 14 
7 2 
8 1 
1 
INTERFACE 15 
7 4 
9 4 
-1 
INTERFACE 16 
8 2 
15 1 
1 
INTERFACE 17 
8 3 
11 3 
1 
INTERFACE 18 
8 4 
10 4 
1 
INTERFACE 19 
9 1 
10 1 
1 
INTERFACE 20 
9 3 
12 3 
1 
INTERFACE 21 
10 2 
16 3 
1 
INTERFACE 22 
10 3 
14 4 
1 
INTERFACE 23 
11 2 
18 1 
1 
INTERFACE 24 
12 1 
14 1 
-1 
INTERFACE 25 
12 2 
13 1 
1 
INTERFACE 26 
14 2 
17 1 
-1 
INTERFACE 27 
15 2 
26 2 
1 
INTERFACE 28 
15 3 
18 3 
1 
INTERFACE 29 
15 4 
16 2 
1 
INTERFACE 30 
16 1 
17 3 
1 
INTERFACE 31 
16 4 
28 2 
1 
INTERFACE 32 
17 2 
32 2 
-1 
INTERFACE 33 
18 2 
29 2 
1 
INTERFACE 34 
19 2 
23 1 
1 
INTERFACE 35 
19 3 
20 4 
1 
INTERFACE 36 
20 1 
31 2 
1 
INTERFACE 37 
20 2 
21 1 
1 
INTERFACE 38 
20 3 
22 2 
1 
INTERFACE 39 
21 2 
25 1 
-1 
INTERFACE 40 
21 3 
22 4 
-1 
INTERFACE 41 
21 4 
23 3 
1 
INTERFACE 42 
22 1 
27 2 
1 
INTERFACE 43 
22 3 
31 3 
1 
INTERFACE 44 
23 2 
24 1 
1 
INTERFACE 45 
24 2 
29 1 
1 
INTERFACE 46 
24 3 
25 3 
1 
INTERFACE 47 
25 2 
26 1 
1 
INTERFACE 48 
25 4 
27 4 
-1 
INTERFACE 49 
26 3 
29 3 
1 
INTERFACE 50 
26 4 
28 4 
1 
INTERFACE 51 
27 1 
28 1 
1 
INTERFACE 52 
27 3 
30 3 
1 
INTERFACE 53 
28 3 
32 4 
1 
INTERFACE 54 
30 1 
32 1 
-1 
INTERFACE 55 
30 2 
31 1 
1 
BOUNDARY 1 
1 
1 1 
BOUNDARY 2 
1 
1 4 
BOUNDARY 3 
1 
5 4 
BOUNDARY 4 
1 
6 4 
BOUNDARY 5 
1 
11 4 
BOUNDARY 6 
1 
12 4 
BOUNDARY 7 
1 
13 4 
BOUNDARY 8 
1 
14 3 
BOUNDARY 9 
1 
17 4 
BOUNDARY 10 
1 
18 4 
BOUNDARY 11 
1 
19 1 
BOUNDARY 12 
1 
19 4 
BOUNDARY 13 
1 
23 4 
BOUNDARY 14 
1 
24 4 
BOUNDARY 15 
1 
29 4 
BOUNDARY 16 
1 
30 4 
BOUNDARY 17 
1 
31 4 
BOUNDARY 18 
1 
32 3 
