# nurbs mesh v.2.1
#
# 14-Jul-2024
#
2 2 32 55 0 
PATCH 1 
2 1 
4 2 
0.000000000000000   0.000000000000000   0.000000000000000   0.500000000000000   1.000000000000000   1.000000000000000   1.000000000000000   
0.000000000000000   0.000000000000000   1.000000000000000   1.000000000000000   
0.050000000000000   0.049904867452294   0.049525061277599   0.049240387650610   0.050500000000000   0.050403916126817   0.050020311890375   0.049732791527117   
0.000000000000000   0.002178893568691   0.006520098010365   0.008682408883347   0.000000000000000   0.002200682504378   0.006585298990468   0.008769232972180   
1.000000000000000   0.998097349045873   0.998097349045873   1.000000000000000   1.000000000000000   0.998097349045873   0.998097349045873   1.000000000000000   
PATCH 2 
2 1 
4 2 
0.000000000000000   0.000000000000000   0.000000000000000   0.500000000000000   1.000000000000000   1.000000000000000   1.000000000000000   
0.000000000000000   0.000000000000000   1.000000000000000   1.000000000000000   
0.048332456630468   0.048198885256182   0.047931742507610   0.047798171133324   0.050000000000000   0.049904867452294   0.049525061277599   0.049240387650610   
0.003444145864667   0.004550366451413   0.006762807624905   0.007869028211651   0.000000000000000   0.002178893568691   0.006520098010365   0.008682408883347   
1.000000000000000   1.000000000000000   1.000000000000000   1.000000000000000   1.000000000000000   0.998097349045873   0.998097349045873   1.000000000000000   
PATCH 3 
2 1 
13 2 
0.000000000000000   0.000000000000000   0.000000000000000   0.125000000000000   0.125000000000000   0.250000000000000   0.250000000000000   0.500000000000000   0.500000000000000   0.625000000000000   0.625000000000000   0.750000000000000   0.750000000000000   1.000000000000000   1.000000000000000   1.000000000000000   
0.000000000000000   0.000000000000000   1.000000000000000   1.000000000000000   
0.047798171133324   0.043694663977313   0.047715307214832   0.043562546218054   0.047556566755964   0.045938018507386   0.044319470258808   0.043569547683862   0.043544195102504   0.043518842521147   0.044218059933377   0.043984563275796   0.043751066618216   0.049240387650610   0.049122375608591   0.048474222996264   0.048470776079869   0.048197308390537   0.047898639727997   0.047705613510877   0.047605305518219   0.047541769322326   0.047465112129291   0.047366836076064   0.047122852809483   0.046844260984986   
0.007869028211651   0.007275464639070   0.008008194028903   0.007369158029273   0.008040365761802   0.007683640273750   0.007326914785697   0.007201572536155   0.007202576991502   0.007203581446848   0.007330932607083   0.007402172101770   0.007473411596456   0.008682408883347   0.009214726804819   0.009641206626516   0.010191322307922   0.010684035377414   0.011720195166425   0.012782680614671   0.013314367211188   0.013857832056864   0.014399259466335   0.014935788072296   0.015996599042614   0.017049916644732   
1.000000000000000   0.914352388034535   1.000000000000000   0.914352388034535   1.000000000000000   1.000000000000000   1.000000000000000   0.983638234839648   0.983638234839648   0.983638234839648   1.000000000000000   1.000000000000000   1.000000000000000   1.000000000000000   0.999524337261468   0.999167590207569   0.998810843153671   0.998573011784405   0.998097349045873   0.998097349045873   0.998097349045873   0.998216264730506   0.998335180415139   0.998573011784404   0.999048674522936   1.000000000000000   
PATCH 4 
2 2 
13 4 
0.000000000000000   0.000000000000000   0.000000000000000   0.250000000000000   0.250000000000000   0.375000000000000   0.375000000000000   0.500000000000000   0.500000000000000   0.750000000000000   0.750000000000000   0.875000000000000   0.875000000000000   1.000000000000000   1.000000000000000   1.000000000000000   
0.000000000000000   0.000000000000000   0.000000000000000   0.500000000000000   1.000000000000000   1.000000000000000   1.000000000000000   
0.042845674445080   0.044674477263801   0.046503280082523   0.046403196779524   0.046412692272358   0.046422187765192   0.046541262053860   0.047327389555164   0.048113517056468   0.043446220924450   0.048276592691949   0.043567691805446   0.048332456630468   0.043072022488364   0.044501998766800   0.045931975045236   0.045682108214929   0.045695567979894   0.045709027744860   0.045985814105097   0.046980046793219   0.047974279481342   0.043475302247851   0.048136271322670   0.043599434848412   0.048198885256182   0.043524718574932   0.044157041772798   0.044789364970663   0.044239931085741   0.044261319394968   0.044282707704195   0.044874918207571   0.046285361269331   0.047695804331090   0.043533464894653   0.047855628584111   0.043662920934346   0.047931742507610   0.043751066618216   0.043984563275796   0.044218059933377   0.043518842521147   0.043544195102504   0.043569547683862   0.044319470258808   0.045938018507386   0.047556566755964   0.043562546218054   0.047715307214832   0.043694663977313   0.047798171133324   
0.004505871650302   0.003947906538349   0.003389941426397   0.003379143454913   0.003377227450093   0.003375311445274   0.003382277407119   0.003301744762349   0.003221212117579   0.002894128982250   0.003280033567162   0.003017815888950   0.003444145864667   0.005247756636840   0.004811472929205   0.004375189221569   0.004335252952897   0.004333564835445   0.004331876717994   0.004368436751764   0.004397218640199   0.004426000528635   0.004012886244006   0.004462073682598   0.004082228076480   0.004550366451413   0.006731526609918   0.006538605710915   0.006345684811912   0.006247471948864   0.006246239606150   0.006245007263435   0.006340755441053   0.006588166395899   0.006835577350746   0.006250400767518   0.006826153913468   0.006211052451540   0.006762807624905   0.007473411596456   0.007402172101770   0.007330932607083   0.007203581446848   0.007202576991502   0.007201572536155   0.007326914785697   0.007683640273750   0.008040365761802   0.007369158029273   0.008008194028903   0.007275464639070   0.007869028211651   
1.000000000000000   1.000000000000000   1.000000000000000   0.997648584378677   0.997648584378677   0.997648584378677   1.000000000000000   1.000000000000000   1.000000000000000   0.901201885612843   1.000000000000000   0.901201885612843   1.000000000000000   1.000000000000000   1.000000000000000   1.000000000000000   0.994145996993920   0.994145996993920   0.994145996993920   1.000000000000000   1.000000000000000   1.000000000000000   0.904489511218266   1.000000000000000   0.904489511218266   1.000000000000000   1.000000000000000   1.000000000000000   1.000000000000000   0.987140822224406   0.987140822224406   0.987140822224406   1.000000000000000   1.000000000000000   1.000000000000000   0.911064762429112   1.000000000000000   0.911064762429112   1.000000000000000   1.000000000000000   1.000000000000000   1.000000000000000   0.983638234839648   0.983638234839648   0.983638234839648   1.000000000000000   1.000000000000000   1.000000000000000   0.914352388034535   1.000000000000000   0.914352388034535   1.000000000000000   
PATCH 5 
2 1 
13 2 
0.000000000000000   0.000000000000000   0.000000000000000   0.125000000000000   0.125000000000000   0.250000000000000   0.250000000000000   0.500000000000000   0.500000000000000   0.625000000000000   0.625000000000000   0.750000000000000   0.750000000000000   1.000000000000000   1.000000000000000   1.000000000000000   
0.000000000000000   0.000000000000000   1.000000000000000   1.000000000000000   
0.049240387650610   0.049122375608591   0.048474222996264   0.048470776079869   0.048197308390537   0.047898639727997   0.047705613510877   0.047605305518219   0.047541769322326   0.047465112129291   0.047366836076064   0.047122852809483   0.046844260984986   0.049732791527117   0.049613599364677   0.049488606583825   0.049363613802972   0.049232820403708   0.048971233605179   0.048686444333000   0.048544049696911   0.048395854442409   0.048247659187908   0.048093663314994   0.047785671569166   0.047454477349688   
0.008682408883347   0.009214726804819   0.009641206626516   0.010191322307922   0.010684035377414   0.011720195166425   0.012782680614671   0.013314367211188   0.013857832056864   0.014399259466335   0.014935788072296   0.015996599042614   0.017049916644732   0.008769232972180   0.009306874072867   0.009842960902535   0.010379047732203   0.010913580290852   0.011982645408149   0.013045493441370   0.013576917457981   0.014106787203572   0.014636656949163   0.015164972423735   0.016221603372879   0.017272017237946   
1.000000000000000   0.999524337261468   0.999167590207569   0.998810843153671   0.998573011784405   0.998097349045873   0.998097349045873   0.998097349045873   0.998216264730506   0.998335180415139   0.998573011784404   0.999048674522936   1.000000000000000   1.000000000000000   0.999524337261468   0.999167590207569   0.998810843153671   0.998573011784405   0.998097349045873   0.998097349045873   0.998097349045873   0.998216264730506   0.998335180415139   0.998573011784404   0.999048674522936   1.000000000000000   
PATCH 6 
2 1 
6 2 
0.000000000000000   0.000000000000000   0.000000000000000   0.250000000000000   0.500000000000000   0.750000000000000   1.000000000000000   1.000000000000000   1.000000000000000   
0.000000000000000   0.000000000000000   1.000000000000000   1.000000000000000   
0.046844260984986   0.046521837792065   0.045672293429004   0.044513207785975   0.043741861562396   0.043296366619836   0.047454477349688   0.047032993823604   0.046146485990198   0.045216437375554   0.044242847979673   0.043734282891114   
0.017049916644732   0.018090796886993   0.020095723732675   0.021952059725620   0.023998198222864   0.024997168922895   0.017272017237946   0.018289568482936   0.020304367573183   0.022298863263696   0.024273055554476   0.025250000000000   
1.000000000000000   0.999048674522936   0.998097349045873   0.998097349045873   0.999048674522936   1.000000000000000   1.000000000000000   0.999048674522936   0.998097349045873   0.998097349045873   0.999048674522936   1.000000000000000   
PATCH 7 
2 1 
6 2 
0.000000000000000   0.000000000000000   0.000000000000000   0.250000000000000   0.500000000000000   0.750000000000000   1.000000000000000   1.000000000000000   1.000000000000000   
0.000000000000000   0.000000000000000   1.000000000000000   1.000000000000000   
0.046844260984986   0.046521837792065   0.045672293429004   0.044513207785975   0.043741861562396   0.043296366619836   0.043751066618216   0.040691119991769   0.034571226738875   0.028451333485981   0.022331440233088   0.019271493606641   
0.017049916644732   0.018090796886993   0.020095723732675   0.021952059725620   0.023998198222864   0.024997168922895   0.007473411596456   0.008406996914958   0.010274167551962   0.012141338188966   0.014008508825970   0.014942094144472   
1.000000000000000   0.999048674522936   0.998097349045873   0.998097349045873   0.999048674522936   1.000000000000000   1.000000000000000   1.000000000000000   1.000000000000000   1.000000000000000   1.000000000000000   1.000000000000000   
PATCH 8 
2 1 
13 2 
0.000000000000000   0.000000000000000   0.000000000000000   0.250000000000000   0.250000000000000   0.375000000000000   0.375000000000000   0.500000000000000   0.500000000000000   0.750000000000000   0.750000000000000   0.875000000000000   0.875000000000000   1.000000000000000   1.000000000000000   1.000000000000000   
0.000000000000000   0.000000000000000   1.000000000000000   1.000000000000000   
0.043296366619836   0.042423837173977   0.041516770139414   0.041033313763941   0.040498706097264   0.040016373378491   0.039632151862883   0.038274247824074   0.036771420491489   0.036230426020644   0.035686098681434   0.035215758236738   0.034718133846831   0.019271493606641   0.018803734960422   0.018335976314204   0.018186506709610   0.018171338322943   0.018156169936275   0.018275302767534   0.017686659619341   0.017098016471148   0.014971706060629   0.014906591398226   0.014841476735823   0.016837557821535   
0.024997168922895   0.026303490766308   0.027582855482292   0.028202023556840   0.028782995652766   0.029398979662827   0.030088500709611   0.031003530646239   0.031753567105760   0.032294164942419   0.032829811491852   0.033432498171670   0.034011700508238   0.014942094144472   0.015084806635251   0.015227519126030   0.015121837719556   0.015129482020422   0.015137126321288   0.015258096329492   0.015694081684549   0.016130067039605   0.014212490847327   0.014207666805180   0.014202842763033   0.016110770871017   
1.000000000000000   0.998025634551585   0.997038451827378   0.996544860465274   0.996298064784223   0.996051269103171   0.996051269103171   0.996051269103171   0.997038451827378   0.997532043189482   0.998272430232637   0.999012817275793   1.000000000000000   1.000000000000000   1.000000000000000   1.000000000000000   0.992734327761407   0.992734327761407   0.992734327761407   1.000000000000000   1.000000000000000   1.000000000000000   0.878708639903264   0.878708639903264   0.878708639903264   1.000000000000000   
PATCH 9 
2 2 
6 4 
0.000000000000000   0.000000000000000   0.000000000000000   0.250000000000000   0.500000000000000   0.750000000000000   1.000000000000000   1.000000000000000   1.000000000000000   
0.000000000000000   0.000000000000000   0.000000000000000   0.500000000000000   1.000000000000000   1.000000000000000   1.000000000000000   
0.018366101433505   0.021426048059952   0.027545941312846   0.033665834565740   0.039785727818633   0.042845674445080   0.018592449476789   0.021652396103236   0.027772289356130   0.033892182609024   0.040012075861917   0.043072022488364   0.019045145563357   0.022105092189804   0.028224985442698   0.034344878695591   0.040464771948485   0.043524718574932   0.019271493606641   0.022331440233088   0.028451333485981   0.034571226738875   0.040691119991769   0.043751066618216   
0.011974554198317   0.011040968879815   0.009173798242811   0.007306627605807   0.005439456968803   0.004505871650302   0.012716439184855   0.011782853866354   0.009915683229350   0.008048512592346   0.006181341955342   0.005247756636840   0.014200209157933   0.013266623839431   0.011399453202427   0.009532282565423   0.007665111928420   0.006731526609918   0.014942094144472   0.014008508825970   0.012141338188966   0.010274167551962   0.008406996914958   0.007473411596456   
1.000000000000000   1.000000000000000   1.000000000000000   1.000000000000000   1.000000000000000   1.000000000000000   1.000000000000000   1.000000000000000   1.000000000000000   1.000000000000000   1.000000000000000   1.000000000000000   1.000000000000000   1.000000000000000   1.000000000000000   1.000000000000000   1.000000000000000   1.000000000000000   1.000000000000000   1.000000000000000   1.000000000000000   1.000000000000000   1.000000000000000   1.000000000000000   
PATCH 10 
2 2 
13 4 
0.000000000000000   0.000000000000000   0.000000000000000   0.250000000000000   0.250000000000000   0.375000000000000   0.375000000000000   0.500000000000000   0.500000000000000   0.750000000000000   0.750000000000000   0.875000000000000   0.875000000000000   1.000000000000000   1.000000000000000   1.000000000000000   
0.000000000000000   0.000000000000000   0.000000000000000   0.500000000000000   1.000000000000000   1.000000000000000   1.000000000000000   
0.018366101433505   0.017852192359205   0.017338283284905   0.017281000385374   0.017270758893622   0.017260517401870   0.017297317317896   0.015545415049260   0.013793512780625   0.011525960760015   0.013622977764988   0.011452432100469   0.013669489204083   0.018592449476789   0.018090078009509   0.017587706542230   0.017507376966433   0.017495903750952   0.017484430535471   0.017541813680305   0.016080726191780   0.014619638703256   0.012387397085169   0.013943881173297   0.012299693259307   0.014461506358446   0.019045145563357   0.018565849310118   0.018086553056879   0.017960130128551   0.017946193465613   0.017932256802674   0.018030806405124   0.017151348476821   0.016271890548517   0.014110269735476   0.014585687989916   0.013994215576984   0.016045540667172   0.019271493606641   0.018803734960422   0.018335976314204   0.018186506709610   0.018171338322943   0.018156169936275   0.018275302767534   0.017686659619341   0.017098016471148   0.014971706060629   0.014906591398226   0.014841476735823   0.016837557821535   
0.011974554198317   0.012131347118384   0.012288140038452   0.012257658311634   0.012259645093612   0.012261631875590   0.012296087166363   0.012449063103746   0.012602039041128   0.010637516847006   0.012732861130896   0.010839482554379   0.012942702253565   0.012716439184855   0.012869711997601   0.013022984810346   0.012973703163615   0.012977104325314   0.012980505487014   0.013036589457146   0.013260317748947   0.013484046040748   0.011531260347086   0.013101562549467   0.011680322606543   0.013734719407928   0.014200209157933   0.014346441756034   0.014492674354135   0.014405792867576   0.014412022788719   0.014418252709863   0.014517594038710   0.014882827039348   0.015248060039986   0.013318747347247   0.013838965386609   0.013362002710870   0.015318753716654   0.014942094144472   0.015084806635251   0.015227519126030   0.015121837719556   0.015129482020422   0.015137126321288   0.015258096329492   0.015694081684549   0.016130067039605   0.014212490847327   0.014207666805180   0.014202842763033   0.016110770871017   
1.000000000000000   1.000000000000000   1.000000000000000   0.997271669815905   0.997271669815905   0.997271669815905   1.000000000000000   1.000000000000000   1.000000000000000   0.843368948290445   1.000000000000000   0.843368948290445   1.000000000000000   1.000000000000000   1.000000000000000   1.000000000000000   0.996137334302281   0.996137334302281   0.996137334302281   1.000000000000000   1.000000000000000   1.000000000000000   0.852203871193650   0.969677159975816   0.852203871193650   1.000000000000000   1.000000000000000   1.000000000000000   1.000000000000000   0.993868663275032   0.993868663275032   0.993868663275032   1.000000000000000   1.000000000000000   1.000000000000000   0.869873717000059   0.909031479927448   0.869873717000059   1.000000000000000   1.000000000000000   1.000000000000000   1.000000000000000   0.992734327761407   0.992734327761407   0.992734327761407   1.000000000000000   1.000000000000000   1.000000000000000   0.878708639903264   0.878708639903264   0.878708639903264   1.000000000000000   
PATCH 11 
2 1 
13 2 
0.000000000000000   0.000000000000000   0.000000000000000   0.250000000000000   0.250000000000000   0.375000000000000   0.375000000000000   0.500000000000000   0.500000000000000   0.750000000000000   0.750000000000000   0.875000000000000   0.875000000000000   1.000000000000000   1.000000000000000   1.000000000000000   
0.000000000000000   0.000000000000000   1.000000000000000   1.000000000000000   
0.043296366619836   0.042423837173977   0.041516770139414   0.041033313763941   0.040498706097264   0.040016373378491   0.039632151862883   0.038274247824074   0.036771420491489   0.036230426020644   0.035686098681434   0.035215758236738   0.034718133846831   0.043734282891114   0.043142506727484   0.042531053738569   0.042225327244111   0.041914681543332   0.041604035842553   0.041288470935453   0.040657341121252   0.040006534481766   0.039681131162023   0.039350808635958   0.039020486109894   0.038685244377508   
0.024997168922895   0.026303490766308   0.027582855482292   0.028202023556840   0.028782995652766   0.029398979662827   0.030088500709611   0.031003530646239   0.031753567105760   0.032294164942419   0.032829811491852   0.033432498171670   0.034011700508238   0.025250000000000   0.026178902508932   0.027094027156471   0.027551589480241   0.028005707338662   0.028459825197083   0.028910498590156   0.029811845376303   0.030699414301056   0.031143198763433   0.031583538760461   0.032023878757490   0.032460774289170   
1.000000000000000   0.998025634551585   0.997038451827378   0.996544860465274   0.996298064784223   0.996051269103171   0.996051269103171   0.996051269103171   0.997038451827378   0.997532043189482   0.998272430232637   0.999012817275793   1.000000000000000   1.000000000000000   0.999048674522937   0.998573011784405   0.998335180415139   0.998216264730506   0.998097349045873   0.998097349045873   0.998097349045873   0.998573011784405   0.998810843153671   0.999167590207569   0.999524337261468   1.000000000000000   
PATCH 12 
2 1 
6 2 
0.000000000000000   0.000000000000000   0.000000000000000   0.250000000000000   0.500000000000000   0.750000000000000   1.000000000000000   1.000000000000000   1.000000000000000   
0.000000000000000   0.000000000000000   1.000000000000000   1.000000000000000   
0.018366101433505   0.021426048059952   0.027545941312846   0.033665834565740   0.039785727818633   0.042845674445080   0.014550000000000   0.018086959305635   0.025160877916905   0.032234796528175   0.039308715139445   0.042845674445080   
0.011974554198317   0.011040968879815   0.009173798242811   0.007306627605807   0.005439456968803   0.004505871650302   0.000000000000000   0.000000000000000   0.000000000000000   0.000000000000000   0.000000000000000   0.000000000000000   
1.000000000000000   1.000000000000000   1.000000000000000   1.000000000000000   1.000000000000000   1.000000000000000   1.000000000000000   1.000000000000000   1.000000000000000   1.000000000000000   1.000000000000000   1.000000000000000   
PATCH 13 
2 1 
13 2 
0.000000000000000   0.000000000000000   0.000000000000000   0.250000000000000   0.250000000000000   0.375000000000000   0.375000000000000   0.500000000000000   0.500000000000000   0.750000000000000   0.750000000000000   0.875000000000000   0.875000000000000   1.000000000000000   1.000000000000000   1.000000000000000   
0.000000000000000   0.000000000000000   1.000000000000000   1.000000000000000   
0.042845674445080   0.044674477263801   0.046503280082523   0.046403196779524   0.046412692272358   0.046422187765192   0.046541262053860   0.047327389555164   0.048113517056468   0.043446220924450   0.048276592691949   0.043567691805446   0.048332456630468   0.042845674445080   0.043739965139445   0.044634255833810   0.045081401180993   0.045528546528175   0.045975691875358   0.046422837222540   0.047317127916905   0.048211418611270   0.048658563958453   0.049105709305635   0.049552854652818   0.050000000000000   
0.004505871650302   0.003947906538349   0.003389941426397   0.003379143454913   0.003377227450093   0.003375311445274   0.003382277407119   0.003301744762349   0.003221212117579   0.002894128982250   0.003280033567162   0.003017815888950   0.003444145864667   0.000000000000000   0.000000000000000   0.000000000000000   0.000000000000000   0.000000000000000   0.000000000000000   0.000000000000000   0.000000000000000   0.000000000000000   0.000000000000000   0.000000000000000   0.000000000000000   0.000000000000000   
1.000000000000000   1.000000000000000   1.000000000000000   0.997648584378677   0.997648584378677   0.997648584378677   1.000000000000000   1.000000000000000   1.000000000000000   0.901201885612843   1.000000000000000   0.901201885612843   1.000000000000000   1.000000000000000   1.000000000000000   1.000000000000000   1.000000000000000   1.000000000000000   1.000000000000000   1.000000000000000   1.000000000000000   1.000000000000000   1.000000000000000   1.000000000000000   1.000000000000000   1.000000000000000   
PATCH 14 
2 1 
13 2 
0.000000000000000   0.000000000000000   0.000000000000000   0.250000000000000   0.250000000000000   0.375000000000000   0.375000000000000   0.500000000000000   0.500000000000000   0.750000000000000   0.750000000000000   0.875000000000000   0.875000000000000   1.000000000000000   1.000000000000000   1.000000000000000   
0.000000000000000   0.000000000000000   1.000000000000000   1.000000000000000   
0.014550000000000   0.014280220907760   0.013885556497388   0.013688224292203   0.013459670757484   0.013231117222765   0.012971342358513   0.012451792630008   0.011807357583372   0.011485140060054   0.011131701207203   0.010778262354351   0.010393602171967   0.018366101433505   0.017852192359205   0.017338283284905   0.017281000385374   0.017270758893622   0.017260517401870   0.017297317317896   0.015545415049260   0.013793512780625   0.011525960760015   0.013622977764988   0.011452432100469   0.013669489204083   
0.000000000000000   0.001374722567442   0.002698466247416   0.003360338087403   0.004009465205524   0.004658592323644   0.005294974719897   0.006567739512404   0.007789525417443   0.008400418369963   0.008998566600616   0.009596714831269   0.010182118340055   0.011974554198317   0.012131347118384   0.012288140038452   0.012257658311634   0.012259645093612   0.012261631875590   0.012296087166363   0.012449063103746   0.012602039041128   0.010637516847006   0.012732861130896   0.010839482554379   0.012942702253565   
1.000000000000000   0.981458481633015   0.972187722449522   0.967552342857776   0.965234653061903   0.962916963266030   0.962916963266030   0.962916963266030   0.972187722449522   0.976823102041269   0.983776171428888   0.990729240816507   1.000000000000000   1.000000000000000   1.000000000000000   1.000000000000000   0.997271669815905   0.997271669815905   0.997271669815905   1.000000000000000   1.000000000000000   1.000000000000000   0.843368948290445   1.000000000000000   0.843368948290445   1.000000000000000   
PATCH 15 
2 1 
4 2 
0.000000000000000   0.000000000000000   0.000000000000000   0.500000000000000   1.000000000000000   1.000000000000000   1.000000000000000   
0.000000000000000   0.000000000000000   1.000000000000000   1.000000000000000   
0.034718133846831   0.034557760234553   0.034204386886037   0.034011700508238   0.016837557821535   0.016655861083906   0.016292467608647   0.016110770871017   
0.034011700508238   0.034204386886037   0.034557760234553   0.034718133846831   0.016110770871017   0.016292467608647   0.016655861083906   0.016837557821535   
1.000000000000000   0.999973591128861   0.999973591128861   1.000000000000000   1.000000000000000   1.000000000000000   1.000000000000000   1.000000000000000   
PATCH 16 
2 2 
4 4 
0.000000000000000   0.000000000000000   0.000000000000000   0.500000000000000   1.000000000000000   1.000000000000000   1.000000000000000   
0.000000000000000   0.000000000000000   0.000000000000000   0.500000000000000   1.000000000000000   1.000000000000000   1.000000000000000   
0.013669489204083   0.014461506358446   0.016045540667172   0.016837557821535   0.013487792466454   0.014279809620817   0.015863843929543   0.016655861083906   0.013124398991194   0.013916416145557   0.015500450454284   0.016292467608647   0.012942702253565   0.013734719407928   0.015318753716654   0.016110770871017   
0.012942702253565   0.013734719407928   0.015318753716654   0.016110770871017   0.013124398991194   0.013916416145557   0.015500450454284   0.016292467608647   0.013487792466454   0.014279809620817   0.015863843929543   0.016655861083906   0.013669489204083   0.014461506358446   0.016045540667172   0.016837557821535   
1.000000000000000   1.000000000000000   1.000000000000000   1.000000000000000   1.000000000000000   1.000000000000000   1.000000000000000   1.000000000000000   1.000000000000000   1.000000000000000   1.000000000000000   1.000000000000000   1.000000000000000   1.000000000000000   1.000000000000000   1.000000000000000   
PATCH 17 
2 1 
4 2 
0.000000000000000   0.000000000000000   0.000000000000000   0.500000000000000   1.000000000000000   1.000000000000000   1.000000000000000   
0.000000000000000   0.000000000000000   1.000000000000000   1.000000000000000   
0.013669489204083   0.013487792466454   0.013124398991194   0.012942702253565   0.010393602171967   0.010341002919116   0.010235261003160   0.010182118340055   
0.012942702253565   0.013124398991194   0.013487792466454   0.013669489204083   0.010182118340055   0.010235261003160   0.010341002919116   0.010393602171967   
1.000000000000000   1.000000000000000   1.000000000000000   1.000000000000000   1.000000000000000   0.999973591128861   0.999973591128861   1.000000000000000   
PATCH 18 
2 1 
4 2 
0.000000000000000   0.000000000000000   0.000000000000000   0.500000000000000   1.000000000000000   1.000000000000000   1.000000000000000   
0.000000000000000   0.000000000000000   1.000000000000000   1.000000000000000   
0.034718133846831   0.034557760234553   0.034204386886037   0.034011700508238   0.038685244377508   0.037197068413715   0.034084833369545   0.032460774289170   
0.034011700508238   0.034204386886037   0.034557760234553   0.034718133846831   0.032460774289170   0.034084833369545   0.037197068413715   0.038685244377508   
1.000000000000000   0.999973591128861   0.999973591128861   1.000000000000000   1.000000000000000   0.998097349045873   0.998097349045873   1.000000000000000   
PATCH 19 
2 1 
4 2 
0.000000000000000   0.000000000000000   0.000000000000000   0.500000000000000   1.000000000000000   1.000000000000000   1.000000000000000   
0.000000000000000   0.000000000000000   1.000000000000000   1.000000000000000   
0.000000000000000   0.002178893568691   0.006520098010365   0.008682408883347   0.000000000000000   0.002200682504378   0.006585298990468   0.008769232972180   
0.050000000000000   0.049904867452294   0.049525061277599   0.049240387650610   0.050500000000000   0.050403916126817   0.050020311890375   0.049732791527117   
1.000000000000000   0.998097349045873   0.998097349045873   1.000000000000000   1.000000000000000   0.998097349045873   0.998097349045873   1.000000000000000   
PATCH 20 
2 1 
4 2 
0.000000000000000   0.000000000000000   0.000000000000000   0.500000000000000   1.000000000000000   1.000000000000000   1.000000000000000   
0.000000000000000   0.000000000000000   1.000000000000000   1.000000000000000   
0.003444145864667   0.004550366451413   0.006762807624905   0.007869028211651   0.000000000000000   0.002178893568691   0.006520098010365   0.008682408883347   
0.048332456630468   0.048198885256182   0.047931742507610   0.047798171133324   0.050000000000000   0.049904867452294   0.049525061277599   0.049240387650610   
1.000000000000000   1.000000000000000   1.000000000000000   1.000000000000000   1.000000000000000   0.998097349045873   0.998097349045873   1.000000000000000   
PATCH 21 
2 1 
13 2 
0.000000000000000   0.000000000000000   0.000000000000000   0.125000000000000   0.125000000000000   0.250000000000000   0.250000000000000   0.500000000000000   0.500000000000000   0.625000000000000   0.625000000000000   0.750000000000000   0.750000000000000   1.000000000000000   1.000000000000000   1.000000000000000   
0.000000000000000   0.000000000000000   1.000000000000000   1.000000000000000   
0.007869028211651   0.007275464639070   0.008008194028903   0.007369158029273   0.008040365761802   0.007683640273750   0.007326914785697   0.007201572536155   0.007202576991502   0.007203581446848   0.007330932607083   0.007402172101770   0.007473411596456   0.008682408883347   0.009214726804819   0.009641206626516   0.010191322307922   0.010684035377414   0.011720195166425   0.012782680614671   0.013314367211188   0.013857832056864   0.014399259466335   0.014935788072296   0.015996599042614   0.017049916644732   
0.047798171133324   0.043694663977313   0.047715307214832   0.043562546218054   0.047556566755964   0.045938018507386   0.044319470258808   0.043569547683862   0.043544195102504   0.043518842521147   0.044218059933377   0.043984563275796   0.043751066618216   0.049240387650610   0.049122375608591   0.048474222996264   0.048470776079869   0.048197308390537   0.047898639727997   0.047705613510877   0.047605305518219   0.047541769322326   0.047465112129291   0.047366836076064   0.047122852809483   0.046844260984986   
1.000000000000000   0.914352388034535   1.000000000000000   0.914352388034535   1.000000000000000   1.000000000000000   1.000000000000000   0.983638234839648   0.983638234839648   0.983638234839648   1.000000000000000   1.000000000000000   1.000000000000000   1.000000000000000   0.999524337261468   0.999167590207569   0.998810843153671   0.998573011784405   0.998097349045873   0.998097349045873   0.998097349045873   0.998216264730506   0.998335180415139   0.998573011784404   0.999048674522936   1.000000000000000   
PATCH 22 
2 2 
13 4 
0.000000000000000   0.000000000000000   0.000000000000000   0.250000000000000   0.250000000000000   0.375000000000000   0.375000000000000   0.500000000000000   0.500000000000000   0.750000000000000   0.750000000000000   0.875000000000000   0.875000000000000   1.000000000000000   1.000000000000000   1.000000000000000   
0.000000000000000   0.000000000000000   0.000000000000000   0.500000000000000   1.000000000000000   1.000000000000000   1.000000000000000   
0.004505871650302   0.003947906538349   0.003389941426397   0.003379143454913   0.003377227450093   0.003375311445274   0.003382277407119   0.003301744762349   0.003221212117579   0.002894128982250   0.003280033567162   0.003017815888950   0.003444145864667   0.005247756636840   0.004811472929205   0.004375189221569   0.004335252952897   0.004333564835445   0.004331876717994   0.004368436751764   0.004397218640199   0.004426000528635   0.004012886244006   0.004462073682598   0.004082228076480   0.004550366451413   0.006731526609918   0.006538605710915   0.006345684811912   0.006247471948864   0.006246239606150   0.006245007263435   0.006340755441053   0.006588166395899   0.006835577350746   0.006250400767518   0.006826153913468   0.006211052451540   0.006762807624905   0.007473411596456   0.007402172101770   0.007330932607083   0.007203581446848   0.007202576991502   0.007201572536155   0.007326914785697   0.007683640273750   0.008040365761802   0.007369158029273   0.008008194028903   0.007275464639070   0.007869028211651   
0.042845674445080   0.044674477263801   0.046503280082523   0.046403196779524   0.046412692272358   0.046422187765192   0.046541262053860   0.047327389555164   0.048113517056468   0.043446220924450   0.048276592691949   0.043567691805446   0.048332456630468   0.043072022488364   0.044501998766800   0.045931975045236   0.045682108214929   0.045695567979894   0.045709027744860   0.045985814105097   0.046980046793219   0.047974279481342   0.043475302247851   0.048136271322670   0.043599434848412   0.048198885256182   0.043524718574932   0.044157041772798   0.044789364970663   0.044239931085741   0.044261319394968   0.044282707704195   0.044874918207571   0.046285361269331   0.047695804331090   0.043533464894653   0.047855628584111   0.043662920934346   0.047931742507610   0.043751066618216   0.043984563275796   0.044218059933377   0.043518842521147   0.043544195102504   0.043569547683862   0.044319470258808   0.045938018507386   0.047556566755964   0.043562546218054   0.047715307214832   0.043694663977313   0.047798171133324   
1.000000000000000   1.000000000000000   1.000000000000000   0.997648584378677   0.997648584378677   0.997648584378677   1.000000000000000   1.000000000000000   1.000000000000000   0.901201885612843   1.000000000000000   0.901201885612843   1.000000000000000   1.000000000000000   1.000000000000000   1.000000000000000   0.994145996993920   0.994145996993920   0.994145996993920   1.000000000000000   1.000000000000000   1.000000000000000   0.904489511218266   1.000000000000000   0.904489511218266   1.000000000000000   1.000000000000000   1.000000000000000   1.000000000000000   0.987140822224406   0.987140822224406   0.987140822224406   1.000000000000000   1.000000000000000   1.000000000000000   0.911064762429112   1.000000000000000   0.911064762429112   1.000000000000000   1.000000000000000   1.000000000000000   1.000000000000000   0.983638234839648   0.983638234839648   0.983638234839648   1.000000000000000   1.000000000000000   1.000000000000000   0.914352388034535   1.000000000000000   0.914352388034535   1.000000000000000   
PATCH 23 
2 1 
13 2 
0.000000000000000   0.000000000000000   0.000000000000000   0.125000000000000   0.125000000000000   0.250000000000000   0.250000000000000   0.500000000000000   0.500000000000000   0.625000000000000   0.625000000000000   0.750000000000000   0.750000000000000   1.000000000000000   1.000000000000000   1.000000000000000   
0.000000000000000   0.000000000000000   1.000000000000000   1.000000000000000   
0.008682408883347   0.009214726804819   0.009641206626516   0.010191322307922   0.010684035377414   0.011720195166425   0.012782680614671   0.013314367211188   0.013857832056864   0.014399259466335   0.014935788072296   0.015996599042614   0.017049916644732   0.008769232972180   0.009306874072867   0.009842960902535   0.010379047732203   0.010913580290852   0.011982645408149   0.013045493441370   0.013576917457981   0.014106787203572   0.014636656949163   0.015164972423735   0.016221603372879   0.017272017237946   
0.049240387650610   0.049122375608591   0.048474222996264   0.048470776079869   0.048197308390537   0.047898639727997   0.047705613510877   0.047605305518219   0.047541769322326   0.047465112129291   0.047366836076064   0.047122852809483   0.046844260984986   0.049732791527117   0.049613599364677   0.049488606583825   0.049363613802972   0.049232820403708   0.048971233605179   0.048686444333000   0.048544049696911   0.048395854442409   0.048247659187908   0.048093663314994   0.047785671569166   0.047454477349688   
1.000000000000000   0.999524337261468   0.999167590207569   0.998810843153671   0.998573011784405   0.998097349045873   0.998097349045873   0.998097349045873   0.998216264730506   0.998335180415139   0.998573011784404   0.999048674522936   1.000000000000000   1.000000000000000   0.999524337261468   0.999167590207569   0.998810843153671   0.998573011784405   0.998097349045873   0.998097349045873   0.998097349045873   0.998216264730506   0.998335180415139   0.998573011784404   0.999048674522936   1.000000000000000   
PATCH 24 
2 1 
6 2 
0.000000000000000   0.000000000000000   0.000000000000000   0.250000000000000   0.500000000000000   0.750000000000000   1.000000000000000   1.000000000000000   1.000000000000000   
0.000000000000000   0.000000000000000   1.000000000000000   1.000000000000000   
0.017049916644732   0.018090796886993   0.020095723732675   0.021952059725620   0.023998198222864   0.024997168922895   0.017272017237946   0.018289568482936   0.020304367573183   0.022298863263696   0.024273055554476   0.025250000000000   
0.046844260984986   0.046521837792065   0.045672293429004   0.044513207785975   0.043741861562396   0.043296366619836   0.047454477349688   0.047032993823604   0.046146485990198   0.045216437375554   0.044242847979673   0.043734282891114   
1.000000000000000   0.999048674522936   0.998097349045873   0.998097349045873   0.999048674522936   1.000000000000000   1.000000000000000   0.999048674522936   0.998097349045873   0.998097349045873   0.999048674522936   1.000000000000000   
PATCH 25 
2 1 
6 2 
0.000000000000000   0.000000000000000   0.000000000000000   0.250000000000000   0.500000000000000   0.750000000000000   1.000000000000000   1.000000000000000   1.000000000000000   
0.000000000000000   0.000000000000000   1.000000000000000   1.000000000000000   
0.017049916644732   0.018090796886993   0.020095723732675   0.021952059725620   0.023998198222864   0.024997168922895   0.007473411596456   0.008406996914958   0.010274167551962   0.012141338188966   0.014008508825970   0.014942094144472   
0.046844260984986   0.046521837792065   0.045672293429004   0.044513207785975   0.043741861562396   0.043296366619836   0.043751066618216   0.040691119991769   0.034571226738875   0.028451333485981   0.022331440233088   0.019271493606641   
1.000000000000000   0.999048674522936   0.998097349045873   0.998097349045873   0.999048674522936   1.000000000000000   1.000000000000000   1.000000000000000   1.000000000000000   1.000000000000000   1.000000000000000   1.000000000000000   
PATCH 26 
2 1 
13 2 
0.000000000000000   0.000000000000000   0.000000000000000   0.250000000000000   0.250000000000000   0.375000000000000   0.375000000000000   0.500000000000000   0.500000000000000   0.750000000000000   0.750000000000000   0.875000000000000   0.875000000000000   1.000000000000000   1.000000000000000   1.000000000000000   
0.000000000000000   0.000000000000000   1.000000000000000   1.000000000000000   
0.024997168922895   0.026303490766308   0.027582855482292   0.028202023556840   0.028782995652766   0.029398979662827   0.030088500709611   0.031003530646239   0.031753567105760   0.032294164942419   0.032829811491852   0.033432498171670   0.034011700508238   0.014942094144472   0.015084806635251   0.015227519126030   0.015121837719556   0.015129482020422   0.015137126321288   0.015258096329492   0.015694081684549   0.016130067039605   0.014212490847327   0.014207666805180   0.014202842763033   0.016110770871017   
0.043296366619836   0.042423837173977   0.041516770139414   0.041033313763941   0.040498706097264   0.040016373378491   0.039632151862883   0.038274247824074   0.036771420491489   0.036230426020644   0.035686098681434   0.035215758236738   0.034718133846831   0.019271493606641   0.018803734960422   0.018335976314204   0.018186506709610   0.018171338322943   0.018156169936275   0.018275302767534   0.017686659619341   0.017098016471148   0.014971706060629   0.014906591398226   0.014841476735823   0.016837557821535   
1.000000000000000   0.998025634551585   0.997038451827378   0.996544860465274   0.996298064784223   0.996051269103171   0.996051269103171   0.996051269103171   0.997038451827378   0.997532043189482   0.998272430232637   0.999012817275793   1.000000000000000   1.000000000000000   1.000000000000000   1.000000000000000   0.992734327761407   0.992734327761407   0.992734327761407   1.000000000000000   1.000000000000000   1.000000000000000   0.878708639903264   0.878708639903264   0.878708639903264   1.000000000000000   
PATCH 27 
2 2 
6 4 
0.000000000000000   0.000000000000000   0.000000000000000   0.250000000000000   0.500000000000000   0.750000000000000   1.000000000000000   1.000000000000000   1.000000000000000   
0.000000000000000   0.000000000000000   0.000000000000000   0.500000000000000   1.000000000000000   1.000000000000000   1.000000000000000   
0.011974554198317   0.011040968879815   0.009173798242811   0.007306627605807   0.005439456968803   0.004505871650302   0.012716439184855   0.011782853866354   0.009915683229350   0.008048512592346   0.006181341955342   0.005247756636840   0.014200209157933   0.013266623839431   0.011399453202427   0.009532282565423   0.007665111928420   0.006731526609918   0.014942094144472   0.014008508825970   0.012141338188966   0.010274167551962   0.008406996914958   0.007473411596456   
0.018366101433505   0.021426048059952   0.027545941312846   0.033665834565740   0.039785727818633   0.042845674445080   0.018592449476789   0.021652396103236   0.027772289356130   0.033892182609024   0.040012075861917   0.043072022488364   0.019045145563357   0.022105092189804   0.028224985442698   0.034344878695591   0.040464771948485   0.043524718574932   0.019271493606641   0.022331440233088   0.028451333485981   0.034571226738875   0.040691119991769   0.043751066618216   
1.000000000000000   1.000000000000000   1.000000000000000   1.000000000000000   1.000000000000000   1.000000000000000   1.000000000000000   1.000000000000000   1.000000000000000   1.000000000000000   1.000000000000000   1.000000000000000   1.000000000000000   1.000000000000000   1.000000000000000   1.000000000000000   1.000000000000000   1.000000000000000   1.000000000000000   1.000000000000000   1.000000000000000   1.000000000000000   1.000000000000000   1.000000000000000   
PATCH 28 
2 2 
13 4 
0.000000000000000   0.000000000000000   0.000000000000000   0.250000000000000   0.250000000000000   0.375000000000000   0.375000000000000   0.500000000000000   0.500000000000000   0.750000000000000   0.750000000000000   0.875000000000000   0.875000000000000   1.000000000000000   1.000000000000000   1.000000000000000   
0.000000000000000   0.000000000000000   0.000000000000000   0.500000000000000   1.000000000000000   1.000000000000000   1.000000000000000   
0.011974554198317   0.012131347118384   0.012288140038452   0.012257658311634   0.012259645093612   0.012261631875590   0.012296087166363   0.012449063103746   0.012602039041128   0.010637516847006   0.012732861130896   0.010839482554379   0.012942702253565   0.012716439184855   0.012869711997601   0.013022984810346   0.012973703163615   0.012977104325314   0.012980505487014   0.013036589457146   0.013260317748947   0.013484046040748   0.011531260347086   0.013101562549467   0.011680322606543   0.013734719407928   0.014200209157933   0.014346441756034   0.014492674354135   0.014405792867576   0.014412022788719   0.014418252709863   0.014517594038710   0.014882827039348   0.015248060039986   0.013318747347247   0.013838965386609   0.013362002710870   0.015318753716654   0.014942094144472   0.015084806635251   0.015227519126030   0.015121837719556   0.015129482020422   0.015137126321288   0.015258096329492   0.015694081684549   0.016130067039605   0.014212490847327   0.014207666805180   0.014202842763033   0.016110770871017   
0.018366101433505   0.017852192359205   0.017338283284905   0.017281000385374   0.017270758893622   0.017260517401870   0.017297317317896   0.015545415049260   0.013793512780625   0.011525960760015   0.013622977764988   0.011452432100469   0.013669489204083   0.018592449476789   0.018090078009509   0.017587706542230   0.017507376966433   0.017495903750952   0.017484430535471   0.017541813680305   0.016080726191780   0.014619638703256   0.012387397085169   0.013943881173297   0.012299693259307   0.014461506358446   0.019045145563357   0.018565849310118   0.018086553056879   0.017960130128551   0.017946193465613   0.017932256802674   0.018030806405124   0.017151348476821   0.016271890548517   0.014110269735476   0.014585687989916   0.013994215576984   0.016045540667172   0.019271493606641   0.018803734960422   0.018335976314204   0.018186506709610   0.018171338322943   0.018156169936275   0.018275302767534   0.017686659619341   0.017098016471148   0.014971706060629   0.014906591398226   0.014841476735823   0.016837557821535   
1.000000000000000   1.000000000000000   1.000000000000000   0.997271669815905   0.997271669815905   0.997271669815905   1.000000000000000   1.000000000000000   1.000000000000000   0.843368948290445   1.000000000000000   0.843368948290445   1.000000000000000   1.000000000000000   1.000000000000000   1.000000000000000   0.996137334302281   0.996137334302281   0.996137334302281   1.000000000000000   1.000000000000000   1.000000000000000   0.852203871193650   0.969677159975816   0.852203871193650   1.000000000000000   1.000000000000000   1.000000000000000   1.000000000000000   0.993868663275032   0.993868663275032   0.993868663275032   1.000000000000000   1.000000000000000   1.000000000000000   0.869873717000059   0.909031479927448   0.869873717000059   1.000000000000000   1.000000000000000   1.000000000000000   1.000000000000000   0.992734327761407   0.992734327761407   0.992734327761407   1.000000000000000   1.000000000000000   1.000000000000000   0.878708639903264   0.878708639903264   0.878708639903264   1.000000000000000   
PATCH 29 
2 1 
13 2 
0.000000000000000   0.000000000000000   0.000000000000000   0.250000000000000   0.250000000000000   0.375000000000000   0.375000000000000   0.500000000000000   0.500000000000000   0.750000000000000   0.750000000000000   0.875000000000000   0.875000000000000   1.000000000000000   1.000000000000000   1.000000000000000   
0.000000000000000   0.000000000000000   1.000000000000000   1.000000000000000   
0.024997168922895   0.026303490766308   0.027582855482292   0.028202023556840   0.028782995652766   0.029398979662827   0.030088500709611   0.031003530646239   0.031753567105760   0.032294164942419   0.032829811491852   0.033432498171670   0.034011700508238   0.025250000000000   0.026178902508932   0.027094027156471   0.027551589480241   0.028005707338662   0.028459825197083   0.028910498590156   0.029811845376303   0.030699414301056   0.031143198763433   0.031583538760461   0.032023878757490   0.032460774289170   
0.043296366619836   0.042423837173977   0.041516770139414   0.041033313763941   0.040498706097264   0.040016373378491   0.039632151862883   0.038274247824074   0.036771420491489   0.036230426020644   0.035686098681434   0.035215758236738   0.034718133846831   0.043734282891114   0.043142506727484   0.042531053738569   0.042225327244111   0.041914681543332   0.041604035842553   0.041288470935453   0.040657341121252   0.040006534481766   0.039681131162023   0.039350808635958   0.039020486109894   0.038685244377508   
1.000000000000000   0.998025634551585   0.997038451827378   0.996544860465274   0.996298064784223   0.996051269103171   0.996051269103171   0.996051269103171   0.997038451827378   0.997532043189482   0.998272430232637   0.999012817275793   1.000000000000000   1.000000000000000   0.999048674522937   0.998573011784405   0.998335180415139   0.998216264730506   0.998097349045873   0.998097349045873   0.998097349045873   0.998573011784405   0.998810843153671   0.999167590207569   0.999524337261468   1.000000000000000   
PATCH 30 
2 1 
6 2 
0.000000000000000   0.000000000000000   0.000000000000000   0.250000000000000   0.500000000000000   0.750000000000000   1.000000000000000   1.000000000000000   1.000000000000000   
0.000000000000000   0.000000000000000   1.000000000000000   1.000000000000000   
0.011974554198317   0.011040968879815   0.009173798242811   0.007306627605807   0.005439456968803   0.004505871650302   0.000000000000000   0.000000000000000   0.000000000000000   0.000000000000000   0.000000000000000   0.000000000000000   
0.018366101433505   0.021426048059952   0.027545941312846   0.033665834565740   0.039785727818633   0.042845674445080   0.014550000000000   0.018086959305635   0.025160877916905   0.032234796528175   0.039308715139445   0.042845674445080   
1.000000000000000   1.000000000000000   1.000000000000000   1.000000000000000   1.000000000000000   1.000000000000000   1.000000000000000   1.000000000000000   1.000000000000000   1.000000000000000   1.000000000000000   1.000000000000000   
PATCH 31 
2 1 
13 2 
0.000000000000000   0.000000000000000   0.000000000000000   0.250000000000000   0.250000000000000   0.375000000000000   0.375000000000000   0.500000000000000   0.500000000000000   0.750000000000000   0.750000000000000   0.875000000000000   0.875000000000000   1.000000000000000   1.000000000000000   1.000000000000000   
0.000000000000000   0.000000000000000   1.000000000000000   1.000000000000000   
0.004505871650302   0.003947906538349   0.003389941426397   0.003379143454913   0.003377227450093   0.003375311445274   0.003382277407119   0.003301744762349   0.003221212117579   0.002894128982250   0.003280033567162   0.003017815888950   0.003444145864667   0.000000000000000   0.000000000000000   0.000000000000000   0.000000000000000   0.000000000000000   0.000000000000000   0.000000000000000   0.000000000000000   0.000000000000000   0.000000000000000   0.000000000000000   0.000000000000000   0.000000000000000   
0.042845674445080   0.044674477263801   0.046503280082523   0.046403196779524   0.046412692272358   0.046422187765192   0.046541262053860   0.047327389555164   0.048113517056468   0.043446220924450   0.048276592691949   0.043567691805446   0.048332456630468   0.042845674445080   0.043739965139445   0.044634255833810   0.045081401180993   0.045528546528175   0.045975691875358   0.046422837222540   0.047317127916905   0.048211418611270   0.048658563958453   0.049105709305635   0.049552854652818   0.050000000000000   
1.000000000000000   1.000000000000000   1.000000000000000   0.997648584378677   0.997648584378677   0.997648584378677   1.000000000000000   1.000000000000000   1.000000000000000   0.901201885612843   1.000000000000000   0.901201885612843   1.000000000000000   1.000000000000000   1.000000000000000   1.000000000000000   1.000000000000000   1.000000000000000   1.000000000000000   1.000000000000000   1.000000000000000   1.000000000000000   1.000000000000000   1.000000000000000   1.000000000000000   1.000000000000000   
PATCH 32 
2 1 
13 2 
0.000000000000000   0.000000000000000   0.000000000000000   0.250000000000000   0.250000000000000   0.375000000000000   0.375000000000000   0.500000000000000   0.500000000000000   0.750000000000000   0.750000000000000   0.875000000000000   0.875000000000000   1.000000000000000   1.000000000000000   1.000000000000000   
0.000000000000000   0.000000000000000   1.000000000000000   1.000000000000000   
0.000000000000000   0.001374722567442   0.002698466247416   0.003360338087403   0.004009465205524   0.004658592323644   0.005294974719897   0.006567739512404   0.007789525417443   0.008400418369963   0.008998566600616   0.009596714831269   0.010182118340055   0.011974554198317   0.012131347118384   0.012288140038452   0.012257658311634   0.012259645093612   0.012261631875590   0.012296087166363   0.012449063103746   0.012602039041128   0.010637516847006   0.012732861130896   0.010839482554379   0.012942702253565   
0.014550000000000   0.014280220907760   0.013885556497388   0.013688224292203   0.013459670757484   0.013231117222765   0.012971342358513   0.012451792630008   0.011807357583372   0.011485140060054   0.011131701207203   0.010778262354351   0.010393602171967   0.018366101433505   0.017852192359205   0.017338283284905   0.017281000385374   0.017270758893622   0.017260517401870   0.017297317317896   0.015545415049260   0.013793512780625   0.011525960760015   0.013622977764988   0.011452432100469   0.013669489204083   
1.000000000000000   0.981458481633015   0.972187722449522   0.967552342857776   0.965234653061903   0.962916963266030   0.962916963266030   0.962916963266030   0.972187722449522   0.976823102041269   0.983776171428888   0.990729240816507   1.000000000000000   1.000000000000000   1.000000000000000   1.000000000000000   0.997271669815905   0.997271669815905   0.997271669815905   1.000000000000000   1.000000000000000   1.000000000000000   0.843368948290445   1.000000000000000   0.843368948290445   1.000000000000000   
INTERFACE 1 
1 2 
5 1 
1 
INTERFACE 2 
1 3 
2 4 
1 
INTERFACE 3 
2 1 
13 2 
1 
INTERFACE 4 
2 2 
3 1 
1 
INTERFACE 5 
2 3 
4 2 
1 
INTERFACE 6 
3 2 
7 1 
-1 
INTERFACE 7 
3 3 
4 4 
-1 
INTERFACE 8 
3 4 
5 3 
1 
INTERFACE 9 
4 1 
9 2 
1 
INTERFACE 10 
4 3 
13 3 
1 
INTERFACE 11 
5 2 
6 1 
1 
INTERFACE 12 
6 2 
11 1 
1 
INTERFACE 13 
6 3 
7 3 
1 
INTERFACE 14 
7 2 
8 1 
1 
INTERFACE 15 
7 4 
9 4 
-1 
INTERFACE 16 
8 2 
15 1 
1 
INTERFACE 17 
8 3 
11 3 
1 
INTERFACE 18 
8 4 
10 4 
1 
INTERFACE 19 
9 1 
10 1 
1 
INTERFACE 20 
9 3 
12 3 
1 
INTERFACE 21 
10 2 
16 3 
1 
INTERFACE 22 
10 3 
14 4 
1 
INTERFACE 23 
11 2 
18 1 
1 
INTERFACE 24 
12 1 
14 1 
-1 
INTERFACE 25 
12 2 
13 1 
1 
INTERFACE 26 
14 2 
17 1 
-1 
INTERFACE 27 
15 2 
26 2 
1 
INTERFACE 28 
15 3 
18 3 
1 
INTERFACE 29 
15 4 
16 2 
1 
INTERFACE 30 
16 1 
17 3 
1 
INTERFACE 31 
16 4 
28 2 
1 
INTERFACE 32 
17 2 
32 2 
-1 
INTERFACE 33 
18 2 
29 2 
1 
INTERFACE 34 
19 2 
23 1 
1 
INTERFACE 35 
19 3 
20 4 
1 
INTERFACE 36 
20 1 
31 2 
1 
INTERFACE 37 
20 2 
21 1 
1 
INTERFACE 38 
20 3 
22 2 
1 
INTERFACE 39 
21 2 
25 1 
-1 
INTERFACE 40 
21 3 
22 4 
-1 
INTERFACE 41 
21 4 
23 3 
1 
INTERFACE 42 
22 1 
27 2 
1 
INTERFACE 43 
22 3 
31 3 
1 
INTERFACE 44 
23 2 
24 1 
1 
INTERFACE 45 
24 2 
29 1 
1 
INTERFACE 46 
24 3 
25 3 
1 
INTERFACE 47 
25 2 
26 1 
1 
INTERFACE 48 
25 4 
27 4 
-1 
INTERFACE 49 
26 3 
29 3 
1 
INTERFACE 50 
26 4 
28 4 
1 
INTERFACE 51 
27 1 
28 1 
1 
INTERFACE 52 
27 3 
30 3 
1 
INTERFACE 53 
28 3 
32 4 
1 
INTERFACE 54 
30 1 
32 1 
-1 
INTERFACE 55 
30 2 
31 1 
1 
BOUNDARY 1 
1 
1 1 
BOUNDARY 2 
1 
1 4 
BOUNDARY 3 
1 
5 4 
BOUNDARY 4 
1 
6 4 
BOUNDARY 5 
1 
11 4 
BOUNDARY 6 
1 
12 4 
BOUNDARY 7 
1 
13 4 
BOUNDARY 8 
1 
14 3 
BOUNDARY 9 
1 
17 4 
BOUNDARY 10 
1 
18 4 
BOUNDARY 11 
1 
19 1 
BOUNDARY 12 
1 
19 4 
BOUNDARY 13 
1 
23 4 
BOUNDARY 14 
1 
24 4 
BOUNDARY 15 
1 
29 4 
BOUNDARY 16 
1 
30 4 
BOUNDARY 17 
1 
31 4 
BOUNDARY 18 
1 
32 3 
