# nurbs mesh v.2.1
#
# 14-Jul-2024
#
2 2 32 55 0 
PATCH 1 
2 1 
4 2 
0.000000000000000   0.000000000000000   0.000000000000000   0.500000000000000   1.000000000000000   1.000000000000000   1.000000000000000   
0.000000000000000   0.000000000000000   1.000000000000000   1.000000000000000   
0.050000000000000   0.049904867452294   0.049525061277599   0.049240387650610   0.050500000000000   0.050403916126817   0.050020311890375   0.049732791527117   
0.000000000000000   0.002178893568691   0.006520098010365   0.008682408883347   0.000000000000000   0.002200682504378   0.006585298990468   0.008769232972180   
1.000000000000000   0.998097349045873   0.998097349045873   1.000000000000000   1.000000000000000   0.998097349045873   0.998097349045873   1.000000000000000   
PATCH 2 
2 1 
4 2 
0.000000000000000   0.000000000000000   0.000000000000000   0.500000000000000   1.000000000000000   1.000000000000000   1.000000000000000   
0.000000000000000   0.000000000000000   1.000000000000000   1.000000000000000   
0.048246981035426   0.048122077445235   0.047872270264852   0.047747366674661   0.050000000000000   0.049904867452294   0.049525061277599   0.049240387650610   
0.003613445174358   0.004642904644547   0.006701823584924   0.007731283055113   0.000000000000000   0.002178893568691   0.006520098010365   0.008682408883347   
1.000000000000000   1.000000000000000   1.000000000000000   1.000000000000000   1.000000000000000   0.998097349045873   0.998097349045873   1.000000000000000   
PATCH 3 
2 1 
13 2 
0.000000000000000   0.000000000000000   0.000000000000000   0.125000000000000   0.125000000000000   0.250000000000000   0.250000000000000   0.500000000000000   0.500000000000000   0.625000000000000   0.625000000000000   0.750000000000000   0.750000000000000   1.000000000000000   1.000000000000000   1.000000000000000   
0.000000000000000   0.000000000000000   1.000000000000000   1.000000000000000   
0.047747366674661   0.041198770226930   0.041145815192548   0.041092860158166   0.047535546537134   0.046835511885310   0.046135477233486   0.045529654595242   0.045507586445728   0.045485518296214   0.046047204635430   0.045751421388145   0.045455638140861   0.049240387650610   0.049122375608591   0.048068063119710   0.048163054084075   0.047942393941181   0.047717321651519   0.047441276863782   0.047291250469378   0.047189982901110   0.047153262474385   0.047172753027199   0.046901838385348   0.046573374991524   
0.007731283055113   0.006740535476759   0.006784402894763   0.006828270312767   0.007906752727130   0.007860181141686   0.007813609556242   0.007713299338397   0.007716837455583   0.007720375572770   0.007827762024988   0.007947405624749   0.008067049224511   0.008682408883347   0.009214726804819   0.009560424077540   0.010126621589386   0.010627527761406   0.011675828911859   0.012711851823552   0.013226531534065   0.013755290708181   0.014304655158159   0.014874589488510   0.015921572194392   0.016951322206233   
1.000000000000000   0.863022518973348   0.863022518973348   0.863022518973348   1.000000000000000   1.000000000000000   1.000000000000000   0.987351990449528   0.987351990449528   0.987351990449528   1.000000000000000   1.000000000000000   1.000000000000000   1.000000000000000   0.999524337261468   0.999167590207569   0.998810843153671   0.998573011784405   0.998097349045873   0.998097349045873   0.998097349045873   0.998216264730506   0.998335180415139   0.998573011784404   0.999048674522936   1.000000000000000   
PATCH 4 
2 2 
13 4 
0.000000000000000   0.000000000000000   0.000000000000000   0.250000000000000   0.250000000000000   0.375000000000000   0.375000000000000   0.500000000000000   0.500000000000000   0.750000000000000   0.750000000000000   0.875000000000000   0.875000000000000   1.000000000000000   1.000000000000000   1.000000000000000   
0.000000000000000   0.000000000000000   0.000000000000000   0.500000000000000   1.000000000000000   1.000000000000000   1.000000000000000   
0.044059484707758   0.045314667391150   0.046569850074541   0.046405899472338   0.046417730520182   0.046429561568027   0.046617174265919   0.047318969540044   0.048020764814169   0.043167981651018   0.048188575105026   0.043294060530178   0.048246981035426   0.044408523066034   0.045423855890399   0.046439188714763   0.046175804178307   0.046190194501569   0.046204584824830   0.046496750007810   0.047198105126360   0.047899460244910   0.042649201277805   0.046427885126907   0.042770237954366   0.048122077445235   0.045106599782585   0.045642232888896   0.046177865995208   0.045715613590245   0.045735122464342   0.045754631338438   0.046255901491594   0.046956376298993   0.047656851106392   0.041611640531379   0.042906505170668   0.041722592802742   0.047872270264852   0.045455638140861   0.045751421388145   0.046047204635430   0.045485518296214   0.045507586445728   0.045529654595242   0.046135477233486   0.046835511885310   0.047535546537134   0.041092860158166   0.041145815192548   0.041198770226930   0.047747366674661   
0.004615474740178   0.004107756416108   0.003600038092038   0.003581893656218   0.003578726165572   0.003575558674926   0.003587368129454   0.003489323868638   0.003391279607822   0.003030165720003   0.003446662848183   0.003153987015669   0.003613445174358   0.005478368361261   0.005067668718269   0.004656969075276   0.004616514135356   0.004613253988075   0.004609993840794   0.004643928486151   0.004582038186900   0.004520147887649   0.003979691868194   0.004281097859828   0.004050624130942   0.004642904644547   0.007204155603428   0.006987493322589   0.006770831041750   0.006685755093632   0.006682309633080   0.006678864172529   0.006757049199545   0.006767466823424   0.006777884447303   0.005878744164576   0.005949967883118   0.005843898361486   0.006701823584924   0.008067049224511   0.007947405624749   0.007827762024988   0.007720375572770   0.007716837455583   0.007713299338397   0.007813609556242   0.007860181141686   0.007906752727130   0.006828270312767   0.006784402894763   0.006740535476759   0.007731283055113   
1.000000000000000   1.000000000000000   1.000000000000000   0.996235662511052   0.996235662511052   0.996235662511052   1.000000000000000   1.000000000000000   1.000000000000000   0.897121796948273   1.000000000000000   0.897121796948273   1.000000000000000   1.000000000000000   1.000000000000000   1.000000000000000   0.994014744495671   0.994014744495671   0.994014744495671   1.000000000000000   1.000000000000000   1.000000000000000   0.888596977454542   0.965755629743337   0.888596977454542   1.000000000000000   1.000000000000000   1.000000000000000   1.000000000000000   0.989572908464909   0.989572908464909   0.989572908464909   1.000000000000000   1.000000000000000   1.000000000000000   0.871547338467079   0.897266889230011   0.871547338467079   1.000000000000000   1.000000000000000   1.000000000000000   1.000000000000000   0.987351990449528   0.987351990449528   0.987351990449528   1.000000000000000   1.000000000000000   1.000000000000000   0.863022518973348   0.863022518973348   0.863022518973348   1.000000000000000   
PATCH 5 
2 1 
13 2 
0.000000000000000   0.000000000000000   0.000000000000000   0.125000000000000   0.125000000000000   0.250000000000000   0.250000000000000   0.500000000000000   0.500000000000000   0.625000000000000   0.625000000000000   0.750000000000000   0.750000000000000   1.000000000000000   1.000000000000000   1.000000000000000   
0.000000000000000   0.000000000000000   1.000000000000000   1.000000000000000   
0.049240387650610   0.049122375608591   0.048068063119710   0.048163054084075   0.047942393941181   0.047717321651519   0.047441276863782   0.047291250469378   0.047189982901110   0.047153262474385   0.047172753027199   0.046901838385348   0.046573374991524   0.049732791527117   0.049613599364677   0.049488606583825   0.049363613802972   0.049232820403708   0.048971233605179   0.048686444333000   0.048544049696911   0.048395854442409   0.048247659187908   0.048093663314994   0.047785671569166   0.047454477349688   
0.008682408883347   0.009214726804819   0.009560424077540   0.010126621589386   0.010627527761406   0.011675828911859   0.012711851823552   0.013226531534065   0.013755290708181   0.014304655158159   0.014874589488510   0.015921572194392   0.016951322206233   0.008769232972180   0.009306874072867   0.009842960902535   0.010379047732203   0.010913580290852   0.011982645408149   0.013045493441370   0.013576917457981   0.014106787203572   0.014636656949163   0.015164972423735   0.016221603372879   0.017272017237946   
1.000000000000000   0.999524337261468   0.999167590207569   0.998810843153671   0.998573011784405   0.998097349045873   0.998097349045873   0.998097349045873   0.998216264730506   0.998335180415139   0.998573011784404   0.999048674522936   1.000000000000000   1.000000000000000   0.999524337261468   0.999167590207569   0.998810843153671   0.998573011784405   0.998097349045873   0.998097349045873   0.998097349045873   0.998216264730506   0.998335180415139   0.998573011784404   0.999048674522936   1.000000000000000   
PATCH 6 
2 1 
6 2 
0.000000000000000   0.000000000000000   0.000000000000000   0.250000000000000   0.500000000000000   0.750000000000000   1.000000000000000   1.000000000000000   1.000000000000000   
0.000000000000000   0.000000000000000   1.000000000000000   1.000000000000000   
0.046573374991524   0.046440206786724   0.045465417782527   0.044517788951000   0.043588292884575   0.043249606514256   0.047454477349688   0.047032993823604   0.046146485990198   0.045216437375554   0.044242847979673   0.043734282891114   
0.016951322206233   0.018059053301456   0.020004698834941   0.021954318965366   0.023913945485566   0.024970171963351   0.017272017237946   0.018289568482936   0.020304367573183   0.022298863263696   0.024273055554476   0.025250000000000   
1.000000000000000   0.999048674522936   0.998097349045873   0.998097349045873   0.999048674522936   1.000000000000000   1.000000000000000   0.999048674522936   0.998097349045873   0.998097349045873   0.999048674522936   1.000000000000000   
PATCH 7 
2 1 
6 2 
0.000000000000000   0.000000000000000   0.000000000000000   0.250000000000000   0.500000000000000   0.750000000000000   1.000000000000000   1.000000000000000   1.000000000000000   
0.000000000000000   0.000000000000000   1.000000000000000   1.000000000000000   
0.046573374991524   0.046440206786724   0.045465417782527   0.044517788951000   0.043588292884575   0.043249606514256   0.045455638140861   0.042533364559207   0.036688817395899   0.030844270232591   0.024999723069284   0.022077449487630   
0.016951322206233   0.018059053301456   0.020004698834941   0.021954318965366   0.023913945485566   0.024970171963351   0.008067049224511   0.009249101737650   0.011613206763928   0.013977311790205   0.016341416816483   0.017523469329622   
1.000000000000000   0.999048674522936   0.998097349045873   0.998097349045873   0.999048674522936   1.000000000000000   1.000000000000000   1.000000000000000   1.000000000000000   1.000000000000000   1.000000000000000   1.000000000000000   
PATCH 8 
2 1 
13 2 
0.000000000000000   0.000000000000000   0.000000000000000   0.250000000000000   0.250000000000000   0.375000000000000   0.375000000000000   0.500000000000000   0.500000000000000   0.750000000000000   0.750000000000000   0.875000000000000   0.875000000000000   1.000000000000000   1.000000000000000   1.000000000000000   
0.000000000000000   0.000000000000000   1.000000000000000   1.000000000000000   
0.043249606514256   0.042394573357994   0.041510089343761   0.041013324353896   0.040530882057379   0.039969418263558   0.039577178332113   0.038178859822033   0.036854888613297   0.036378195357127   0.035825887416866   0.035366083961783   0.034866027972118   0.022077449487630   0.021503002167894   0.020928554848159   0.020927628633429   0.020926969994874   0.020926311356320   0.020925920293943   0.020228396637831   0.019530872981719   0.017817551214990   0.017762788128231   0.017708025041473   0.019311820634684   
0.024970171963351   0.026280062869637   0.027567644581279   0.028174680996131   0.028789361402723   0.029345046915216   0.030024236482586   0.030897705660826   0.031790764657231   0.032387546066254   0.032916588680588   0.033529680766091   0.034107254457234   0.017523469329622   0.017755831864815   0.017988194400007   0.017988233262403   0.017988505157043   0.017988777051684   0.017989281978569   0.018283063433144   0.018576844887720   0.017017790261840   0.017007065894637   0.016996341527434   0.018533947418907   
1.000000000000000   0.998036944451825   0.997055416677738   0.996564652790694   0.996319270847172   0.996073888903650   0.996073888903651   0.996073888903650   0.997055416677738   0.997546180564782   0.998282326395347   0.999018472225913   1.000000000000000   1.000000000000000   1.000000000000000   1.000000000000000   0.999987306552869   0.999987306552869   0.999987306552869   1.000000000000000   1.000000000000000   1.000000000000000   0.914909396035591   0.914909396035591   0.914909396035591   1.000000000000000   
PATCH 9 
2 2 
6 4 
0.000000000000000   0.000000000000000   0.000000000000000   0.250000000000000   0.500000000000000   0.750000000000000   1.000000000000000   1.000000000000000   1.000000000000000   
0.000000000000000   0.000000000000000   0.000000000000000   0.500000000000000   1.000000000000000   1.000000000000000   1.000000000000000   
0.020681296054527   0.023603569636181   0.029448116799489   0.035292663962796   0.041137211126104   0.044059484707758   0.021030334412803   0.023952607994457   0.029797155157764   0.035641702321072   0.041486249484380   0.044408523066034   0.021728411129354   0.024650684711008   0.030495231874316   0.036339779037623   0.042184326200931   0.045106599782585   0.022077449487630   0.024999723069284   0.030844270232591   0.036688817395899   0.042533364559207   0.045455638140861   
0.014071894845290   0.012889842332151   0.010525737305873   0.008161632279595   0.005797527253317   0.004615474740178   0.014934788466373   0.013752735953234   0.011388630926956   0.009024525900678   0.006660420874400   0.005478368361261   0.016660575708539   0.015478523195400   0.013114418169122   0.010750313142844   0.008386208116567   0.007204155603428   0.017523469329622   0.016341416816483   0.013977311790205   0.011613206763928   0.009249101737650   0.008067049224511   
1.000000000000000   1.000000000000000   1.000000000000000   1.000000000000000   1.000000000000000   1.000000000000000   1.000000000000000   1.000000000000000   1.000000000000000   1.000000000000000   1.000000000000000   1.000000000000000   1.000000000000000   1.000000000000000   1.000000000000000   1.000000000000000   1.000000000000000   1.000000000000000   1.000000000000000   1.000000000000000   1.000000000000000   1.000000000000000   1.000000000000000   1.000000000000000   
PATCH 10 
2 2 
13 4 
0.000000000000000   0.000000000000000   0.000000000000000   0.250000000000000   0.250000000000000   0.375000000000000   0.375000000000000   0.500000000000000   0.500000000000000   0.750000000000000   0.750000000000000   0.875000000000000   0.875000000000000   1.000000000000000   1.000000000000000   1.000000000000000   
0.000000000000000   0.000000000000000   0.000000000000000   0.500000000000000   1.000000000000000   1.000000000000000   1.000000000000000   
0.020681296054527   0.020147538494190   0.019613780933854   0.019534671697403   0.019523314333967   0.019511956970531   0.019568351480111   0.017905290449606   0.016242229419101   0.013726566270487   0.016081855769180   0.013660885611040   0.016130375045703   0.021030334412803   0.020486404412616   0.019942474412430   0.019882910931409   0.019874228249194   0.019865545566979   0.019907743683569   0.018486066996662   0.017064390309756   0.014749312506612   0.016502088858943   0.014672670468648   0.016925736442948   0.021728411129354   0.021164136249468   0.020599861369583   0.020579389399422   0.020576056079648   0.020572722759873   0.020586528090485   0.019647620090775   0.018708712091065   0.016794804978864   0.017342555038469   0.016696240183864   0.018516459237439   0.022077449487630   0.021503002167894   0.020928554848159   0.020927628633429   0.020926969994874   0.020926311356320   0.020925920293943   0.020228396637831   0.019530872981719   0.017817551214990   0.017762788128231   0.017708025041473   0.019311820634684   
0.014071894845290   0.014287798472371   0.014503702099452   0.014457688293087   0.014460787294762   0.014463886296438   0.014516098106155   0.014764688084765   0.015013278063375   0.012799333819730   0.015148450161325   0.012998525322128   0.015352501829926   0.014934788466373   0.015154806820482   0.015374825174591   0.015340324535416   0.015342716760333   0.015345108985249   0.015384394074258   0.015644281921860   0.015904169769461   0.013853947930257   0.015613104094653   0.013997979373455   0.016147863227171   0.016660575708539   0.016888823516704   0.017117071324868   0.017105597020074   0.017106575691473   0.017107554362872   0.017120986010465   0.017403469596049   0.017685953181634   0.015963176151313   0.016542411961309   0.015996887476108   0.017738586021662   0.017523469329622   0.017755831864815   0.017988194400007   0.017988233262403   0.017988505157043   0.017988777051684   0.017989281978569   0.018283063433144   0.018576844887720   0.017017790261840   0.017007065894637   0.016996341527434   0.018533947418907   
1.000000000000000   1.000000000000000   1.000000000000000   0.996523073089369   0.996523073089369   0.996523073089369   1.000000000000000   1.000000000000000   1.000000000000000   0.851501601388953   1.000000000000000   0.851501601388953   1.000000000000000   1.000000000000000   1.000000000000000   1.000000000000000   0.997389131455244   0.997389131455244   0.997389131455244   1.000000000000000   1.000000000000000   1.000000000000000   0.867353550050612   0.978727349008898   0.867353550050612   1.000000000000000   1.000000000000000   1.000000000000000   1.000000000000000   0.999121248186994   0.999121248186994   0.999121248186994   1.000000000000000   1.000000000000000   1.000000000000000   0.899057447373931   0.936182047026693   0.899057447373931   1.000000000000000   1.000000000000000   1.000000000000000   1.000000000000000   0.999987306552869   0.999987306552869   0.999987306552869   1.000000000000000   1.000000000000000   1.000000000000000   0.914909396035591   0.914909396035591   0.914909396035591   1.000000000000000   
PATCH 11 
2 1 
13 2 
0.000000000000000   0.000000000000000   0.000000000000000   0.250000000000000   0.250000000000000   0.375000000000000   0.375000000000000   0.500000000000000   0.500000000000000   0.750000000000000   0.750000000000000   0.875000000000000   0.875000000000000   1.000000000000000   1.000000000000000   1.000000000000000   
0.000000000000000   0.000000000000000   1.000000000000000   1.000000000000000   
0.043249606514256   0.042394573357994   0.041510089343761   0.041013324353896   0.040530882057379   0.039969418263558   0.039577178332113   0.038178859822033   0.036854888613297   0.036378195357127   0.035825887416866   0.035366083961783   0.034866027972118   0.043734282891114   0.043142506727484   0.042531053738569   0.042225327244111   0.041914681543332   0.041604035842553   0.041288470935453   0.040657341121252   0.040006534481766   0.039681131162023   0.039350808635958   0.039020486109894   0.038685244377508   
0.024970171963351   0.026280062869637   0.027567644581279   0.028174680996131   0.028789361402723   0.029345046915216   0.030024236482586   0.030897705660826   0.031790764657231   0.032387546066254   0.032916588680588   0.033529680766091   0.034107254457234   0.025250000000000   0.026178902508932   0.027094027156471   0.027551589480241   0.028005707338662   0.028459825197083   0.028910498590156   0.029811845376303   0.030699414301056   0.031143198763433   0.031583538760461   0.032023878757490   0.032460774289170   
1.000000000000000   0.998036944451825   0.997055416677738   0.996564652790694   0.996319270847172   0.996073888903650   0.996073888903651   0.996073888903650   0.997055416677738   0.997546180564782   0.998282326395347   0.999018472225913   1.000000000000000   1.000000000000000   0.999048674522937   0.998573011784405   0.998335180415139   0.998216264730506   0.998097349045873   0.998097349045873   0.998097349045873   0.998573011784405   0.998810843153671   0.999167590207569   0.999524337261468   1.000000000000000   
PATCH 12 
2 1 
6 2 
0.000000000000000   0.000000000000000   0.000000000000000   0.250000000000000   0.500000000000000   0.750000000000000   1.000000000000000   1.000000000000000   1.000000000000000   
0.000000000000000   0.000000000000000   1.000000000000000   1.000000000000000   
0.020681296054527   0.023603569636181   0.029448116799489   0.035292663962796   0.041137211126104   0.044059484707758   0.014550000000000   0.018238685588470   0.025616056765409   0.032993427942349   0.040370799119288   0.044059484707758   
0.014071894845290   0.012889842332151   0.010525737305873   0.008161632279595   0.005797527253317   0.004615474740178   0.000000000000000   0.000000000000000   0.000000000000000   0.000000000000000   0.000000000000000   0.000000000000000   
1.000000000000000   1.000000000000000   1.000000000000000   1.000000000000000   1.000000000000000   1.000000000000000   1.000000000000000   1.000000000000000   1.000000000000000   1.000000000000000   1.000000000000000   1.000000000000000   
PATCH 13 
2 1 
13 2 
0.000000000000000   0.000000000000000   0.000000000000000   0.250000000000000   0.250000000000000   0.375000000000000   0.375000000000000   0.500000000000000   0.500000000000000   0.750000000000000   0.750000000000000   0.875000000000000   0.875000000000000   1.000000000000000   1.000000000000000   1.000000000000000   
0.000000000000000   0.000000000000000   1.000000000000000   1.000000000000000   
0.044059484707758   0.045314667391150   0.046569850074541   0.046405899472338   0.046417730520182   0.046429561568027   0.046617174265919   0.047318969540044   0.048020764814169   0.043167981651018   0.048188575105026   0.043294060530178   0.048246981035426   0.044059484707758   0.044802049119288   0.045544613530818   0.045915895736584   0.046287177942349   0.046658460148114   0.047029742353879   0.047772306765409   0.048514871176940   0.048886153382705   0.049257435588470   0.049628717794235   0.050000000000000   
0.004615474740178   0.004107756416108   0.003600038092038   0.003581893656218   0.003578726165572   0.003575558674926   0.003587368129454   0.003489323868638   0.003391279607822   0.003030165720003   0.003446662848183   0.003153987015669   0.003613445174358   0.000000000000000   0.000000000000000   0.000000000000000   0.000000000000000   0.000000000000000   0.000000000000000   0.000000000000000   0.000000000000000   0.000000000000000   0.000000000000000   0.000000000000000   0.000000000000000   0.000000000000000   
1.000000000000000   1.000000000000000   1.000000000000000   0.996235662511052   0.996235662511052   0.996235662511052   1.000000000000000   1.000000000000000   1.000000000000000   0.897121796948273   1.000000000000000   0.897121796948273   1.000000000000000   1.000000000000000   1.000000000000000   1.000000000000000   1.000000000000000   1.000000000000000   1.000000000000000   1.000000000000000   1.000000000000000   1.000000000000000   1.000000000000000   1.000000000000000   1.000000000000000   1.000000000000000   
PATCH 14 
2 1 
13 2 
0.000000000000000   0.000000000000000   0.000000000000000   0.250000000000000   0.250000000000000   0.375000000000000   0.375000000000000   0.500000000000000   0.500000000000000   0.750000000000000   0.750000000000000   0.875000000000000   0.875000000000000   1.000000000000000   1.000000000000000   1.000000000000000   
0.000000000000000   0.000000000000000   1.000000000000000   1.000000000000000   
0.014550000000000   0.014280717228987   0.013886760524118   0.013689782171684   0.013461635335786   0.013233488499888   0.012974173180526   0.012455542541802   0.011812237969223   0.011490585682934   0.011137764913181   0.010784944143428   0.010400954890211   0.020681296054527   0.020147538494190   0.019613780933854   0.019534671697403   0.019523314333967   0.019511956970531   0.019568351480111   0.017905290449606   0.016242229419101   0.013726566270487   0.016081855769180   0.013660885611040   0.016130375045703   
0.000000000000000   0.001373506078748   0.002696172085621   0.003357505089058   0.004006128074525   0.004654751059993   0.005290664027492   0.006562489962491   0.007783475825614   0.008393968757176   0.008991751670769   0.009589534584362   0.010174607479987   0.014071894845290   0.014287798472371   0.014503702099452   0.014457688293087   0.014460787294762   0.014463886296438   0.014516098106155   0.014764688084765   0.015013278063375   0.012799333819730   0.015148450161325   0.012998525322128   0.015352501829926   
1.000000000000000   0.981492593057503   0.972238889586255   0.967612037850630   0.965298611982818   0.962985186115006   0.962985186115006   0.962985186115006   0.972238889586254   0.976865741321879   0.983806018925315   0.990746296528751   1.000000000000000   1.000000000000000   1.000000000000000   1.000000000000000   0.996523073089369   0.996523073089369   0.996523073089369   1.000000000000000   1.000000000000000   1.000000000000000   0.851501601388953   1.000000000000000   0.851501601388953   1.000000000000000   
PATCH 15 
2 1 
4 2 
0.000000000000000   0.000000000000000   0.000000000000000   0.500000000000000   1.000000000000000   1.000000000000000   1.000000000000000   
0.000000000000000   0.000000000000000   1.000000000000000   1.000000000000000   
0.034866027972118   0.034692273657043   0.034312724050230   0.034107254457234   0.019311820634684   0.019117352330740   0.018728415722851   0.018533947418907   
0.034107254457234   0.034312724050230   0.034692273657043   0.034866027972118   0.018533947418907   0.018728415722851   0.019117352330740   0.019311820634684   
1.000000000000000   0.999969748408707   0.999969748408707   1.000000000000000   1.000000000000000   1.000000000000000   1.000000000000000   1.000000000000000   
PATCH 16 
2 2 
4 4 
0.000000000000000   0.000000000000000   0.000000000000000   0.500000000000000   1.000000000000000   1.000000000000000   1.000000000000000   
0.000000000000000   0.000000000000000   0.000000000000000   0.500000000000000   1.000000000000000   1.000000000000000   1.000000000000000   
0.016130375045703   0.016925736442948   0.018516459237439   0.019311820634684   0.015935906741759   0.016731268139004   0.018321990933495   0.019117352330740   0.015546970133870   0.016342331531116   0.017933054325606   0.018728415722851   0.015352501829926   0.016147863227171   0.017738586021662   0.018533947418907   
0.015352501829926   0.016147863227171   0.017738586021662   0.018533947418907   0.015546970133870   0.016342331531116   0.017933054325606   0.018728415722851   0.015935906741759   0.016731268139004   0.018321990933495   0.019117352330740   0.016130375045703   0.016925736442948   0.018516459237439   0.019311820634684   
1.000000000000000   1.000000000000000   1.000000000000000   1.000000000000000   1.000000000000000   1.000000000000000   1.000000000000000   1.000000000000000   1.000000000000000   1.000000000000000   1.000000000000000   1.000000000000000   1.000000000000000   1.000000000000000   1.000000000000000   1.000000000000000   
PATCH 17 
2 1 
4 2 
0.000000000000000   0.000000000000000   0.000000000000000   0.500000000000000   1.000000000000000   1.000000000000000   1.000000000000000   
0.000000000000000   0.000000000000000   1.000000000000000   1.000000000000000   
0.016130375045703   0.015935906741759   0.015546970133870   0.015352501829926   0.010400954890211   0.010344679278237   0.010231505573126   0.010174607479987   
0.015352501829926   0.015546970133870   0.015935906741759   0.016130375045703   0.010174607479987   0.010231505573126   0.010344679278237   0.010400954890211   
1.000000000000000   1.000000000000000   1.000000000000000   1.000000000000000   1.000000000000000   0.999969748408707   0.999969748408707   1.000000000000000   
PATCH 18 
2 1 
4 2 
0.000000000000000   0.000000000000000   0.000000000000000   0.500000000000000   1.000000000000000   1.000000000000000   1.000000000000000   
0.000000000000000   0.000000000000000   1.000000000000000   1.000000000000000   
0.034866027972118   0.034692273657043   0.034312724050230   0.034107254457234   0.038685244377508   0.037197068413715   0.034084833369545   0.032460774289170   
0.034107254457234   0.034312724050230   0.034692273657043   0.034866027972118   0.032460774289170   0.034084833369545   0.037197068413715   0.038685244377508   
1.000000000000000   0.999969748408707   0.999969748408707   1.000000000000000   1.000000000000000   0.998097349045873   0.998097349045873   1.000000000000000   
PATCH 19 
2 1 
4 2 
0.000000000000000   0.000000000000000   0.000000000000000   0.500000000000000   1.000000000000000   1.000000000000000   1.000000000000000   
0.000000000000000   0.000000000000000   1.000000000000000   1.000000000000000   
0.000000000000000   0.002178893568691   0.006520098010365   0.008682408883347   0.000000000000000   0.002200682504378   0.006585298990468   0.008769232972180   
0.050000000000000   0.049904867452294   0.049525061277599   0.049240387650610   0.050500000000000   0.050403916126817   0.050020311890375   0.049732791527117   
1.000000000000000   0.998097349045873   0.998097349045873   1.000000000000000   1.000000000000000   0.998097349045873   0.998097349045873   1.000000000000000   
PATCH 20 
2 1 
4 2 
0.000000000000000   0.000000000000000   0.000000000000000   0.500000000000000   1.000000000000000   1.000000000000000   1.000000000000000   
0.000000000000000   0.000000000000000   1.000000000000000   1.000000000000000   
0.003613445174358   0.004642904644547   0.006701823584924   0.007731283055113   0.000000000000000   0.002178893568691   0.006520098010365   0.008682408883347   
0.048246981035426   0.048122077445235   0.047872270264852   0.047747366674661   0.050000000000000   0.049904867452294   0.049525061277599   0.049240387650610   
1.000000000000000   1.000000000000000   1.000000000000000   1.000000000000000   1.000000000000000   0.998097349045873   0.998097349045873   1.000000000000000   
PATCH 21 
2 1 
13 2 
0.000000000000000   0.000000000000000   0.000000000000000   0.125000000000000   0.125000000000000   0.250000000000000   0.250000000000000   0.500000000000000   0.500000000000000   0.625000000000000   0.625000000000000   0.750000000000000   0.750000000000000   1.000000000000000   1.000000000000000   1.000000000000000   
0.000000000000000   0.000000000000000   1.000000000000000   1.000000000000000   
0.007731283055113   0.006740535476759   0.006784402894763   0.006828270312767   0.007906752727130   0.007860181141686   0.007813609556242   0.007713299338397   0.007716837455583   0.007720375572770   0.007827762024988   0.007947405624749   0.008067049224511   0.008682408883347   0.009214726804819   0.009560424077540   0.010126621589386   0.010627527761406   0.011675828911859   0.012711851823552   0.013226531534065   0.013755290708181   0.014304655158159   0.014874589488510   0.015921572194392   0.016951322206233   
0.047747366674661   0.041198770226930   0.041145815192548   0.041092860158166   0.047535546537134   0.046835511885310   0.046135477233486   0.045529654595242   0.045507586445728   0.045485518296214   0.046047204635430   0.045751421388145   0.045455638140861   0.049240387650610   0.049122375608591   0.048068063119710   0.048163054084075   0.047942393941181   0.047717321651519   0.047441276863782   0.047291250469378   0.047189982901110   0.047153262474385   0.047172753027199   0.046901838385348   0.046573374991524   
1.000000000000000   0.863022518973348   0.863022518973348   0.863022518973348   1.000000000000000   1.000000000000000   1.000000000000000   0.987351990449528   0.987351990449528   0.987351990449528   1.000000000000000   1.000000000000000   1.000000000000000   1.000000000000000   0.999524337261468   0.999167590207569   0.998810843153671   0.998573011784405   0.998097349045873   0.998097349045873   0.998097349045873   0.998216264730506   0.998335180415139   0.998573011784404   0.999048674522936   1.000000000000000   
PATCH 22 
2 2 
13 4 
0.000000000000000   0.000000000000000   0.000000000000000   0.250000000000000   0.250000000000000   0.375000000000000   0.375000000000000   0.500000000000000   0.500000000000000   0.750000000000000   0.750000000000000   0.875000000000000   0.875000000000000   1.000000000000000   1.000000000000000   1.000000000000000   
0.000000000000000   0.000000000000000   0.000000000000000   0.500000000000000   1.000000000000000   1.000000000000000   1.000000000000000   
0.004615474740178   0.004107756416108   0.003600038092038   0.003581893656218   0.003578726165572   0.003575558674926   0.003587368129454   0.003489323868638   0.003391279607822   0.003030165720003   0.003446662848183   0.003153987015669   0.003613445174358   0.005478368361261   0.005067668718269   0.004656969075276   0.004616514135356   0.004613253988075   0.004609993840794   0.004643928486151   0.004582038186900   0.004520147887649   0.003979691868194   0.004281097859828   0.004050624130942   0.004642904644547   0.007204155603428   0.006987493322589   0.006770831041750   0.006685755093632   0.006682309633080   0.006678864172529   0.006757049199545   0.006767466823424   0.006777884447303   0.005878744164576   0.005949967883118   0.005843898361486   0.006701823584924   0.008067049224511   0.007947405624749   0.007827762024988   0.007720375572770   0.007716837455583   0.007713299338397   0.007813609556242   0.007860181141686   0.007906752727130   0.006828270312767   0.006784402894763   0.006740535476759   0.007731283055113   
0.044059484707758   0.045314667391150   0.046569850074541   0.046405899472338   0.046417730520182   0.046429561568027   0.046617174265919   0.047318969540044   0.048020764814169   0.043167981651018   0.048188575105026   0.043294060530178   0.048246981035426   0.044408523066034   0.045423855890399   0.046439188714763   0.046175804178307   0.046190194501569   0.046204584824830   0.046496750007810   0.047198105126360   0.047899460244910   0.042649201277805   0.046427885126907   0.042770237954366   0.048122077445235   0.045106599782585   0.045642232888896   0.046177865995208   0.045715613590245   0.045735122464342   0.045754631338438   0.046255901491594   0.046956376298993   0.047656851106392   0.041611640531379   0.042906505170668   0.041722592802742   0.047872270264852   0.045455638140861   0.045751421388145   0.046047204635430   0.045485518296214   0.045507586445728   0.045529654595242   0.046135477233486   0.046835511885310   0.047535546537134   0.041092860158166   0.041145815192548   0.041198770226930   0.047747366674661   
1.000000000000000   1.000000000000000   1.000000000000000   0.996235662511052   0.996235662511052   0.996235662511052   1.000000000000000   1.000000000000000   1.000000000000000   0.897121796948273   1.000000000000000   0.897121796948273   1.000000000000000   1.000000000000000   1.000000000000000   1.000000000000000   0.994014744495671   0.994014744495671   0.994014744495671   1.000000000000000   1.000000000000000   1.000000000000000   0.888596977454542   0.965755629743337   0.888596977454542   1.000000000000000   1.000000000000000   1.000000000000000   1.000000000000000   0.989572908464909   0.989572908464909   0.989572908464909   1.000000000000000   1.000000000000000   1.000000000000000   0.871547338467079   0.897266889230011   0.871547338467079   1.000000000000000   1.000000000000000   1.000000000000000   1.000000000000000   0.987351990449528   0.987351990449528   0.987351990449528   1.000000000000000   1.000000000000000   1.000000000000000   0.863022518973348   0.863022518973348   0.863022518973348   1.000000000000000   
PATCH 23 
2 1 
13 2 
0.000000000000000   0.000000000000000   0.000000000000000   0.125000000000000   0.125000000000000   0.250000000000000   0.250000000000000   0.500000000000000   0.500000000000000   0.625000000000000   0.625000000000000   0.750000000000000   0.750000000000000   1.000000000000000   1.000000000000000   1.000000000000000   
0.000000000000000   0.000000000000000   1.000000000000000   1.000000000000000   
0.008682408883347   0.009214726804819   0.009560424077540   0.010126621589386   0.010627527761406   0.011675828911859   0.012711851823552   0.013226531534065   0.013755290708181   0.014304655158159   0.014874589488510   0.015921572194392   0.016951322206233   0.008769232972180   0.009306874072867   0.009842960902535   0.010379047732203   0.010913580290852   0.011982645408149   0.013045493441370   0.013576917457981   0.014106787203572   0.014636656949163   0.015164972423735   0.016221603372879   0.017272017237946   
0.049240387650610   0.049122375608591   0.048068063119710   0.048163054084075   0.047942393941181   0.047717321651519   0.047441276863782   0.047291250469378   0.047189982901110   0.047153262474385   0.047172753027199   0.046901838385348   0.046573374991524   0.049732791527117   0.049613599364677   0.049488606583825   0.049363613802972   0.049232820403708   0.048971233605179   0.048686444333000   0.048544049696911   0.048395854442409   0.048247659187908   0.048093663314994   0.047785671569166   0.047454477349688   
1.000000000000000   0.999524337261468   0.999167590207569   0.998810843153671   0.998573011784405   0.998097349045873   0.998097349045873   0.998097349045873   0.998216264730506   0.998335180415139   0.998573011784404   0.999048674522936   1.000000000000000   1.000000000000000   0.999524337261468   0.999167590207569   0.998810843153671   0.998573011784405   0.998097349045873   0.998097349045873   0.998097349045873   0.998216264730506   0.998335180415139   0.998573011784404   0.999048674522936   1.000000000000000   
PATCH 24 
2 1 
6 2 
0.000000000000000   0.000000000000000   0.000000000000000   0.250000000000000   0.500000000000000   0.750000000000000   1.000000000000000   1.000000000000000   1.000000000000000   
0.000000000000000   0.000000000000000   1.000000000000000   1.000000000000000   
0.016951322206233   0.018059053301456   0.020004698834941   0.021954318965366   0.023913945485566   0.024970171963351   0.017272017237946   0.018289568482936   0.020304367573183   0.022298863263696   0.024273055554476   0.025250000000000   
0.046573374991524   0.046440206786724   0.045465417782527   0.044517788951000   0.043588292884575   0.043249606514256   0.047454477349688   0.047032993823604   0.046146485990198   0.045216437375554   0.044242847979673   0.043734282891114   
1.000000000000000   0.999048674522936   0.998097349045873   0.998097349045873   0.999048674522936   1.000000000000000   1.000000000000000   0.999048674522936   0.998097349045873   0.998097349045873   0.999048674522936   1.000000000000000   
PATCH 25 
2 1 
6 2 
0.000000000000000   0.000000000000000   0.000000000000000   0.250000000000000   0.500000000000000   0.750000000000000   1.000000000000000   1.000000000000000   1.000000000000000   
0.000000000000000   0.000000000000000   1.000000000000000   1.000000000000000   
0.016951322206233   0.018059053301456   0.020004698834941   0.021954318965366   0.023913945485566   0.024970171963351   0.008067049224511   0.009249101737650   0.011613206763928   0.013977311790205   0.016341416816483   0.017523469329622   
0.046573374991524   0.046440206786724   0.045465417782527   0.044517788951000   0.043588292884575   0.043249606514256   0.045455638140861   0.042533364559207   0.036688817395899   0.030844270232591   0.024999723069284   0.022077449487630   
1.000000000000000   0.999048674522936   0.998097349045873   0.998097349045873   0.999048674522936   1.000000000000000   1.000000000000000   1.000000000000000   1.000000000000000   1.000000000000000   1.000000000000000   1.000000000000000   
PATCH 26 
2 1 
13 2 
0.000000000000000   0.000000000000000   0.000000000000000   0.250000000000000   0.250000000000000   0.375000000000000   0.375000000000000   0.500000000000000   0.500000000000000   0.750000000000000   0.750000000000000   0.875000000000000   0.875000000000000   1.000000000000000   1.000000000000000   1.000000000000000   
0.000000000000000   0.000000000000000   1.000000000000000   1.000000000000000   
0.024970171963351   0.026280062869637   0.027567644581279   0.028174680996131   0.028789361402723   0.029345046915216   0.030024236482586   0.030897705660826   0.031790764657231   0.032387546066254   0.032916588680588   0.033529680766091   0.034107254457234   0.017523469329622   0.017755831864815   0.017988194400007   0.017988233262403   0.017988505157043   0.017988777051684   0.017989281978569   0.018283063433144   0.018576844887720   0.017017790261840   0.017007065894637   0.016996341527434   0.018533947418907   
0.043249606514256   0.042394573357994   0.041510089343761   0.041013324353896   0.040530882057379   0.039969418263558   0.039577178332113   0.038178859822033   0.036854888613297   0.036378195357127   0.035825887416866   0.035366083961783   0.034866027972118   0.022077449487630   0.021503002167894   0.020928554848159   0.020927628633429   0.020926969994874   0.020926311356320   0.020925920293943   0.020228396637831   0.019530872981719   0.017817551214990   0.017762788128231   0.017708025041473   0.019311820634684   
1.000000000000000   0.998036944451825   0.997055416677738   0.996564652790694   0.996319270847172   0.996073888903650   0.996073888903651   0.996073888903650   0.997055416677738   0.997546180564782   0.998282326395347   0.999018472225913   1.000000000000000   1.000000000000000   1.000000000000000   1.000000000000000   0.999987306552869   0.999987306552869   0.999987306552869   1.000000000000000   1.000000000000000   1.000000000000000   0.914909396035591   0.914909396035591   0.914909396035591   1.000000000000000   
PATCH 27 
2 2 
6 4 
0.000000000000000   0.000000000000000   0.000000000000000   0.250000000000000   0.500000000000000   0.750000000000000   1.000000000000000   1.000000000000000   1.000000000000000   
0.000000000000000   0.000000000000000   0.000000000000000   0.500000000000000   1.000000000000000   1.000000000000000   1.000000000000000   
0.014071894845290   0.012889842332151   0.010525737305873   0.008161632279595   0.005797527253317   0.004615474740178   0.014934788466373   0.013752735953234   0.011388630926956   0.009024525900678   0.006660420874400   0.005478368361261   0.016660575708539   0.015478523195400   0.013114418169122   0.010750313142844   0.008386208116567   0.007204155603428   0.017523469329622   0.016341416816483   0.013977311790205   0.011613206763928   0.009249101737650   0.008067049224511   
0.020681296054527   0.023603569636181   0.029448116799489   0.035292663962796   0.041137211126104   0.044059484707758   0.021030334412803   0.023952607994457   0.029797155157764   0.035641702321072   0.041486249484380   0.044408523066034   0.021728411129354   0.024650684711008   0.030495231874316   0.036339779037623   0.042184326200931   0.045106599782585   0.022077449487630   0.024999723069284   0.030844270232591   0.036688817395899   0.042533364559207   0.045455638140861   
1.000000000000000   1.000000000000000   1.000000000000000   1.000000000000000   1.000000000000000   1.000000000000000   1.000000000000000   1.000000000000000   1.000000000000000   1.000000000000000   1.000000000000000   1.000000000000000   1.000000000000000   1.000000000000000   1.000000000000000   1.000000000000000   1.000000000000000   1.000000000000000   1.000000000000000   1.000000000000000   1.000000000000000   1.000000000000000   1.000000000000000   1.000000000000000   
PATCH 28 
2 2 
13 4 
0.000000000000000   0.000000000000000   0.000000000000000   0.250000000000000   0.250000000000000   0.375000000000000   0.375000000000000   0.500000000000000   0.500000000000000   0.750000000000000   0.750000000000000   0.875000000000000   0.875000000000000   1.000000000000000   1.000000000000000   1.000000000000000   
0.000000000000000   0.000000000000000   0.000000000000000   0.500000000000000   1.000000000000000   1.000000000000000   1.000000000000000   
0.014071894845290   0.014287798472371   0.014503702099452   0.014457688293087   0.014460787294762   0.014463886296438   0.014516098106155   0.014764688084765   0.015013278063375   0.012799333819730   0.015148450161325   0.012998525322128   0.015352501829926   0.014934788466373   0.015154806820482   0.015374825174591   0.015340324535416   0.015342716760333   0.015345108985249   0.015384394074258   0.015644281921860   0.015904169769461   0.013853947930257   0.015613104094653   0.013997979373455   0.016147863227171   0.016660575708539   0.016888823516704   0.017117071324868   0.017105597020074   0.017106575691473   0.017107554362872   0.017120986010465   0.017403469596049   0.017685953181634   0.015963176151313   0.016542411961309   0.015996887476108   0.017738586021662   0.017523469329622   0.017755831864815   0.017988194400007   0.017988233262403   0.017988505157043   0.017988777051684   0.017989281978569   0.018283063433144   0.018576844887720   0.017017790261840   0.017007065894637   0.016996341527434   0.018533947418907   
0.020681296054527   0.020147538494190   0.019613780933854   0.019534671697403   0.019523314333967   0.019511956970531   0.019568351480111   0.017905290449606   0.016242229419101   0.013726566270487   0.016081855769180   0.013660885611040   0.016130375045703   0.021030334412803   0.020486404412616   0.019942474412430   0.019882910931409   0.019874228249194   0.019865545566979   0.019907743683569   0.018486066996662   0.017064390309756   0.014749312506612   0.016502088858943   0.014672670468648   0.016925736442948   0.021728411129354   0.021164136249468   0.020599861369583   0.020579389399422   0.020576056079648   0.020572722759873   0.020586528090485   0.019647620090775   0.018708712091065   0.016794804978864   0.017342555038469   0.016696240183864   0.018516459237439   0.022077449487630   0.021503002167894   0.020928554848159   0.020927628633429   0.020926969994874   0.020926311356320   0.020925920293943   0.020228396637831   0.019530872981719   0.017817551214990   0.017762788128231   0.017708025041473   0.019311820634684   
1.000000000000000   1.000000000000000   1.000000000000000   0.996523073089369   0.996523073089369   0.996523073089369   1.000000000000000   1.000000000000000   1.000000000000000   0.851501601388953   1.000000000000000   0.851501601388953   1.000000000000000   1.000000000000000   1.000000000000000   1.000000000000000   0.997389131455244   0.997389131455244   0.997389131455244   1.000000000000000   1.000000000000000   1.000000000000000   0.867353550050612   0.978727349008898   0.867353550050612   1.000000000000000   1.000000000000000   1.000000000000000   1.000000000000000   0.999121248186994   0.999121248186994   0.999121248186994   1.000000000000000   1.000000000000000   1.000000000000000   0.899057447373931   0.936182047026693   0.899057447373931   1.000000000000000   1.000000000000000   1.000000000000000   1.000000000000000   0.999987306552869   0.999987306552869   0.999987306552869   1.000000000000000   1.000000000000000   1.000000000000000   0.914909396035591   0.914909396035591   0.914909396035591   1.000000000000000   
PATCH 29 
2 1 
13 2 
0.000000000000000   0.000000000000000   0.000000000000000   0.250000000000000   0.250000000000000   0.375000000000000   0.375000000000000   0.500000000000000   0.500000000000000   0.750000000000000   0.750000000000000   0.875000000000000   0.875000000000000   1.000000000000000   1.000000000000000   1.000000000000000   
0.000000000000000   0.000000000000000   1.000000000000000   1.000000000000000   
0.024970171963351   0.026280062869637   0.027567644581279   0.028174680996131   0.028789361402723   0.029345046915216   0.030024236482586   0.030897705660826   0.031790764657231   0.032387546066254   0.032916588680588   0.033529680766091   0.034107254457234   0.025250000000000   0.026178902508932   0.027094027156471   0.027551589480241   0.028005707338662   0.028459825197083   0.028910498590156   0.029811845376303   0.030699414301056   0.031143198763433   0.031583538760461   0.032023878757490   0.032460774289170   
0.043249606514256   0.042394573357994   0.041510089343761   0.041013324353896   0.040530882057379   0.039969418263558   0.039577178332113   0.038178859822033   0.036854888613297   0.036378195357127   0.035825887416866   0.035366083961783   0.034866027972118   0.043734282891114   0.043142506727484   0.042531053738569   0.042225327244111   0.041914681543332   0.041604035842553   0.041288470935453   0.040657341121252   0.040006534481766   0.039681131162023   0.039350808635958   0.039020486109894   0.038685244377508   
1.000000000000000   0.998036944451825   0.997055416677738   0.996564652790694   0.996319270847172   0.996073888903650   0.996073888903651   0.996073888903650   0.997055416677738   0.997546180564782   0.998282326395347   0.999018472225913   1.000000000000000   1.000000000000000   0.999048674522937   0.998573011784405   0.998335180415139   0.998216264730506   0.998097349045873   0.998097349045873   0.998097349045873   0.998573011784405   0.998810843153671   0.999167590207569   0.999524337261468   1.000000000000000   
PATCH 30 
2 1 
6 2 
0.000000000000000   0.000000000000000   0.000000000000000   0.250000000000000   0.500000000000000   0.750000000000000   1.000000000000000   1.000000000000000   1.000000000000000   
0.000000000000000   0.000000000000000   1.000000000000000   1.000000000000000   
0.014071894845290   0.012889842332151   0.010525737305873   0.008161632279595   0.005797527253317   0.004615474740178   0.000000000000000   0.000000000000000   0.000000000000000   0.000000000000000   0.000000000000000   0.000000000000000   
0.020681296054527   0.023603569636181   0.029448116799489   0.035292663962796   0.041137211126104   0.044059484707758   0.014550000000000   0.018238685588470   0.025616056765409   0.032993427942349   0.040370799119288   0.044059484707758   
1.000000000000000   1.000000000000000   1.000000000000000   1.000000000000000   1.000000000000000   1.000000000000000   1.000000000000000   1.000000000000000   1.000000000000000   1.000000000000000   1.000000000000000   1.000000000000000   
PATCH 31 
2 1 
13 2 
0.000000000000000   0.000000000000000   0.000000000000000   0.250000000000000   0.250000000000000   0.375000000000000   0.375000000000000   0.500000000000000   0.500000000000000   0.750000000000000   0.750000000000000   0.875000000000000   0.875000000000000   1.000000000000000   1.000000000000000   1.000000000000000   
0.000000000000000   0.000000000000000   1.000000000000000   1.000000000000000   
0.004615474740178   0.004107756416108   0.003600038092038   0.003581893656218   0.003578726165572   0.003575558674926   0.003587368129454   0.003489323868638   0.003391279607822   0.003030165720003   0.003446662848183   0.003153987015669   0.003613445174358   0.000000000000000   0.000000000000000   0.000000000000000   0.000000000000000   0.000000000000000   0.000000000000000   0.000000000000000   0.000000000000000   0.000000000000000   0.000000000000000   0.000000000000000   0.000000000000000   0.000000000000000   
0.044059484707758   0.045314667391150   0.046569850074541   0.046405899472338   0.046417730520182   0.046429561568027   0.046617174265919   0.047318969540044   0.048020764814169   0.043167981651018   0.048188575105026   0.043294060530178   0.048246981035426   0.044059484707758   0.044802049119288   0.045544613530818   0.045915895736584   0.046287177942349   0.046658460148114   0.047029742353879   0.047772306765409   0.048514871176940   0.048886153382705   0.049257435588470   0.049628717794235   0.050000000000000   
1.000000000000000   1.000000000000000   1.000000000000000   0.996235662511052   0.996235662511052   0.996235662511052   1.000000000000000   1.000000000000000   1.000000000000000   0.897121796948273   1.000000000000000   0.897121796948273   1.000000000000000   1.000000000000000   1.000000000000000   1.000000000000000   1.000000000000000   1.000000000000000   1.000000000000000   1.000000000000000   1.000000000000000   1.000000000000000   1.000000000000000   1.000000000000000   1.000000000000000   1.000000000000000   
PATCH 32 
2 1 
13 2 
0.000000000000000   0.000000000000000   0.000000000000000   0.250000000000000   0.250000000000000   0.375000000000000   0.375000000000000   0.500000000000000   0.500000000000000   0.750000000000000   0.750000000000000   0.875000000000000   0.875000000000000   1.000000000000000   1.000000000000000   1.000000000000000   
0.000000000000000   0.000000000000000   1.000000000000000   1.000000000000000   
0.000000000000000   0.001373506078748   0.002696172085621   0.003357505089058   0.004006128074525   0.004654751059993   0.005290664027492   0.006562489962491   0.007783475825614   0.008393968757176   0.008991751670769   0.009589534584362   0.010174607479987   0.014071894845290   0.014287798472371   0.014503702099452   0.014457688293087   0.014460787294762   0.014463886296438   0.014516098106155   0.014764688084765   0.015013278063375   0.012799333819730   0.015148450161325   0.012998525322128   0.015352501829926   
0.014550000000000   0.014280717228987   0.013886760524118   0.013689782171684   0.013461635335786   0.013233488499888   0.012974173180526   0.012455542541802   0.011812237969223   0.011490585682934   0.011137764913181   0.010784944143428   0.010400954890211   0.020681296054527   0.020147538494190   0.019613780933854   0.019534671697403   0.019523314333967   0.019511956970531   0.019568351480111   0.017905290449606   0.016242229419101   0.013726566270487   0.016081855769180   0.013660885611040   0.016130375045703   
1.000000000000000   0.981492593057503   0.972238889586255   0.967612037850630   0.965298611982818   0.962985186115006   0.962985186115006   0.962985186115006   0.972238889586254   0.976865741321879   0.983806018925315   0.990746296528751   1.000000000000000   1.000000000000000   1.000000000000000   1.000000000000000   0.996523073089369   0.996523073089369   0.996523073089369   1.000000000000000   1.000000000000000   1.000000000000000   0.851501601388953   1.000000000000000   0.851501601388953   1.000000000000000   
INTERFACE 1 
1 2 
5 1 
1 
INTERFACE 2 
1 3 
2 4 
1 
INTERFACE 3 
2 1 
13 2 
1 
INTERFACE 4 
2 2 
3 1 
1 
INTERFACE 5 
2 3 
4 2 
1 
INTERFACE 6 
3 2 
7 1 
-1 
INTERFACE 7 
3 3 
4 4 
-1 
INTERFACE 8 
3 4 
5 3 
1 
INTERFACE 9 
4 1 
9 2 
1 
INTERFACE 10 
4 3 
13 3 
1 
INTERFACE 11 
5 2 
6 1 
1 
INTERFACE 12 
6 2 
11 1 
1 
INTERFACE 13 
6 3 
7 3 
1 
INTERFACE 14 
7 2 
8 1 
1 
INTERFACE 15 
7 4 
9 4 
-1 
INTERFACE 16 
8 2 
15 1 
1 
INTERFACE 17 
8 3 
11 3 
1 
INTERFACE 18 
8 4 
10 4 
1 
INTERFACE 19 
9 1 
10 1 
1 
INTERFACE 20 
9 3 
12 3 
1 
INTERFACE 21 
10 2 
16 3 
1 
INTERFACE 22 
10 3 
14 4 
1 
INTERFACE 23 
11 2 
18 1 
1 
INTERFACE 24 
12 1 
14 1 
-1 
INTERFACE 25 
12 2 
13 1 
1 
INTERFACE 26 
14 2 
17 1 
-1 
INTERFACE 27 
15 2 
26 2 
1 
INTERFACE 28 
15 3 
18 3 
1 
INTERFACE 29 
15 4 
16 2 
1 
INTERFACE 30 
16 1 
17 3 
1 
INTERFACE 31 
16 4 
28 2 
1 
INTERFACE 32 
17 2 
32 2 
-1 
INTERFACE 33 
18 2 
29 2 
1 
INTERFACE 34 
19 2 
23 1 
1 
INTERFACE 35 
19 3 
20 4 
1 
INTERFACE 36 
20 1 
31 2 
1 
INTERFACE 37 
20 2 
21 1 
1 
INTERFACE 38 
20 3 
22 2 
1 
INTERFACE 39 
21 2 
25 1 
-1 
INTERFACE 40 
21 3 
22 4 
-1 
INTERFACE 41 
21 4 
23 3 
1 
INTERFACE 42 
22 1 
27 2 
1 
INTERFACE 43 
22 3 
31 3 
1 
INTERFACE 44 
23 2 
24 1 
1 
INTERFACE 45 
24 2 
29 1 
1 
INTERFACE 46 
24 3 
25 3 
1 
INTERFACE 47 
25 2 
26 1 
1 
INTERFACE 48 
25 4 
27 4 
-1 
INTERFACE 49 
26 3 
29 3 
1 
INTERFACE 50 
26 4 
28 4 
1 
INTERFACE 51 
27 1 
28 1 
1 
INTERFACE 52 
27 3 
30 3 
1 
INTERFACE 53 
28 3 
32 4 
1 
INTERFACE 54 
30 1 
32 1 
-1 
INTERFACE 55 
30 2 
31 1 
1 
BOUNDARY 1 
1 
1 1 
BOUNDARY 2 
1 
1 4 
BOUNDARY 3 
1 
5 4 
BOUNDARY 4 
1 
6 4 
BOUNDARY 5 
1 
11 4 
BOUNDARY 6 
1 
12 4 
BOUNDARY 7 
1 
13 4 
BOUNDARY 8 
1 
14 3 
BOUNDARY 9 
1 
17 4 
BOUNDARY 10 
1 
18 4 
BOUNDARY 11 
1 
19 1 
BOUNDARY 12 
1 
19 4 
BOUNDARY 13 
1 
23 4 
BOUNDARY 14 
1 
24 4 
BOUNDARY 15 
1 
29 4 
BOUNDARY 16 
1 
30 4 
BOUNDARY 17 
1 
31 4 
BOUNDARY 18 
1 
32 3 
