# nurbs mesh v.2.1
#
# 14-Jul-2024
#
2 2 32 55 0 
PATCH 1 
2 1 
4 2 
0.000000000000000   0.000000000000000   0.000000000000000   0.500000000000000   1.000000000000000   1.000000000000000   1.000000000000000   
0.000000000000000   0.000000000000000   1.000000000000000   1.000000000000000   
0.050000000000000   0.049904867452294   0.049525061277599   0.049240387650610   0.050500000000000   0.050403916126817   0.050020311890375   0.049732791527117   
0.000000000000000   0.002178893568691   0.006520098010365   0.008682408883347   0.000000000000000   0.002200682504378   0.006585298990468   0.008769232972180   
1.000000000000000   0.998097349045873   0.998097349045873   1.000000000000000   1.000000000000000   0.998097349045873   0.998097349045873   1.000000000000000   
PATCH 2 
2 1 
4 2 
0.000000000000000   0.000000000000000   0.000000000000000   0.500000000000000   1.000000000000000   1.000000000000000   1.000000000000000   
0.000000000000000   0.000000000000000   1.000000000000000   1.000000000000000   
0.048333315219312   0.048211126921911   0.047966750327110   0.047844562029709   0.050000000000000   0.049904867452294   0.049525061277599   0.049240387650610   
0.003463268250618   0.004556665287095   0.006743459360051   0.007836856396529   0.000000000000000   0.002178893568691   0.006520098010365   0.008682408883347   
1.000000000000000   1.000000000000000   1.000000000000000   1.000000000000000   1.000000000000000   0.998097349045873   0.998097349045873   1.000000000000000   
PATCH 3 
2 1 
13 2 
0.000000000000000   0.000000000000000   0.000000000000000   0.125000000000000   0.125000000000000   0.250000000000000   0.250000000000000   0.500000000000000   0.500000000000000   0.625000000000000   0.625000000000000   0.750000000000000   0.750000000000000   1.000000000000000   1.000000000000000   1.000000000000000   
0.000000000000000   0.000000000000000   1.000000000000000   1.000000000000000   
0.047844562029709   0.043384103686504   0.047757066385036   0.043244103668444   0.047590611117053   0.045595135368383   0.043599659619713   0.042835550015405   0.042809732825793   0.042783915636181   0.043496390861264   0.043275298235021   0.043054205608778   0.049240387650610   0.049122375608591   0.048470904232705   0.048533827092289   0.048299783987514   0.048057032538896   0.047853467512439   0.047715858351645   0.047613932750775   0.047536446288148   0.047445250829918   0.047199202045545   0.046873706163721   
0.007836856396529   0.007191492511752   0.007980835997978   0.007285224088146   0.008006879370095   0.007434004029134   0.006861128688173   0.006737663846889   0.006737188919195   0.006736713991502   0.006859228977400   0.006913986153018   0.006968743328637   0.008682408883347   0.009214726804819   0.009640546546101   0.010204579227687   0.010706751436463   0.011758951896621   0.012822297974987   0.013345286895547   0.013878866795082   0.014420899762041   0.014960513940484   0.016022517000541   0.017060633813335   
1.000000000000000   0.906967428197098   1.000000000000000   0.906967428197098   1.000000000000000   1.000000000000000   1.000000000000000   0.983043661696598   0.983043661696598   0.983043661696598   1.000000000000000   1.000000000000000   1.000000000000000   1.000000000000000   0.999524337261468   0.999167590207569   0.998810843153671   0.998573011784405   0.998097349045873   0.998097349045873   0.998097349045873   0.998216264730506   0.998335180415139   0.998573011784404   0.999048674522936   1.000000000000000   
PATCH 4 
2 2 
13 4 
0.000000000000000   0.000000000000000   0.000000000000000   0.250000000000000   0.250000000000000   0.375000000000000   0.375000000000000   0.500000000000000   0.500000000000000   0.750000000000000   0.750000000000000   0.875000000000000   0.875000000000000   1.000000000000000   1.000000000000000   1.000000000000000   
0.000000000000000   0.000000000000000   0.000000000000000   0.500000000000000   1.000000000000000   1.000000000000000   1.000000000000000   
0.042397510476473   0.044314062322357   0.046230614168241   0.046148050907475   0.046156819125785   0.046165587344094   0.046265687041478   0.047193615898042   0.048121544754605   0.043687994194701   0.048279202973918   0.043804850713199   0.048333315219312   0.042561684259549   0.044054371300523   0.045547058341496   0.045307017089652   0.045320047550787   0.045333078011922   0.045599180186037   0.046793995765627   0.047988811345217   0.043577021563136   0.048148668826698   0.043699663956525   0.048211126921911   0.042890031825702   0.043534989256855   0.044179946688008   0.043624949454005   0.043646504400791   0.043668059347578   0.044266166475154   0.045994755500798   0.047723344526441   0.043355076300008   0.047887600532256   0.043489290443178   0.047966750327110   0.043054205608778   0.043275298235021   0.043496390861264   0.042783915636181   0.042809732825793   0.042835550015405   0.043599659619713   0.045595135368383   0.047590611117053   0.043244103668444   0.047757066385036   0.043384103686504   0.047844562029709   
0.004317210450939   0.003842545294573   0.003367880138208   0.003359104865083   0.003357744386482   0.003356383907881   0.003362438223804   0.003301958986718   0.003241479749632   0.002931644820705   0.003302939563898   0.003054029366180   0.003463268250618   0.004980093670363   0.004610405509184   0.004240717348006   0.004203507146687   0.004202605519660   0.004201703892633   0.004237110839896   0.004334970247322   0.004432829654748   0.004020039637565   0.004472413672418   0.004088395152573   0.004556665287095   0.006305860109212   0.006146125938407   0.005986391767602   0.005892311709897   0.005892327786017   0.005892343862137   0.005986456072081   0.006400992768530   0.006815529464980   0.006196829271286   0.006811361889458   0.006157126725359   0.006743459360051   0.006968743328637   0.006913986153018   0.006859228977400   0.006736713991502   0.006737188919195   0.006737663846889   0.006861128688173   0.007434004029134   0.008006879370095   0.007285224088146   0.007980835997978   0.007191492511752   0.007836856396529   
1.000000000000000   1.000000000000000   1.000000000000000   0.998027796554970   0.998027796554970   0.998027796554970   1.000000000000000   1.000000000000000   1.000000000000000   0.906113186615426   1.000000000000000   0.906113186615426   1.000000000000000   1.000000000000000   1.000000000000000   1.000000000000000   0.994281762840377   0.994281762840377   0.994281762840377   1.000000000000000   1.000000000000000   1.000000000000000   0.906326747010844   1.000000000000000   0.906326747010844   1.000000000000000   1.000000000000000   1.000000000000000   1.000000000000000   0.986789695411191   0.986789695411191   0.986789695411191   1.000000000000000   1.000000000000000   1.000000000000000   0.906753867801680   1.000000000000000   0.906753867801680   1.000000000000000   1.000000000000000   1.000000000000000   1.000000000000000   0.983043661696598   0.983043661696598   0.983043661696598   1.000000000000000   1.000000000000000   1.000000000000000   0.906967428197098   1.000000000000000   0.906967428197098   1.000000000000000   
PATCH 5 
2 1 
13 2 
0.000000000000000   0.000000000000000   0.000000000000000   0.125000000000000   0.125000000000000   0.250000000000000   0.250000000000000   0.500000000000000   0.500000000000000   0.625000000000000   0.625000000000000   0.750000000000000   0.750000000000000   1.000000000000000   1.000000000000000   1.000000000000000   
0.000000000000000   0.000000000000000   1.000000000000000   1.000000000000000   
0.049240387650610   0.049122375608591   0.048470904232705   0.048533827092289   0.048299783987514   0.048057032538896   0.047853467512439   0.047715858351645   0.047613932750775   0.047536446288148   0.047445250829918   0.047199202045545   0.046873706163721   0.049732791527117   0.049613599364677   0.049488606583825   0.049363613802972   0.049232820403708   0.048971233605179   0.048686444333000   0.048544049696911   0.048395854442409   0.048247659187908   0.048093663314994   0.047785671569166   0.047454477349688   
0.008682408883347   0.009214726804819   0.009640546546101   0.010204579227687   0.010706751436463   0.011758951896621   0.012822297974987   0.013345286895547   0.013878866795082   0.014420899762041   0.014960513940484   0.016022517000541   0.017060633813335   0.008769232972180   0.009306874072867   0.009842960902535   0.010379047732203   0.010913580290852   0.011982645408149   0.013045493441370   0.013576917457981   0.014106787203572   0.014636656949163   0.015164972423735   0.016221603372879   0.017272017237946   
1.000000000000000   0.999524337261468   0.999167590207569   0.998810843153671   0.998573011784405   0.998097349045873   0.998097349045873   0.998097349045873   0.998216264730506   0.998335180415139   0.998573011784404   0.999048674522936   1.000000000000000   1.000000000000000   0.999524337261468   0.999167590207569   0.998810843153671   0.998573011784405   0.998097349045873   0.998097349045873   0.998097349045873   0.998216264730506   0.998335180415139   0.998573011784404   0.999048674522936   1.000000000000000   
PATCH 6 
2 1 
6 2 
0.000000000000000   0.000000000000000   0.000000000000000   0.250000000000000   0.500000000000000   0.750000000000000   1.000000000000000   1.000000000000000   1.000000000000000   
0.000000000000000   0.000000000000000   1.000000000000000   1.000000000000000   
0.046873706163721   0.046563032255074   0.045687885926472   0.044602370204396   0.043713088828873   0.043299725216182   0.047454477349688   0.047032993823604   0.046146485990198   0.045216437375554   0.044242847979673   0.043734282891114   
0.017060633813335   0.018106816044845   0.020102584402413   0.021996030916011   0.023982412571824   0.024999108009399   0.017272017237946   0.018289568482936   0.020304367573183   0.022298863263696   0.024273055554476   0.025250000000000   
1.000000000000000   0.999048674522936   0.998097349045873   0.998097349045873   0.999048674522936   1.000000000000000   1.000000000000000   0.999048674522936   0.998097349045873   0.998097349045873   0.999048674522936   1.000000000000000   
PATCH 7 
2 1 
6 2 
0.000000000000000   0.000000000000000   0.000000000000000   0.250000000000000   0.500000000000000   0.750000000000000   1.000000000000000   1.000000000000000   1.000000000000000   
0.000000000000000   0.000000000000000   1.000000000000000   1.000000000000000   
0.046873706163721   0.046563032255074   0.045687885926472   0.044602370204396   0.043713088828873   0.043299725216182   0.043054205608778   0.039866024835636   0.033489663289352   0.027113301743068   0.020736940196783   0.017548759423641   
0.017060633813335   0.018106816044845   0.020102584402413   0.021996030916011   0.023982412571824   0.024999108009399   0.006968743328637   0.007758348018150   0.009337557397176   0.010916766776203   0.012495976155229   0.013285580844743   
1.000000000000000   0.999048674522936   0.998097349045873   0.998097349045873   0.999048674522936   1.000000000000000   1.000000000000000   1.000000000000000   1.000000000000000   1.000000000000000   1.000000000000000   1.000000000000000   
PATCH 8 
2 1 
13 2 
0.000000000000000   0.000000000000000   0.000000000000000   0.250000000000000   0.250000000000000   0.375000000000000   0.375000000000000   0.500000000000000   0.500000000000000   0.750000000000000   0.750000000000000   0.875000000000000   0.875000000000000   1.000000000000000   1.000000000000000   1.000000000000000   
0.000000000000000   0.000000000000000   1.000000000000000   1.000000000000000   
0.043299725216182   0.042429036359938   0.041520176402334   0.041058003563472   0.040531397364264   0.040098584090695   0.039660007359771   0.038420067533154   0.036794015355404   0.036197668334482   0.035642955022547   0.035155948418293   0.034654081355842   0.017548759423641   0.017272058294906   0.016995357166171   0.016778962564905   0.016759822973238   0.016740683381572   0.016918798799505   0.016224237170971   0.015529675542436   0.013503502393269   0.013436987314576   0.013370472235883   0.015263615227664   
0.024999108009399   0.026308316087695   0.027588382469417   0.028223118347628   0.028811229326585   0.029465285292022   0.030116488484174   0.031130358568302   0.031783634552577   0.032276529939301   0.032802736539371   0.033389440525795   0.033963819362459   0.013285580844743   0.013354110368126   0.013422639891509   0.013273221741215   0.013282652067409   0.013292082393604   0.013460361196287   0.014013827052686   0.014567292909085   0.012757073411354   0.012753325417743   0.012749577424131   0.014552300934640   
1.000000000000000   0.998022202668537   0.997033304002805   0.996538854669940   0.996291630003507   0.996044405337074   0.996044405337074   0.996044405337074   0.997033304002805   0.997527753335671   0.998269427334970   0.999011101334268   1.000000000000000   1.000000000000000   1.000000000000000   1.000000000000000   0.988486053503683   0.988486053503683   0.988486053503683   1.000000000000000   1.000000000000000   1.000000000000000   0.872883924645112   0.872883924645112   0.872883924645112   1.000000000000000   
PATCH 9 
2 2 
6 4 
0.000000000000000   0.000000000000000   0.000000000000000   0.250000000000000   0.500000000000000   0.750000000000000   1.000000000000000   1.000000000000000   1.000000000000000   
0.000000000000000   0.000000000000000   0.000000000000000   0.500000000000000   1.000000000000000   1.000000000000000   1.000000000000000   
0.016892064291337   0.020080245064479   0.026456606610763   0.032832968157047   0.039209329703331   0.042397510476473   0.017056238074413   0.020244418847555   0.026620780393839   0.032997141940123   0.039373503486407   0.042561684259549   0.017384585640565   0.020572766413707   0.026949127959991   0.033325489506276   0.039701851052560   0.042890031825702   0.017548759423641   0.020736940196783   0.027113301743068   0.033489663289352   0.039866024835636   0.043054205608778   
0.010634047967045   0.009844443277532   0.008265233898505   0.006686024519478   0.005106815140452   0.004317210450939   0.011296931186469   0.010507326496956   0.008928117117929   0.007348907738903   0.005769698359876   0.004980093670363   0.012622697625318   0.011833092935805   0.010253883556778   0.008674674177752   0.007095464798725   0.006305860109212   0.013285580844743   0.012495976155229   0.010916766776203   0.009337557397176   0.007758348018150   0.006968743328637   
1.000000000000000   1.000000000000000   1.000000000000000   1.000000000000000   1.000000000000000   1.000000000000000   1.000000000000000   1.000000000000000   1.000000000000000   1.000000000000000   1.000000000000000   1.000000000000000   1.000000000000000   1.000000000000000   1.000000000000000   1.000000000000000   1.000000000000000   1.000000000000000   1.000000000000000   1.000000000000000   1.000000000000000   1.000000000000000   1.000000000000000   1.000000000000000   
PATCH 10 
2 2 
13 4 
0.000000000000000   0.000000000000000   0.000000000000000   0.250000000000000   0.250000000000000   0.375000000000000   0.375000000000000   0.500000000000000   0.500000000000000   0.750000000000000   0.750000000000000   0.875000000000000   0.875000000000000   1.000000000000000   1.000000000000000   1.000000000000000   
0.000000000000000   0.000000000000000   0.000000000000000   0.500000000000000   1.000000000000000   1.000000000000000   1.000000000000000   
0.016892064291337   0.016176890588428   0.015461716885518   0.015429141107290   0.015421550362327   0.015413959617365   0.015431353905669   0.014262940750250   0.013094527594832   0.011477958614108   0.012976614965309   0.011442302892604   0.013031549810313   0.017056238074413   0.016450682515047   0.015845126955681   0.015766596471693   0.015756118515055   0.015745640558417   0.015803215129128   0.014753264855431   0.013703314581733   0.011984344558898   0.013091708052626   0.011924345228424   0.013589566164651   0.017384585640565   0.016998266368287   0.016611947096008   0.016441507200501   0.016425254820511   0.016409002440520   0.016546937576046   0.015733913065791   0.014920888555535   0.012997116448479   0.013321894227259   0.012888429900063   0.014705598873326   0.017548759423641   0.017272058294906   0.016995357166171   0.016778962564905   0.016759822973238   0.016740683381572   0.016918798799505   0.016224237170971   0.015529675542436   0.013503502393269   0.013436987314576   0.013370472235883   0.015263615227664   
0.010634047967045   0.010811172336651   0.010988296706257   0.010972591877577   0.010975131918640   0.010977671959704   0.010998456870511   0.011496648280177   0.011994839689844   0.010629887582007   0.012140810973893   0.010814114815314   0.012320235517289   0.011296931186469   0.011446906844520   0.011596882502570   0.011547749343486   0.011552011955833   0.011556274568179   0.011613932951955   0.012125942973305   0.012637952994654   0.011161684039344   0.012293939584856   0.011297980467519   0.012878251871626   0.012622697625318   0.012718375860257   0.012814054095196   0.012698064275305   0.012705772030217   0.012713479785129   0.012844885114843   0.013384532359559   0.013924179604275   0.012225276954017   0.012600196806781   0.012265711771927   0.013994284580302   0.013285580844743   0.013354110368126   0.013422639891509   0.013273221741215   0.013282652067409   0.013292082393604   0.013460361196287   0.014013827052686   0.014567292909085   0.012757073411354   0.012753325417743   0.012749577424131   0.014552300934640   
1.000000000000000   1.000000000000000   1.000000000000000   0.998395645604788   0.998395645604788   0.998395645604788   1.000000000000000   1.000000000000000   1.000000000000000   0.883137149710684   1.000000000000000   0.883137149710684   1.000000000000000   1.000000000000000   1.000000000000000   1.000000000000000   0.995918247579511   0.995918247579511   0.995918247579511   1.000000000000000   1.000000000000000   1.000000000000000   0.880573843444291   0.968220981161278   0.880573843444291   1.000000000000000   1.000000000000000   1.000000000000000   1.000000000000000   0.990963451528959   0.990963451528959   0.990963451528959   1.000000000000000   1.000000000000000   1.000000000000000   0.875447230911505   0.904662943483834   0.875447230911505   1.000000000000000   1.000000000000000   1.000000000000000   1.000000000000000   0.988486053503683   0.988486053503683   0.988486053503683   1.000000000000000   1.000000000000000   1.000000000000000   0.872883924645112   0.872883924645112   0.872883924645112   1.000000000000000   
PATCH 11 
2 1 
13 2 
0.000000000000000   0.000000000000000   0.000000000000000   0.250000000000000   0.250000000000000   0.375000000000000   0.375000000000000   0.500000000000000   0.500000000000000   0.750000000000000   0.750000000000000   0.875000000000000   0.875000000000000   1.000000000000000   1.000000000000000   1.000000000000000   
0.000000000000000   0.000000000000000   1.000000000000000   1.000000000000000   
0.043299725216182   0.042429036359938   0.041520176402334   0.041058003563472   0.040531397364264   0.040098584090695   0.039660007359771   0.038420067533154   0.036794015355404   0.036197668334482   0.035642955022547   0.035155948418293   0.034654081355842   0.043734282891114   0.043142506727484   0.042531053738569   0.042225327244111   0.041914681543332   0.041604035842553   0.041288470935453   0.040657341121252   0.040006534481766   0.039681131162023   0.039350808635958   0.039020486109894   0.038685244377508   
0.024999108009399   0.026308316087695   0.027588382469417   0.028223118347628   0.028811229326585   0.029465285292022   0.030116488484174   0.031130358568302   0.031783634552577   0.032276529939301   0.032802736539371   0.033389440525795   0.033963819362459   0.025250000000000   0.026178902508932   0.027094027156471   0.027551589480241   0.028005707338662   0.028459825197083   0.028910498590156   0.029811845376303   0.030699414301056   0.031143198763433   0.031583538760461   0.032023878757490   0.032460774289170   
1.000000000000000   0.998022202668537   0.997033304002805   0.996538854669940   0.996291630003507   0.996044405337074   0.996044405337074   0.996044405337074   0.997033304002805   0.997527753335671   0.998269427334970   0.999011101334268   1.000000000000000   1.000000000000000   0.999048674522937   0.998573011784405   0.998335180415139   0.998216264730506   0.998097349045873   0.998097349045873   0.998097349045873   0.998573011784405   0.998810843153671   0.999167590207569   0.999524337261468   1.000000000000000   
PATCH 12 
2 1 
6 2 
0.000000000000000   0.000000000000000   0.000000000000000   0.250000000000000   0.500000000000000   0.750000000000000   1.000000000000000   1.000000000000000   1.000000000000000   
0.000000000000000   0.000000000000000   1.000000000000000   1.000000000000000   
0.016892064291337   0.020080245064479   0.026456606610763   0.032832968157047   0.039209329703331   0.042397510476473   0.014550000000000   0.018030938809559   0.024992816428678   0.031954694047796   0.038916571666914   0.042397510476473   
0.010634047967045   0.009844443277532   0.008265233898505   0.006686024519478   0.005106815140452   0.004317210450939   0.000000000000000   0.000000000000000   0.000000000000000   0.000000000000000   0.000000000000000   0.000000000000000   
1.000000000000000   1.000000000000000   1.000000000000000   1.000000000000000   1.000000000000000   1.000000000000000   1.000000000000000   1.000000000000000   1.000000000000000   1.000000000000000   1.000000000000000   1.000000000000000   
PATCH 13 
2 1 
13 2 
0.000000000000000   0.000000000000000   0.000000000000000   0.250000000000000   0.250000000000000   0.375000000000000   0.375000000000000   0.500000000000000   0.500000000000000   0.750000000000000   0.750000000000000   0.875000000000000   0.875000000000000   1.000000000000000   1.000000000000000   1.000000000000000   
0.000000000000000   0.000000000000000   1.000000000000000   1.000000000000000   
0.042397510476473   0.044314062322357   0.046230614168241   0.046148050907475   0.046156819125785   0.046165587344094   0.046265687041478   0.047193615898042   0.048121544754605   0.043687994194701   0.048279202973918   0.043804850713199   0.048333315219312   0.042397510476473   0.043347821666914   0.044298132857355   0.044773288452575   0.045248444047796   0.045723599643016   0.046198755238237   0.047149066428678   0.048099377619118   0.048574533214339   0.049049688809559   0.049524844404780   0.050000000000000   
0.004317210450939   0.003842545294573   0.003367880138208   0.003359104865083   0.003357744386482   0.003356383907881   0.003362438223804   0.003301958986718   0.003241479749632   0.002931644820705   0.003302939563898   0.003054029366180   0.003463268250618   0.000000000000000   0.000000000000000   0.000000000000000   0.000000000000000   0.000000000000000   0.000000000000000   0.000000000000000   0.000000000000000   0.000000000000000   0.000000000000000   0.000000000000000   0.000000000000000   0.000000000000000   
1.000000000000000   1.000000000000000   1.000000000000000   0.998027796554970   0.998027796554970   0.998027796554970   1.000000000000000   1.000000000000000   1.000000000000000   0.906113186615426   1.000000000000000   0.906113186615426   1.000000000000000   1.000000000000000   1.000000000000000   1.000000000000000   1.000000000000000   1.000000000000000   1.000000000000000   1.000000000000000   1.000000000000000   1.000000000000000   1.000000000000000   1.000000000000000   1.000000000000000   1.000000000000000   
PATCH 14 
2 1 
13 2 
0.000000000000000   0.000000000000000   0.000000000000000   0.250000000000000   0.250000000000000   0.375000000000000   0.375000000000000   0.500000000000000   0.500000000000000   0.750000000000000   0.750000000000000   0.875000000000000   0.875000000000000   1.000000000000000   1.000000000000000   1.000000000000000   
0.000000000000000   0.000000000000000   1.000000000000000   1.000000000000000   
0.014550000000000   0.014280070497225   0.013885191629518   0.013687752195665   0.013459075420579   0.013230398645493   0.012970484529174   0.012450656296536   0.011805878698967   0.011483489900182   0.011129863760164   0.010776237620147   0.010391374138896   0.016892064291337   0.016176890588428   0.015461716885518   0.015429141107290   0.015421550362327   0.015413959617365   0.015431353905669   0.014262940750250   0.013094527594832   0.011477958614108   0.012976614965309   0.011442302892604   0.013031549810313   
0.000000000000000   0.001375090977434   0.002699160975650   0.003361195974758   0.004010475729062   0.004659755483366   0.005296279992865   0.006569329011864   0.007791357051644   0.008402371071535   0.009000629846621   0.009598888621707   0.010184392151988   0.010634047967045   0.010811172336651   0.010988296706257   0.010972591877577   0.010975131918640   0.010977671959704   0.010998456870511   0.011496648280177   0.011994839689844   0.010629887582007   0.012140810973893   0.010814114815314   0.012320235517289   
1.000000000000000   0.981448144139167   0.972172216208751   0.967534252243543   0.965215270260939   0.962896288278335   0.962896288278335   0.962896288278335   0.972172216208751   0.976810180173959   0.983767126121772   0.990724072069584   1.000000000000000   1.000000000000000   1.000000000000000   1.000000000000000   0.998395645604788   0.998395645604788   0.998395645604788   1.000000000000000   1.000000000000000   1.000000000000000   0.883137149710684   1.000000000000000   0.883137149710684   1.000000000000000   
PATCH 15 
2 1 
4 2 
0.000000000000000   0.000000000000000   0.000000000000000   0.500000000000000   1.000000000000000   1.000000000000000   1.000000000000000   
0.000000000000000   0.000000000000000   1.000000000000000   1.000000000000000   
0.034654081355842   0.034489329824262   0.034144129305431   0.033963819362459   0.015263615227664   0.015085786654408   0.014730129507896   0.014552300934640   
0.033963819362459   0.034144129305431   0.034489329824262   0.034654081355842   0.014552300934640   0.014730129507896   0.015085786654408   0.015263615227664   
1.000000000000000   0.999974703518692   0.999974703518692   1.000000000000000   1.000000000000000   1.000000000000000   1.000000000000000   1.000000000000000   
PATCH 16 
2 2 
4 4 
0.000000000000000   0.000000000000000   0.000000000000000   0.500000000000000   1.000000000000000   1.000000000000000   1.000000000000000   
0.000000000000000   0.000000000000000   0.000000000000000   0.500000000000000   1.000000000000000   1.000000000000000   1.000000000000000   
0.013031549810313   0.013589566164651   0.014705598873326   0.015263615227664   0.012853721237057   0.013411737591395   0.014527770300070   0.015085786654408   0.012498064090545   0.013056080444883   0.014172113153558   0.014730129507896   0.012320235517289   0.012878251871626   0.013994284580302   0.014552300934640   
0.012320235517289   0.012878251871626   0.013994284580302   0.014552300934640   0.012498064090545   0.013056080444883   0.014172113153558   0.014730129507896   0.012853721237057   0.013411737591395   0.014527770300070   0.015085786654408   0.013031549810313   0.013589566164651   0.014705598873326   0.015263615227664   
1.000000000000000   1.000000000000000   1.000000000000000   1.000000000000000   1.000000000000000   1.000000000000000   1.000000000000000   1.000000000000000   1.000000000000000   1.000000000000000   1.000000000000000   1.000000000000000   1.000000000000000   1.000000000000000   1.000000000000000   1.000000000000000   
PATCH 17 
2 1 
4 2 
0.000000000000000   0.000000000000000   0.000000000000000   0.500000000000000   1.000000000000000   1.000000000000000   1.000000000000000   
0.000000000000000   0.000000000000000   1.000000000000000   1.000000000000000   
0.013031549810313   0.012853721237057   0.012498064090545   0.012320235517289   0.010391374138896   0.010339888902580   0.010236397909126   0.010184392151988   
0.012320235517289   0.012498064090545   0.012853721237057   0.013031549810313   0.010184392151988   0.010236397909126   0.010339888902580   0.010391374138896   
1.000000000000000   1.000000000000000   1.000000000000000   1.000000000000000   1.000000000000000   0.999974703518692   0.999974703518692   1.000000000000000   
PATCH 18 
2 1 
4 2 
0.000000000000000   0.000000000000000   0.000000000000000   0.500000000000000   1.000000000000000   1.000000000000000   1.000000000000000   
0.000000000000000   0.000000000000000   1.000000000000000   1.000000000000000   
0.034654081355842   0.034489329824262   0.034144129305431   0.033963819362459   0.038685244377508   0.037197068413715   0.034084833369545   0.032460774289170   
0.033963819362459   0.034144129305431   0.034489329824262   0.034654081355842   0.032460774289170   0.034084833369545   0.037197068413715   0.038685244377508   
1.000000000000000   0.999974703518692   0.999974703518692   1.000000000000000   1.000000000000000   0.998097349045873   0.998097349045873   1.000000000000000   
PATCH 19 
2 1 
4 2 
0.000000000000000   0.000000000000000   0.000000000000000   0.500000000000000   1.000000000000000   1.000000000000000   1.000000000000000   
0.000000000000000   0.000000000000000   1.000000000000000   1.000000000000000   
0.000000000000000   0.002178893568691   0.006520098010365   0.008682408883347   0.000000000000000   0.002200682504378   0.006585298990468   0.008769232972180   
0.050000000000000   0.049904867452294   0.049525061277599   0.049240387650610   0.050500000000000   0.050403916126817   0.050020311890375   0.049732791527117   
1.000000000000000   0.998097349045873   0.998097349045873   1.000000000000000   1.000000000000000   0.998097349045873   0.998097349045873   1.000000000000000   
PATCH 20 
2 1 
4 2 
0.000000000000000   0.000000000000000   0.000000000000000   0.500000000000000   1.000000000000000   1.000000000000000   1.000000000000000   
0.000000000000000   0.000000000000000   1.000000000000000   1.000000000000000   
0.003463268250618   0.004556665287095   0.006743459360051   0.007836856396529   0.000000000000000   0.002178893568691   0.006520098010365   0.008682408883347   
0.048333315219312   0.048211126921911   0.047966750327110   0.047844562029709   0.050000000000000   0.049904867452294   0.049525061277599   0.049240387650610   
1.000000000000000   1.000000000000000   1.000000000000000   1.000000000000000   1.000000000000000   0.998097349045873   0.998097349045873   1.000000000000000   
PATCH 21 
2 1 
13 2 
0.000000000000000   0.000000000000000   0.000000000000000   0.125000000000000   0.125000000000000   0.250000000000000   0.250000000000000   0.500000000000000   0.500000000000000   0.625000000000000   0.625000000000000   0.750000000000000   0.750000000000000   1.000000000000000   1.000000000000000   1.000000000000000   
0.000000000000000   0.000000000000000   1.000000000000000   1.000000000000000   
0.007836856396529   0.007191492511752   0.007980835997978   0.007285224088146   0.008006879370095   0.007434004029134   0.006861128688173   0.006737663846889   0.006737188919195   0.006736713991502   0.006859228977400   0.006913986153018   0.006968743328637   0.008682408883347   0.009214726804819   0.009640546546101   0.010204579227687   0.010706751436463   0.011758951896621   0.012822297974987   0.013345286895547   0.013878866795082   0.014420899762041   0.014960513940484   0.016022517000541   0.017060633813335   
0.047844562029709   0.043384103686504   0.047757066385036   0.043244103668444   0.047590611117053   0.045595135368383   0.043599659619713   0.042835550015405   0.042809732825793   0.042783915636181   0.043496390861264   0.043275298235021   0.043054205608778   0.049240387650610   0.049122375608591   0.048470904232705   0.048533827092289   0.048299783987514   0.048057032538896   0.047853467512439   0.047715858351645   0.047613932750775   0.047536446288148   0.047445250829918   0.047199202045545   0.046873706163721   
1.000000000000000   0.906967428197098   1.000000000000000   0.906967428197098   1.000000000000000   1.000000000000000   1.000000000000000   0.983043661696598   0.983043661696598   0.983043661696598   1.000000000000000   1.000000000000000   1.000000000000000   1.000000000000000   0.999524337261468   0.999167590207569   0.998810843153671   0.998573011784405   0.998097349045873   0.998097349045873   0.998097349045873   0.998216264730506   0.998335180415139   0.998573011784404   0.999048674522936   1.000000000000000   
PATCH 22 
2 2 
13 4 
0.000000000000000   0.000000000000000   0.000000000000000   0.250000000000000   0.250000000000000   0.375000000000000   0.375000000000000   0.500000000000000   0.500000000000000   0.750000000000000   0.750000000000000   0.875000000000000   0.875000000000000   1.000000000000000   1.000000000000000   1.000000000000000   
0.000000000000000   0.000000000000000   0.000000000000000   0.500000000000000   1.000000000000000   1.000000000000000   1.000000000000000   
0.004317210450939   0.003842545294573   0.003367880138208   0.003359104865083   0.003357744386482   0.003356383907881   0.003362438223804   0.003301958986718   0.003241479749632   0.002931644820705   0.003302939563898   0.003054029366180   0.003463268250618   0.004980093670363   0.004610405509184   0.004240717348006   0.004203507146687   0.004202605519660   0.004201703892633   0.004237110839896   0.004334970247322   0.004432829654748   0.004020039637565   0.004472413672418   0.004088395152573   0.004556665287095   0.006305860109212   0.006146125938407   0.005986391767602   0.005892311709897   0.005892327786017   0.005892343862137   0.005986456072081   0.006400992768530   0.006815529464980   0.006196829271286   0.006811361889458   0.006157126725359   0.006743459360051   0.006968743328637   0.006913986153018   0.006859228977400   0.006736713991502   0.006737188919195   0.006737663846889   0.006861128688173   0.007434004029134   0.008006879370095   0.007285224088146   0.007980835997978   0.007191492511752   0.007836856396529   
0.042397510476473   0.044314062322357   0.046230614168241   0.046148050907475   0.046156819125785   0.046165587344094   0.046265687041478   0.047193615898042   0.048121544754605   0.043687994194701   0.048279202973918   0.043804850713199   0.048333315219312   0.042561684259549   0.044054371300523   0.045547058341496   0.045307017089652   0.045320047550787   0.045333078011922   0.045599180186037   0.046793995765627   0.047988811345217   0.043577021563136   0.048148668826698   0.043699663956525   0.048211126921911   0.042890031825702   0.043534989256855   0.044179946688008   0.043624949454005   0.043646504400791   0.043668059347578   0.044266166475154   0.045994755500798   0.047723344526441   0.043355076300008   0.047887600532256   0.043489290443178   0.047966750327110   0.043054205608778   0.043275298235021   0.043496390861264   0.042783915636181   0.042809732825793   0.042835550015405   0.043599659619713   0.045595135368383   0.047590611117053   0.043244103668444   0.047757066385036   0.043384103686504   0.047844562029709   
1.000000000000000   1.000000000000000   1.000000000000000   0.998027796554970   0.998027796554970   0.998027796554970   1.000000000000000   1.000000000000000   1.000000000000000   0.906113186615426   1.000000000000000   0.906113186615426   1.000000000000000   1.000000000000000   1.000000000000000   1.000000000000000   0.994281762840377   0.994281762840377   0.994281762840377   1.000000000000000   1.000000000000000   1.000000000000000   0.906326747010844   1.000000000000000   0.906326747010844   1.000000000000000   1.000000000000000   1.000000000000000   1.000000000000000   0.986789695411191   0.986789695411191   0.986789695411191   1.000000000000000   1.000000000000000   1.000000000000000   0.906753867801680   1.000000000000000   0.906753867801680   1.000000000000000   1.000000000000000   1.000000000000000   1.000000000000000   0.983043661696598   0.983043661696598   0.983043661696598   1.000000000000000   1.000000000000000   1.000000000000000   0.906967428197098   1.000000000000000   0.906967428197098   1.000000000000000   
PATCH 23 
2 1 
13 2 
0.000000000000000   0.000000000000000   0.000000000000000   0.125000000000000   0.125000000000000   0.250000000000000   0.250000000000000   0.500000000000000   0.500000000000000   0.625000000000000   0.625000000000000   0.750000000000000   0.750000000000000   1.000000000000000   1.000000000000000   1.000000000000000   
0.000000000000000   0.000000000000000   1.000000000000000   1.000000000000000   
0.008682408883347   0.009214726804819   0.009640546546101   0.010204579227687   0.010706751436463   0.011758951896621   0.012822297974987   0.013345286895547   0.013878866795082   0.014420899762041   0.014960513940484   0.016022517000541   0.017060633813335   0.008769232972180   0.009306874072867   0.009842960902535   0.010379047732203   0.010913580290852   0.011982645408149   0.013045493441370   0.013576917457981   0.014106787203572   0.014636656949163   0.015164972423735   0.016221603372879   0.017272017237946   
0.049240387650610   0.049122375608591   0.048470904232705   0.048533827092289   0.048299783987514   0.048057032538896   0.047853467512439   0.047715858351645   0.047613932750775   0.047536446288148   0.047445250829918   0.047199202045545   0.046873706163721   0.049732791527117   0.049613599364677   0.049488606583825   0.049363613802972   0.049232820403708   0.048971233605179   0.048686444333000   0.048544049696911   0.048395854442409   0.048247659187908   0.048093663314994   0.047785671569166   0.047454477349688   
1.000000000000000   0.999524337261468   0.999167590207569   0.998810843153671   0.998573011784405   0.998097349045873   0.998097349045873   0.998097349045873   0.998216264730506   0.998335180415139   0.998573011784404   0.999048674522936   1.000000000000000   1.000000000000000   0.999524337261468   0.999167590207569   0.998810843153671   0.998573011784405   0.998097349045873   0.998097349045873   0.998097349045873   0.998216264730506   0.998335180415139   0.998573011784404   0.999048674522936   1.000000000000000   
PATCH 24 
2 1 
6 2 
0.000000000000000   0.000000000000000   0.000000000000000   0.250000000000000   0.500000000000000   0.750000000000000   1.000000000000000   1.000000000000000   1.000000000000000   
0.000000000000000   0.000000000000000   1.000000000000000   1.000000000000000   
0.017060633813335   0.018106816044845   0.020102584402413   0.021996030916011   0.023982412571824   0.024999108009399   0.017272017237946   0.018289568482936   0.020304367573183   0.022298863263696   0.024273055554476   0.025250000000000   
0.046873706163721   0.046563032255074   0.045687885926472   0.044602370204396   0.043713088828873   0.043299725216182   0.047454477349688   0.047032993823604   0.046146485990198   0.045216437375554   0.044242847979673   0.043734282891114   
1.000000000000000   0.999048674522936   0.998097349045873   0.998097349045873   0.999048674522936   1.000000000000000   1.000000000000000   0.999048674522936   0.998097349045873   0.998097349045873   0.999048674522936   1.000000000000000   
PATCH 25 
2 1 
6 2 
0.000000000000000   0.000000000000000   0.000000000000000   0.250000000000000   0.500000000000000   0.750000000000000   1.000000000000000   1.000000000000000   1.000000000000000   
0.000000000000000   0.000000000000000   1.000000000000000   1.000000000000000   
0.017060633813335   0.018106816044845   0.020102584402413   0.021996030916011   0.023982412571824   0.024999108009399   0.006968743328637   0.007758348018150   0.009337557397176   0.010916766776203   0.012495976155229   0.013285580844743   
0.046873706163721   0.046563032255074   0.045687885926472   0.044602370204396   0.043713088828873   0.043299725216182   0.043054205608778   0.039866024835636   0.033489663289352   0.027113301743068   0.020736940196783   0.017548759423641   
1.000000000000000   0.999048674522936   0.998097349045873   0.998097349045873   0.999048674522936   1.000000000000000   1.000000000000000   1.000000000000000   1.000000000000000   1.000000000000000   1.000000000000000   1.000000000000000   
PATCH 26 
2 1 
13 2 
0.000000000000000   0.000000000000000   0.000000000000000   0.250000000000000   0.250000000000000   0.375000000000000   0.375000000000000   0.500000000000000   0.500000000000000   0.750000000000000   0.750000000000000   0.875000000000000   0.875000000000000   1.000000000000000   1.000000000000000   1.000000000000000   
0.000000000000000   0.000000000000000   1.000000000000000   1.000000000000000   
0.024999108009399   0.026308316087695   0.027588382469417   0.028223118347628   0.028811229326585   0.029465285292022   0.030116488484174   0.031130358568302   0.031783634552577   0.032276529939301   0.032802736539371   0.033389440525795   0.033963819362459   0.013285580844743   0.013354110368126   0.013422639891509   0.013273221741215   0.013282652067409   0.013292082393604   0.013460361196287   0.014013827052686   0.014567292909085   0.012757073411354   0.012753325417743   0.012749577424131   0.014552300934640   
0.043299725216182   0.042429036359938   0.041520176402334   0.041058003563472   0.040531397364264   0.040098584090695   0.039660007359771   0.038420067533154   0.036794015355404   0.036197668334482   0.035642955022547   0.035155948418293   0.034654081355842   0.017548759423641   0.017272058294906   0.016995357166171   0.016778962564905   0.016759822973238   0.016740683381572   0.016918798799505   0.016224237170971   0.015529675542436   0.013503502393269   0.013436987314576   0.013370472235883   0.015263615227664   
1.000000000000000   0.998022202668537   0.997033304002805   0.996538854669940   0.996291630003507   0.996044405337074   0.996044405337074   0.996044405337074   0.997033304002805   0.997527753335671   0.998269427334970   0.999011101334268   1.000000000000000   1.000000000000000   1.000000000000000   1.000000000000000   0.988486053503683   0.988486053503683   0.988486053503683   1.000000000000000   1.000000000000000   1.000000000000000   0.872883924645112   0.872883924645112   0.872883924645112   1.000000000000000   
PATCH 27 
2 2 
6 4 
0.000000000000000   0.000000000000000   0.000000000000000   0.250000000000000   0.500000000000000   0.750000000000000   1.000000000000000   1.000000000000000   1.000000000000000   
0.000000000000000   0.000000000000000   0.000000000000000   0.500000000000000   1.000000000000000   1.000000000000000   1.000000000000000   
0.010634047967045   0.009844443277532   0.008265233898505   0.006686024519478   0.005106815140452   0.004317210450939   0.011296931186469   0.010507326496956   0.008928117117929   0.007348907738903   0.005769698359876   0.004980093670363   0.012622697625318   0.011833092935805   0.010253883556778   0.008674674177752   0.007095464798725   0.006305860109212   0.013285580844743   0.012495976155229   0.010916766776203   0.009337557397176   0.007758348018150   0.006968743328637   
0.016892064291337   0.020080245064479   0.026456606610763   0.032832968157047   0.039209329703331   0.042397510476473   0.017056238074413   0.020244418847555   0.026620780393839   0.032997141940123   0.039373503486407   0.042561684259549   0.017384585640565   0.020572766413707   0.026949127959991   0.033325489506276   0.039701851052560   0.042890031825702   0.017548759423641   0.020736940196783   0.027113301743068   0.033489663289352   0.039866024835636   0.043054205608778   
1.000000000000000   1.000000000000000   1.000000000000000   1.000000000000000   1.000000000000000   1.000000000000000   1.000000000000000   1.000000000000000   1.000000000000000   1.000000000000000   1.000000000000000   1.000000000000000   1.000000000000000   1.000000000000000   1.000000000000000   1.000000000000000   1.000000000000000   1.000000000000000   1.000000000000000   1.000000000000000   1.000000000000000   1.000000000000000   1.000000000000000   1.000000000000000   
PATCH 28 
2 2 
13 4 
0.000000000000000   0.000000000000000   0.000000000000000   0.250000000000000   0.250000000000000   0.375000000000000   0.375000000000000   0.500000000000000   0.500000000000000   0.750000000000000   0.750000000000000   0.875000000000000   0.875000000000000   1.000000000000000   1.000000000000000   1.000000000000000   
0.000000000000000   0.000000000000000   0.000000000000000   0.500000000000000   1.000000000000000   1.000000000000000   1.000000000000000   
0.010634047967045   0.010811172336651   0.010988296706257   0.010972591877577   0.010975131918640   0.010977671959704   0.010998456870511   0.011496648280177   0.011994839689844   0.010629887582007   0.012140810973893   0.010814114815314   0.012320235517289   0.011296931186469   0.011446906844520   0.011596882502570   0.011547749343487   0.011552011955833   0.011556274568179   0.011613932951955   0.012125942973305   0.012637952994654   0.011161684039344   0.012293939584856   0.011297980467519   0.012878251871626   0.012622697625318   0.012718375860257   0.012814054095196   0.012698064275305   0.012705772030217   0.012713479785129   0.012844885114843   0.013384532359559   0.013924179604275   0.012225276954017   0.012600196806781   0.012265711771927   0.013994284580302   0.013285580844743   0.013354110368126   0.013422639891509   0.013273221741215   0.013282652067409   0.013292082393604   0.013460361196287   0.014013827052686   0.014567292909085   0.012757073411354   0.012753325417743   0.012749577424131   0.014552300934640   
0.016892064291337   0.016176890588428   0.015461716885518   0.015429141107290   0.015421550362327   0.015413959617365   0.015431353905669   0.014262940750250   0.013094527594832   0.011477958614108   0.012976614965309   0.011442302892604   0.013031549810313   0.017056238074413   0.016450682515047   0.015845126955681   0.015766596471693   0.015756118515055   0.015745640558417   0.015803215129128   0.014753264855431   0.013703314581733   0.011984344558898   0.013091708052626   0.011924345228424   0.013589566164651   0.017384585640565   0.016998266368287   0.016611947096008   0.016441507200501   0.016425254820511   0.016409002440520   0.016546937576046   0.015733913065791   0.014920888555535   0.012997116448479   0.013321894227259   0.012888429900063   0.014705598873326   0.017548759423641   0.017272058294906   0.016995357166171   0.016778962564905   0.016759822973238   0.016740683381572   0.016918798799505   0.016224237170971   0.015529675542436   0.013503502393269   0.013436987314576   0.013370472235883   0.015263615227664   
1.000000000000000   1.000000000000000   1.000000000000000   0.998395645604788   0.998395645604788   0.998395645604788   1.000000000000000   1.000000000000000   1.000000000000000   0.883137149710684   1.000000000000000   0.883137149710684   1.000000000000000   1.000000000000000   1.000000000000000   1.000000000000000   0.995918247579511   0.995918247579511   0.995918247579511   1.000000000000000   1.000000000000000   1.000000000000000   0.880573843444291   0.968220981161278   0.880573843444291   1.000000000000000   1.000000000000000   1.000000000000000   1.000000000000000   0.990963451528959   0.990963451528959   0.990963451528959   1.000000000000000   1.000000000000000   1.000000000000000   0.875447230911505   0.904662943483834   0.875447230911505   1.000000000000000   1.000000000000000   1.000000000000000   1.000000000000000   0.988486053503683   0.988486053503683   0.988486053503683   1.000000000000000   1.000000000000000   1.000000000000000   0.872883924645112   0.872883924645112   0.872883924645112   1.000000000000000   
PATCH 29 
2 1 
13 2 
0.000000000000000   0.000000000000000   0.000000000000000   0.250000000000000   0.250000000000000   0.375000000000000   0.375000000000000   0.500000000000000   0.500000000000000   0.750000000000000   0.750000000000000   0.875000000000000   0.875000000000000   1.000000000000000   1.000000000000000   1.000000000000000   
0.000000000000000   0.000000000000000   1.000000000000000   1.000000000000000   
0.024999108009399   0.026308316087695   0.027588382469417   0.028223118347628   0.028811229326585   0.029465285292022   0.030116488484174   0.031130358568302   0.031783634552577   0.032276529939301   0.032802736539371   0.033389440525795   0.033963819362459   0.025250000000000   0.026178902508932   0.027094027156471   0.027551589480241   0.028005707338662   0.028459825197083   0.028910498590156   0.029811845376303   0.030699414301056   0.031143198763433   0.031583538760461   0.032023878757490   0.032460774289170   
0.043299725216182   0.042429036359938   0.041520176402334   0.041058003563472   0.040531397364264   0.040098584090695   0.039660007359771   0.038420067533154   0.036794015355404   0.036197668334482   0.035642955022547   0.035155948418293   0.034654081355842   0.043734282891114   0.043142506727484   0.042531053738569   0.042225327244111   0.041914681543332   0.041604035842553   0.041288470935453   0.040657341121252   0.040006534481766   0.039681131162023   0.039350808635958   0.039020486109894   0.038685244377508   
1.000000000000000   0.998022202668537   0.997033304002805   0.996538854669940   0.996291630003507   0.996044405337074   0.996044405337074   0.996044405337074   0.997033304002805   0.997527753335671   0.998269427334970   0.999011101334268   1.000000000000000   1.000000000000000   0.999048674522937   0.998573011784405   0.998335180415139   0.998216264730506   0.998097349045873   0.998097349045873   0.998097349045873   0.998573011784405   0.998810843153671   0.999167590207569   0.999524337261468   1.000000000000000   
PATCH 30 
2 1 
6 2 
0.000000000000000   0.000000000000000   0.000000000000000   0.250000000000000   0.500000000000000   0.750000000000000   1.000000000000000   1.000000000000000   1.000000000000000   
0.000000000000000   0.000000000000000   1.000000000000000   1.000000000000000   
0.010634047967045   0.009844443277532   0.008265233898505   0.006686024519478   0.005106815140452   0.004317210450939   0.000000000000000   0.000000000000000   0.000000000000000   0.000000000000000   0.000000000000000   0.000000000000000   
0.016892064291337   0.020080245064479   0.026456606610763   0.032832968157047   0.039209329703331   0.042397510476473   0.014550000000000   0.018030938809559   0.024992816428678   0.031954694047796   0.038916571666914   0.042397510476473   
1.000000000000000   1.000000000000000   1.000000000000000   1.000000000000000   1.000000000000000   1.000000000000000   1.000000000000000   1.000000000000000   1.000000000000000   1.000000000000000   1.000000000000000   1.000000000000000   
PATCH 31 
2 1 
13 2 
0.000000000000000   0.000000000000000   0.000000000000000   0.250000000000000   0.250000000000000   0.375000000000000   0.375000000000000   0.500000000000000   0.500000000000000   0.750000000000000   0.750000000000000   0.875000000000000   0.875000000000000   1.000000000000000   1.000000000000000   1.000000000000000   
0.000000000000000   0.000000000000000   1.000000000000000   1.000000000000000   
0.004317210450939   0.003842545294573   0.003367880138208   0.003359104865083   0.003357744386482   0.003356383907881   0.003362438223804   0.003301958986718   0.003241479749632   0.002931644820705   0.003302939563898   0.003054029366180   0.003463268250618   0.000000000000000   0.000000000000000   0.000000000000000   0.000000000000000   0.000000000000000   0.000000000000000   0.000000000000000   0.000000000000000   0.000000000000000   0.000000000000000   0.000000000000000   0.000000000000000   0.000000000000000   
0.042397510476473   0.044314062322357   0.046230614168241   0.046148050907475   0.046156819125785   0.046165587344094   0.046265687041478   0.047193615898042   0.048121544754605   0.043687994194701   0.048279202973918   0.043804850713199   0.048333315219312   0.042397510476473   0.043347821666914   0.044298132857355   0.044773288452575   0.045248444047796   0.045723599643016   0.046198755238237   0.047149066428678   0.048099377619118   0.048574533214339   0.049049688809559   0.049524844404780   0.050000000000000   
1.000000000000000   1.000000000000000   1.000000000000000   0.998027796554970   0.998027796554970   0.998027796554970   1.000000000000000   1.000000000000000   1.000000000000000   0.906113186615426   1.000000000000000   0.906113186615426   1.000000000000000   1.000000000000000   1.000000000000000   1.000000000000000   1.000000000000000   1.000000000000000   1.000000000000000   1.000000000000000   1.000000000000000   1.000000000000000   1.000000000000000   1.000000000000000   1.000000000000000   1.000000000000000   
PATCH 32 
2 1 
13 2 
0.000000000000000   0.000000000000000   0.000000000000000   0.250000000000000   0.250000000000000   0.375000000000000   0.375000000000000   0.500000000000000   0.500000000000000   0.750000000000000   0.750000000000000   0.875000000000000   0.875000000000000   1.000000000000000   1.000000000000000   1.000000000000000   
0.000000000000000   0.000000000000000   1.000000000000000   1.000000000000000   
0.000000000000000   0.001375090977434   0.002699160975650   0.003361195974758   0.004010475729062   0.004659755483366   0.005296279992865   0.006569329011864   0.007791357051644   0.008402371071535   0.009000629846621   0.009598888621707   0.010184392151988   0.010634047967045   0.010811172336651   0.010988296706257   0.010972591877577   0.010975131918640   0.010977671959704   0.010998456870511   0.011496648280177   0.011994839689844   0.010629887582007   0.012140810973893   0.010814114815314   0.012320235517289   
0.014550000000000   0.014280070497225   0.013885191629518   0.013687752195665   0.013459075420579   0.013230398645493   0.012970484529174   0.012450656296536   0.011805878698967   0.011483489900182   0.011129863760164   0.010776237620147   0.010391374138896   0.016892064291337   0.016176890588428   0.015461716885518   0.015429141107290   0.015421550362327   0.015413959617365   0.015431353905669   0.014262940750250   0.013094527594832   0.011477958614108   0.012976614965309   0.011442302892604   0.013031549810313   
1.000000000000000   0.981448144139167   0.972172216208751   0.967534252243543   0.965215270260939   0.962896288278335   0.962896288278335   0.962896288278335   0.972172216208751   0.976810180173959   0.983767126121772   0.990724072069584   1.000000000000000   1.000000000000000   1.000000000000000   1.000000000000000   0.998395645604788   0.998395645604788   0.998395645604788   1.000000000000000   1.000000000000000   1.000000000000000   0.883137149710684   1.000000000000000   0.883137149710684   1.000000000000000   
INTERFACE 1 
1 2 
5 1 
1 
INTERFACE 2 
1 3 
2 4 
1 
INTERFACE 3 
2 1 
13 2 
1 
INTERFACE 4 
2 2 
3 1 
1 
INTERFACE 5 
2 3 
4 2 
1 
INTERFACE 6 
3 2 
7 1 
-1 
INTERFACE 7 
3 3 
4 4 
-1 
INTERFACE 8 
3 4 
5 3 
1 
INTERFACE 9 
4 1 
9 2 
1 
INTERFACE 10 
4 3 
13 3 
1 
INTERFACE 11 
5 2 
6 1 
1 
INTERFACE 12 
6 2 
11 1 
1 
INTERFACE 13 
6 3 
7 3 
1 
INTERFACE 14 
7 2 
8 1 
1 
INTERFACE 15 
7 4 
9 4 
-1 
INTERFACE 16 
8 2 
15 1 
1 
INTERFACE 17 
8 3 
11 3 
1 
INTERFACE 18 
8 4 
10 4 
1 
INTERFACE 19 
9 1 
10 1 
1 
INTERFACE 20 
9 3 
12 3 
1 
INTERFACE 21 
10 2 
16 3 
1 
INTERFACE 22 
10 3 
14 4 
1 
INTERFACE 23 
11 2 
18 1 
1 
INTERFACE 24 
12 1 
14 1 
-1 
INTERFACE 25 
12 2 
13 1 
1 
INTERFACE 26 
14 2 
17 1 
-1 
INTERFACE 27 
15 2 
26 2 
1 
INTERFACE 28 
15 3 
18 3 
1 
INTERFACE 29 
15 4 
16 2 
1 
INTERFACE 30 
16 1 
17 3 
1 
INTERFACE 31 
16 4 
28 2 
1 
INTERFACE 32 
17 2 
32 2 
-1 
INTERFACE 33 
18 2 
29 2 
1 
INTERFACE 34 
19 2 
23 1 
1 
INTERFACE 35 
19 3 
20 4 
1 
INTERFACE 36 
20 1 
31 2 
1 
INTERFACE 37 
20 2 
21 1 
1 
INTERFACE 38 
20 3 
22 2 
1 
INTERFACE 39 
21 2 
25 1 
-1 
INTERFACE 40 
21 3 
22 4 
-1 
INTERFACE 41 
21 4 
23 3 
1 
INTERFACE 42 
22 1 
27 2 
1 
INTERFACE 43 
22 3 
31 3 
1 
INTERFACE 44 
23 2 
24 1 
1 
INTERFACE 45 
24 2 
29 1 
1 
INTERFACE 46 
24 3 
25 3 
1 
INTERFACE 47 
25 2 
26 1 
1 
INTERFACE 48 
25 4 
27 4 
-1 
INTERFACE 49 
26 3 
29 3 
1 
INTERFACE 50 
26 4 
28 4 
1 
INTERFACE 51 
27 1 
28 1 
1 
INTERFACE 52 
27 3 
30 3 
1 
INTERFACE 53 
28 3 
32 4 
1 
INTERFACE 54 
30 1 
32 1 
-1 
INTERFACE 55 
30 2 
31 1 
1 
BOUNDARY 1 
1 
1 1 
BOUNDARY 2 
1 
1 4 
BOUNDARY 3 
1 
5 4 
BOUNDARY 4 
1 
6 4 
BOUNDARY 5 
1 
11 4 
BOUNDARY 6 
1 
12 4 
BOUNDARY 7 
1 
13 4 
BOUNDARY 8 
1 
14 3 
BOUNDARY 9 
1 
17 4 
BOUNDARY 10 
1 
18 4 
BOUNDARY 11 
1 
19 1 
BOUNDARY 12 
1 
19 4 
BOUNDARY 13 
1 
23 4 
BOUNDARY 14 
1 
24 4 
BOUNDARY 15 
1 
29 4 
BOUNDARY 16 
1 
30 4 
BOUNDARY 17 
1 
31 4 
BOUNDARY 18 
1 
32 3 
