# nurbs mesh v.2.1
#
# 14-Jul-2024
#
2 2 32 55 0 
PATCH 1 
2 1 
4 2 
0.000000000000000   0.000000000000000   0.000000000000000   0.500000000000000   1.000000000000000   1.000000000000000   1.000000000000000   
0.000000000000000   0.000000000000000   1.000000000000000   1.000000000000000   
0.050000000000000   0.049904867452294   0.049525061277599   0.049240387650610   0.050500000000000   0.050403916126817   0.050020311890375   0.049732791527117   
0.000000000000000   0.002178893568691   0.006520098010365   0.008682408883347   0.000000000000000   0.002200682504378   0.006585298990468   0.008769232972180   
1.000000000000000   0.998097349045873   0.998097349045873   1.000000000000000   1.000000000000000   0.998097349045873   0.998097349045873   1.000000000000000   
PATCH 2 
2 1 
4 2 
0.000000000000000   0.000000000000000   0.000000000000000   0.500000000000000   1.000000000000000   1.000000000000000   1.000000000000000   
0.000000000000000   0.000000000000000   1.000000000000000   1.000000000000000   
0.048320403278024   0.048194064585508   0.047941387200476   0.047815048507960   0.050000000000000   0.049904867452294   0.049525061277599   0.049240387650610   
0.003282664579957   0.004428060207991   0.006718851464060   0.007864247092095   0.000000000000000   0.002178893568691   0.006520098010365   0.008682408883347   
1.000000000000000   1.000000000000000   1.000000000000000   1.000000000000000   1.000000000000000   0.998097349045873   0.998097349045873   1.000000000000000   
PATCH 3 
2 1 
13 2 
0.000000000000000   0.000000000000000   0.000000000000000   0.125000000000000   0.125000000000000   0.250000000000000   0.250000000000000   0.500000000000000   0.500000000000000   0.625000000000000   0.625000000000000   0.750000000000000   0.750000000000000   1.000000000000000   1.000000000000000   1.000000000000000   
0.000000000000000   0.000000000000000   1.000000000000000   1.000000000000000   
0.047815048507960   0.043450235309958   0.047729290233662   0.043312630323971   0.047564908544609   0.045538567313759   0.043512226082908   0.042763363917866   0.042737778673253   0.042712193428641   0.043409885104459   0.043173732892191   0.042937580679922   0.049240387650610   0.049122375608591   0.048471302285783   0.048467200410786   0.048245453471918   0.048002833304034   0.047804791141130   0.047671490506906   0.047583609103525   0.047505412446681   0.047415828771271   0.047149419826604   0.046875367700810   
0.007864247092095   0.007230757973634   0.008007313275799   0.007325030357510   0.008035616541235   0.007497357422181   0.006959098303127   0.006836715901776   0.006836692727628   0.006836669553480   0.006959005606535   0.007021277202377   0.007083548798219   0.008682408883347   0.009214726804819   0.009640625716261   0.010190570498295   0.010694707835481   0.011745690025009   0.012809255180604   0.013332877989212   0.013870027830589   0.014411485176981   0.014951236528923   0.016005617637527   0.017061238563378   
1.000000000000000   0.908905885769257   1.000000000000000   0.908905885769257   1.000000000000000   1.000000000000000   1.000000000000000   0.983357908828602   0.983357908828602   0.983357908828602   1.000000000000000   1.000000000000000   1.000000000000000   1.000000000000000   0.999524337261468   0.999167590207569   0.998810843153671   0.998573011784405   0.998097349045873   0.998097349045873   0.998097349045873   0.998216264730506   0.998335180415139   0.998573011784404   0.999048674522936   1.000000000000000   
PATCH 4 
2 2 
13 4 
0.000000000000000   0.000000000000000   0.000000000000000   0.250000000000000   0.250000000000000   0.375000000000000   0.375000000000000   0.500000000000000   0.500000000000000   0.750000000000000   0.750000000000000   0.875000000000000   0.875000000000000   1.000000000000000   1.000000000000000   1.000000000000000   
0.000000000000000   0.000000000000000   0.000000000000000   0.500000000000000   1.000000000000000   1.000000000000000   1.000000000000000   
0.042177236424588   0.044029198210962   0.045881159997337   0.045790323385549   0.045799517467669   0.045808711549790   0.045917936325819   0.047012663107350   0.048107389888881   0.043651713312827   0.048265740282998   0.043769319437963   0.048320403278024   0.042367322488422   0.043815331881270   0.045263341274117   0.045020790896322   0.045034082769065   0.045047374641809   0.045316508765092   0.046644139158952   0.047971769552813   0.043566942565613   0.048131627770664   0.043689548405962   0.048194064585508   0.042747494616089   0.043387599221884   0.044027703827678   0.043481725917868   0.043503213371857   0.043524700825847   0.044113653643636   0.045907091262157   0.047700528880677   0.043397401071185   0.047863402745996   0.043530006341959   0.047941387200476   0.042937580679922   0.043173732892191   0.043409885104459   0.042712193428641   0.042737778673253   0.042763363917866   0.043512226082908   0.045538567313759   0.047564908544609   0.043312630323971   0.047729290233662   0.043450235309958   0.047815048507960   
0.004200099682220   0.003711751024512   0.003223402366803   0.003214011113854   0.003212484995214   0.003210958876573   0.003217297892242   0.003139270639167   0.003061243386092   0.002766299273539   0.003122078892239   0.002888547404222   0.003282664579957   0.004920961961220   0.004539132568978   0.004157303176736   0.004119675723761   0.004118536928317   0.004117398132874   0.004152747994963   0.004228792334921   0.004304836674878   0.003905982044531   0.004343387488129   0.003974100046575   0.004428060207991   0.006362686519219   0.006193895657911   0.006025104796602   0.005931004943574   0.005930640794525   0.005930276645476   0.006023648200406   0.006407835726428   0.006792023252450   0.006185347586517   0.006786004679909   0.006145205331281   0.006718851464060   0.007083548798219   0.007021277202377   0.006959005606535   0.006836669553480   0.006836692727628   0.006836715901776   0.006959098303127   0.007497357422181   0.008035616541235   0.007325030357510   0.008007313275799   0.007230757973634   0.007864247092095   
1.000000000000000   1.000000000000000   1.000000000000000   0.997823759373097   0.997823759373097   0.997823759373097   1.000000000000000   1.000000000000000   1.000000000000000   0.905622002669101   1.000000000000000   0.905622002669101   1.000000000000000   1.000000000000000   1.000000000000000   1.000000000000000   0.994207296736973   0.994207296736973   0.994207296736973   1.000000000000000   1.000000000000000   1.000000000000000   0.906442973444140   1.000000000000000   0.906442973444140   1.000000000000000   1.000000000000000   1.000000000000000   1.000000000000000   0.986974371464725   0.986974371464725   0.986974371464725   1.000000000000000   1.000000000000000   1.000000000000000   0.908084914994218   1.000000000000000   0.908084914994218   1.000000000000000   1.000000000000000   1.000000000000000   1.000000000000000   0.983357908828602   0.983357908828602   0.983357908828602   1.000000000000000   1.000000000000000   1.000000000000000   0.908905885769257   1.000000000000000   0.908905885769257   1.000000000000000   
PATCH 5 
2 1 
13 2 
0.000000000000000   0.000000000000000   0.000000000000000   0.125000000000000   0.125000000000000   0.250000000000000   0.250000000000000   0.500000000000000   0.500000000000000   0.625000000000000   0.625000000000000   0.750000000000000   0.750000000000000   1.000000000000000   1.000000000000000   1.000000000000000   
0.000000000000000   0.000000000000000   1.000000000000000   1.000000000000000   
0.049240387650610   0.049122375608591   0.048471302285783   0.048467200410786   0.048245453471918   0.048002833304034   0.047804791141130   0.047671490506906   0.047583609103525   0.047505412446681   0.047415828771271   0.047149419826604   0.046875367700810   0.049732791527117   0.049613599364677   0.049488606583825   0.049363613802972   0.049232820403708   0.048971233605179   0.048686444333000   0.048544049696911   0.048395854442409   0.048247659187908   0.048093663314994   0.047785671569166   0.047454477349688   
0.008682408883347   0.009214726804819   0.009640625716261   0.010190570498295   0.010694707835481   0.011745690025009   0.012809255180604   0.013332877989212   0.013870027830589   0.014411485176981   0.014951236528923   0.016005617637527   0.017061238563378   0.008769232972180   0.009306874072867   0.009842960902535   0.010379047732203   0.010913580290852   0.011982645408149   0.013045493441370   0.013576917457981   0.014106787203572   0.014636656949163   0.015164972423735   0.016221603372879   0.017272017237946   
1.000000000000000   0.999524337261468   0.999167590207569   0.998810843153671   0.998573011784405   0.998097349045873   0.998097349045873   0.998097349045873   0.998216264730506   0.998335180415139   0.998573011784404   0.999048674522936   1.000000000000000   1.000000000000000   0.999524337261468   0.999167590207569   0.998810843153671   0.998573011784405   0.998097349045873   0.998097349045873   0.998097349045873   0.998216264730506   0.998335180415139   0.998573011784404   0.999048674522936   1.000000000000000   
PATCH 6 
2 1 
6 2 
0.000000000000000   0.000000000000000   0.000000000000000   0.250000000000000   0.500000000000000   0.750000000000000   1.000000000000000   1.000000000000000   1.000000000000000   
0.000000000000000   0.000000000000000   1.000000000000000   1.000000000000000   
0.046875367700810   0.046547381663654   0.045678345505760   0.044608664638038   0.043707826636688   0.043293354555692   0.047454477349688   0.047032993823604   0.046146485990198   0.045216437375554   0.044242847979673   0.043734282891114   
0.017061238563378   0.018100730049881   0.020098386635134   0.021999135068466   0.023979525563209   0.024995429906851   0.017272017237946   0.018289568482936   0.020304367573183   0.022298863263696   0.024273055554476   0.025250000000000   
1.000000000000000   0.999048674522936   0.998097349045873   0.998097349045873   0.999048674522936   1.000000000000000   1.000000000000000   0.999048674522936   0.998097349045873   0.998097349045873   0.999048674522936   1.000000000000000   
PATCH 7 
2 1 
6 2 
0.000000000000000   0.000000000000000   0.000000000000000   0.250000000000000   0.500000000000000   0.750000000000000   1.000000000000000   1.000000000000000   1.000000000000000   
0.000000000000000   0.000000000000000   1.000000000000000   1.000000000000000   
0.046875367700810   0.046547381663654   0.045678345505760   0.044608664638038   0.043707826636688   0.043293354555692   0.042937580679922   0.039819407534037   0.033583061242267   0.027346714950497   0.021110368658726   0.017992195512841   
0.017061238563378   0.018100730049881   0.020098386635134   0.021999135068466   0.023979525563209   0.024995429906851   0.007083548798219   0.007905788048240   0.009550266548281   0.011194745048322   0.012839223548363   0.013661462798384   
1.000000000000000   0.999048674522936   0.998097349045873   0.998097349045873   0.999048674522936   1.000000000000000   1.000000000000000   1.000000000000000   1.000000000000000   1.000000000000000   1.000000000000000   1.000000000000000   
PATCH 8 
2 1 
13 2 
0.000000000000000   0.000000000000000   0.000000000000000   0.250000000000000   0.250000000000000   0.375000000000000   0.375000000000000   0.500000000000000   0.500000000000000   0.750000000000000   0.750000000000000   0.875000000000000   0.875000000000000   1.000000000000000   1.000000000000000   1.000000000000000   
0.000000000000000   0.000000000000000   1.000000000000000   1.000000000000000   
0.043293354555692   0.042422359539188   0.041517004073390   0.041028503043312   0.040496418143602   0.040051319630730   0.039652046165591   0.038357069248230   0.036858959951855   0.036274179659090   0.035701604487839   0.035217543708523   0.034712351740139   0.017992195512841   0.017555902140158   0.017119608767475   0.016927706499782   0.016909794802632   0.016891883105481   0.017047961978873   0.016443593725226   0.015839225471579   0.013806945397405   0.013740929519605   0.013674913641804   0.015575161960378   
0.024995429906851   0.026302612093409   0.027583087295280   0.028198813660623   0.028781486496364   0.029424791944727   0.030103764458981   0.031070822832126   0.031829409034244   0.032333436773745   0.032844372537579   0.033434515513685   0.034006385141383   0.013661462798384   0.013776510141415   0.013891557484446   0.013756610587891   0.013765461979593   0.013774313371294   0.013926963051250   0.014396131372235   0.014865299693220   0.013047579050647   0.013043438423279   0.013039297795910   0.014848737183744   
1.000000000000000   0.998025554254405   0.997038331381607   0.996544719945209   0.996297914227009   0.996051108508810   0.996051108508810   0.996051108508810   0.997038331381607   0.997531942818006   0.998272359972604   0.999012777127202   1.000000000000000   1.000000000000000   1.000000000000000   1.000000000000000   0.989918972130575   0.989918972130575   0.989918972130575   1.000000000000000   1.000000000000000   1.000000000000000   0.874991969354937   0.874991969354937   0.874991969354937   1.000000000000000   
PATCH 9 
2 2 
6 4 
0.000000000000000   0.000000000000000   0.000000000000000   0.250000000000000   0.500000000000000   0.750000000000000   1.000000000000000   1.000000000000000   1.000000000000000   
0.000000000000000   0.000000000000000   0.000000000000000   0.500000000000000   1.000000000000000   1.000000000000000   1.000000000000000   
0.017231851257507   0.020350024403392   0.026586370695162   0.032822716986933   0.039059063278703   0.042177236424588   0.017421937321340   0.020540110467226   0.026776456758996   0.033012803050766   0.039249149342536   0.042367322488422   0.017802109449008   0.020920282594893   0.027156628886663   0.033392975178433   0.039629321470204   0.042747494616089   0.017992195512841   0.021110368658726   0.027346714950497   0.033583061242267   0.039819407534037   0.042937580679922   
0.010778013682385   0.009955774432364   0.008311295932323   0.006666817432282   0.005022338932241   0.004200099682220   0.011498875961385   0.010676636711364   0.009032158211323   0.007387679711282   0.005743201211240   0.004920961961220   0.012940600519384   0.012118361269364   0.010473882769322   0.008829404269281   0.007184925769240   0.006362686519219   0.013661462798384   0.012839223548363   0.011194745048322   0.009550266548281   0.007905788048240   0.007083548798219   
1.000000000000000   1.000000000000000   1.000000000000000   1.000000000000000   1.000000000000000   1.000000000000000   1.000000000000000   1.000000000000000   1.000000000000000   1.000000000000000   1.000000000000000   1.000000000000000   1.000000000000000   1.000000000000000   1.000000000000000   1.000000000000000   1.000000000000000   1.000000000000000   1.000000000000000   1.000000000000000   1.000000000000000   1.000000000000000   1.000000000000000   1.000000000000000   
PATCH 10 
2 2 
13 4 
0.000000000000000   0.000000000000000   0.000000000000000   0.250000000000000   0.250000000000000   0.375000000000000   0.375000000000000   0.500000000000000   0.500000000000000   0.750000000000000   0.750000000000000   0.875000000000000   0.875000000000000   1.000000000000000   1.000000000000000   1.000000000000000   
0.000000000000000   0.000000000000000   0.000000000000000   0.500000000000000   1.000000000000000   1.000000000000000   1.000000000000000   
0.017231851257507   0.016601836011437   0.015971820765367   0.015950614751516   0.015944753229458   0.015938891707400   0.015948374677134   0.014624381168855   0.013300387660577   0.011624147280196   0.013178895902676   0.011586115778827   0.013233407758935   0.017421937321340   0.016840352543617   0.016258767765894   0.016194887688583   0.016186013622751   0.016177139556920   0.016223271502568   0.015079184307948   0.013935097113328   0.012169846809498   0.013319404306908   0.012108315244571   0.013818846309296   0.017802109449008   0.017317385607978   0.016832661766948   0.016683433562716   0.016668534409338   0.016653635255961   0.016773065153438   0.015988790586133   0.015204516018829   0.013261245868103   0.013600421115372   0.013152714176060   0.014989723410017   0.017992195512841   0.017555902140158   0.017119608767475   0.016927706499782   0.016909794802632   0.016891883105481   0.017047961978873   0.016443593725226   0.015839225471579   0.013806945397405   0.013740929519605   0.013674913641804   0.015575161960378   
0.010778013682385   0.010944144053982   0.011110274425579   0.011101250342318   0.011103190218671   0.011105130095024   0.011118033930990   0.011648982814974   0.012179931698958   0.010760736128154   0.012325434624675   0.010946437376221   0.012506982982302   0.011498875961385   0.011652235575840   0.011805595190296   0.011765090403712   0.011768758158901   0.011772425914091   0.011820266211055   0.012335769954289   0.012851273697523   0.011332446858777   0.012504935574326   0.011469652481143   0.013092421532663   0.012940600519384   0.013068418619557   0.013196236719729   0.013092770526498   0.013099894039362   0.013107017552226   0.013224730771185   0.013709344232920   0.014193957694655   0.012475868320024   0.012863937473628   0.012516082690987   0.014263298633384   0.013661462798384   0.013776510141415   0.013891557484446   0.013756610587891   0.013765461979593   0.013774313371294   0.013926963051250   0.014396131372235   0.014865299693220   0.013047579050647   0.013043438423279   0.013039297795910   0.014848737183744   
1.000000000000000   1.000000000000000   1.000000000000000   0.999046076001398   0.999046076001398   0.999046076001398   1.000000000000000   1.000000000000000   1.000000000000000   0.880584505349586   1.000000000000000   0.880584505349586   1.000000000000000   1.000000000000000   1.000000000000000   1.000000000000000   0.996764300033692   0.996764300033692   0.996764300033692   1.000000000000000   1.000000000000000   1.000000000000000   0.879186371350924   0.968747992338734   0.879186371350924   1.000000000000000   1.000000000000000   1.000000000000000   1.000000000000000   0.992200748098281   0.992200748098281   0.992200748098281   1.000000000000000   1.000000000000000   1.000000000000000   0.876390103353599   0.906243977016203   0.876390103353599   1.000000000000000   1.000000000000000   1.000000000000000   1.000000000000000   0.989918972130575   0.989918972130575   0.989918972130575   1.000000000000000   1.000000000000000   1.000000000000000   0.874991969354937   0.874991969354937   0.874991969354937   1.000000000000000   
PATCH 11 
2 1 
13 2 
0.000000000000000   0.000000000000000   0.000000000000000   0.250000000000000   0.250000000000000   0.375000000000000   0.375000000000000   0.500000000000000   0.500000000000000   0.750000000000000   0.750000000000000   0.875000000000000   0.875000000000000   1.000000000000000   1.000000000000000   1.000000000000000   
0.000000000000000   0.000000000000000   1.000000000000000   1.000000000000000   
0.043293354555692   0.042422359539188   0.041517004073390   0.041028503043312   0.040496418143602   0.040051319630730   0.039652046165591   0.038357069248230   0.036858959951855   0.036274179659090   0.035701604487839   0.035217543708523   0.034712351740139   0.043734282891114   0.043142506727484   0.042531053738569   0.042225327244111   0.041914681543332   0.041604035842553   0.041288470935453   0.040657341121252   0.040006534481766   0.039681131162023   0.039350808635958   0.039020486109894   0.038685244377508   
0.024995429906851   0.026302612093409   0.027583087295280   0.028198813660623   0.028781486496364   0.029424791944727   0.030103764458981   0.031070822832126   0.031829409034244   0.032333436773745   0.032844372537579   0.033434515513685   0.034006385141383   0.025250000000000   0.026178902508932   0.027094027156471   0.027551589480241   0.028005707338662   0.028459825197083   0.028910498590156   0.029811845376303   0.030699414301056   0.031143198763433   0.031583538760461   0.032023878757490   0.032460774289170   
1.000000000000000   0.998025554254405   0.997038331381607   0.996544719945209   0.996297914227009   0.996051108508810   0.996051108508810   0.996051108508810   0.997038331381607   0.997531942818006   0.998272359972604   0.999012777127202   1.000000000000000   1.000000000000000   0.999048674522937   0.998573011784405   0.998335180415139   0.998216264730506   0.998097349045873   0.998097349045873   0.998097349045873   0.998573011784405   0.998810843153671   0.999167590207569   0.999524337261468   1.000000000000000   
PATCH 12 
2 1 
6 2 
0.000000000000000   0.000000000000000   0.000000000000000   0.250000000000000   0.500000000000000   0.750000000000000   1.000000000000000   1.000000000000000   1.000000000000000   
0.000000000000000   0.000000000000000   1.000000000000000   1.000000000000000   
0.017231851257507   0.020350024403392   0.026586370695162   0.032822716986933   0.039059063278703   0.042177236424588   0.014550000000000   0.018003404553074   0.024910213659221   0.031817022765368   0.038723831871515   0.042177236424588   
0.010778013682385   0.009955774432364   0.008311295932323   0.006666817432282   0.005022338932241   0.004200099682220   0.000000000000000   0.000000000000000   0.000000000000000   0.000000000000000   0.000000000000000   0.000000000000000   
1.000000000000000   1.000000000000000   1.000000000000000   1.000000000000000   1.000000000000000   1.000000000000000   1.000000000000000   1.000000000000000   1.000000000000000   1.000000000000000   1.000000000000000   1.000000000000000   
PATCH 13 
2 1 
13 2 
0.000000000000000   0.000000000000000   0.000000000000000   0.250000000000000   0.250000000000000   0.375000000000000   0.375000000000000   0.500000000000000   0.500000000000000   0.750000000000000   0.750000000000000   0.875000000000000   0.875000000000000   1.000000000000000   1.000000000000000   1.000000000000000   
0.000000000000000   0.000000000000000   1.000000000000000   1.000000000000000   
0.042177236424588   0.044029198210962   0.045881159997337   0.045790323385549   0.045799517467669   0.045808711549790   0.045917936325819   0.047012663107350   0.048107389888881   0.043651713312827   0.048265740282998   0.043769319437963   0.048320403278024   0.042177236424588   0.043155081871515   0.044132927318441   0.044621850041904   0.045110772765368   0.045599695488831   0.046088618212294   0.047066463659221   0.048044309106147   0.048533231829610   0.049022154553074   0.049511077276537   0.050000000000000   
0.004200099682220   0.003711751024512   0.003223402366803   0.003214011113854   0.003212484995214   0.003210958876573   0.003217297892242   0.003139270639167   0.003061243386092   0.002766299273539   0.003122078892239   0.002888547404222   0.003282664579957   0.000000000000000   0.000000000000000   0.000000000000000   0.000000000000000   0.000000000000000   0.000000000000000   0.000000000000000   0.000000000000000   0.000000000000000   0.000000000000000   0.000000000000000   0.000000000000000   0.000000000000000   
1.000000000000000   1.000000000000000   1.000000000000000   0.997823759373097   0.997823759373097   0.997823759373097   1.000000000000000   1.000000000000000   1.000000000000000   0.905622002669101   1.000000000000000   0.905622002669101   1.000000000000000   1.000000000000000   1.000000000000000   1.000000000000000   1.000000000000000   1.000000000000000   1.000000000000000   1.000000000000000   1.000000000000000   1.000000000000000   1.000000000000000   1.000000000000000   1.000000000000000   1.000000000000000   
PATCH 14 
2 1 
13 2 
0.000000000000000   0.000000000000000   0.000000000000000   0.250000000000000   0.250000000000000   0.375000000000000   0.375000000000000   0.500000000000000   0.500000000000000   0.750000000000000   0.750000000000000   0.875000000000000   0.875000000000000   1.000000000000000   1.000000000000000   1.000000000000000   
0.000000000000000   0.000000000000000   1.000000000000000   1.000000000000000   
0.014550000000000   0.014280217387517   0.013885547957864   0.013688213243038   0.013459656823919   0.013231100404800   0.012971322281389   0.012451766034567   0.011807322970575   0.011485101438579   0.011131658202290   0.010778214966002   0.010393550025421   0.017231851257507   0.016601836011437   0.015971820765367   0.015950614751516   0.015944753229458   0.015938891707400   0.015948374677134   0.014624381168855   0.013300387660577   0.011624147280196   0.013178895902676   0.011586115778827   0.013233407758935   
0.000000000000000   0.001374731191112   0.002698482509757   0.003360358169079   0.004009488860285   0.004658619551490   0.005295005274579   0.006567776720756   0.007789568294466   0.008400464081321   0.008998614900059   0.009596765718797   0.010182171569418   0.010778013682385   0.010944144053982   0.011110274425579   0.011101250342318   0.011103190218671   0.011105130095024   0.011118033930990   0.011648982814974   0.012179931698958   0.010760736128154   0.012325434624675   0.010946437376221   0.012506982982302   
1.000000000000000   0.981458239691882   0.972187359537823   0.967551919460794   0.965234199422279   0.962916479383764   0.962916479383764   0.962916479383764   0.972187359537823   0.976822799614853   0.983775959730397   0.990729119845941   1.000000000000000   1.000000000000000   1.000000000000000   1.000000000000000   0.999046076001398   0.999046076001398   0.999046076001398   1.000000000000000   1.000000000000000   1.000000000000000   0.880584505349586   1.000000000000000   0.880584505349586   1.000000000000000   
PATCH 15 
2 1 
4 2 
0.000000000000000   0.000000000000000   0.000000000000000   0.500000000000000   1.000000000000000   1.000000000000000   1.000000000000000   
0.000000000000000   0.000000000000000   1.000000000000000   1.000000000000000   
0.034712351740139   0.034550180545871   0.034197060186155   0.034006385141383   0.015575161960378   0.015393555766219   0.015030343377903   0.014848737183744   
0.034006385141383   0.034197060186155   0.034550180545871   0.034712351740139   0.014848737183744   0.015030343377903   0.015393555766219   0.015575161960378   
1.000000000000000   0.999973617440460   0.999973617440460   1.000000000000000   1.000000000000000   1.000000000000000   1.000000000000000   1.000000000000000   
PATCH 16 
2 2 
4 4 
0.000000000000000   0.000000000000000   0.000000000000000   0.500000000000000   1.000000000000000   1.000000000000000   1.000000000000000   
0.000000000000000   0.000000000000000   0.000000000000000   0.500000000000000   1.000000000000000   1.000000000000000   1.000000000000000   
0.013233407758935   0.013818846309296   0.014989723410017   0.015575161960378   0.013051801564777   0.013637240115138   0.014808117215859   0.015393555766219   0.012688589176460   0.013274027726821   0.014444904827542   0.015030343377903   0.012506982982302   0.013092421532663   0.014263298633384   0.014848737183744   
0.012506982982302   0.013092421532663   0.014263298633384   0.014848737183744   0.012688589176460   0.013274027726821   0.014444904827542   0.015030343377903   0.013051801564777   0.013637240115138   0.014808117215859   0.015393555766219   0.013233407758935   0.013818846309296   0.014989723410017   0.015575161960378   
1.000000000000000   1.000000000000000   1.000000000000000   1.000000000000000   1.000000000000000   1.000000000000000   1.000000000000000   1.000000000000000   1.000000000000000   1.000000000000000   1.000000000000000   1.000000000000000   1.000000000000000   1.000000000000000   1.000000000000000   1.000000000000000   
PATCH 17 
2 1 
4 2 
0.000000000000000   0.000000000000000   0.000000000000000   0.500000000000000   1.000000000000000   1.000000000000000   1.000000000000000   
0.000000000000000   0.000000000000000   1.000000000000000   1.000000000000000   
0.013233407758935   0.013051801564777   0.012688589176460   0.012506982982302   0.010393550025421   0.010340976845843   0.010235287617841   0.010182171569418   
0.012506982982302   0.012688589176460   0.013051801564777   0.013233407758935   0.010182171569418   0.010235287617841   0.010340976845843   0.010393550025421   
1.000000000000000   1.000000000000000   1.000000000000000   1.000000000000000   1.000000000000000   0.999973617440460   0.999973617440460   1.000000000000000   
PATCH 18 
2 1 
4 2 
0.000000000000000   0.000000000000000   0.000000000000000   0.500000000000000   1.000000000000000   1.000000000000000   1.000000000000000   
0.000000000000000   0.000000000000000   1.000000000000000   1.000000000000000   
0.034712351740139   0.034550180545871   0.034197060186155   0.034006385141383   0.038685244377508   0.037197068413715   0.034084833369545   0.032460774289170   
0.034006385141383   0.034197060186155   0.034550180545871   0.034712351740139   0.032460774289170   0.034084833369545   0.037197068413715   0.038685244377508   
1.000000000000000   0.999973617440460   0.999973617440460   1.000000000000000   1.000000000000000   0.998097349045873   0.998097349045873   1.000000000000000   
PATCH 19 
2 1 
4 2 
0.000000000000000   0.000000000000000   0.000000000000000   0.500000000000000   1.000000000000000   1.000000000000000   1.000000000000000   
0.000000000000000   0.000000000000000   1.000000000000000   1.000000000000000   
0.000000000000000   0.002178893568691   0.006520098010365   0.008682408883347   0.000000000000000   0.002200682504378   0.006585298990468   0.008769232972180   
0.050000000000000   0.049904867452294   0.049525061277599   0.049240387650610   0.050500000000000   0.050403916126817   0.050020311890375   0.049732791527117   
1.000000000000000   0.998097349045873   0.998097349045873   1.000000000000000   1.000000000000000   0.998097349045873   0.998097349045873   1.000000000000000   
PATCH 20 
2 1 
4 2 
0.000000000000000   0.000000000000000   0.000000000000000   0.500000000000000   1.000000000000000   1.000000000000000   1.000000000000000   
0.000000000000000   0.000000000000000   1.000000000000000   1.000000000000000   
0.003282664579957   0.004428060207991   0.006718851464060   0.007864247092095   0.000000000000000   0.002178893568691   0.006520098010365   0.008682408883347   
0.048320403278024   0.048194064585508   0.047941387200476   0.047815048507960   0.050000000000000   0.049904867452294   0.049525061277599   0.049240387650610   
1.000000000000000   1.000000000000000   1.000000000000000   1.000000000000000   1.000000000000000   0.998097349045873   0.998097349045873   1.000000000000000   
PATCH 21 
2 1 
13 2 
0.000000000000000   0.000000000000000   0.000000000000000   0.125000000000000   0.125000000000000   0.250000000000000   0.250000000000000   0.500000000000000   0.500000000000000   0.625000000000000   0.625000000000000   0.750000000000000   0.750000000000000   1.000000000000000   1.000000000000000   1.000000000000000   
0.000000000000000   0.000000000000000   1.000000000000000   1.000000000000000   
0.007864247092095   0.007230757973634   0.008007313275799   0.007325030357510   0.008035616541235   0.007497357422181   0.006959098303127   0.006836715901776   0.006836692727628   0.006836669553480   0.006959005606535   0.007021277202377   0.007083548798219   0.008682408883347   0.009214726804819   0.009640625716261   0.010190570498295   0.010694707835481   0.011745690025009   0.012809255180604   0.013332877989212   0.013870027830589   0.014411485176981   0.014951236528923   0.016005617637527   0.017061238563378   
0.047815048507960   0.043450235309958   0.047729290233662   0.043312630323971   0.047564908544609   0.045538567313759   0.043512226082908   0.042763363917866   0.042737778673253   0.042712193428641   0.043409885104459   0.043173732892191   0.042937580679922   0.049240387650610   0.049122375608591   0.048471302285783   0.048467200410786   0.048245453471918   0.048002833304034   0.047804791141130   0.047671490506906   0.047583609103525   0.047505412446681   0.047415828771271   0.047149419826604   0.046875367700810   
1.000000000000000   0.908905885769257   1.000000000000000   0.908905885769257   1.000000000000000   1.000000000000000   1.000000000000000   0.983357908828602   0.983357908828602   0.983357908828602   1.000000000000000   1.000000000000000   1.000000000000000   1.000000000000000   0.999524337261468   0.999167590207569   0.998810843153671   0.998573011784405   0.998097349045873   0.998097349045873   0.998097349045873   0.998216264730506   0.998335180415139   0.998573011784404   0.999048674522936   1.000000000000000   
PATCH 22 
2 2 
13 4 
0.000000000000000   0.000000000000000   0.000000000000000   0.250000000000000   0.250000000000000   0.375000000000000   0.375000000000000   0.500000000000000   0.500000000000000   0.750000000000000   0.750000000000000   0.875000000000000   0.875000000000000   1.000000000000000   1.000000000000000   1.000000000000000   
0.000000000000000   0.000000000000000   0.000000000000000   0.500000000000000   1.000000000000000   1.000000000000000   1.000000000000000   
0.004200099682220   0.003711751024512   0.003223402366803   0.003214011113854   0.003212484995214   0.003210958876573   0.003217297892242   0.003139270639167   0.003061243386092   0.002766299273539   0.003122078892239   0.002888547404222   0.003282664579957   0.004920961961220   0.004539132568978   0.004157303176736   0.004119675723761   0.004118536928317   0.004117398132874   0.004152747994963   0.004228792334921   0.004304836674878   0.003905982044531   0.004343387488129   0.003974100046575   0.004428060207991   0.006362686519219   0.006193895657911   0.006025104796602   0.005931004943574   0.005930640794525   0.005930276645476   0.006023648200406   0.006407835726428   0.006792023252450   0.006185347586517   0.006786004679909   0.006145205331281   0.006718851464060   0.007083548798219   0.007021277202377   0.006959005606535   0.006836669553480   0.006836692727628   0.006836715901776   0.006959098303127   0.007497357422181   0.008035616541235   0.007325030357510   0.008007313275799   0.007230757973634   0.007864247092095   
0.042177236424588   0.044029198210962   0.045881159997337   0.045790323385549   0.045799517467669   0.045808711549790   0.045917936325819   0.047012663107350   0.048107389888881   0.043651713312827   0.048265740282998   0.043769319437963   0.048320403278024   0.042367322488422   0.043815331881270   0.045263341274117   0.045020790896322   0.045034082769065   0.045047374641809   0.045316508765092   0.046644139158952   0.047971769552813   0.043566942565613   0.048131627770664   0.043689548405962   0.048194064585508   0.042747494616089   0.043387599221884   0.044027703827678   0.043481725917868   0.043503213371857   0.043524700825847   0.044113653643636   0.045907091262157   0.047700528880677   0.043397401071185   0.047863402745996   0.043530006341959   0.047941387200476   0.042937580679922   0.043173732892191   0.043409885104459   0.042712193428641   0.042737778673253   0.042763363917866   0.043512226082908   0.045538567313759   0.047564908544609   0.043312630323971   0.047729290233662   0.043450235309958   0.047815048507960   
1.000000000000000   1.000000000000000   1.000000000000000   0.997823759373097   0.997823759373097   0.997823759373097   1.000000000000000   1.000000000000000   1.000000000000000   0.905622002669101   1.000000000000000   0.905622002669101   1.000000000000000   1.000000000000000   1.000000000000000   1.000000000000000   0.994207296736973   0.994207296736973   0.994207296736973   1.000000000000000   1.000000000000000   1.000000000000000   0.906442973444140   1.000000000000000   0.906442973444140   1.000000000000000   1.000000000000000   1.000000000000000   1.000000000000000   0.986974371464725   0.986974371464725   0.986974371464725   1.000000000000000   1.000000000000000   1.000000000000000   0.908084914994218   1.000000000000000   0.908084914994218   1.000000000000000   1.000000000000000   1.000000000000000   1.000000000000000   0.983357908828602   0.983357908828602   0.983357908828602   1.000000000000000   1.000000000000000   1.000000000000000   0.908905885769257   1.000000000000000   0.908905885769257   1.000000000000000   
PATCH 23 
2 1 
13 2 
0.000000000000000   0.000000000000000   0.000000000000000   0.125000000000000   0.125000000000000   0.250000000000000   0.250000000000000   0.500000000000000   0.500000000000000   0.625000000000000   0.625000000000000   0.750000000000000   0.750000000000000   1.000000000000000   1.000000000000000   1.000000000000000   
0.000000000000000   0.000000000000000   1.000000000000000   1.000000000000000   
0.008682408883347   0.009214726804819   0.009640625716261   0.010190570498295   0.010694707835481   0.011745690025009   0.012809255180604   0.013332877989212   0.013870027830589   0.014411485176981   0.014951236528923   0.016005617637527   0.017061238563378   0.008769232972180   0.009306874072867   0.009842960902535   0.010379047732203   0.010913580290852   0.011982645408149   0.013045493441370   0.013576917457981   0.014106787203572   0.014636656949163   0.015164972423735   0.016221603372879   0.017272017237946   
0.049240387650610   0.049122375608591   0.048471302285783   0.048467200410786   0.048245453471918   0.048002833304034   0.047804791141130   0.047671490506906   0.047583609103525   0.047505412446681   0.047415828771271   0.047149419826604   0.046875367700810   0.049732791527117   0.049613599364677   0.049488606583825   0.049363613802972   0.049232820403708   0.048971233605179   0.048686444333000   0.048544049696911   0.048395854442409   0.048247659187908   0.048093663314994   0.047785671569166   0.047454477349688   
1.000000000000000   0.999524337261468   0.999167590207569   0.998810843153671   0.998573011784405   0.998097349045873   0.998097349045873   0.998097349045873   0.998216264730506   0.998335180415139   0.998573011784404   0.999048674522936   1.000000000000000   1.000000000000000   0.999524337261468   0.999167590207569   0.998810843153671   0.998573011784405   0.998097349045873   0.998097349045873   0.998097349045873   0.998216264730506   0.998335180415139   0.998573011784404   0.999048674522936   1.000000000000000   
PATCH 24 
2 1 
6 2 
0.000000000000000   0.000000000000000   0.000000000000000   0.250000000000000   0.500000000000000   0.750000000000000   1.000000000000000   1.000000000000000   1.000000000000000   
0.000000000000000   0.000000000000000   1.000000000000000   1.000000000000000   
0.017061238563378   0.018100730049881   0.020098386635134   0.021999135068466   0.023979525563209   0.024995429906851   0.017272017237946   0.018289568482936   0.020304367573183   0.022298863263696   0.024273055554476   0.025250000000000   
0.046875367700810   0.046547381663654   0.045678345505760   0.044608664638038   0.043707826636688   0.043293354555692   0.047454477349688   0.047032993823604   0.046146485990198   0.045216437375554   0.044242847979673   0.043734282891114   
1.000000000000000   0.999048674522936   0.998097349045873   0.998097349045873   0.999048674522936   1.000000000000000   1.000000000000000   0.999048674522936   0.998097349045873   0.998097349045873   0.999048674522936   1.000000000000000   
PATCH 25 
2 1 
6 2 
0.000000000000000   0.000000000000000   0.000000000000000   0.250000000000000   0.500000000000000   0.750000000000000   1.000000000000000   1.000000000000000   1.000000000000000   
0.000000000000000   0.000000000000000   1.000000000000000   1.000000000000000   
0.017061238563378   0.018100730049881   0.020098386635134   0.021999135068466   0.023979525563209   0.024995429906851   0.007083548798219   0.007905788048240   0.009550266548281   0.011194745048322   0.012839223548363   0.013661462798384   
0.046875367700810   0.046547381663654   0.045678345505760   0.044608664638038   0.043707826636688   0.043293354555692   0.042937580679922   0.039819407534037   0.033583061242267   0.027346714950497   0.021110368658726   0.017992195512841   
1.000000000000000   0.999048674522936   0.998097349045873   0.998097349045873   0.999048674522936   1.000000000000000   1.000000000000000   1.000000000000000   1.000000000000000   1.000000000000000   1.000000000000000   1.000000000000000   
PATCH 26 
2 1 
13 2 
0.000000000000000   0.000000000000000   0.000000000000000   0.250000000000000   0.250000000000000   0.375000000000000   0.375000000000000   0.500000000000000   0.500000000000000   0.750000000000000   0.750000000000000   0.875000000000000   0.875000000000000   1.000000000000000   1.000000000000000   1.000000000000000   
0.000000000000000   0.000000000000000   1.000000000000000   1.000000000000000   
0.024995429906851   0.026302612093409   0.027583087295280   0.028198813660623   0.028781486496364   0.029424791944727   0.030103764458981   0.031070822832126   0.031829409034244   0.032333436773745   0.032844372537579   0.033434515513685   0.034006385141383   0.013661462798384   0.013776510141415   0.013891557484446   0.013756610587891   0.013765461979593   0.013774313371294   0.013926963051250   0.014396131372235   0.014865299693220   0.013047579050647   0.013043438423279   0.013039297795910   0.014848737183744   
0.043293354555692   0.042422359539188   0.041517004073390   0.041028503043312   0.040496418143602   0.040051319630730   0.039652046165591   0.038357069248230   0.036858959951855   0.036274179659090   0.035701604487839   0.035217543708523   0.034712351740139   0.017992195512841   0.017555902140158   0.017119608767475   0.016927706499782   0.016909794802632   0.016891883105481   0.017047961978873   0.016443593725226   0.015839225471579   0.013806945397405   0.013740929519605   0.013674913641804   0.015575161960378   
1.000000000000000   0.998025554254405   0.997038331381607   0.996544719945209   0.996297914227009   0.996051108508810   0.996051108508810   0.996051108508810   0.997038331381607   0.997531942818006   0.998272359972604   0.999012777127202   1.000000000000000   1.000000000000000   1.000000000000000   1.000000000000000   0.989918972130575   0.989918972130575   0.989918972130575   1.000000000000000   1.000000000000000   1.000000000000000   0.874991969354937   0.874991969354937   0.874991969354937   1.000000000000000   
PATCH 27 
2 2 
6 4 
0.000000000000000   0.000000000000000   0.000000000000000   0.250000000000000   0.500000000000000   0.750000000000000   1.000000000000000   1.000000000000000   1.000000000000000   
0.000000000000000   0.000000000000000   0.000000000000000   0.500000000000000   1.000000000000000   1.000000000000000   1.000000000000000   
0.010778013682385   0.009955774432364   0.008311295932323   0.006666817432282   0.005022338932241   0.004200099682220   0.011498875961385   0.010676636711364   0.009032158211323   0.007387679711282   0.005743201211240   0.004920961961220   0.012940600519384   0.012118361269364   0.010473882769322   0.008829404269281   0.007184925769240   0.006362686519219   0.013661462798384   0.012839223548363   0.011194745048322   0.009550266548281   0.007905788048240   0.007083548798219   
0.017231851257507   0.020350024403392   0.026586370695162   0.032822716986933   0.039059063278703   0.042177236424588   0.017421937321340   0.020540110467226   0.026776456758996   0.033012803050766   0.039249149342536   0.042367322488422   0.017802109449008   0.020920282594893   0.027156628886663   0.033392975178433   0.039629321470204   0.042747494616089   0.017992195512841   0.021110368658726   0.027346714950497   0.033583061242267   0.039819407534037   0.042937580679922   
1.000000000000000   1.000000000000000   1.000000000000000   1.000000000000000   1.000000000000000   1.000000000000000   1.000000000000000   1.000000000000000   1.000000000000000   1.000000000000000   1.000000000000000   1.000000000000000   1.000000000000000   1.000000000000000   1.000000000000000   1.000000000000000   1.000000000000000   1.000000000000000   1.000000000000000   1.000000000000000   1.000000000000000   1.000000000000000   1.000000000000000   1.000000000000000   
PATCH 28 
2 2 
13 4 
0.000000000000000   0.000000000000000   0.000000000000000   0.250000000000000   0.250000000000000   0.375000000000000   0.375000000000000   0.500000000000000   0.500000000000000   0.750000000000000   0.750000000000000   0.875000000000000   0.875000000000000   1.000000000000000   1.000000000000000   1.000000000000000   
0.000000000000000   0.000000000000000   0.000000000000000   0.500000000000000   1.000000000000000   1.000000000000000   1.000000000000000   
0.010778013682385   0.010944144053982   0.011110274425579   0.011101250342318   0.011103190218671   0.011105130095024   0.011118033930990   0.011648982814974   0.012179931698958   0.010760736128154   0.012325434624675   0.010946437376221   0.012506982982302   0.011498875961385   0.011652235575840   0.011805595190296   0.011765090403712   0.011768758158901   0.011772425914091   0.011820266211055   0.012335769954289   0.012851273697523   0.011332446858777   0.012504935574326   0.011469652481143   0.013092421532663   0.012940600519384   0.013068418619557   0.013196236719729   0.013092770526498   0.013099894039362   0.013107017552226   0.013224730771185   0.013709344232920   0.014193957694655   0.012475868320024   0.012863937473628   0.012516082690987   0.014263298633384   0.013661462798384   0.013776510141415   0.013891557484446   0.013756610587891   0.013765461979593   0.013774313371294   0.013926963051250   0.014396131372235   0.014865299693220   0.013047579050647   0.013043438423279   0.013039297795910   0.014848737183744   
0.017231851257507   0.016601836011437   0.015971820765367   0.015950614751516   0.015944753229458   0.015938891707400   0.015948374677134   0.014624381168855   0.013300387660577   0.011624147280196   0.013178895902676   0.011586115778827   0.013233407758935   0.017421937321340   0.016840352543617   0.016258767765894   0.016194887688583   0.016186013622751   0.016177139556920   0.016223271502568   0.015079184307948   0.013935097113328   0.012169846809498   0.013319404306908   0.012108315244571   0.013818846309296   0.017802109449008   0.017317385607978   0.016832661766948   0.016683433562716   0.016668534409338   0.016653635255961   0.016773065153438   0.015988790586133   0.015204516018829   0.013261245868103   0.013600421115372   0.013152714176060   0.014989723410017   0.017992195512841   0.017555902140158   0.017119608767475   0.016927706499782   0.016909794802632   0.016891883105481   0.017047961978873   0.016443593725226   0.015839225471579   0.013806945397405   0.013740929519605   0.013674913641804   0.015575161960378   
1.000000000000000   1.000000000000000   1.000000000000000   0.999046076001398   0.999046076001398   0.999046076001398   1.000000000000000   1.000000000000000   1.000000000000000   0.880584505349586   1.000000000000000   0.880584505349586   1.000000000000000   1.000000000000000   1.000000000000000   1.000000000000000   0.996764300033692   0.996764300033692   0.996764300033692   1.000000000000000   1.000000000000000   1.000000000000000   0.879186371350924   0.968747992338734   0.879186371350924   1.000000000000000   1.000000000000000   1.000000000000000   1.000000000000000   0.992200748098281   0.992200748098281   0.992200748098281   1.000000000000000   1.000000000000000   1.000000000000000   0.876390103353599   0.906243977016203   0.876390103353599   1.000000000000000   1.000000000000000   1.000000000000000   1.000000000000000   0.989918972130575   0.989918972130575   0.989918972130575   1.000000000000000   1.000000000000000   1.000000000000000   0.874991969354937   0.874991969354937   0.874991969354937   1.000000000000000   
PATCH 29 
2 1 
13 2 
0.000000000000000   0.000000000000000   0.000000000000000   0.250000000000000   0.250000000000000   0.375000000000000   0.375000000000000   0.500000000000000   0.500000000000000   0.750000000000000   0.750000000000000   0.875000000000000   0.875000000000000   1.000000000000000   1.000000000000000   1.000000000000000   
0.000000000000000   0.000000000000000   1.000000000000000   1.000000000000000   
0.024995429906851   0.026302612093409   0.027583087295280   0.028198813660623   0.028781486496364   0.029424791944727   0.030103764458981   0.031070822832126   0.031829409034244   0.032333436773745   0.032844372537579   0.033434515513685   0.034006385141383   0.025250000000000   0.026178902508932   0.027094027156471   0.027551589480241   0.028005707338662   0.028459825197083   0.028910498590156   0.029811845376303   0.030699414301056   0.031143198763433   0.031583538760461   0.032023878757490   0.032460774289170   
0.043293354555692   0.042422359539188   0.041517004073390   0.041028503043312   0.040496418143602   0.040051319630730   0.039652046165591   0.038357069248230   0.036858959951855   0.036274179659090   0.035701604487839   0.035217543708523   0.034712351740139   0.043734282891114   0.043142506727484   0.042531053738569   0.042225327244111   0.041914681543332   0.041604035842553   0.041288470935453   0.040657341121252   0.040006534481766   0.039681131162023   0.039350808635958   0.039020486109894   0.038685244377508   
1.000000000000000   0.998025554254405   0.997038331381607   0.996544719945209   0.996297914227009   0.996051108508810   0.996051108508810   0.996051108508810   0.997038331381607   0.997531942818006   0.998272359972604   0.999012777127202   1.000000000000000   1.000000000000000   0.999048674522937   0.998573011784405   0.998335180415139   0.998216264730506   0.998097349045873   0.998097349045873   0.998097349045873   0.998573011784405   0.998810843153671   0.999167590207569   0.999524337261468   1.000000000000000   
PATCH 30 
2 1 
6 2 
0.000000000000000   0.000000000000000   0.000000000000000   0.250000000000000   0.500000000000000   0.750000000000000   1.000000000000000   1.000000000000000   1.000000000000000   
0.000000000000000   0.000000000000000   1.000000000000000   1.000000000000000   
0.010778013682385   0.009955774432364   0.008311295932323   0.006666817432282   0.005022338932241   0.004200099682220   0.000000000000000   0.000000000000000   0.000000000000000   0.000000000000000   0.000000000000000   0.000000000000000   
0.017231851257507   0.020350024403392   0.026586370695162   0.032822716986933   0.039059063278703   0.042177236424588   0.014550000000000   0.018003404553074   0.024910213659221   0.031817022765368   0.038723831871515   0.042177236424588   
1.000000000000000   1.000000000000000   1.000000000000000   1.000000000000000   1.000000000000000   1.000000000000000   1.000000000000000   1.000000000000000   1.000000000000000   1.000000000000000   1.000000000000000   1.000000000000000   
PATCH 31 
2 1 
13 2 
0.000000000000000   0.000000000000000   0.000000000000000   0.250000000000000   0.250000000000000   0.375000000000000   0.375000000000000   0.500000000000000   0.500000000000000   0.750000000000000   0.750000000000000   0.875000000000000   0.875000000000000   1.000000000000000   1.000000000000000   1.000000000000000   
0.000000000000000   0.000000000000000   1.000000000000000   1.000000000000000   
0.004200099682220   0.003711751024512   0.003223402366803   0.003214011113854   0.003212484995214   0.003210958876573   0.003217297892242   0.003139270639167   0.003061243386092   0.002766299273539   0.003122078892239   0.002888547404222   0.003282664579957   0.000000000000000   0.000000000000000   0.000000000000000   0.000000000000000   0.000000000000000   0.000000000000000   0.000000000000000   0.000000000000000   0.000000000000000   0.000000000000000   0.000000000000000   0.000000000000000   0.000000000000000   
0.042177236424588   0.044029198210962   0.045881159997337   0.045790323385549   0.045799517467669   0.045808711549790   0.045917936325819   0.047012663107350   0.048107389888881   0.043651713312827   0.048265740282998   0.043769319437963   0.048320403278024   0.042177236424588   0.043155081871515   0.044132927318441   0.044621850041904   0.045110772765368   0.045599695488831   0.046088618212294   0.047066463659221   0.048044309106147   0.048533231829610   0.049022154553074   0.049511077276537   0.050000000000000   
1.000000000000000   1.000000000000000   1.000000000000000   0.997823759373097   0.997823759373097   0.997823759373097   1.000000000000000   1.000000000000000   1.000000000000000   0.905622002669101   1.000000000000000   0.905622002669101   1.000000000000000   1.000000000000000   1.000000000000000   1.000000000000000   1.000000000000000   1.000000000000000   1.000000000000000   1.000000000000000   1.000000000000000   1.000000000000000   1.000000000000000   1.000000000000000   1.000000000000000   1.000000000000000   
PATCH 32 
2 1 
13 2 
0.000000000000000   0.000000000000000   0.000000000000000   0.250000000000000   0.250000000000000   0.375000000000000   0.375000000000000   0.500000000000000   0.500000000000000   0.750000000000000   0.750000000000000   0.875000000000000   0.875000000000000   1.000000000000000   1.000000000000000   1.000000000000000   
0.000000000000000   0.000000000000000   1.000000000000000   1.000000000000000   
0.000000000000000   0.001374731191112   0.002698482509757   0.003360358169079   0.004009488860285   0.004658619551490   0.005295005274579   0.006567776720756   0.007789568294466   0.008400464081321   0.008998614900059   0.009596765718797   0.010182171569418   0.010778013682385   0.010944144053982   0.011110274425579   0.011101250342318   0.011103190218671   0.011105130095024   0.011118033930990   0.011648982814974   0.012179931698958   0.010760736128154   0.012325434624675   0.010946437376221   0.012506982982302   
0.014550000000000   0.014280217387517   0.013885547957864   0.013688213243038   0.013459656823919   0.013231100404800   0.012971322281389   0.012451766034567   0.011807322970575   0.011485101438579   0.011131658202290   0.010778214966002   0.010393550025421   0.017231851257507   0.016601836011437   0.015971820765367   0.015950614751516   0.015944753229458   0.015938891707400   0.015948374677134   0.014624381168855   0.013300387660577   0.011624147280196   0.013178895902676   0.011586115778827   0.013233407758935   
1.000000000000000   0.981458239691882   0.972187359537823   0.967551919460794   0.965234199422279   0.962916479383764   0.962916479383764   0.962916479383764   0.972187359537823   0.976822799614853   0.983775959730397   0.990729119845941   1.000000000000000   1.000000000000000   1.000000000000000   1.000000000000000   0.999046076001398   0.999046076001398   0.999046076001398   1.000000000000000   1.000000000000000   1.000000000000000   0.880584505349586   1.000000000000000   0.880584505349586   1.000000000000000   
INTERFACE 1 
1 2 
5 1 
1 
INTERFACE 2 
1 3 
2 4 
1 
INTERFACE 3 
2 1 
13 2 
1 
INTERFACE 4 
2 2 
3 1 
1 
INTERFACE 5 
2 3 
4 2 
1 
INTERFACE 6 
3 2 
7 1 
-1 
INTERFACE 7 
3 3 
4 4 
-1 
INTERFACE 8 
3 4 
5 3 
1 
INTERFACE 9 
4 1 
9 2 
1 
INTERFACE 10 
4 3 
13 3 
1 
INTERFACE 11 
5 2 
6 1 
1 
INTERFACE 12 
6 2 
11 1 
1 
INTERFACE 13 
6 3 
7 3 
1 
INTERFACE 14 
7 2 
8 1 
1 
INTERFACE 15 
7 4 
9 4 
-1 
INTERFACE 16 
8 2 
15 1 
1 
INTERFACE 17 
8 3 
11 3 
1 
INTERFACE 18 
8 4 
10 4 
1 
INTERFACE 19 
9 1 
10 1 
1 
INTERFACE 20 
9 3 
12 3 
1 
INTERFACE 21 
10 2 
16 3 
1 
INTERFACE 22 
10 3 
14 4 
1 
INTERFACE 23 
11 2 
18 1 
1 
INTERFACE 24 
12 1 
14 1 
-1 
INTERFACE 25 
12 2 
13 1 
1 
INTERFACE 26 
14 2 
17 1 
-1 
INTERFACE 27 
15 2 
26 2 
1 
INTERFACE 28 
15 3 
18 3 
1 
INTERFACE 29 
15 4 
16 2 
1 
INTERFACE 30 
16 1 
17 3 
1 
INTERFACE 31 
16 4 
28 2 
1 
INTERFACE 32 
17 2 
32 2 
-1 
INTERFACE 33 
18 2 
29 2 
1 
INTERFACE 34 
19 2 
23 1 
1 
INTERFACE 35 
19 3 
20 4 
1 
INTERFACE 36 
20 1 
31 2 
1 
INTERFACE 37 
20 2 
21 1 
1 
INTERFACE 38 
20 3 
22 2 
1 
INTERFACE 39 
21 2 
25 1 
-1 
INTERFACE 40 
21 3 
22 4 
-1 
INTERFACE 41 
21 4 
23 3 
1 
INTERFACE 42 
22 1 
27 2 
1 
INTERFACE 43 
22 3 
31 3 
1 
INTERFACE 44 
23 2 
24 1 
1 
INTERFACE 45 
24 2 
29 1 
1 
INTERFACE 46 
24 3 
25 3 
1 
INTERFACE 47 
25 2 
26 1 
1 
INTERFACE 48 
25 4 
27 4 
-1 
INTERFACE 49 
26 3 
29 3 
1 
INTERFACE 50 
26 4 
28 4 
1 
INTERFACE 51 
27 1 
28 1 
1 
INTERFACE 52 
27 3 
30 3 
1 
INTERFACE 53 
28 3 
32 4 
1 
INTERFACE 54 
30 1 
32 1 
-1 
INTERFACE 55 
30 2 
31 1 
1 
BOUNDARY 1 
1 
1 1 
BOUNDARY 2 
1 
1 4 
BOUNDARY 3 
1 
5 4 
BOUNDARY 4 
1 
6 4 
BOUNDARY 5 
1 
11 4 
BOUNDARY 6 
1 
12 4 
BOUNDARY 7 
1 
13 4 
BOUNDARY 8 
1 
14 3 
BOUNDARY 9 
1 
17 4 
BOUNDARY 10 
1 
18 4 
BOUNDARY 11 
1 
19 1 
BOUNDARY 12 
1 
19 4 
BOUNDARY 13 
1 
23 4 
BOUNDARY 14 
1 
24 4 
BOUNDARY 15 
1 
29 4 
BOUNDARY 16 
1 
30 4 
BOUNDARY 17 
1 
31 4 
BOUNDARY 18 
1 
32 3 
