# nurbs mesh v.2.1
#
# 14-Jul-2024
#
2 2 32 55 0 
PATCH 1 
2 1 
4 2 
0.000000000000000   0.000000000000000   0.000000000000000   0.500000000000000   1.000000000000000   1.000000000000000   1.000000000000000   
0.000000000000000   0.000000000000000   1.000000000000000   1.000000000000000   
0.050000000000000   0.049904867452294   0.049525061277599   0.049240387650610   0.050500000000000   0.050403916126817   0.050020311890375   0.049732791527117   
0.000000000000000   0.002178893568691   0.006520098010365   0.008682408883347   0.000000000000000   0.002200682504378   0.006585298990468   0.008769232972180   
1.000000000000000   0.998097349045873   0.998097349045873   1.000000000000000   1.000000000000000   0.998097349045873   0.998097349045873   1.000000000000000   
PATCH 2 
2 1 
4 2 
0.000000000000000   0.000000000000000   0.000000000000000   0.500000000000000   1.000000000000000   1.000000000000000   1.000000000000000   
0.000000000000000   0.000000000000000   1.000000000000000   1.000000000000000   
0.048211717038736   0.048086103316541   0.047834875872152   0.047709262149957   0.050000000000000   0.049904867452294   0.049525061277599   0.049240387650610   
0.003789334922441   0.004759312539121   0.006699267772481   0.007669245389161   0.000000000000000   0.002178893568691   0.006520098010365   0.008682408883347   
1.000000000000000   1.000000000000000   1.000000000000000   1.000000000000000   1.000000000000000   0.998097349045873   0.998097349045873   1.000000000000000   
PATCH 3 
2 1 
13 2 
0.000000000000000   0.000000000000000   0.000000000000000   0.125000000000000   0.125000000000000   0.250000000000000   0.250000000000000   0.500000000000000   0.500000000000000   0.625000000000000   0.625000000000000   0.750000000000000   0.750000000000000   1.000000000000000   1.000000000000000   1.000000000000000   
0.000000000000000   0.000000000000000   1.000000000000000   1.000000000000000   
0.047709262149957   0.041183255896301   0.041130058581532   0.041076861266762   0.047496472890879   0.046831246019881   0.046166019148883   0.045520944142427   0.045498180906823   0.045475417671218   0.046074966206466   0.045770567213938   0.045466168221411   0.049240387650610   0.049122375608591   0.048048217639862   0.048264021009074   0.048129919625634   0.047816990170998   0.047595789948003   0.047456219007577   0.047316894745427   0.047273175023061   0.047259499495911   0.046993935481155   0.046684701978023   
0.007669245389161   0.006689726972896   0.006733174920342   0.006776622867789   0.007843037178947   0.007794863605290   0.007746690031633   0.007640639732633   0.007644322493273   0.007648005253913   0.007761421074192   0.007887643814065   0.008013866553938   0.008682408883347   0.009214726804819   0.009556476941104   0.010147850597013   0.010669097116911   0.011700216545973   0.012753253479689   0.013272670334604   0.013792283925927   0.014341032442952   0.014901942526627   0.015952836012832   0.016991841915589   
1.000000000000000   0.863397907396088   0.863397907396088   0.863397907396088   1.000000000000000   1.000000000000000   1.000000000000000   0.986525240323824   0.986525240323824   0.986525240323824   1.000000000000000   1.000000000000000   1.000000000000000   1.000000000000000   0.999524337261468   0.999167590207569   0.998810843153671   0.998573011784405   0.998097349045873   0.998097349045873   0.998097349045873   0.998216264730506   0.998335180415139   0.998573011784404   0.999048674522936   1.000000000000000   
PATCH 4 
2 2 
13 4 
0.000000000000000   0.000000000000000   0.000000000000000   0.250000000000000   0.250000000000000   0.375000000000000   0.375000000000000   0.500000000000000   0.500000000000000   0.750000000000000   0.750000000000000   0.875000000000000   0.875000000000000   1.000000000000000   1.000000000000000   1.000000000000000   
0.000000000000000   0.000000000000000   0.000000000000000   0.500000000000000   1.000000000000000   1.000000000000000   1.000000000000000   
0.044103814168007   0.045254579898624   0.046405345629241   0.046212182573933   0.046225013985659   0.046237845397384   0.046456671276142   0.047222381403856   0.047988091531570   0.043159878677866   0.048154938621805   0.043284452174655   0.048211717038736   0.044444402681358   0.045383576727452   0.046322750773547   0.046027991348255   0.046043305715950   0.046058620083645   0.046384008244328   0.047124597557862   0.047865186871397   0.042639124325090   0.046398718611737   0.042759153105067   0.048086103316541   0.045125579708060   0.045641570385110   0.046157561062159   0.045659608896897   0.045679889176532   0.045700169456166   0.046238682180698   0.046929029865875   0.047619377551051   0.041597615619538   0.042886278591600   0.041708554965890   0.047834875872152   0.045466168221411   0.045770567213938   0.046074966206466   0.045475417671218   0.045498180906823   0.045520944142427   0.046166019148883   0.046831246019881   0.047496472890879   0.041076861266762   0.041130058581532   0.041183255896301   0.047709262149957   
0.004728411003384   0.004251232014504   0.003774053025624   0.003752260270464   0.003748848007274   0.003745435744084   0.003760403972864   0.003662828702496   0.003565253432128   0.003188898758210   0.003622371829935   0.003313726266340   0.003789334922441   0.005549774891023   0.005160334964394   0.004770895037766   0.004726196516326   0.004722716628774   0.004719236741221   0.004756975487556   0.004695837428194   0.004634699368833   0.004085829785604   0.004400072602537   0.004157726442979   0.004759312539121   0.007192502666299   0.006978540864175   0.006764579062050   0.006674069008051   0.006670453871773   0.006666838735496   0.006750118516940   0.006761854879591   0.006773591242242   0.005879691840394   0.005955474147740   0.005845726796257   0.006699267772481   0.008013866553938   0.007887643814065   0.007761421074192   0.007648005253913   0.007644322493273   0.007640639732633   0.007746690031633   0.007794863605290   0.007843037178947   0.006776622867789   0.006733174920342   0.006689726972896   0.007669245389161   
1.000000000000000   1.000000000000000   1.000000000000000   0.995573186649866   0.995573186649866   0.995573186649866   1.000000000000000   1.000000000000000   1.000000000000000   0.897564541940641   1.000000000000000   0.897564541940641   1.000000000000000   1.000000000000000   1.000000000000000   1.000000000000000   0.993311200068356   0.993311200068356   0.993311200068356   1.000000000000000   1.000000000000000   1.000000000000000   0.889022883304503   0.965849476849022   0.889022883304503   1.000000000000000   1.000000000000000   1.000000000000000   1.000000000000000   0.988787226905335   0.988787226905335   0.988787226905335   1.000000000000000   1.000000000000000   1.000000000000000   0.871939566032227   0.897548430547066   0.871939566032227   1.000000000000000   1.000000000000000   1.000000000000000   1.000000000000000   0.986525240323824   0.986525240323824   0.986525240323824   1.000000000000000   1.000000000000000   1.000000000000000   0.863397907396088   0.863397907396088   0.863397907396088   1.000000000000000   
PATCH 5 
2 1 
13 2 
0.000000000000000   0.000000000000000   0.000000000000000   0.125000000000000   0.125000000000000   0.250000000000000   0.250000000000000   0.500000000000000   0.500000000000000   0.625000000000000   0.625000000000000   0.750000000000000   0.750000000000000   1.000000000000000   1.000000000000000   1.000000000000000   
0.000000000000000   0.000000000000000   1.000000000000000   1.000000000000000   
0.049240387650610   0.049122375608591   0.048048217639862   0.048264021009074   0.048129919625634   0.047816990170998   0.047595789948003   0.047456219007577   0.047316894745427   0.047273175023061   0.047259499495911   0.046993935481155   0.046684701978023   0.049732791527117   0.049613599364677   0.049488606583825   0.049363613802972   0.049232820403708   0.048971233605179   0.048686444333000   0.048544049696911   0.048395854442409   0.048247659187908   0.048093663314994   0.047785671569166   0.047454477349688   
0.008682408883347   0.009214726804819   0.009556476941104   0.010147850597013   0.010669097116911   0.011700216545973   0.012753253479689   0.013272670334604   0.013792283925927   0.014341032442952   0.014901942526627   0.015952836012832   0.016991841915589   0.008769232972180   0.009306874072867   0.009842960902535   0.010379047732203   0.010913580290852   0.011982645408149   0.013045493441370   0.013576917457981   0.014106787203572   0.014636656949163   0.015164972423735   0.016221603372879   0.017272017237946   
1.000000000000000   0.999524337261468   0.999167590207569   0.998810843153671   0.998573011784405   0.998097349045873   0.998097349045873   0.998097349045873   0.998216264730506   0.998335180415139   0.998573011784404   0.999048674522936   1.000000000000000   1.000000000000000   0.999524337261468   0.999167590207569   0.998810843153671   0.998573011784405   0.998097349045873   0.998097349045873   0.998097349045873   0.998216264730506   0.998335180415139   0.998573011784404   0.999048674522936   1.000000000000000   
PATCH 6 
2 1 
6 2 
0.000000000000000   0.000000000000000   0.000000000000000   0.250000000000000   0.500000000000000   0.750000000000000   1.000000000000000   1.000000000000000   1.000000000000000   
0.000000000000000   0.000000000000000   1.000000000000000   1.000000000000000   
0.046684701978023   0.046425342099745   0.045492455752824   0.044549442544248   0.043558093161583   0.043249168634533   0.047454477349688   0.047032993823604   0.046146485990198   0.045216437375554   0.044242847979673   0.043734282891114   
0.016991841915589   0.018053272918614   0.020016595491329   0.021969929198914   0.023897376942007   0.024969919153375   0.017272017237946   0.018289568482936   0.020304367573183   0.022298863263696   0.024273055554476   0.025250000000000   
1.000000000000000   0.999048674522936   0.998097349045873   0.998097349045873   0.999048674522936   1.000000000000000   1.000000000000000   0.999048674522936   0.998097349045873   0.998097349045873   0.999048674522936   1.000000000000000   
PATCH 7 
2 1 
6 2 
0.000000000000000   0.000000000000000   0.000000000000000   0.250000000000000   0.500000000000000   0.750000000000000   1.000000000000000   1.000000000000000   1.000000000000000   
0.000000000000000   0.000000000000000   1.000000000000000   1.000000000000000   
0.046684701978023   0.046425342099745   0.045492455752824   0.044549442544248   0.043558093161583   0.043249168634533   0.045466168221411   0.042565151438878   0.036763117873813   0.030961084308748   0.025159050743683   0.022258033961151   
0.016991841915589   0.018053272918614   0.020016595491329   0.021969929198914   0.023897376942007   0.024969919153375   0.008013866553938   0.009216808402294   0.011622692099006   0.014028575795719   0.016434459492431   0.017637401340787   
1.000000000000000   0.999048674522936   0.998097349045873   0.998097349045873   0.999048674522936   1.000000000000000   1.000000000000000   1.000000000000000   1.000000000000000   1.000000000000000   1.000000000000000   1.000000000000000   
PATCH 8 
2 1 
13 2 
0.000000000000000   0.000000000000000   0.000000000000000   0.250000000000000   0.250000000000000   0.375000000000000   0.375000000000000   0.500000000000000   0.500000000000000   0.750000000000000   0.750000000000000   0.875000000000000   0.875000000000000   1.000000000000000   1.000000000000000   1.000000000000000   
0.000000000000000   0.000000000000000   1.000000000000000   1.000000000000000   
0.043249168634533   0.042386782514853   0.041500297249014   0.040967323596504   0.040525425545605   0.040050398383346   0.039614311502694   0.038329179872746   0.036974919079597   0.036486540067594   0.035893732821924   0.035400593523379   0.034881281319299   0.022258033961151   0.021675804740715   0.021093575520278   0.021093234139814   0.021092944202588   0.021092654265363   0.021092415771375   0.020377740352510   0.019663064933646   0.017970968676649   0.017916751420139   0.017862534163630   0.019446195907609   
0.024969919153375   0.026274284828881   0.027559208340506   0.028140638139996   0.028782521580621   0.029401002924933   0.030048357841209   0.031014185011941   0.031887952338496   0.032477028633088   0.032971309326381   0.033554115185405   0.034113203803202   0.017637401340787   0.017878829759546   0.018120258178304   0.018120333734826   0.018120452897057   0.018120572059287   0.018120734827225   0.018411846216029   0.018702957604833   0.017163072945490   0.017152122474222   0.017141172002953   0.018659155719759   
1.000000000000000   0.998038970469135   0.997058455703703   0.996568198320986   0.996323069629628   0.996077940938270   0.996077940938270   0.996077940938270   0.997058455703703   0.997548713086419   0.998284099160493   0.999019485234568   1.000000000000000   1.000000000000000   1.000000000000000   1.000000000000000   0.999997543413162   0.999997543413162   0.999997543413162   1.000000000000000   1.000000000000000   1.000000000000000   0.916550605437011   0.916550605437011   0.916550605437011   1.000000000000000   
PATCH 9 
2 2 
6 4 
0.000000000000000   0.000000000000000   0.000000000000000   0.250000000000000   0.500000000000000   0.750000000000000   1.000000000000000   1.000000000000000   1.000000000000000   
0.000000000000000   0.000000000000000   0.000000000000000   0.500000000000000   1.000000000000000   1.000000000000000   1.000000000000000   
0.020895679907747   0.023796696690280   0.029598730255345   0.035400763820410   0.041202797385475   0.044103814168007   0.021236268421098   0.024137285203631   0.029939318768696   0.035741352333761   0.041543385898826   0.044444402681358   0.021917445447800   0.024818462230332   0.030620495795397   0.036422529360462   0.042224562925527   0.045125579708060   0.022258033961151   0.025159050743683   0.030961084308748   0.036763117873813   0.042565151438878   0.045466168221411   
0.014351945790234   0.013149003941878   0.010743120245165   0.008337236548453   0.005931352851741   0.004728411003384   0.015173309677872   0.013970367829516   0.011564484132804   0.009158600436091   0.006752716739379   0.005549774891023   0.016816037453149   0.015613095604793   0.013207211908080   0.010801328211368   0.008395444514656   0.007192502666299   0.017637401340787   0.016434459492431   0.014028575795719   0.011622692099006   0.009216808402294   0.008013866553938   
1.000000000000000   1.000000000000000   1.000000000000000   1.000000000000000   1.000000000000000   1.000000000000000   1.000000000000000   1.000000000000000   1.000000000000000   1.000000000000000   1.000000000000000   1.000000000000000   1.000000000000000   1.000000000000000   1.000000000000000   1.000000000000000   1.000000000000000   1.000000000000000   1.000000000000000   1.000000000000000   1.000000000000000   1.000000000000000   1.000000000000000   1.000000000000000   
PATCH 10 
2 2 
13 4 
0.000000000000000   0.000000000000000   0.000000000000000   0.250000000000000   0.250000000000000   0.375000000000000   0.375000000000000   0.500000000000000   0.500000000000000   0.750000000000000   0.750000000000000   0.875000000000000   0.875000000000000   1.000000000000000   1.000000000000000   1.000000000000000   
0.000000000000000   0.000000000000000   0.000000000000000   0.500000000000000   1.000000000000000   1.000000000000000   1.000000000000000   
0.020895679907747   0.020353228550004   0.019810777192261   0.019695287912870   0.019681399451040   0.019667510989210   0.019755223344942   0.018086132090373   0.016417040835805   0.013779877595724   0.016249541303607   0.013708723691925   0.016296673050952   0.021236268421098   0.020683872597682   0.020131476774266   0.020044774469606   0.020034285638927   0.020023796808248   0.020089521451550   0.018659034155908   0.017228546860265   0.014827650365955   0.016666343832740   0.014747176309851   0.017084053765116   0.021917445447800   0.021345160693037   0.020772875938274   0.020743747583078   0.020740058014701   0.020736368446324   0.020758117664766   0.019804838286976   0.018851558909186   0.016923195906418   0.017499948891006   0.016824081545704   0.018658815193445   0.022258033961151   0.021675804740715   0.021093575520278   0.021093234139814   0.021092944202588   0.021092654265363   0.021092415771375   0.020377740352510   0.019663064933646   0.017970968676649   0.017916751420139   0.017862534163630   0.019446195907609   
0.014351945790234   0.014576879835033   0.014801813879833   0.014730905610076   0.014734441157181   0.014737976704286   0.014815956068253   0.014992639397154   0.015169322726055   0.012841853795078   0.015301520224606   0.013043023857175   0.015509632863102   0.015173309677872   0.015402367316161   0.015631424954451   0.015578262641264   0.015580944092150   0.015583625543037   0.015642150757996   0.015847441101873   0.016052731445750   0.013922158582681   0.015764170787010   0.014067560893619   0.016297013577267   0.016816037453149   0.017053342278417   0.017290647103686   0.017272976703639   0.017273949962088   0.017274923220537   0.017294540137482   0.017557044511310   0.017819548885138   0.016082768157887   0.016689471911818   0.016116634966509   0.017871775005595   0.017637401340787   0.017878829759546   0.018120258178304   0.018120333734826   0.018120452897057   0.018120572059287   0.018120734827225   0.018411846216029   0.018702957604833   0.017163072945490   0.017152122474222   0.017141172002953   0.018659155719759   
1.000000000000000   1.000000000000000   1.000000000000000   0.994838623559881   0.994838623559881   0.994838623559881   1.000000000000000   1.000000000000000   1.000000000000000   0.845826992099405   1.000000000000000   0.845826992099405   1.000000000000000   1.000000000000000   1.000000000000000   1.000000000000000   0.996128353523201   0.996128353523201   0.996128353523201   1.000000000000000   1.000000000000000   1.000000000000000   0.863507895433806   0.979137651359253   0.863507895433806   1.000000000000000   1.000000000000000   1.000000000000000   1.000000000000000   0.998707813449841   0.998707813449841   0.998707813449841   1.000000000000000   1.000000000000000   1.000000000000000   0.898869702102609   0.937412954077758   0.898869702102609   1.000000000000000   1.000000000000000   1.000000000000000   1.000000000000000   0.999997543413162   0.999997543413162   0.999997543413162   1.000000000000000   1.000000000000000   1.000000000000000   0.916550605437011   0.916550605437011   0.916550605437011   1.000000000000000   
PATCH 11 
2 1 
13 2 
0.000000000000000   0.000000000000000   0.000000000000000   0.250000000000000   0.250000000000000   0.375000000000000   0.375000000000000   0.500000000000000   0.500000000000000   0.750000000000000   0.750000000000000   0.875000000000000   0.875000000000000   1.000000000000000   1.000000000000000   1.000000000000000   
0.000000000000000   0.000000000000000   1.000000000000000   1.000000000000000   
0.043249168634533   0.042386782514853   0.041500297249014   0.040967323596504   0.040525425545605   0.040050398383346   0.039614311502694   0.038329179872746   0.036974919079597   0.036486540067594   0.035893732821924   0.035400593523379   0.034881281319299   0.043734282891114   0.043142506727484   0.042531053738569   0.042225327244111   0.041914681543332   0.041604035842553   0.041288470935453   0.040657341121252   0.040006534481766   0.039681131162023   0.039350808635958   0.039020486109894   0.038685244377508   
0.024969919153375   0.026274284828881   0.027559208340506   0.028140638139996   0.028782521580621   0.029401002924933   0.030048357841209   0.031014185011941   0.031887952338496   0.032477028633088   0.032971309326381   0.033554115185405   0.034113203803202   0.025250000000000   0.026178902508932   0.027094027156471   0.027551589480241   0.028005707338662   0.028459825197083   0.028910498590156   0.029811845376303   0.030699414301056   0.031143198763433   0.031583538760461   0.032023878757490   0.032460774289170   
1.000000000000000   0.998038970469135   0.997058455703703   0.996568198320986   0.996323069629628   0.996077940938270   0.996077940938270   0.996077940938270   0.997058455703703   0.997548713086419   0.998284099160493   0.999019485234568   1.000000000000000   1.000000000000000   0.999048674522937   0.998573011784405   0.998335180415139   0.998216264730506   0.998097349045873   0.998097349045873   0.998097349045873   0.998573011784405   0.998810843153671   0.999167590207569   0.999524337261468   1.000000000000000   
PATCH 12 
2 1 
6 2 
0.000000000000000   0.000000000000000   0.000000000000000   0.250000000000000   0.500000000000000   0.750000000000000   1.000000000000000   1.000000000000000   1.000000000000000   
0.000000000000000   0.000000000000000   1.000000000000000   1.000000000000000   
0.020895679907747   0.023796696690280   0.029598730255345   0.035400763820410   0.041202797385475   0.044103814168007   0.014550000000000   0.018244226771001   0.025632680313003   0.033021133855005   0.040409587397006   0.044103814168007   
0.014351945790234   0.013149003941878   0.010743120245165   0.008337236548453   0.005931352851741   0.004728411003384   0.000000000000000   0.000000000000000   0.000000000000000   0.000000000000000   0.000000000000000   0.000000000000000   
1.000000000000000   1.000000000000000   1.000000000000000   1.000000000000000   1.000000000000000   1.000000000000000   1.000000000000000   1.000000000000000   1.000000000000000   1.000000000000000   1.000000000000000   1.000000000000000   
PATCH 13 
2 1 
13 2 
0.000000000000000   0.000000000000000   0.000000000000000   0.250000000000000   0.250000000000000   0.375000000000000   0.375000000000000   0.500000000000000   0.500000000000000   0.750000000000000   0.750000000000000   0.875000000000000   0.875000000000000   1.000000000000000   1.000000000000000   1.000000000000000   
0.000000000000000   0.000000000000000   1.000000000000000   1.000000000000000   
0.044103814168007   0.045254579898624   0.046405345629241   0.046212182573933   0.046225013985659   0.046237845397384   0.046456671276142   0.047222381403856   0.047988091531570   0.043159878677866   0.048154938621805   0.043284452174655   0.048211717038736   0.044103814168007   0.044840837397006   0.045577860626005   0.045946372240505   0.046314883855005   0.046683395469504   0.047051907084004   0.047788930313003   0.048525953542002   0.048894465156501   0.049262976771001   0.049631488385500   0.050000000000000   
0.004728411003384   0.004251232014504   0.003774053025624   0.003752260270464   0.003748848007274   0.003745435744084   0.003760403972864   0.003662828702496   0.003565253432128   0.003188898758210   0.003622371829935   0.003313726266340   0.003789334922441   0.000000000000000   0.000000000000000   0.000000000000000   0.000000000000000   0.000000000000000   0.000000000000000   0.000000000000000   0.000000000000000   0.000000000000000   0.000000000000000   0.000000000000000   0.000000000000000   0.000000000000000   
1.000000000000000   1.000000000000000   1.000000000000000   0.995573186649866   0.995573186649866   0.995573186649866   1.000000000000000   1.000000000000000   1.000000000000000   0.897564541940641   1.000000000000000   0.897564541940641   1.000000000000000   1.000000000000000   1.000000000000000   1.000000000000000   1.000000000000000   1.000000000000000   1.000000000000000   1.000000000000000   1.000000000000000   1.000000000000000   1.000000000000000   1.000000000000000   1.000000000000000   1.000000000000000   
PATCH 14 
2 1 
13 2 
0.000000000000000   0.000000000000000   0.000000000000000   0.250000000000000   0.250000000000000   0.375000000000000   0.375000000000000   0.500000000000000   0.500000000000000   0.750000000000000   0.750000000000000   0.875000000000000   0.875000000000000   1.000000000000000   1.000000000000000   1.000000000000000   
0.000000000000000   0.000000000000000   1.000000000000000   1.000000000000000   
0.014550000000000   0.014280806242062   0.013886976468291   0.013690061581405   0.013461987690561   0.013233913799717   0.012974680904915   0.012456215115311   0.011813113309873   0.011491562407154   0.011138852500477   0.010786142593800   0.010402273683165   0.020895679907747   0.020353228550004   0.019810777192261   0.019695287912870   0.019681399451040   0.019667510989210   0.019755223344942   0.018086132090373   0.016417040835805   0.013779877595724   0.016249541303607   0.013708723691925   0.016296673050952   
0.000000000000000   0.001373287773806   0.002695760359082   0.003356996651720   0.004005529147225   0.004654061642730   0.005289890341102   0.006561547737847   0.007782389946061   0.008392811050168   0.008990528357143   0.009588245664117   0.010173259173959   0.014351945790234   0.014576879835033   0.014801813879833   0.014730905610076   0.014734441157181   0.014737976704286   0.014815956068253   0.014992639397154   0.015169322726055   0.012841853795078   0.015301520224606   0.013043023857175   0.015509632863102   
1.000000000000000   0.981498710794641   0.972248066191962   0.967622743890622   0.965310082739952   0.962997421589282   0.962997421589282   0.962997421589282   0.972248066191962   0.976873388493301   0.983811371945311   0.990749355397321   1.000000000000000   1.000000000000000   1.000000000000000   1.000000000000000   0.994838623559881   0.994838623559881   0.994838623559881   1.000000000000000   1.000000000000000   1.000000000000000   0.845826992099405   1.000000000000000   0.845826992099405   1.000000000000000   
PATCH 15 
2 1 
4 2 
0.000000000000000   0.000000000000000   0.000000000000000   0.500000000000000   1.000000000000000   1.000000000000000   1.000000000000000   
0.000000000000000   0.000000000000000   1.000000000000000   1.000000000000000   
0.034881281319299   0.034709770375537   0.034325517869438   0.034113203803202   0.019446195907609   0.019249435860646   0.018855915766722   0.018659155719759   
0.034113203803202   0.034325517869438   0.034709770375537   0.034881281319299   0.018659155719759   0.018855915766722   0.019249435860646   0.019446195907609   
1.000000000000000   0.999969031264561   0.999969031264561   1.000000000000000   1.000000000000000   1.000000000000000   1.000000000000000   1.000000000000000   
PATCH 16 
2 2 
4 4 
0.000000000000000   0.000000000000000   0.000000000000000   0.500000000000000   1.000000000000000   1.000000000000000   1.000000000000000   
0.000000000000000   0.000000000000000   0.000000000000000   0.500000000000000   1.000000000000000   1.000000000000000   1.000000000000000   
0.016296673050952   0.017084053765116   0.018658815193445   0.019446195907609   0.016099913003989   0.016887293718154   0.018462055146482   0.019249435860646   0.015706392910065   0.016493773624229   0.018068535052557   0.018855915766722   0.015509632863102   0.016297013577267   0.017871775005595   0.018659155719759   
0.015509632863102   0.016297013577267   0.017871775005595   0.018659155719759   0.015706392910065   0.016493773624229   0.018068535052557   0.018855915766722   0.016099913003989   0.016887293718154   0.018462055146482   0.019249435860646   0.016296673050952   0.017084053765116   0.018658815193445   0.019446195907609   
1.000000000000000   1.000000000000000   1.000000000000000   1.000000000000000   1.000000000000000   1.000000000000000   1.000000000000000   1.000000000000000   1.000000000000000   1.000000000000000   1.000000000000000   1.000000000000000   1.000000000000000   1.000000000000000   1.000000000000000   1.000000000000000   
PATCH 17 
2 1 
4 2 
0.000000000000000   0.000000000000000   0.000000000000000   0.500000000000000   1.000000000000000   1.000000000000000   1.000000000000000   
0.000000000000000   0.000000000000000   1.000000000000000   1.000000000000000   
0.016296673050952   0.016099913003989   0.015706392910065   0.015509632863102   0.010402273683165   0.010345338674715   0.010230831420112   0.010173259173959   
0.015509632863102   0.015706392910065   0.016099913003989   0.016296673050952   0.010173259173959   0.010230831420112   0.010345338674715   0.010402273683165   
1.000000000000000   1.000000000000000   1.000000000000000   1.000000000000000   1.000000000000000   0.999969031264561   0.999969031264561   1.000000000000000   
PATCH 18 
2 1 
4 2 
0.000000000000000   0.000000000000000   0.000000000000000   0.500000000000000   1.000000000000000   1.000000000000000   1.000000000000000   
0.000000000000000   0.000000000000000   1.000000000000000   1.000000000000000   
0.034881281319299   0.034709770375537   0.034325517869438   0.034113203803202   0.038685244377508   0.037197068413715   0.034084833369545   0.032460774289170   
0.034113203803202   0.034325517869438   0.034709770375537   0.034881281319299   0.032460774289170   0.034084833369545   0.037197068413715   0.038685244377508   
1.000000000000000   0.999969031264561   0.999969031264561   1.000000000000000   1.000000000000000   0.998097349045873   0.998097349045873   1.000000000000000   
PATCH 19 
2 1 
4 2 
0.000000000000000   0.000000000000000   0.000000000000000   0.500000000000000   1.000000000000000   1.000000000000000   1.000000000000000   
0.000000000000000   0.000000000000000   1.000000000000000   1.000000000000000   
0.000000000000000   0.002178893568691   0.006520098010365   0.008682408883347   0.000000000000000   0.002200682504378   0.006585298990468   0.008769232972180   
0.050000000000000   0.049904867452294   0.049525061277599   0.049240387650610   0.050500000000000   0.050403916126817   0.050020311890375   0.049732791527117   
1.000000000000000   0.998097349045873   0.998097349045873   1.000000000000000   1.000000000000000   0.998097349045873   0.998097349045873   1.000000000000000   
PATCH 20 
2 1 
4 2 
0.000000000000000   0.000000000000000   0.000000000000000   0.500000000000000   1.000000000000000   1.000000000000000   1.000000000000000   
0.000000000000000   0.000000000000000   1.000000000000000   1.000000000000000   
0.003789334922441   0.004759312539121   0.006699267772481   0.007669245389161   0.000000000000000   0.002178893568691   0.006520098010365   0.008682408883347   
0.048211717038736   0.048086103316541   0.047834875872152   0.047709262149957   0.050000000000000   0.049904867452294   0.049525061277599   0.049240387650610   
1.000000000000000   1.000000000000000   1.000000000000000   1.000000000000000   1.000000000000000   0.998097349045873   0.998097349045873   1.000000000000000   
PATCH 21 
2 1 
13 2 
0.000000000000000   0.000000000000000   0.000000000000000   0.125000000000000   0.125000000000000   0.250000000000000   0.250000000000000   0.500000000000000   0.500000000000000   0.625000000000000   0.625000000000000   0.750000000000000   0.750000000000000   1.000000000000000   1.000000000000000   1.000000000000000   
0.000000000000000   0.000000000000000   1.000000000000000   1.000000000000000   
0.007669245389161   0.006689726972896   0.006733174920342   0.006776622867789   0.007843037178947   0.007794863605290   0.007746690031633   0.007640639732633   0.007644322493273   0.007648005253913   0.007761421074192   0.007887643814065   0.008013866553938   0.008682408883347   0.009214726804819   0.009556476941104   0.010147850597013   0.010669097116911   0.011700216545973   0.012753253479689   0.013272670334604   0.013792283925927   0.014341032442952   0.014901942526627   0.015952836012832   0.016991841915589   
0.047709262149957   0.041183255896301   0.041130058581532   0.041076861266762   0.047496472890879   0.046831246019881   0.046166019148883   0.045520944142427   0.045498180906823   0.045475417671218   0.046074966206466   0.045770567213938   0.045466168221411   0.049240387650610   0.049122375608591   0.048048217639862   0.048264021009074   0.048129919625634   0.047816990170998   0.047595789948003   0.047456219007577   0.047316894745427   0.047273175023061   0.047259499495911   0.046993935481155   0.046684701978023   
1.000000000000000   0.863397907396088   0.863397907396088   0.863397907396088   1.000000000000000   1.000000000000000   1.000000000000000   0.986525240323824   0.986525240323824   0.986525240323824   1.000000000000000   1.000000000000000   1.000000000000000   1.000000000000000   0.999524337261468   0.999167590207569   0.998810843153671   0.998573011784405   0.998097349045873   0.998097349045873   0.998097349045873   0.998216264730506   0.998335180415139   0.998573011784404   0.999048674522936   1.000000000000000   
PATCH 22 
2 2 
13 4 
0.000000000000000   0.000000000000000   0.000000000000000   0.250000000000000   0.250000000000000   0.375000000000000   0.375000000000000   0.500000000000000   0.500000000000000   0.750000000000000   0.750000000000000   0.875000000000000   0.875000000000000   1.000000000000000   1.000000000000000   1.000000000000000   
0.000000000000000   0.000000000000000   0.000000000000000   0.500000000000000   1.000000000000000   1.000000000000000   1.000000000000000   
0.004728411003384   0.004251232014504   0.003774053025624   0.003752260270464   0.003748848007274   0.003745435744084   0.003760403972864   0.003662828702496   0.003565253432128   0.003188898758210   0.003622371829935   0.003313726266340   0.003789334922441   0.005549774891023   0.005160334964394   0.004770895037766   0.004726196516326   0.004722716628774   0.004719236741221   0.004756975487556   0.004695837428194   0.004634699368833   0.004085829785604   0.004400072602537   0.004157726442979   0.004759312539121   0.007192502666299   0.006978540864175   0.006764579062050   0.006674069008051   0.006670453871773   0.006666838735496   0.006750118516940   0.006761854879591   0.006773591242242   0.005879691840394   0.005955474147740   0.005845726796257   0.006699267772481   0.008013866553938   0.007887643814065   0.007761421074192   0.007648005253913   0.007644322493273   0.007640639732633   0.007746690031633   0.007794863605290   0.007843037178947   0.006776622867789   0.006733174920342   0.006689726972896   0.007669245389161   
0.044103814168007   0.045254579898624   0.046405345629241   0.046212182573933   0.046225013985659   0.046237845397384   0.046456671276142   0.047222381403856   0.047988091531570   0.043159878677866   0.048154938621805   0.043284452174655   0.048211717038736   0.044444402681358   0.045383576727452   0.046322750773547   0.046027991348255   0.046043305715950   0.046058620083645   0.046384008244328   0.047124597557862   0.047865186871397   0.042639124325090   0.046398718611737   0.042759153105067   0.048086103316541   0.045125579708060   0.045641570385110   0.046157561062159   0.045659608896897   0.045679889176532   0.045700169456166   0.046238682180698   0.046929029865875   0.047619377551051   0.041597615619538   0.042886278591600   0.041708554965890   0.047834875872152   0.045466168221411   0.045770567213938   0.046074966206466   0.045475417671218   0.045498180906823   0.045520944142427   0.046166019148883   0.046831246019881   0.047496472890879   0.041076861266762   0.041130058581532   0.041183255896301   0.047709262149957   
1.000000000000000   1.000000000000000   1.000000000000000   0.995573186649866   0.995573186649866   0.995573186649866   1.000000000000000   1.000000000000000   1.000000000000000   0.897564541940641   1.000000000000000   0.897564541940641   1.000000000000000   1.000000000000000   1.000000000000000   1.000000000000000   0.993311200068356   0.993311200068356   0.993311200068356   1.000000000000000   1.000000000000000   1.000000000000000   0.889022883304503   0.965849476849022   0.889022883304503   1.000000000000000   1.000000000000000   1.000000000000000   1.000000000000000   0.988787226905335   0.988787226905335   0.988787226905335   1.000000000000000   1.000000000000000   1.000000000000000   0.871939566032227   0.897548430547066   0.871939566032227   1.000000000000000   1.000000000000000   1.000000000000000   1.000000000000000   0.986525240323824   0.986525240323824   0.986525240323824   1.000000000000000   1.000000000000000   1.000000000000000   0.863397907396088   0.863397907396088   0.863397907396088   1.000000000000000   
PATCH 23 
2 1 
13 2 
0.000000000000000   0.000000000000000   0.000000000000000   0.125000000000000   0.125000000000000   0.250000000000000   0.250000000000000   0.500000000000000   0.500000000000000   0.625000000000000   0.625000000000000   0.750000000000000   0.750000000000000   1.000000000000000   1.000000000000000   1.000000000000000   
0.000000000000000   0.000000000000000   1.000000000000000   1.000000000000000   
0.008682408883347   0.009214726804819   0.009556476941104   0.010147850597013   0.010669097116911   0.011700216545973   0.012753253479689   0.013272670334604   0.013792283925927   0.014341032442952   0.014901942526627   0.015952836012832   0.016991841915589   0.008769232972180   0.009306874072867   0.009842960902535   0.010379047732203   0.010913580290852   0.011982645408149   0.013045493441370   0.013576917457981   0.014106787203572   0.014636656949163   0.015164972423735   0.016221603372879   0.017272017237946   
0.049240387650610   0.049122375608591   0.048048217639862   0.048264021009074   0.048129919625634   0.047816990170998   0.047595789948003   0.047456219007577   0.047316894745427   0.047273175023061   0.047259499495911   0.046993935481155   0.046684701978023   0.049732791527117   0.049613599364677   0.049488606583825   0.049363613802972   0.049232820403708   0.048971233605179   0.048686444333000   0.048544049696911   0.048395854442409   0.048247659187908   0.048093663314994   0.047785671569166   0.047454477349688   
1.000000000000000   0.999524337261468   0.999167590207569   0.998810843153671   0.998573011784405   0.998097349045873   0.998097349045873   0.998097349045873   0.998216264730506   0.998335180415139   0.998573011784404   0.999048674522936   1.000000000000000   1.000000000000000   0.999524337261468   0.999167590207569   0.998810843153671   0.998573011784405   0.998097349045873   0.998097349045873   0.998097349045873   0.998216264730506   0.998335180415139   0.998573011784404   0.999048674522936   1.000000000000000   
PATCH 24 
2 1 
6 2 
0.000000000000000   0.000000000000000   0.000000000000000   0.250000000000000   0.500000000000000   0.750000000000000   1.000000000000000   1.000000000000000   1.000000000000000   
0.000000000000000   0.000000000000000   1.000000000000000   1.000000000000000   
0.016991841915589   0.018053272918614   0.020016595491329   0.021969929198914   0.023897376942007   0.024969919153375   0.017272017237946   0.018289568482936   0.020304367573183   0.022298863263696   0.024273055554476   0.025250000000000   
0.046684701978023   0.046425342099745   0.045492455752824   0.044549442544248   0.043558093161583   0.043249168634533   0.047454477349688   0.047032993823604   0.046146485990198   0.045216437375554   0.044242847979673   0.043734282891114   
1.000000000000000   0.999048674522936   0.998097349045873   0.998097349045873   0.999048674522936   1.000000000000000   1.000000000000000   0.999048674522936   0.998097349045873   0.998097349045873   0.999048674522936   1.000000000000000   
PATCH 25 
2 1 
6 2 
0.000000000000000   0.000000000000000   0.000000000000000   0.250000000000000   0.500000000000000   0.750000000000000   1.000000000000000   1.000000000000000   1.000000000000000   
0.000000000000000   0.000000000000000   1.000000000000000   1.000000000000000   
0.016991841915589   0.018053272918614   0.020016595491329   0.021969929198914   0.023897376942007   0.024969919153375   0.008013866553938   0.009216808402294   0.011622692099006   0.014028575795719   0.016434459492431   0.017637401340787   
0.046684701978023   0.046425342099745   0.045492455752824   0.044549442544248   0.043558093161583   0.043249168634533   0.045466168221411   0.042565151438878   0.036763117873813   0.030961084308748   0.025159050743683   0.022258033961151   
1.000000000000000   0.999048674522936   0.998097349045873   0.998097349045873   0.999048674522936   1.000000000000000   1.000000000000000   1.000000000000000   1.000000000000000   1.000000000000000   1.000000000000000   1.000000000000000   
PATCH 26 
2 1 
13 2 
0.000000000000000   0.000000000000000   0.000000000000000   0.250000000000000   0.250000000000000   0.375000000000000   0.375000000000000   0.500000000000000   0.500000000000000   0.750000000000000   0.750000000000000   0.875000000000000   0.875000000000000   1.000000000000000   1.000000000000000   1.000000000000000   
0.000000000000000   0.000000000000000   1.000000000000000   1.000000000000000   
0.024969919153375   0.026274284828881   0.027559208340506   0.028140638139996   0.028782521580621   0.029401002924933   0.030048357841209   0.031014185011941   0.031887952338496   0.032477028633088   0.032971309326381   0.033554115185405   0.034113203803202   0.017637401340787   0.017878829759546   0.018120258178304   0.018120333734826   0.018120452897057   0.018120572059287   0.018120734827225   0.018411846216029   0.018702957604833   0.017163072945490   0.017152122474222   0.017141172002953   0.018659155719759   
0.043249168634533   0.042386782514853   0.041500297249014   0.040967323596504   0.040525425545605   0.040050398383346   0.039614311502694   0.038329179872746   0.036974919079597   0.036486540067594   0.035893732821924   0.035400593523379   0.034881281319299   0.022258033961151   0.021675804740715   0.021093575520278   0.021093234139814   0.021092944202588   0.021092654265363   0.021092415771375   0.020377740352510   0.019663064933646   0.017970968676649   0.017916751420139   0.017862534163630   0.019446195907609   
1.000000000000000   0.998038970469135   0.997058455703703   0.996568198320986   0.996323069629628   0.996077940938270   0.996077940938270   0.996077940938270   0.997058455703703   0.997548713086419   0.998284099160493   0.999019485234568   1.000000000000000   1.000000000000000   1.000000000000000   1.000000000000000   0.999997543413162   0.999997543413162   0.999997543413162   1.000000000000000   1.000000000000000   1.000000000000000   0.916550605437011   0.916550605437011   0.916550605437011   1.000000000000000   
PATCH 27 
2 2 
6 4 
0.000000000000000   0.000000000000000   0.000000000000000   0.250000000000000   0.500000000000000   0.750000000000000   1.000000000000000   1.000000000000000   1.000000000000000   
0.000000000000000   0.000000000000000   0.000000000000000   0.500000000000000   1.000000000000000   1.000000000000000   1.000000000000000   
0.014351945790234   0.013149003941878   0.010743120245165   0.008337236548453   0.005931352851741   0.004728411003384   0.015173309677872   0.013970367829516   0.011564484132804   0.009158600436091   0.006752716739379   0.005549774891023   0.016816037453149   0.015613095604793   0.013207211908080   0.010801328211368   0.008395444514656   0.007192502666299   0.017637401340787   0.016434459492431   0.014028575795719   0.011622692099006   0.009216808402294   0.008013866553938   
0.020895679907747   0.023796696690280   0.029598730255345   0.035400763820410   0.041202797385475   0.044103814168007   0.021236268421098   0.024137285203631   0.029939318768696   0.035741352333761   0.041543385898826   0.044444402681358   0.021917445447800   0.024818462230332   0.030620495795397   0.036422529360462   0.042224562925527   0.045125579708060   0.022258033961151   0.025159050743683   0.030961084308748   0.036763117873813   0.042565151438878   0.045466168221411   
1.000000000000000   1.000000000000000   1.000000000000000   1.000000000000000   1.000000000000000   1.000000000000000   1.000000000000000   1.000000000000000   1.000000000000000   1.000000000000000   1.000000000000000   1.000000000000000   1.000000000000000   1.000000000000000   1.000000000000000   1.000000000000000   1.000000000000000   1.000000000000000   1.000000000000000   1.000000000000000   1.000000000000000   1.000000000000000   1.000000000000000   1.000000000000000   
PATCH 28 
2 2 
13 4 
0.000000000000000   0.000000000000000   0.000000000000000   0.250000000000000   0.250000000000000   0.375000000000000   0.375000000000000   0.500000000000000   0.500000000000000   0.750000000000000   0.750000000000000   0.875000000000000   0.875000000000000   1.000000000000000   1.000000000000000   1.000000000000000   
0.000000000000000   0.000000000000000   0.000000000000000   0.500000000000000   1.000000000000000   1.000000000000000   1.000000000000000   
0.014351945790234   0.014576879835033   0.014801813879833   0.014730905610076   0.014734441157181   0.014737976704286   0.014815956068253   0.014992639397154   0.015169322726055   0.012841853795078   0.015301520224606   0.013043023857175   0.015509632863102   0.015173309677872   0.015402367316161   0.015631424954451   0.015578262641264   0.015580944092150   0.015583625543037   0.015642150757996   0.015847441101873   0.016052731445750   0.013922158582681   0.015764170787010   0.014067560893619   0.016297013577267   0.016816037453149   0.017053342278417   0.017290647103686   0.017272976703639   0.017273949962088   0.017274923220537   0.017294540137482   0.017557044511310   0.017819548885138   0.016082768157887   0.016689471911818   0.016116634966509   0.017871775005595   0.017637401340787   0.017878829759546   0.018120258178304   0.018120333734826   0.018120452897057   0.018120572059287   0.018120734827225   0.018411846216029   0.018702957604833   0.017163072945490   0.017152122474222   0.017141172002953   0.018659155719759   
0.020895679907747   0.020353228550004   0.019810777192261   0.019695287912870   0.019681399451040   0.019667510989210   0.019755223344942   0.018086132090373   0.016417040835805   0.013779877595724   0.016249541303607   0.013708723691925   0.016296673050952   0.021236268421098   0.020683872597682   0.020131476774266   0.020044774469606   0.020034285638927   0.020023796808248   0.020089521451550   0.018659034155908   0.017228546860265   0.014827650365955   0.016666343832740   0.014747176309851   0.017084053765116   0.021917445447800   0.021345160693037   0.020772875938274   0.020743747583078   0.020740058014701   0.020736368446324   0.020758117664766   0.019804838286976   0.018851558909186   0.016923195906418   0.017499948891006   0.016824081545704   0.018658815193445   0.022258033961151   0.021675804740715   0.021093575520278   0.021093234139814   0.021092944202588   0.021092654265363   0.021092415771375   0.020377740352510   0.019663064933646   0.017970968676649   0.017916751420139   0.017862534163630   0.019446195907609   
1.000000000000000   1.000000000000000   1.000000000000000   0.994838623559881   0.994838623559881   0.994838623559881   1.000000000000000   1.000000000000000   1.000000000000000   0.845826992099405   1.000000000000000   0.845826992099405   1.000000000000000   1.000000000000000   1.000000000000000   1.000000000000000   0.996128353523201   0.996128353523201   0.996128353523201   1.000000000000000   1.000000000000000   1.000000000000000   0.863507895433806   0.979137651359253   0.863507895433806   1.000000000000000   1.000000000000000   1.000000000000000   1.000000000000000   0.998707813449841   0.998707813449841   0.998707813449841   1.000000000000000   1.000000000000000   1.000000000000000   0.898869702102609   0.937412954077758   0.898869702102609   1.000000000000000   1.000000000000000   1.000000000000000   1.000000000000000   0.999997543413162   0.999997543413162   0.999997543413162   1.000000000000000   1.000000000000000   1.000000000000000   0.916550605437011   0.916550605437011   0.916550605437011   1.000000000000000   
PATCH 29 
2 1 
13 2 
0.000000000000000   0.000000000000000   0.000000000000000   0.250000000000000   0.250000000000000   0.375000000000000   0.375000000000000   0.500000000000000   0.500000000000000   0.750000000000000   0.750000000000000   0.875000000000000   0.875000000000000   1.000000000000000   1.000000000000000   1.000000000000000   
0.000000000000000   0.000000000000000   1.000000000000000   1.000000000000000   
0.024969919153375   0.026274284828881   0.027559208340506   0.028140638139996   0.028782521580621   0.029401002924933   0.030048357841209   0.031014185011941   0.031887952338496   0.032477028633088   0.032971309326381   0.033554115185405   0.034113203803202   0.025250000000000   0.026178902508932   0.027094027156471   0.027551589480241   0.028005707338662   0.028459825197083   0.028910498590156   0.029811845376303   0.030699414301056   0.031143198763433   0.031583538760461   0.032023878757490   0.032460774289170   
0.043249168634533   0.042386782514853   0.041500297249014   0.040967323596504   0.040525425545605   0.040050398383346   0.039614311502694   0.038329179872746   0.036974919079597   0.036486540067594   0.035893732821924   0.035400593523379   0.034881281319299   0.043734282891114   0.043142506727484   0.042531053738569   0.042225327244111   0.041914681543332   0.041604035842553   0.041288470935453   0.040657341121252   0.040006534481766   0.039681131162023   0.039350808635958   0.039020486109894   0.038685244377508   
1.000000000000000   0.998038970469135   0.997058455703703   0.996568198320986   0.996323069629628   0.996077940938270   0.996077940938270   0.996077940938270   0.997058455703703   0.997548713086419   0.998284099160493   0.999019485234568   1.000000000000000   1.000000000000000   0.999048674522937   0.998573011784405   0.998335180415139   0.998216264730506   0.998097349045873   0.998097349045873   0.998097349045873   0.998573011784405   0.998810843153671   0.999167590207569   0.999524337261468   1.000000000000000   
PATCH 30 
2 1 
6 2 
0.000000000000000   0.000000000000000   0.000000000000000   0.250000000000000   0.500000000000000   0.750000000000000   1.000000000000000   1.000000000000000   1.000000000000000   
0.000000000000000   0.000000000000000   1.000000000000000   1.000000000000000   
0.014351945790234   0.013149003941878   0.010743120245165   0.008337236548453   0.005931352851741   0.004728411003384   0.000000000000000   0.000000000000000   0.000000000000000   0.000000000000000   0.000000000000000   0.000000000000000   
0.020895679907747   0.023796696690280   0.029598730255345   0.035400763820410   0.041202797385475   0.044103814168007   0.014550000000000   0.018244226771001   0.025632680313003   0.033021133855005   0.040409587397006   0.044103814168007   
1.000000000000000   1.000000000000000   1.000000000000000   1.000000000000000   1.000000000000000   1.000000000000000   1.000000000000000   1.000000000000000   1.000000000000000   1.000000000000000   1.000000000000000   1.000000000000000   
PATCH 31 
2 1 
13 2 
0.000000000000000   0.000000000000000   0.000000000000000   0.250000000000000   0.250000000000000   0.375000000000000   0.375000000000000   0.500000000000000   0.500000000000000   0.750000000000000   0.750000000000000   0.875000000000000   0.875000000000000   1.000000000000000   1.000000000000000   1.000000000000000   
0.000000000000000   0.000000000000000   1.000000000000000   1.000000000000000   
0.004728411003384   0.004251232014504   0.003774053025624   0.003752260270464   0.003748848007274   0.003745435744084   0.003760403972864   0.003662828702496   0.003565253432128   0.003188898758210   0.003622371829935   0.003313726266340   0.003789334922441   0.000000000000000   0.000000000000000   0.000000000000000   0.000000000000000   0.000000000000000   0.000000000000000   0.000000000000000   0.000000000000000   0.000000000000000   0.000000000000000   0.000000000000000   0.000000000000000   0.000000000000000   
0.044103814168007   0.045254579898624   0.046405345629241   0.046212182573933   0.046225013985659   0.046237845397384   0.046456671276142   0.047222381403856   0.047988091531570   0.043159878677866   0.048154938621805   0.043284452174655   0.048211717038736   0.044103814168007   0.044840837397006   0.045577860626005   0.045946372240505   0.046314883855005   0.046683395469504   0.047051907084004   0.047788930313003   0.048525953542002   0.048894465156501   0.049262976771001   0.049631488385500   0.050000000000000   
1.000000000000000   1.000000000000000   1.000000000000000   0.995573186649866   0.995573186649866   0.995573186649866   1.000000000000000   1.000000000000000   1.000000000000000   0.897564541940641   1.000000000000000   0.897564541940641   1.000000000000000   1.000000000000000   1.000000000000000   1.000000000000000   1.000000000000000   1.000000000000000   1.000000000000000   1.000000000000000   1.000000000000000   1.000000000000000   1.000000000000000   1.000000000000000   1.000000000000000   1.000000000000000   
PATCH 32 
2 1 
13 2 
0.000000000000000   0.000000000000000   0.000000000000000   0.250000000000000   0.250000000000000   0.375000000000000   0.375000000000000   0.500000000000000   0.500000000000000   0.750000000000000   0.750000000000000   0.875000000000000   0.875000000000000   1.000000000000000   1.000000000000000   1.000000000000000   
0.000000000000000   0.000000000000000   1.000000000000000   1.000000000000000   
0.000000000000000   0.001373287773806   0.002695760359082   0.003356996651720   0.004005529147225   0.004654061642730   0.005289890341102   0.006561547737847   0.007782389946061   0.008392811050168   0.008990528357143   0.009588245664117   0.010173259173959   0.014351945790234   0.014576879835033   0.014801813879833   0.014730905610076   0.014734441157181   0.014737976704286   0.014815956068253   0.014992639397154   0.015169322726055   0.012841853795078   0.015301520224606   0.013043023857175   0.015509632863102   
0.014550000000000   0.014280806242062   0.013886976468291   0.013690061581405   0.013461987690561   0.013233913799717   0.012974680904915   0.012456215115311   0.011813113309873   0.011491562407154   0.011138852500477   0.010786142593800   0.010402273683165   0.020895679907747   0.020353228550004   0.019810777192261   0.019695287912870   0.019681399451040   0.019667510989210   0.019755223344942   0.018086132090373   0.016417040835805   0.013779877595724   0.016249541303607   0.013708723691925   0.016296673050952   
1.000000000000000   0.981498710794641   0.972248066191962   0.967622743890622   0.965310082739952   0.962997421589282   0.962997421589282   0.962997421589282   0.972248066191962   0.976873388493301   0.983811371945311   0.990749355397321   1.000000000000000   1.000000000000000   1.000000000000000   1.000000000000000   0.994838623559881   0.994838623559881   0.994838623559881   1.000000000000000   1.000000000000000   1.000000000000000   0.845826992099405   1.000000000000000   0.845826992099405   1.000000000000000   
INTERFACE 1 
1 2 
5 1 
1 
INTERFACE 2 
1 3 
2 4 
1 
INTERFACE 3 
2 1 
13 2 
1 
INTERFACE 4 
2 2 
3 1 
1 
INTERFACE 5 
2 3 
4 2 
1 
INTERFACE 6 
3 2 
7 1 
-1 
INTERFACE 7 
3 3 
4 4 
-1 
INTERFACE 8 
3 4 
5 3 
1 
INTERFACE 9 
4 1 
9 2 
1 
INTERFACE 10 
4 3 
13 3 
1 
INTERFACE 11 
5 2 
6 1 
1 
INTERFACE 12 
6 2 
11 1 
1 
INTERFACE 13 
6 3 
7 3 
1 
INTERFACE 14 
7 2 
8 1 
1 
INTERFACE 15 
7 4 
9 4 
-1 
INTERFACE 16 
8 2 
15 1 
1 
INTERFACE 17 
8 3 
11 3 
1 
INTERFACE 18 
8 4 
10 4 
1 
INTERFACE 19 
9 1 
10 1 
1 
INTERFACE 20 
9 3 
12 3 
1 
INTERFACE 21 
10 2 
16 3 
1 
INTERFACE 22 
10 3 
14 4 
1 
INTERFACE 23 
11 2 
18 1 
1 
INTERFACE 24 
12 1 
14 1 
-1 
INTERFACE 25 
12 2 
13 1 
1 
INTERFACE 26 
14 2 
17 1 
-1 
INTERFACE 27 
15 2 
26 2 
1 
INTERFACE 28 
15 3 
18 3 
1 
INTERFACE 29 
15 4 
16 2 
1 
INTERFACE 30 
16 1 
17 3 
1 
INTERFACE 31 
16 4 
28 2 
1 
INTERFACE 32 
17 2 
32 2 
-1 
INTERFACE 33 
18 2 
29 2 
1 
INTERFACE 34 
19 2 
23 1 
1 
INTERFACE 35 
19 3 
20 4 
1 
INTERFACE 36 
20 1 
31 2 
1 
INTERFACE 37 
20 2 
21 1 
1 
INTERFACE 38 
20 3 
22 2 
1 
INTERFACE 39 
21 2 
25 1 
-1 
INTERFACE 40 
21 3 
22 4 
-1 
INTERFACE 41 
21 4 
23 3 
1 
INTERFACE 42 
22 1 
27 2 
1 
INTERFACE 43 
22 3 
31 3 
1 
INTERFACE 44 
23 2 
24 1 
1 
INTERFACE 45 
24 2 
29 1 
1 
INTERFACE 46 
24 3 
25 3 
1 
INTERFACE 47 
25 2 
26 1 
1 
INTERFACE 48 
25 4 
27 4 
-1 
INTERFACE 49 
26 3 
29 3 
1 
INTERFACE 50 
26 4 
28 4 
1 
INTERFACE 51 
27 1 
28 1 
1 
INTERFACE 52 
27 3 
30 3 
1 
INTERFACE 53 
28 3 
32 4 
1 
INTERFACE 54 
30 1 
32 1 
-1 
INTERFACE 55 
30 2 
31 1 
1 
BOUNDARY 1 
1 
1 1 
BOUNDARY 2 
1 
1 4 
BOUNDARY 3 
1 
5 4 
BOUNDARY 4 
1 
6 4 
BOUNDARY 5 
1 
11 4 
BOUNDARY 6 
1 
12 4 
BOUNDARY 7 
1 
13 4 
BOUNDARY 8 
1 
14 3 
BOUNDARY 9 
1 
17 4 
BOUNDARY 10 
1 
18 4 
BOUNDARY 11 
1 
19 1 
BOUNDARY 12 
1 
19 4 
BOUNDARY 13 
1 
23 4 
BOUNDARY 14 
1 
24 4 
BOUNDARY 15 
1 
29 4 
BOUNDARY 16 
1 
30 4 
BOUNDARY 17 
1 
31 4 
BOUNDARY 18 
1 
32 3 
