# nurbs mesh v.2.1
#
# 14-Jul-2024
#
2 2 32 55 0 
PATCH 1 
2 1 
4 2 
0.000000000000000   0.000000000000000   0.000000000000000   0.500000000000000   1.000000000000000   1.000000000000000   1.000000000000000   
0.000000000000000   0.000000000000000   1.000000000000000   1.000000000000000   
0.050000000000000   0.049904867452294   0.049525061277599   0.049240387650610   0.050500000000000   0.050403916126817   0.050020311890375   0.049732791527117   
0.000000000000000   0.002178893568691   0.006520098010365   0.008682408883347   0.000000000000000   0.002200682504378   0.006585298990468   0.008769232972180   
1.000000000000000   0.998097349045873   0.998097349045873   1.000000000000000   1.000000000000000   0.998097349045873   0.998097349045873   1.000000000000000   
PATCH 2 
2 1 
4 2 
0.000000000000000   0.000000000000000   0.000000000000000   0.500000000000000   1.000000000000000   1.000000000000000   1.000000000000000   
0.000000000000000   0.000000000000000   1.000000000000000   1.000000000000000   
0.048334933022421   0.048212556552204   0.047967803611770   0.047845427141552   0.050000000000000   0.049904867452294   0.049525061277599   0.049240387650610   
0.003518337351835   0.004596916592976   0.006754075075258   0.007832654316399   0.000000000000000   0.002178893568691   0.006520098010365   0.008682408883347   
1.000000000000000   1.000000000000000   1.000000000000000   1.000000000000000   1.000000000000000   0.998097349045873   0.998097349045873   1.000000000000000   
PATCH 3 
2 1 
13 2 
0.000000000000000   0.000000000000000   0.000000000000000   0.125000000000000   0.125000000000000   0.250000000000000   0.250000000000000   0.500000000000000   0.500000000000000   0.625000000000000   0.625000000000000   0.750000000000000   0.750000000000000   1.000000000000000   1.000000000000000   1.000000000000000   
0.000000000000000   0.000000000000000   1.000000000000000   1.000000000000000   
0.047845427141552   0.043355474257983   0.047757205962838   0.043214607908800   0.047590076955598   0.045622193141960   0.043654309328323   0.042889359584655   0.042863547223865   0.042837734863076   0.043551059885163   0.043329526756010   0.043107993626857   0.049240387650610   0.049122375608591   0.048467603793984   0.048551149426928   0.048309825153970   0.048080943871769   0.047861617216234   0.047716692577352   0.047610626782806   0.047555816222992   0.047448999939352   0.047204930768943   0.046874013755760   
0.007832654316399   0.007183139176587   0.007976806893678   0.007276518047741   0.008001923359372   0.007420993981119   0.006840064602866   0.006716776561573   0.006716108310258   0.006715440058942   0.006837391597604   0.006890498870219   0.006943606142834   0.008682408883347   0.009214726804819   0.009639890110377   0.010208221370638   0.010708977290587   0.011764802699265   0.012824481681538   0.013345520213814   0.013877903146704   0.014426775924661   0.014961696115791   0.016024461706469   0.017060745767681   
1.000000000000000   0.906356228567339   1.000000000000000   0.906356228567339   1.000000000000000   1.000000000000000   1.000000000000000   0.983044394197723   0.983044394197723   0.983044394197723   1.000000000000000   1.000000000000000   1.000000000000000   1.000000000000000   0.999524337261468   0.999167590207569   0.998810843153671   0.998573011784405   0.998097349045873   0.998097349045873   0.998097349045873   0.998216264730506   0.998335180415139   0.998573011784404   0.999048674522936   1.000000000000000   
PATCH 4 
2 2 
13 4 
0.000000000000000   0.000000000000000   0.000000000000000   0.250000000000000   0.250000000000000   0.375000000000000   0.375000000000000   0.500000000000000   0.500000000000000   0.750000000000000   0.750000000000000   0.875000000000000   0.875000000000000   1.000000000000000   1.000000000000000   1.000000000000000   
0.000000000000000   0.000000000000000   0.000000000000000   0.500000000000000   1.000000000000000   1.000000000000000   1.000000000000000   
0.042479980106728   0.044399964647134   0.046319949187540   0.046237240360100   0.046246017770413   0.046254795180726   0.046355058828792   0.047239876155693   0.048124693482595   0.043720054674931   0.048281490173877   0.043835988172451   0.048334933022421   0.042636983486760   0.044132355174353   0.045627726861946   0.045387363985844   0.045400400133776   0.045413436281708   0.045679871453675   0.046835455402260   0.047991039350845   0.043593692983398   0.048150419121117   0.043715859693834   0.048212556552204   0.042950990246825   0.043597136228791   0.044243282210757   0.043687611237332   0.043709164860502   0.043730718483673   0.044329496703440   0.046026613895394   0.047723731087347   0.043340969600333   0.047888277015598   0.043475602736600   0.047967803611770   0.043107993626857   0.043329526756010   0.043551059885163   0.042837734863076   0.042863547223865   0.042889359584655   0.043654309328323   0.045622193141960   0.047590076955598   0.043214607908800   0.047757205962838   0.043355474257983   0.047845427141552   
0.004323893372553   0.003863622970586   0.003403352568619   0.003394573272970   0.003393278593348   0.003391983913725   0.003398173850128   0.003347147723231   0.003296121596334   0.002983819021871   0.003358337656563   0.003106356627121   0.003518337351835   0.004978821565123   0.004620341945494   0.004261862325865   0.004224789969463   0.004223986022575   0.004223182075687   0.004258646538313   0.004365609287703   0.004472572037094   0.004056993778339   0.004512954965842   0.004125552264488   0.004596916592976   0.006288677950264   0.006133779895311   0.005978881840358   0.005885223362449   0.005885400881030   0.005885578399611   0.005979591914681   0.006402532416647   0.006825472918613   0.006203343291273   0.006822189584399   0.006163943539221   0.006754075075258   0.006943606142834   0.006890498870219   0.006837391597604   0.006715440058942   0.006716108310258   0.006716776561573   0.006840064602866   0.007420993981119   0.008001923359372   0.007276518047741   0.007976806893678   0.007183139176587   0.007832654316399   
1.000000000000000   1.000000000000000   1.000000000000000   0.998028133564530   0.998028133564530   0.998028133564530   1.000000000000000   1.000000000000000   1.000000000000000   0.906724735836276   1.000000000000000   0.906724735836276   1.000000000000000   1.000000000000000   1.000000000000000   1.000000000000000   0.994282198722829   0.994282198722829   0.994282198722829   1.000000000000000   1.000000000000000   1.000000000000000   0.906632609019042   1.000000000000000   0.906632609019042   1.000000000000000   1.000000000000000   1.000000000000000   1.000000000000000   0.986790329039425   0.986790329039425   0.986790329039425   1.000000000000000   1.000000000000000   1.000000000000000   0.906448355384573   1.000000000000000   0.906448355384573   1.000000000000000   1.000000000000000   1.000000000000000   1.000000000000000   0.983044394197723   0.983044394197723   0.983044394197723   1.000000000000000   1.000000000000000   1.000000000000000   0.906356228567339   1.000000000000000   0.906356228567339   1.000000000000000   
PATCH 5 
2 1 
13 2 
0.000000000000000   0.000000000000000   0.000000000000000   0.125000000000000   0.125000000000000   0.250000000000000   0.250000000000000   0.500000000000000   0.500000000000000   0.625000000000000   0.625000000000000   0.750000000000000   0.750000000000000   1.000000000000000   1.000000000000000   1.000000000000000   
0.000000000000000   0.000000000000000   1.000000000000000   1.000000000000000   
0.049240387650610   0.049122375608591   0.048467603793984   0.048551149426928   0.048309825153970   0.048080943871769   0.047861617216234   0.047716692577352   0.047610626782806   0.047555816222992   0.047448999939352   0.047204930768943   0.046874013755760   0.049732791527117   0.049613599364677   0.049488606583825   0.049363613802972   0.049232820403708   0.048971233605179   0.048686444333000   0.048544049696911   0.048395854442409   0.048247659187908   0.048093663314994   0.047785671569166   0.047454477349688   
0.008682408883347   0.009214726804819   0.009639890110377   0.010208221370638   0.010708977290587   0.011764802699265   0.012824481681538   0.013345520213814   0.013877903146704   0.014426775924661   0.014961696115791   0.016024461706469   0.017060745767681   0.008769232972180   0.009306874072867   0.009842960902535   0.010379047732203   0.010913580290852   0.011982645408149   0.013045493441370   0.013576917457981   0.014106787203572   0.014636656949163   0.015164972423735   0.016221603372879   0.017272017237946   
1.000000000000000   0.999524337261468   0.999167590207569   0.998810843153671   0.998573011784405   0.998097349045873   0.998097349045873   0.998097349045873   0.998216264730506   0.998335180415139   0.998573011784404   0.999048674522936   1.000000000000000   1.000000000000000   0.999524337261468   0.999167590207569   0.998810843153671   0.998573011784405   0.998097349045873   0.998097349045873   0.998097349045873   0.998216264730506   0.998335180415139   0.998573011784404   0.999048674522936   1.000000000000000   
PATCH 6 
2 1 
6 2 
0.000000000000000   0.000000000000000   0.000000000000000   0.250000000000000   0.500000000000000   0.750000000000000   1.000000000000000   1.000000000000000   1.000000000000000   
0.000000000000000   0.000000000000000   1.000000000000000   1.000000000000000   
0.046874013755760   0.046563507226462   0.045687947591693   0.044594090131843   0.043703729374167   0.043299675602253   0.047454477349688   0.047032993823604   0.046146485990198   0.045216437375554   0.044242847979673   0.043734282891114   
0.017060745767681   0.018107000745435   0.020102611534995   0.021991947529164   0.023977277672638   0.024999079364784   0.017272017237946   0.018289568482936   0.020304367573183   0.022298863263696   0.024273055554476   0.025250000000000   
1.000000000000000   0.999048674522936   0.998097349045873   0.998097349045873   0.999048674522936   1.000000000000000   1.000000000000000   0.999048674522936   0.998097349045873   0.998097349045873   0.999048674522936   1.000000000000000   
PATCH 7 
2 1 
6 2 
0.000000000000000   0.000000000000000   0.000000000000000   0.250000000000000   0.500000000000000   0.750000000000000   1.000000000000000   1.000000000000000   1.000000000000000   
0.000000000000000   0.000000000000000   1.000000000000000   1.000000000000000   
0.046874013755760   0.046563507226462   0.045687947591693   0.044594090131843   0.043703729374167   0.043299675602253   0.043107993626857   0.039891444977783   0.033458347679634   0.027025250381485   0.020592153083336   0.017375604434261   
0.017060745767681   0.018107000745435   0.020102611534995   0.021991947529164   0.023977277672638   0.024999079364784   0.006943606142834   0.007714696799295   0.009256878112216   0.010799059425137   0.012341240738058   0.013112331394518   
1.000000000000000   0.999048674522936   0.998097349045873   0.998097349045873   0.999048674522936   1.000000000000000   1.000000000000000   1.000000000000000   1.000000000000000   1.000000000000000   1.000000000000000   1.000000000000000   
PATCH 8 
2 1 
13 2 
0.000000000000000   0.000000000000000   0.000000000000000   0.250000000000000   0.250000000000000   0.375000000000000   0.375000000000000   0.500000000000000   0.500000000000000   0.750000000000000   0.750000000000000   0.875000000000000   0.875000000000000   1.000000000000000   1.000000000000000   1.000000000000000   
0.000000000000000   0.000000000000000   1.000000000000000   1.000000000000000   
0.043299675602253   0.042428958398151   0.041520178942020   0.041058090908516   0.040537512888520   0.040102370695037   0.039660018708599   0.038426455810231   0.036800040206792   0.036199296300486   0.035642557815682   0.035155619331230   0.034653702375348   0.017375604434261   0.017097354845577   0.016819105256893   0.016594457174950   0.016574827522987   0.016555197871025   0.016740586649044   0.016048901516624   0.015357216384204   0.013344748372603   0.013278107326796   0.013211466280989   0.015090652200976   
0.024999079364784   0.026308262828571   0.027588374133849   0.028223165719980   0.028815561123387   0.029468049631563   0.030116476096801   0.031135508081510   0.031788806857044   0.032277946413075   0.032802332673435   0.033389086297196   0.033963402778136   0.013112331394518   0.013179035082665   0.013245738770813   0.013090656572322   0.013100276335587   0.013109896098853   0.013284217823875   0.013839048675973   0.014393879528071   0.012598207064073   0.012594559780743   0.012590912497412   0.014379290394749   
1.000000000000000   0.998022213211678   0.997033319817517   0.996538873120437   0.996291649771896   0.996044426423356   0.996044426423356   0.996044426423356   0.997033319817517   0.997527766514598   0.998269436560218   0.999011106605839   1.000000000000000   1.000000000000000   1.000000000000000   1.000000000000000   0.987907186833570   0.987907186833570   0.987907186833570   1.000000000000000   1.000000000000000   1.000000000000000   0.872346221212315   0.872346221212315   0.872346221212315   1.000000000000000   
PATCH 9 
2 2 
6 4 
0.000000000000000   0.000000000000000   0.000000000000000   0.250000000000000   0.500000000000000   0.750000000000000   1.000000000000000   1.000000000000000   1.000000000000000   
0.000000000000000   0.000000000000000   0.000000000000000   0.500000000000000   1.000000000000000   1.000000000000000   1.000000000000000   
0.016747590914131   0.019964139563206   0.026397236861355   0.032830334159504   0.039263431457653   0.042479980106728   0.016904594294164   0.020121142943238   0.026554240241387   0.032987337539536   0.039420434837686   0.042636983486760   0.017218601054229   0.020435149703303   0.026868247001452   0.033301344299601   0.039734441597750   0.042950990246825   0.017375604434261   0.020592153083336   0.027025250381485   0.033458347679634   0.039891444977783   0.043107993626857   
0.010492618624237   0.009721527967777   0.008179346654856   0.006637165341935   0.005094984029014   0.004323893372553   0.011147546816807   0.010376456160347   0.008834274847426   0.007292093534505   0.005749912221584   0.004978821565123   0.012457403201948   0.011686312545487   0.010144131232566   0.008601949919645   0.007059768606724   0.006288677950264   0.013112331394518   0.012341240738058   0.010799059425137   0.009256878112216   0.007714696799295   0.006943606142834   
1.000000000000000   1.000000000000000   1.000000000000000   1.000000000000000   1.000000000000000   1.000000000000000   1.000000000000000   1.000000000000000   1.000000000000000   1.000000000000000   1.000000000000000   1.000000000000000   1.000000000000000   1.000000000000000   1.000000000000000   1.000000000000000   1.000000000000000   1.000000000000000   1.000000000000000   1.000000000000000   1.000000000000000   1.000000000000000   1.000000000000000   1.000000000000000   
PATCH 10 
2 2 
13 4 
0.000000000000000   0.000000000000000   0.000000000000000   0.250000000000000   0.250000000000000   0.375000000000000   0.375000000000000   0.500000000000000   0.500000000000000   0.750000000000000   0.750000000000000   0.875000000000000   0.875000000000000   1.000000000000000   1.000000000000000   1.000000000000000   
0.000000000000000   0.000000000000000   0.000000000000000   0.500000000000000   1.000000000000000   1.000000000000000   1.000000000000000   
0.016747590914131   0.015942079294523   0.015136567674916   0.015063152479027   0.015051296550589   0.015039440622151   0.015089143961164   0.014072826800695   0.013056509640225   0.011581054709358   0.012952741557821   0.011554532118258   0.013009136216881   0.016904594294164   0.016230898182287   0.015557202070410   0.015445978653008   0.015432179293689   0.015418379934370   0.015502004633134   0.014566845479677   0.013631686326220   0.012021978125169   0.013034083000065   0.011968765658941   0.013529515212905   0.017218601054229   0.016808535957813   0.016398470861398   0.016211631000969   0.016193944779888   0.016176258558807   0.016327725977074   0.015554882837642   0.014782039698209   0.012903824956792   0.013196765884553   0.012797232740306   0.014570273204952   0.017375604434261   0.017097354845577   0.016819105256893   0.016594457174950   0.016574827522987   0.016555197871025   0.016740586649044   0.016048901516624   0.015357216384204   0.013344748372603   0.013278107326796   0.013211466280989   0.015090652200976   
0.010492618624237   0.010685720781647   0.010878822939057   0.010837876370047   0.010842371817843   0.010846867265638   0.010896804730239   0.011438325016608   0.011979845302977   0.010741234865318   0.012126877232259   0.010919231368979   0.012297774410654   0.011147546816807   0.011309049356901   0.011470551896996   0.011401071420616   0.011406847947279   0.011412624473942   0.011493658003648   0.012038505931449   0.012583353859250   0.011205477915007   0.012243797869380   0.011337151651087   0.012818153406678   0.012457403201948   0.012555706507411   0.012654009812874   0.012527461521753   0.012535800206151   0.012544138890549   0.012687364550466   0.013238867761132   0.013790370971797   0.012133964014384   0.012477639143622   0.012172992215304   0.013858911398725   0.013112331394518   0.013179035082665   0.013245738770813   0.013090656572322   0.013100276335587   0.013109896098853   0.013284217823875   0.013839048675973   0.014393879528071   0.012598207064073   0.012594559780743   0.012590912497412   0.014379290394749   
1.000000000000000   1.000000000000000   1.000000000000000   0.995964411777555   0.995964411777555   0.995964411777555   1.000000000000000   1.000000000000000   1.000000000000000   0.893076833361421   1.000000000000000   0.893076833361421   1.000000000000000   1.000000000000000   1.000000000000000   1.000000000000000   0.993950105541558   0.993950105541558   0.993950105541558   1.000000000000000   1.000000000000000   1.000000000000000   0.887894180324145   0.968086555303079   0.887894180324145   1.000000000000000   1.000000000000000   1.000000000000000   1.000000000000000   0.989921493069566   0.989921493069566   0.989921493069566   1.000000000000000   1.000000000000000   1.000000000000000   0.877528874249591   0.904259665909236   0.877528874249591   1.000000000000000   1.000000000000000   1.000000000000000   1.000000000000000   0.987907186833570   0.987907186833570   0.987907186833570   1.000000000000000   1.000000000000000   1.000000000000000   0.872346221212315   0.872346221212315   0.872346221212315   1.000000000000000   
PATCH 11 
2 1 
13 2 
0.000000000000000   0.000000000000000   0.000000000000000   0.250000000000000   0.250000000000000   0.375000000000000   0.375000000000000   0.500000000000000   0.500000000000000   0.750000000000000   0.750000000000000   0.875000000000000   0.875000000000000   1.000000000000000   1.000000000000000   1.000000000000000   
0.000000000000000   0.000000000000000   1.000000000000000   1.000000000000000   
0.043299675602253   0.042428958398151   0.041520178942020   0.041058090908516   0.040537512888520   0.040102370695037   0.039660018708599   0.038426455810231   0.036800040206792   0.036199296300486   0.035642557815682   0.035155619331230   0.034653702375348   0.043734282891114   0.043142506727484   0.042531053738569   0.042225327244111   0.041914681543332   0.041604035842553   0.041288470935453   0.040657341121252   0.040006534481766   0.039681131162023   0.039350808635958   0.039020486109894   0.038685244377508   
0.024999079364784   0.026308262828571   0.027588374133849   0.028223165719980   0.028815561123387   0.029468049631563   0.030116476096801   0.031135508081510   0.031788806857044   0.032277946413075   0.032802332673435   0.033389086297196   0.033963402778136   0.025250000000000   0.026178902508932   0.027094027156471   0.027551589480241   0.028005707338662   0.028459825197083   0.028910498590156   0.029811845376303   0.030699414301056   0.031143198763433   0.031583538760461   0.032023878757490   0.032460774289170   
1.000000000000000   0.998022213211678   0.997033319817517   0.996538873120437   0.996291649771896   0.996044426423356   0.996044426423356   0.996044426423356   0.997033319817517   0.997527766514598   0.998269436560218   0.999011106605839   1.000000000000000   1.000000000000000   0.999048674522937   0.998573011784405   0.998335180415139   0.998216264730506   0.998097349045873   0.998097349045873   0.998097349045873   0.998573011784405   0.998810843153671   0.999167590207569   0.999524337261468   1.000000000000000   
PATCH 12 
2 1 
6 2 
0.000000000000000   0.000000000000000   0.000000000000000   0.250000000000000   0.500000000000000   0.750000000000000   1.000000000000000   1.000000000000000   1.000000000000000   
0.000000000000000   0.000000000000000   1.000000000000000   1.000000000000000   
0.016747590914131   0.019964139563206   0.026397236861355   0.032830334159504   0.039263431457653   0.042479980106728   0.014550000000000   0.018041247513341   0.025023742540023   0.032006237566705   0.038988732593387   0.042479980106728   
0.010492618624237   0.009721527967777   0.008179346654856   0.006637165341935   0.005094984029014   0.004323893372553   0.000000000000000   0.000000000000000   0.000000000000000   0.000000000000000   0.000000000000000   0.000000000000000   
1.000000000000000   1.000000000000000   1.000000000000000   1.000000000000000   1.000000000000000   1.000000000000000   1.000000000000000   1.000000000000000   1.000000000000000   1.000000000000000   1.000000000000000   1.000000000000000   
PATCH 13 
2 1 
13 2 
0.000000000000000   0.000000000000000   0.000000000000000   0.250000000000000   0.250000000000000   0.375000000000000   0.375000000000000   0.500000000000000   0.500000000000000   0.750000000000000   0.750000000000000   0.875000000000000   0.875000000000000   1.000000000000000   1.000000000000000   1.000000000000000   
0.000000000000000   0.000000000000000   1.000000000000000   1.000000000000000   
0.042479980106728   0.044399964647134   0.046319949187540   0.046237240360100   0.046246017770413   0.046254795180726   0.046355058828792   0.047239876155693   0.048124693482595   0.043720054674931   0.048281490173877   0.043835988172451   0.048334933022421   0.042479980106728   0.043419982593387   0.044359985080046   0.044829986323375   0.045299987566705   0.045769988810034   0.046239990053364   0.047179992540023   0.048119995026682   0.048589996270011   0.049059997513341   0.049529998756670   0.050000000000000   
0.004323893372553   0.003863622970586   0.003403352568619   0.003394573272970   0.003393278593348   0.003391983913725   0.003398173850128   0.003347147723231   0.003296121596334   0.002983819021871   0.003358337656563   0.003106356627121   0.003518337351835   0.000000000000000   0.000000000000000   0.000000000000000   0.000000000000000   0.000000000000000   0.000000000000000   0.000000000000000   0.000000000000000   0.000000000000000   0.000000000000000   0.000000000000000   0.000000000000000   0.000000000000000   
1.000000000000000   1.000000000000000   1.000000000000000   0.998028133564530   0.998028133564530   0.998028133564530   1.000000000000000   1.000000000000000   1.000000000000000   0.906724735836276   1.000000000000000   0.906724735836276   1.000000000000000   1.000000000000000   1.000000000000000   1.000000000000000   1.000000000000000   1.000000000000000   1.000000000000000   1.000000000000000   1.000000000000000   1.000000000000000   1.000000000000000   1.000000000000000   1.000000000000000   1.000000000000000   
PATCH 14 
2 1 
13 2 
0.000000000000000   0.000000000000000   0.000000000000000   0.250000000000000   0.250000000000000   0.375000000000000   0.375000000000000   0.500000000000000   0.500000000000000   0.750000000000000   0.750000000000000   0.875000000000000   0.875000000000000   1.000000000000000   1.000000000000000   1.000000000000000   
0.000000000000000   0.000000000000000   1.000000000000000   1.000000000000000   
0.014550000000000   0.014280070959166   0.013885192750092   0.013687753645555   0.013459077248957   0.013230400852360   0.012970487163703   0.012450659786388   0.011805883240833   0.011483494968056   0.011129869403218   0.010776243838381   0.010391380981483   0.016747590914131   0.015942079294523   0.015136567674916   0.015063152479027   0.015051296550589   0.015039440622151   0.015089143961164   0.014072826800695   0.013056509640225   0.011581054709358   0.012952741557821   0.011554532118258   0.013009136216881   
0.000000000000000   0.001375089846149   0.002699158842369   0.003361193340479   0.004010472626107   0.004659751911735   0.005296275984881   0.006569324131172   0.007791351427535   0.008402365075716   0.009000623511415   0.009598881947115   0.010184385170331   0.010492618624237   0.010685720781647   0.010878822939057   0.010837876370047   0.010842371817843   0.010846867265638   0.010896804730239   0.011438325016608   0.011979845302977   0.010741234865318   0.012126877232259   0.010919231368979   0.012297774410654   
1.000000000000000   0.981448175887697   0.972172263831546   0.967534307803470   0.965215329789432   0.962896351775395   0.962896351775395   0.962896351775395   0.972172263831546   0.976810219859622   0.983767153901735   0.990724087943849   1.000000000000000   1.000000000000000   1.000000000000000   1.000000000000000   0.995964411777555   0.995964411777555   0.995964411777555   1.000000000000000   1.000000000000000   1.000000000000000   0.893076833361421   1.000000000000000   0.893076833361421   1.000000000000000   
PATCH 15 
2 1 
4 2 
0.000000000000000   0.000000000000000   0.000000000000000   0.500000000000000   1.000000000000000   1.000000000000000   1.000000000000000   
0.000000000000000   0.000000000000000   1.000000000000000   1.000000000000000   
0.034653702375348   0.034488814097898   0.034143596046724   0.033963402778136   0.015090652200976   0.014912811749419   0.014557130846305   0.014379290394749   
0.033963402778136   0.034143596046724   0.034488814097898   0.034653702375348   0.014379290394749   0.014557130846305   0.014912811749419   0.015090652200976   
1.000000000000000   0.999974700139410   0.999974700139410   1.000000000000000   1.000000000000000   1.000000000000000   1.000000000000000   1.000000000000000   
PATCH 16 
2 2 
4 4 
0.000000000000000   0.000000000000000   0.000000000000000   0.500000000000000   1.000000000000000   1.000000000000000   1.000000000000000   
0.000000000000000   0.000000000000000   0.000000000000000   0.500000000000000   1.000000000000000   1.000000000000000   1.000000000000000   
0.013009136216881   0.013529515212905   0.014570273204952   0.015090652200976   0.012831295765325   0.013351674761348   0.014392432753395   0.014912811749419   0.012475614862211   0.012995993858235   0.014036751850282   0.014557130846305   0.012297774410654   0.012818153406678   0.013858911398725   0.014379290394749   
0.012297774410654   0.012818153406678   0.013858911398725   0.014379290394749   0.012475614862211   0.012995993858235   0.014036751850282   0.014557130846305   0.012831295765325   0.013351674761348   0.014392432753395   0.014912811749419   0.013009136216881   0.013529515212905   0.014570273204952   0.015090652200976   
1.000000000000000   1.000000000000000   1.000000000000000   1.000000000000000   1.000000000000000   1.000000000000000   1.000000000000000   1.000000000000000   1.000000000000000   1.000000000000000   1.000000000000000   1.000000000000000   1.000000000000000   1.000000000000000   1.000000000000000   1.000000000000000   
PATCH 17 
2 1 
4 2 
0.000000000000000   0.000000000000000   0.000000000000000   0.500000000000000   1.000000000000000   1.000000000000000   1.000000000000000   
0.000000000000000   0.000000000000000   1.000000000000000   1.000000000000000   
0.013009136216881   0.012831295765325   0.012475614862211   0.012297774410654   0.010391380981483   0.010339892323874   0.010236394418298   0.010184385170331   
0.012297774410654   0.012475614862211   0.012831295765325   0.013009136216881   0.010184385170331   0.010236394418298   0.010339892323874   0.010391380981483   
1.000000000000000   1.000000000000000   1.000000000000000   1.000000000000000   1.000000000000000   0.999974700139410   0.999974700139410   1.000000000000000   
PATCH 18 
2 1 
4 2 
0.000000000000000   0.000000000000000   0.000000000000000   0.500000000000000   1.000000000000000   1.000000000000000   1.000000000000000   
0.000000000000000   0.000000000000000   1.000000000000000   1.000000000000000   
0.034653702375348   0.034488814097898   0.034143596046724   0.033963402778136   0.038685244377508   0.037197068413715   0.034084833369545   0.032460774289170   
0.033963402778136   0.034143596046724   0.034488814097898   0.034653702375348   0.032460774289170   0.034084833369545   0.037197068413715   0.038685244377508   
1.000000000000000   0.999974700139410   0.999974700139410   1.000000000000000   1.000000000000000   0.998097349045873   0.998097349045873   1.000000000000000   
PATCH 19 
2 1 
4 2 
0.000000000000000   0.000000000000000   0.000000000000000   0.500000000000000   1.000000000000000   1.000000000000000   1.000000000000000   
0.000000000000000   0.000000000000000   1.000000000000000   1.000000000000000   
0.000000000000000   0.002178893568691   0.006520098010365   0.008682408883347   0.000000000000000   0.002200682504378   0.006585298990468   0.008769232972180   
0.050000000000000   0.049904867452294   0.049525061277599   0.049240387650610   0.050500000000000   0.050403916126817   0.050020311890375   0.049732791527117   
1.000000000000000   0.998097349045873   0.998097349045873   1.000000000000000   1.000000000000000   0.998097349045873   0.998097349045873   1.000000000000000   
PATCH 20 
2 1 
4 2 
0.000000000000000   0.000000000000000   0.000000000000000   0.500000000000000   1.000000000000000   1.000000000000000   1.000000000000000   
0.000000000000000   0.000000000000000   1.000000000000000   1.000000000000000   
0.003518337351835   0.004596916592976   0.006754075075258   0.007832654316399   0.000000000000000   0.002178893568691   0.006520098010365   0.008682408883347   
0.048334933022421   0.048212556552204   0.047967803611770   0.047845427141552   0.050000000000000   0.049904867452294   0.049525061277599   0.049240387650610   
1.000000000000000   1.000000000000000   1.000000000000000   1.000000000000000   1.000000000000000   0.998097349045873   0.998097349045873   1.000000000000000   
PATCH 21 
2 1 
13 2 
0.000000000000000   0.000000000000000   0.000000000000000   0.125000000000000   0.125000000000000   0.250000000000000   0.250000000000000   0.500000000000000   0.500000000000000   0.625000000000000   0.625000000000000   0.750000000000000   0.750000000000000   1.000000000000000   1.000000000000000   1.000000000000000   
0.000000000000000   0.000000000000000   1.000000000000000   1.000000000000000   
0.007832654316399   0.007183139176587   0.007976806893678   0.007276518047741   0.008001923359372   0.007420993981119   0.006840064602866   0.006716776561573   0.006716108310258   0.006715440058942   0.006837391597604   0.006890498870219   0.006943606142834   0.008682408883347   0.009214726804819   0.009639890110377   0.010208221370638   0.010708977290587   0.011764802699265   0.012824481681538   0.013345520213814   0.013877903146704   0.014426775924661   0.014961696115791   0.016024461706469   0.017060745767681   
0.047845427141552   0.043355474257983   0.047757205962838   0.043214607908800   0.047590076955598   0.045622193141960   0.043654309328323   0.042889359584655   0.042863547223865   0.042837734863076   0.043551059885163   0.043329526756010   0.043107993626857   0.049240387650610   0.049122375608591   0.048467603793984   0.048551149426928   0.048309825153970   0.048080943871769   0.047861617216234   0.047716692577352   0.047610626782806   0.047555816222992   0.047448999939352   0.047204930768943   0.046874013755760   
1.000000000000000   0.906356228567339   1.000000000000000   0.906356228567339   1.000000000000000   1.000000000000000   1.000000000000000   0.983044394197723   0.983044394197723   0.983044394197723   1.000000000000000   1.000000000000000   1.000000000000000   1.000000000000000   0.999524337261468   0.999167590207569   0.998810843153671   0.998573011784405   0.998097349045873   0.998097349045873   0.998097349045873   0.998216264730506   0.998335180415139   0.998573011784404   0.999048674522936   1.000000000000000   
PATCH 22 
2 2 
13 4 
0.000000000000000   0.000000000000000   0.000000000000000   0.250000000000000   0.250000000000000   0.375000000000000   0.375000000000000   0.500000000000000   0.500000000000000   0.750000000000000   0.750000000000000   0.875000000000000   0.875000000000000   1.000000000000000   1.000000000000000   1.000000000000000   
0.000000000000000   0.000000000000000   0.000000000000000   0.500000000000000   1.000000000000000   1.000000000000000   1.000000000000000   
0.004323893372553   0.003863622970586   0.003403352568619   0.003394573272970   0.003393278593348   0.003391983913725   0.003398173850128   0.003347147723231   0.003296121596334   0.002983819021871   0.003358337656563   0.003106356627121   0.003518337351835   0.004978821565123   0.004620341945494   0.004261862325865   0.004224789969463   0.004223986022575   0.004223182075687   0.004258646538313   0.004365609287703   0.004472572037094   0.004056993778339   0.004512954965842   0.004125552264488   0.004596916592976   0.006288677950264   0.006133779895311   0.005978881840358   0.005885223362449   0.005885400881030   0.005885578399611   0.005979591914681   0.006402532416647   0.006825472918613   0.006203343291273   0.006822189584399   0.006163943539221   0.006754075075258   0.006943606142834   0.006890498870219   0.006837391597604   0.006715440058942   0.006716108310258   0.006716776561573   0.006840064602866   0.007420993981119   0.008001923359372   0.007276518047741   0.007976806893678   0.007183139176587   0.007832654316399   
0.042479980106728   0.044399964647134   0.046319949187540   0.046237240360100   0.046246017770413   0.046254795180726   0.046355058828792   0.047239876155693   0.048124693482595   0.043720054674931   0.048281490173877   0.043835988172451   0.048334933022421   0.042636983486760   0.044132355174353   0.045627726861946   0.045387363985844   0.045400400133776   0.045413436281708   0.045679871453675   0.046835455402260   0.047991039350845   0.043593692983398   0.048150419121117   0.043715859693834   0.048212556552204   0.042950990246825   0.043597136228791   0.044243282210757   0.043687611237332   0.043709164860502   0.043730718483673   0.044329496703440   0.046026613895394   0.047723731087347   0.043340969600333   0.047888277015598   0.043475602736600   0.047967803611770   0.043107993626857   0.043329526756010   0.043551059885163   0.042837734863076   0.042863547223865   0.042889359584655   0.043654309328323   0.045622193141960   0.047590076955598   0.043214607908800   0.047757205962838   0.043355474257983   0.047845427141552   
1.000000000000000   1.000000000000000   1.000000000000000   0.998028133564530   0.998028133564530   0.998028133564530   1.000000000000000   1.000000000000000   1.000000000000000   0.906724735836276   1.000000000000000   0.906724735836276   1.000000000000000   1.000000000000000   1.000000000000000   1.000000000000000   0.994282198722829   0.994282198722829   0.994282198722829   1.000000000000000   1.000000000000000   1.000000000000000   0.906632609019042   1.000000000000000   0.906632609019042   1.000000000000000   1.000000000000000   1.000000000000000   1.000000000000000   0.986790329039425   0.986790329039425   0.986790329039425   1.000000000000000   1.000000000000000   1.000000000000000   0.906448355384573   1.000000000000000   0.906448355384573   1.000000000000000   1.000000000000000   1.000000000000000   1.000000000000000   0.983044394197723   0.983044394197723   0.983044394197723   1.000000000000000   1.000000000000000   1.000000000000000   0.906356228567339   1.000000000000000   0.906356228567339   1.000000000000000   
PATCH 23 
2 1 
13 2 
0.000000000000000   0.000000000000000   0.000000000000000   0.125000000000000   0.125000000000000   0.250000000000000   0.250000000000000   0.500000000000000   0.500000000000000   0.625000000000000   0.625000000000000   0.750000000000000   0.750000000000000   1.000000000000000   1.000000000000000   1.000000000000000   
0.000000000000000   0.000000000000000   1.000000000000000   1.000000000000000   
0.008682408883347   0.009214726804819   0.009639890110377   0.010208221370638   0.010708977290587   0.011764802699265   0.012824481681538   0.013345520213814   0.013877903146704   0.014426775924661   0.014961696115791   0.016024461706469   0.017060745767681   0.008769232972180   0.009306874072867   0.009842960902535   0.010379047732203   0.010913580290852   0.011982645408149   0.013045493441370   0.013576917457981   0.014106787203572   0.014636656949163   0.015164972423735   0.016221603372879   0.017272017237946   
0.049240387650610   0.049122375608591   0.048467603793984   0.048551149426928   0.048309825153970   0.048080943871769   0.047861617216234   0.047716692577352   0.047610626782806   0.047555816222992   0.047448999939352   0.047204930768943   0.046874013755760   0.049732791527117   0.049613599364677   0.049488606583825   0.049363613802972   0.049232820403708   0.048971233605179   0.048686444333000   0.048544049696911   0.048395854442409   0.048247659187908   0.048093663314994   0.047785671569166   0.047454477349688   
1.000000000000000   0.999524337261468   0.999167590207569   0.998810843153671   0.998573011784405   0.998097349045873   0.998097349045873   0.998097349045873   0.998216264730506   0.998335180415139   0.998573011784404   0.999048674522936   1.000000000000000   1.000000000000000   0.999524337261468   0.999167590207569   0.998810843153671   0.998573011784405   0.998097349045873   0.998097349045873   0.998097349045873   0.998216264730506   0.998335180415139   0.998573011784404   0.999048674522936   1.000000000000000   
PATCH 24 
2 1 
6 2 
0.000000000000000   0.000000000000000   0.000000000000000   0.250000000000000   0.500000000000000   0.750000000000000   1.000000000000000   1.000000000000000   1.000000000000000   
0.000000000000000   0.000000000000000   1.000000000000000   1.000000000000000   
0.017060745767681   0.018107000745435   0.020102611534995   0.021991947529164   0.023977277672638   0.024999079364784   0.017272017237946   0.018289568482936   0.020304367573183   0.022298863263696   0.024273055554476   0.025250000000000   
0.046874013755760   0.046563507226462   0.045687947591693   0.044594090131843   0.043703729374167   0.043299675602253   0.047454477349688   0.047032993823604   0.046146485990198   0.045216437375554   0.044242847979673   0.043734282891114   
1.000000000000000   0.999048674522936   0.998097349045873   0.998097349045873   0.999048674522936   1.000000000000000   1.000000000000000   0.999048674522936   0.998097349045873   0.998097349045873   0.999048674522936   1.000000000000000   
PATCH 25 
2 1 
6 2 
0.000000000000000   0.000000000000000   0.000000000000000   0.250000000000000   0.500000000000000   0.750000000000000   1.000000000000000   1.000000000000000   1.000000000000000   
0.000000000000000   0.000000000000000   1.000000000000000   1.000000000000000   
0.017060745767681   0.018107000745435   0.020102611534995   0.021991947529164   0.023977277672638   0.024999079364784   0.006943606142834   0.007714696799295   0.009256878112216   0.010799059425137   0.012341240738058   0.013112331394518   
0.046874013755760   0.046563507226462   0.045687947591693   0.044594090131843   0.043703729374167   0.043299675602253   0.043107993626857   0.039891444977783   0.033458347679634   0.027025250381485   0.020592153083336   0.017375604434261   
1.000000000000000   0.999048674522936   0.998097349045873   0.998097349045873   0.999048674522936   1.000000000000000   1.000000000000000   1.000000000000000   1.000000000000000   1.000000000000000   1.000000000000000   1.000000000000000   
PATCH 26 
2 1 
13 2 
0.000000000000000   0.000000000000000   0.000000000000000   0.250000000000000   0.250000000000000   0.375000000000000   0.375000000000000   0.500000000000000   0.500000000000000   0.750000000000000   0.750000000000000   0.875000000000000   0.875000000000000   1.000000000000000   1.000000000000000   1.000000000000000   
0.000000000000000   0.000000000000000   1.000000000000000   1.000000000000000   
0.024999079364784   0.026308262828571   0.027588374133849   0.028223165719980   0.028815561123387   0.029468049631563   0.030116476096801   0.031135508081510   0.031788806857044   0.032277946413075   0.032802332673435   0.033389086297196   0.033963402778136   0.013112331394518   0.013179035082665   0.013245738770813   0.013090656572322   0.013100276335587   0.013109896098853   0.013284217823875   0.013839048675973   0.014393879528071   0.012598207064073   0.012594559780743   0.012590912497412   0.014379290394749   
0.043299675602253   0.042428958398151   0.041520178942020   0.041058090908516   0.040537512888520   0.040102370695037   0.039660018708599   0.038426455810231   0.036800040206792   0.036199296300486   0.035642557815682   0.035155619331230   0.034653702375348   0.017375604434261   0.017097354845577   0.016819105256893   0.016594457174950   0.016574827522987   0.016555197871025   0.016740586649044   0.016048901516624   0.015357216384204   0.013344748372603   0.013278107326796   0.013211466280989   0.015090652200976   
1.000000000000000   0.998022213211678   0.997033319817517   0.996538873120437   0.996291649771896   0.996044426423356   0.996044426423356   0.996044426423356   0.997033319817517   0.997527766514598   0.998269436560218   0.999011106605839   1.000000000000000   1.000000000000000   1.000000000000000   1.000000000000000   0.987907186833570   0.987907186833570   0.987907186833570   1.000000000000000   1.000000000000000   1.000000000000000   0.872346221212315   0.872346221212315   0.872346221212315   1.000000000000000   
PATCH 27 
2 2 
6 4 
0.000000000000000   0.000000000000000   0.000000000000000   0.250000000000000   0.500000000000000   0.750000000000000   1.000000000000000   1.000000000000000   1.000000000000000   
0.000000000000000   0.000000000000000   0.000000000000000   0.500000000000000   1.000000000000000   1.000000000000000   1.000000000000000   
0.010492618624237   0.009721527967777   0.008179346654856   0.006637165341935   0.005094984029014   0.004323893372553   0.011147546816807   0.010376456160347   0.008834274847426   0.007292093534505   0.005749912221584   0.004978821565123   0.012457403201948   0.011686312545487   0.010144131232566   0.008601949919645   0.007059768606724   0.006288677950264   0.013112331394518   0.012341240738058   0.010799059425137   0.009256878112216   0.007714696799295   0.006943606142834   
0.016747590914131   0.019964139563206   0.026397236861355   0.032830334159504   0.039263431457653   0.042479980106728   0.016904594294164   0.020121142943238   0.026554240241387   0.032987337539536   0.039420434837686   0.042636983486760   0.017218601054229   0.020435149703303   0.026868247001452   0.033301344299601   0.039734441597750   0.042950990246825   0.017375604434261   0.020592153083336   0.027025250381485   0.033458347679634   0.039891444977783   0.043107993626857   
1.000000000000000   1.000000000000000   1.000000000000000   1.000000000000000   1.000000000000000   1.000000000000000   1.000000000000000   1.000000000000000   1.000000000000000   1.000000000000000   1.000000000000000   1.000000000000000   1.000000000000000   1.000000000000000   1.000000000000000   1.000000000000000   1.000000000000000   1.000000000000000   1.000000000000000   1.000000000000000   1.000000000000000   1.000000000000000   1.000000000000000   1.000000000000000   
PATCH 28 
2 2 
13 4 
0.000000000000000   0.000000000000000   0.000000000000000   0.250000000000000   0.250000000000000   0.375000000000000   0.375000000000000   0.500000000000000   0.500000000000000   0.750000000000000   0.750000000000000   0.875000000000000   0.875000000000000   1.000000000000000   1.000000000000000   1.000000000000000   
0.000000000000000   0.000000000000000   0.000000000000000   0.500000000000000   1.000000000000000   1.000000000000000   1.000000000000000   
0.010492618624237   0.010685720781647   0.010878822939057   0.010837876370047   0.010842371817843   0.010846867265638   0.010896804730239   0.011438325016608   0.011979845302977   0.010741234865318   0.012126877232259   0.010919231368979   0.012297774410654   0.011147546816807   0.011309049356901   0.011470551896996   0.011401071420616   0.011406847947279   0.011412624473942   0.011493658003648   0.012038505931449   0.012583353859250   0.011205477915007   0.012243797869380   0.011337151651087   0.012818153406678   0.012457403201948   0.012555706507411   0.012654009812874   0.012527461521753   0.012535800206151   0.012544138890549   0.012687364550466   0.013238867761132   0.013790370971797   0.012133964014384   0.012477639143622   0.012172992215304   0.013858911398725   0.013112331394518   0.013179035082665   0.013245738770813   0.013090656572322   0.013100276335587   0.013109896098853   0.013284217823875   0.013839048675973   0.014393879528071   0.012598207064073   0.012594559780743   0.012590912497412   0.014379290394749   
0.016747590914131   0.015942079294523   0.015136567674916   0.015063152479027   0.015051296550589   0.015039440622151   0.015089143961164   0.014072826800695   0.013056509640225   0.011581054709358   0.012952741557821   0.011554532118258   0.013009136216881   0.016904594294164   0.016230898182287   0.015557202070410   0.015445978653008   0.015432179293689   0.015418379934370   0.015502004633134   0.014566845479677   0.013631686326220   0.012021978125169   0.013034083000065   0.011968765658941   0.013529515212905   0.017218601054229   0.016808535957813   0.016398470861398   0.016211631000969   0.016193944779888   0.016176258558807   0.016327725977074   0.015554882837642   0.014782039698209   0.012903824956792   0.013196765884553   0.012797232740306   0.014570273204952   0.017375604434261   0.017097354845577   0.016819105256893   0.016594457174950   0.016574827522987   0.016555197871025   0.016740586649044   0.016048901516624   0.015357216384204   0.013344748372603   0.013278107326796   0.013211466280989   0.015090652200976   
1.000000000000000   1.000000000000000   1.000000000000000   0.995964411777555   0.995964411777555   0.995964411777555   1.000000000000000   1.000000000000000   1.000000000000000   0.893076833361421   1.000000000000000   0.893076833361421   1.000000000000000   1.000000000000000   1.000000000000000   1.000000000000000   0.993950105541558   0.993950105541558   0.993950105541558   1.000000000000000   1.000000000000000   1.000000000000000   0.887894180324145   0.968086555303079   0.887894180324145   1.000000000000000   1.000000000000000   1.000000000000000   1.000000000000000   0.989921493069566   0.989921493069566   0.989921493069566   1.000000000000000   1.000000000000000   1.000000000000000   0.877528874249591   0.904259665909236   0.877528874249591   1.000000000000000   1.000000000000000   1.000000000000000   1.000000000000000   0.987907186833570   0.987907186833570   0.987907186833570   1.000000000000000   1.000000000000000   1.000000000000000   0.872346221212315   0.872346221212315   0.872346221212315   1.000000000000000   
PATCH 29 
2 1 
13 2 
0.000000000000000   0.000000000000000   0.000000000000000   0.250000000000000   0.250000000000000   0.375000000000000   0.375000000000000   0.500000000000000   0.500000000000000   0.750000000000000   0.750000000000000   0.875000000000000   0.875000000000000   1.000000000000000   1.000000000000000   1.000000000000000   
0.000000000000000   0.000000000000000   1.000000000000000   1.000000000000000   
0.024999079364784   0.026308262828571   0.027588374133849   0.028223165719980   0.028815561123387   0.029468049631563   0.030116476096801   0.031135508081510   0.031788806857044   0.032277946413075   0.032802332673435   0.033389086297196   0.033963402778136   0.025250000000000   0.026178902508932   0.027094027156471   0.027551589480241   0.028005707338662   0.028459825197083   0.028910498590156   0.029811845376303   0.030699414301056   0.031143198763433   0.031583538760461   0.032023878757490   0.032460774289170   
0.043299675602253   0.042428958398151   0.041520178942020   0.041058090908516   0.040537512888520   0.040102370695037   0.039660018708599   0.038426455810231   0.036800040206792   0.036199296300486   0.035642557815682   0.035155619331230   0.034653702375348   0.043734282891114   0.043142506727484   0.042531053738569   0.042225327244111   0.041914681543332   0.041604035842553   0.041288470935453   0.040657341121252   0.040006534481766   0.039681131162023   0.039350808635958   0.039020486109894   0.038685244377508   
1.000000000000000   0.998022213211678   0.997033319817517   0.996538873120437   0.996291649771896   0.996044426423356   0.996044426423356   0.996044426423356   0.997033319817517   0.997527766514598   0.998269436560218   0.999011106605839   1.000000000000000   1.000000000000000   0.999048674522937   0.998573011784405   0.998335180415139   0.998216264730506   0.998097349045873   0.998097349045873   0.998097349045873   0.998573011784405   0.998810843153671   0.999167590207569   0.999524337261468   1.000000000000000   
PATCH 30 
2 1 
6 2 
0.000000000000000   0.000000000000000   0.000000000000000   0.250000000000000   0.500000000000000   0.750000000000000   1.000000000000000   1.000000000000000   1.000000000000000   
0.000000000000000   0.000000000000000   1.000000000000000   1.000000000000000   
0.010492618624237   0.009721527967777   0.008179346654856   0.006637165341935   0.005094984029014   0.004323893372553   0.000000000000000   0.000000000000000   0.000000000000000   0.000000000000000   0.000000000000000   0.000000000000000   
0.016747590914131   0.019964139563206   0.026397236861355   0.032830334159504   0.039263431457653   0.042479980106728   0.014550000000000   0.018041247513341   0.025023742540023   0.032006237566705   0.038988732593387   0.042479980106728   
1.000000000000000   1.000000000000000   1.000000000000000   1.000000000000000   1.000000000000000   1.000000000000000   1.000000000000000   1.000000000000000   1.000000000000000   1.000000000000000   1.000000000000000   1.000000000000000   
PATCH 31 
2 1 
13 2 
0.000000000000000   0.000000000000000   0.000000000000000   0.250000000000000   0.250000000000000   0.375000000000000   0.375000000000000   0.500000000000000   0.500000000000000   0.750000000000000   0.750000000000000   0.875000000000000   0.875000000000000   1.000000000000000   1.000000000000000   1.000000000000000   
0.000000000000000   0.000000000000000   1.000000000000000   1.000000000000000   
0.004323893372553   0.003863622970586   0.003403352568619   0.003394573272970   0.003393278593348   0.003391983913725   0.003398173850128   0.003347147723231   0.003296121596334   0.002983819021871   0.003358337656563   0.003106356627121   0.003518337351835   0.000000000000000   0.000000000000000   0.000000000000000   0.000000000000000   0.000000000000000   0.000000000000000   0.000000000000000   0.000000000000000   0.000000000000000   0.000000000000000   0.000000000000000   0.000000000000000   0.000000000000000   
0.042479980106728   0.044399964647134   0.046319949187540   0.046237240360100   0.046246017770413   0.046254795180726   0.046355058828792   0.047239876155693   0.048124693482595   0.043720054674931   0.048281490173877   0.043835988172451   0.048334933022421   0.042479980106728   0.043419982593387   0.044359985080046   0.044829986323375   0.045299987566705   0.045769988810034   0.046239990053364   0.047179992540023   0.048119995026682   0.048589996270011   0.049059997513341   0.049529998756670   0.050000000000000   
1.000000000000000   1.000000000000000   1.000000000000000   0.998028133564530   0.998028133564530   0.998028133564530   1.000000000000000   1.000000000000000   1.000000000000000   0.906724735836276   1.000000000000000   0.906724735836276   1.000000000000000   1.000000000000000   1.000000000000000   1.000000000000000   1.000000000000000   1.000000000000000   1.000000000000000   1.000000000000000   1.000000000000000   1.000000000000000   1.000000000000000   1.000000000000000   1.000000000000000   1.000000000000000   
PATCH 32 
2 1 
13 2 
0.000000000000000   0.000000000000000   0.000000000000000   0.250000000000000   0.250000000000000   0.375000000000000   0.375000000000000   0.500000000000000   0.500000000000000   0.750000000000000   0.750000000000000   0.875000000000000   0.875000000000000   1.000000000000000   1.000000000000000   1.000000000000000   
0.000000000000000   0.000000000000000   1.000000000000000   1.000000000000000   
0.000000000000000   0.001375089846149   0.002699158842369   0.003361193340479   0.004010472626107   0.004659751911735   0.005296275984881   0.006569324131172   0.007791351427535   0.008402365075716   0.009000623511415   0.009598881947115   0.010184385170331   0.010492618624237   0.010685720781647   0.010878822939057   0.010837876370047   0.010842371817843   0.010846867265638   0.010896804730239   0.011438325016608   0.011979845302977   0.010741234865318   0.012126877232259   0.010919231368979   0.012297774410654   
0.014550000000000   0.014280070959166   0.013885192750092   0.013687753645555   0.013459077248957   0.013230400852360   0.012970487163703   0.012450659786388   0.011805883240833   0.011483494968056   0.011129869403218   0.010776243838381   0.010391380981483   0.016747590914131   0.015942079294523   0.015136567674916   0.015063152479027   0.015051296550589   0.015039440622151   0.015089143961164   0.014072826800695   0.013056509640225   0.011581054709358   0.012952741557821   0.011554532118258   0.013009136216881   
1.000000000000000   0.981448175887697   0.972172263831546   0.967534307803470   0.965215329789432   0.962896351775395   0.962896351775395   0.962896351775395   0.972172263831546   0.976810219859622   0.983767153901735   0.990724087943849   1.000000000000000   1.000000000000000   1.000000000000000   1.000000000000000   0.995964411777555   0.995964411777555   0.995964411777555   1.000000000000000   1.000000000000000   1.000000000000000   0.893076833361421   1.000000000000000   0.893076833361421   1.000000000000000   
INTERFACE 1 
1 2 
5 1 
1 
INTERFACE 2 
1 3 
2 4 
1 
INTERFACE 3 
2 1 
13 2 
1 
INTERFACE 4 
2 2 
3 1 
1 
INTERFACE 5 
2 3 
4 2 
1 
INTERFACE 6 
3 2 
7 1 
-1 
INTERFACE 7 
3 3 
4 4 
-1 
INTERFACE 8 
3 4 
5 3 
1 
INTERFACE 9 
4 1 
9 2 
1 
INTERFACE 10 
4 3 
13 3 
1 
INTERFACE 11 
5 2 
6 1 
1 
INTERFACE 12 
6 2 
11 1 
1 
INTERFACE 13 
6 3 
7 3 
1 
INTERFACE 14 
7 2 
8 1 
1 
INTERFACE 15 
7 4 
9 4 
-1 
INTERFACE 16 
8 2 
15 1 
1 
INTERFACE 17 
8 3 
11 3 
1 
INTERFACE 18 
8 4 
10 4 
1 
INTERFACE 19 
9 1 
10 1 
1 
INTERFACE 20 
9 3 
12 3 
1 
INTERFACE 21 
10 2 
16 3 
1 
INTERFACE 22 
10 3 
14 4 
1 
INTERFACE 23 
11 2 
18 1 
1 
INTERFACE 24 
12 1 
14 1 
-1 
INTERFACE 25 
12 2 
13 1 
1 
INTERFACE 26 
14 2 
17 1 
-1 
INTERFACE 27 
15 2 
26 2 
1 
INTERFACE 28 
15 3 
18 3 
1 
INTERFACE 29 
15 4 
16 2 
1 
INTERFACE 30 
16 1 
17 3 
1 
INTERFACE 31 
16 4 
28 2 
1 
INTERFACE 32 
17 2 
32 2 
-1 
INTERFACE 33 
18 2 
29 2 
1 
INTERFACE 34 
19 2 
23 1 
1 
INTERFACE 35 
19 3 
20 4 
1 
INTERFACE 36 
20 1 
31 2 
1 
INTERFACE 37 
20 2 
21 1 
1 
INTERFACE 38 
20 3 
22 2 
1 
INTERFACE 39 
21 2 
25 1 
-1 
INTERFACE 40 
21 3 
22 4 
-1 
INTERFACE 41 
21 4 
23 3 
1 
INTERFACE 42 
22 1 
27 2 
1 
INTERFACE 43 
22 3 
31 3 
1 
INTERFACE 44 
23 2 
24 1 
1 
INTERFACE 45 
24 2 
29 1 
1 
INTERFACE 46 
24 3 
25 3 
1 
INTERFACE 47 
25 2 
26 1 
1 
INTERFACE 48 
25 4 
27 4 
-1 
INTERFACE 49 
26 3 
29 3 
1 
INTERFACE 50 
26 4 
28 4 
1 
INTERFACE 51 
27 1 
28 1 
1 
INTERFACE 52 
27 3 
30 3 
1 
INTERFACE 53 
28 3 
32 4 
1 
INTERFACE 54 
30 1 
32 1 
-1 
INTERFACE 55 
30 2 
31 1 
1 
BOUNDARY 1 
1 
1 1 
BOUNDARY 2 
1 
1 4 
BOUNDARY 3 
1 
5 4 
BOUNDARY 4 
1 
6 4 
BOUNDARY 5 
1 
11 4 
BOUNDARY 6 
1 
12 4 
BOUNDARY 7 
1 
13 4 
BOUNDARY 8 
1 
14 3 
BOUNDARY 9 
1 
17 4 
BOUNDARY 10 
1 
18 4 
BOUNDARY 11 
1 
19 1 
BOUNDARY 12 
1 
19 4 
BOUNDARY 13 
1 
23 4 
BOUNDARY 14 
1 
24 4 
BOUNDARY 15 
1 
29 4 
BOUNDARY 16 
1 
30 4 
BOUNDARY 17 
1 
31 4 
BOUNDARY 18 
1 
32 3 
