# nurbs mesh v.2.1
#
# 14-Jul-2024
#
2 2 32 55 0 
PATCH 1 
2 1 
4 2 
0.000000000000000   0.000000000000000   0.000000000000000   0.500000000000000   1.000000000000000   1.000000000000000   1.000000000000000   
0.000000000000000   0.000000000000000   1.000000000000000   1.000000000000000   
0.050000000000000   0.049904867452294   0.049525061277599   0.049240387650610   0.050500000000000   0.050403916126817   0.050020311890375   0.049732791527117   
0.000000000000000   0.002178893568691   0.006520098010365   0.008682408883347   0.000000000000000   0.002200682504378   0.006585298990468   0.008769232972180   
1.000000000000000   0.998097349045873   0.998097349045873   1.000000000000000   1.000000000000000   0.998097349045873   0.998097349045873   1.000000000000000   
PATCH 2 
2 1 
4 2 
0.000000000000000   0.000000000000000   0.000000000000000   0.500000000000000   1.000000000000000   1.000000000000000   1.000000000000000   
0.000000000000000   0.000000000000000   1.000000000000000   1.000000000000000   
0.048235973307331   0.048105052668566   0.047843211391035   0.047712290752270   0.050000000000000   0.049904867452294   0.049525061277599   0.049240387650610   
0.003699084275476   0.004740805081038   0.006824246692162   0.007865967497723   0.000000000000000   0.002178893568691   0.006520098010365   0.008682408883347   
1.000000000000000   1.000000000000000   1.000000000000000   1.000000000000000   1.000000000000000   0.998097349045873   0.998097349045873   1.000000000000000   
PATCH 3 
2 1 
13 2 
0.000000000000000   0.000000000000000   0.000000000000000   0.125000000000000   0.125000000000000   0.250000000000000   0.250000000000000   0.500000000000000   0.500000000000000   0.625000000000000   0.625000000000000   0.750000000000000   0.750000000000000   1.000000000000000   1.000000000000000   1.000000000000000   
0.000000000000000   0.000000000000000   1.000000000000000   1.000000000000000   
0.047712290752270   0.043972814187139   0.047634844160957   0.043849362455880   0.047484688459441   0.046578661404950   0.045672634350459   0.045026315585475   0.045003199739839   0.044980083894202   0.045580170967913   0.045274884699014   0.044969598430116   0.049240387650610   0.049122375608591   0.048174205833102   0.048101742928736   0.047897178192499   0.047608937923614   0.047287484264041   0.047188467170832   0.047110744120702   0.047107162480924   0.047103289804204   0.046856135054375   0.046570661757015   
0.007865967497723   0.007327976925572   0.008000279094694   0.007421770580132   0.008038890555284   0.007905349514415   0.007771808473545   0.007662351478557   0.007664387442269   0.007666423405981   0.007779952328393   0.007881811912974   0.007983671497555   0.008682408883347   0.009214726804819   0.009581535170580   0.010113730486836   0.010617504656908   0.011649308775774   0.012670643220649   0.013197784852049   0.013732193593224   0.014290670028082   0.014852686231645   0.015906057474529   0.016950334669633   
1.000000000000000   0.921827059476351   1.000000000000000   0.921827059476351   1.000000000000000   1.000000000000000   1.000000000000000   0.986351532645585   0.986351532645585   0.986351532645585   1.000000000000000   1.000000000000000   1.000000000000000   1.000000000000000   0.999524337261468   0.999167590207569   0.998810843153671   0.998573011784405   0.998097349045873   0.998097349045873   0.998097349045873   0.998216264730506   0.998335180415139   0.998573011784404   0.999048674522936   1.000000000000000   
PATCH 4 
2 2 
13 4 
0.000000000000000   0.000000000000000   0.000000000000000   0.250000000000000   0.250000000000000   0.375000000000000   0.375000000000000   0.500000000000000   0.500000000000000   0.750000000000000   0.750000000000000   0.875000000000000   0.875000000000000   1.000000000000000   1.000000000000000   1.000000000000000   
0.000000000000000   0.000000000000000   0.000000000000000   0.500000000000000   1.000000000000000   1.000000000000000   1.000000000000000   
0.043794833542904   0.045092989467686   0.046391145392468   0.046220067755551   0.046232362414957   0.046244657074363   0.046440324030092   0.047231868452860   0.048023412875628   0.043501315004819   0.048182746509130   0.043618873811082   0.048235973307331   0.044088524764707   0.045138463275518   0.046188401786330   0.045910071790214   0.045925071746177   0.045940071702141   0.046248401610184   0.047068566690882   0.047888731771581   0.043588326867584   0.048045770922087   0.043707358905096   0.048105052668566   0.044675907208313   0.045229410891182   0.045782914574052   0.045290079859539   0.045310490408618   0.045330900957697   0.045864556770367   0.046741963166928   0.047619369563488   0.043762350593114   0.047771819748000   0.043884329093125   0.047843211391035   0.044969598430116   0.045274884699014   0.045580170967913   0.044980083894202   0.045003199739839   0.045026315585475   0.045672634350459   0.046578661404950   0.047484688459441   0.043849362455880   0.047634844160957   0.043972814187139   0.047712290752270   
0.004462750116171   0.004029616900921   0.003596483685672   0.003578331492669   0.003575885901712   0.003573440310754   0.003586701321843   0.003530672742637   0.003474644163431   0.003135251263109   0.003536618934614   0.003259380252866   0.003699084275476   0.005342980461517   0.004992665653935   0.004642350846352   0.004600354470997   0.004598011286851   0.004595668102705   0.004632978109769   0.004624341935581   0.004615705761394   0.004206881092365   0.004652533974634   0.004276529421042   0.004740805081038   0.007103441152209   0.006918763159961   0.006734085167713   0.006644400427653   0.006642262057129   0.006640123686606   0.006725531685620   0.006811680321470   0.006897828957321   0.006350140750876   0.006884364054674   0.006310827757395   0.006824246692162   0.007983671497555   0.007881811912974   0.007779952328393   0.007666423405981   0.007664387442269   0.007662351478557   0.007771808473545   0.007905349514415   0.008038890555284   0.007421770580132   0.008000279094694   0.007327976925572   0.007865967497723   
1.000000000000000   1.000000000000000   1.000000000000000   0.996055955386194   0.996055955386194   0.996055955386194   1.000000000000000   1.000000000000000   1.000000000000000   0.904060012429897   1.000000000000000   0.904060012429897   1.000000000000000   1.000000000000000   1.000000000000000   1.000000000000000   0.993629849701042   0.993629849701042   0.993629849701042   1.000000000000000   1.000000000000000   1.000000000000000   0.908501774191510   1.000000000000000   0.908501774191510   1.000000000000000   1.000000000000000   1.000000000000000   1.000000000000000   0.988777638330737   0.988777638330737   0.988777638330737   1.000000000000000   1.000000000000000   1.000000000000000   0.917385297714737   1.000000000000000   0.917385297714737   1.000000000000000   1.000000000000000   1.000000000000000   1.000000000000000   0.986351532645585   0.986351532645585   0.986351532645585   1.000000000000000   1.000000000000000   1.000000000000000   0.921827059476351   1.000000000000000   0.921827059476351   1.000000000000000   
PATCH 5 
2 1 
13 2 
0.000000000000000   0.000000000000000   0.000000000000000   0.125000000000000   0.125000000000000   0.250000000000000   0.250000000000000   0.500000000000000   0.500000000000000   0.625000000000000   0.625000000000000   0.750000000000000   0.750000000000000   1.000000000000000   1.000000000000000   1.000000000000000   
0.000000000000000   0.000000000000000   1.000000000000000   1.000000000000000   
0.049240387650610   0.049122375608591   0.048174205833102   0.048101742928736   0.047897178192499   0.047608937923614   0.047287484264041   0.047188467170832   0.047110744120702   0.047107162480924   0.047103289804204   0.046856135054375   0.046570661757015   0.049732791527117   0.049613599364677   0.049488606583825   0.049363613802972   0.049232820403708   0.048971233605179   0.048686444333000   0.048544049696911   0.048395854442409   0.048247659187908   0.048093663314994   0.047785671569166   0.047454477349688   
0.008682408883347   0.009214726804819   0.009581535170580   0.010113730486836   0.010617504656908   0.011649308775774   0.012670643220649   0.013197784852049   0.013732193593224   0.014290670028082   0.014852686231645   0.015906057474529   0.016950334669633   0.008769232972180   0.009306874072867   0.009842960902535   0.010379047732203   0.010913580290852   0.011982645408149   0.013045493441370   0.013576917457981   0.014106787203572   0.014636656949163   0.015164972423735   0.016221603372879   0.017272017237946   
1.000000000000000   0.999524337261468   0.999167590207569   0.998810843153671   0.998573011784405   0.998097349045873   0.998097349045873   0.998097349045873   0.998216264730506   0.998335180415139   0.998573011784404   0.999048674522936   1.000000000000000   1.000000000000000   0.999524337261468   0.999167590207569   0.998810843153671   0.998573011784405   0.998097349045873   0.998097349045873   0.998097349045873   0.998216264730506   0.998335180415139   0.998573011784404   0.999048674522936   1.000000000000000   
PATCH 6 
2 1 
6 2 
0.000000000000000   0.000000000000000   0.000000000000000   0.250000000000000   0.500000000000000   0.750000000000000   1.000000000000000   1.000000000000000   1.000000000000000   
0.000000000000000   0.000000000000000   1.000000000000000   1.000000000000000   
0.046570661757015   0.046364008051476   0.045467526271278   0.044449568943438   0.043615456159621   0.043259208687940   0.047454477349688   0.047032993823604   0.046146485990198   0.045216437375554   0.044242847979673   0.043734282891114   
0.016950334669633   0.018029422145254   0.020005626566050   0.021920675699581   0.023928848135696   0.024975715780912   0.017272017237946   0.018289568482936   0.020304367573183   0.022298863263696   0.024273055554476   0.025250000000000   
1.000000000000000   0.999048674522936   0.998097349045873   0.998097349045873   0.999048674522936   1.000000000000000   1.000000000000000   0.999048674522936   0.998097349045873   0.998097349045873   0.999048674522936   1.000000000000000   
PATCH 7 
2 1 
6 2 
0.000000000000000   0.000000000000000   0.000000000000000   0.250000000000000   0.500000000000000   0.750000000000000   1.000000000000000   1.000000000000000   1.000000000000000   
0.000000000000000   0.000000000000000   1.000000000000000   1.000000000000000   
0.046570661757015   0.046364008051476   0.045467526271278   0.044449568943438   0.043615456159621   0.043259208687940   0.044969598430116   0.041931190440267   0.035854374460569   0.029777558480870   0.023700742501172   0.020662334511323   
0.016950334669633   0.018029422145254   0.020005626566050   0.021920675699581   0.023928848135696   0.024975715780912   0.007983671497555   0.008997444494127   0.011024990487270   0.013052536480413   0.015080082473556   0.016093855470127   
1.000000000000000   0.999048674522936   0.998097349045873   0.998097349045873   0.999048674522936   1.000000000000000   1.000000000000000   1.000000000000000   1.000000000000000   1.000000000000000   1.000000000000000   1.000000000000000   
PATCH 8 
2 1 
13 2 
0.000000000000000   0.000000000000000   0.000000000000000   0.250000000000000   0.250000000000000   0.375000000000000   0.375000000000000   0.500000000000000   0.500000000000000   0.750000000000000   0.750000000000000   0.875000000000000   0.875000000000000   1.000000000000000   1.000000000000000   1.000000000000000   
0.000000000000000   0.000000000000000   1.000000000000000   1.000000000000000   
0.043259208687940   0.042401021004808   0.041508903596441   0.041007090702129   0.040522271259113   0.039969994987868   0.039578296494171   0.038200932513951   0.036878752754018   0.036390789332822   0.035833199985250   0.035370119264597   0.034863474781280   0.020662334511323   0.020086902681999   0.019511470852676   0.019485461753462   0.019479540633117   0.019473619512772   0.019487786371296   0.018802745201884   0.018117704032473   0.016391722543289   0.016334621064005   0.016277519584720   0.017889298115334   
0.024975715780912   0.026283968433538   0.027566671000379   0.028170163848491   0.028782960309662   0.029345135314005   0.030024696018233   0.030915079084064   0.031810754862312   0.032398104949990   0.032922595276498   0.033532730974309   0.034103916760317   0.016093855470127   0.016285849847408   0.016477844224689   0.016463022034707   0.016465428266480   0.016467834498254   0.016487469151783   0.016818341666983   0.017149214182183   0.015590046125097   0.015580378077064   0.015570710029031   0.017110541990050   
1.000000000000000   0.998037139631641   0.997055709447461   0.996564994355371   0.996319636809327   0.996074279263282   0.996074279263282   0.996074279263282   0.997055709447461   0.997546424539551   0.998282497177686   0.999018569815820   1.000000000000000   1.000000000000000   1.000000000000000   1.000000000000000   0.998977714495161   0.998977714495161   0.998977714495161   1.000000000000000   1.000000000000000   1.000000000000000   0.907613478393452   0.907613478393452   0.907613478393452   1.000000000000000   
PATCH 9 
2 2 
6 4 
0.000000000000000   0.000000000000000   0.000000000000000   0.250000000000000   0.500000000000000   0.750000000000000   1.000000000000000   1.000000000000000   1.000000000000000   
0.000000000000000   0.000000000000000   0.000000000000000   0.500000000000000   1.000000000000000   1.000000000000000   1.000000000000000   
0.019487569624111   0.022525977613960   0.028602793593659   0.034679609573357   0.040756425553055   0.043794833542904   0.019781260845914   0.022819668835763   0.028896484815461   0.034973300795160   0.041050116774858   0.044088524764707   0.020368643289520   0.023407051279369   0.029483867259067   0.035560683238766   0.041637499218464   0.044675907208313   0.020662334511323   0.023700742501172   0.029777558480870   0.035854374460569   0.041931190440267   0.044969598430116   
0.012572934088743   0.011559161092172   0.009531615099029   0.007504069105886   0.005476523112743   0.004462750116171   0.013453164434089   0.012439391437518   0.010411845444375   0.008384299451232   0.006356753458089   0.005342980461517   0.015213625124781   0.014199852128210   0.012172306135067   0.010144760141924   0.008117214148781   0.007103441152209   0.016093855470127   0.015080082473556   0.013052536480413   0.011024990487270   0.008997444494127   0.007983671497555   
1.000000000000000   1.000000000000000   1.000000000000000   1.000000000000000   1.000000000000000   1.000000000000000   1.000000000000000   1.000000000000000   1.000000000000000   1.000000000000000   1.000000000000000   1.000000000000000   1.000000000000000   1.000000000000000   1.000000000000000   1.000000000000000   1.000000000000000   1.000000000000000   1.000000000000000   1.000000000000000   1.000000000000000   1.000000000000000   1.000000000000000   1.000000000000000   
PATCH 10 
2 2 
13 4 
0.000000000000000   0.000000000000000   0.000000000000000   0.250000000000000   0.250000000000000   0.375000000000000   0.375000000000000   0.500000000000000   0.500000000000000   0.750000000000000   0.750000000000000   0.875000000000000   0.875000000000000   1.000000000000000   1.000000000000000   1.000000000000000   
0.000000000000000   0.000000000000000   0.000000000000000   0.500000000000000   1.000000000000000   1.000000000000000   1.000000000000000   
0.019487569624111   0.018924532969026   0.018361496313942   0.018345745610390   0.018341013778284   0.018336281946178   0.018342568985517   0.016641444079318   0.014940319173119   0.012767895400192   0.014792527130208   0.012711552180036   0.014843270567979   0.019781260845914   0.019215125397270   0.018648989948625   0.018630674646158   0.018625645491992   0.018620616337827   0.018628873331962   0.017181769359960   0.015734665387957   0.013673852185967   0.015178050613658   0.013603044031207   0.015604777454818   0.020368643289520   0.019796310253756   0.019223977217992   0.019200532717694   0.019194908919409   0.019189285121124   0.019201482024851   0.018262419921243   0.017323357817634   0.015485765757515   0.015949097580556   0.015386027733549   0.017127791228495   0.020662334511323   0.020086902681999   0.019511470852676   0.019485461753462   0.019479540633117   0.019473619512772   0.019487786371296   0.018802745201884   0.018117704032473   0.016391722543289   0.016334621064005   0.016277519584720   0.017889298115334   
0.012572934088743   0.012760792782807   0.012948651476870   0.012942386146589   0.012943710411517   0.012945034676445   0.012953948536582   0.013341013043932   0.013728077551281   0.011845542211279   0.013867661218873   0.012040866377086   0.014064514442695   0.013453164434089   0.013642057048957   0.013830949663825   0.013822545118618   0.013824139875258   0.013825734631897   0.013837328690382   0.014210345199694   0.014583361709007   0.012781668189733   0.014295840433421   0.012923327290072   0.014826021329534   0.015213625124781   0.015404585581258   0.015595546037734   0.015582863062677   0.015584998802739   0.015587134542801   0.015604088997982   0.015949009511220   0.016293930024458   0.014653920146643   0.015152198862516   0.014688249116045   0.016349035103211   0.016093855470127   0.016285849847408   0.016477844224689   0.016463022034707   0.016465428266480   0.016467834498254   0.016487469151783   0.016818341666983   0.017149214182183   0.015590046125097   0.015580378077064   0.015570710029031   0.017110541990050   
1.000000000000000   1.000000000000000   1.000000000000000   0.999396037412217   0.999396037412217   0.999396037412217   1.000000000000000   1.000000000000000   1.000000000000000   0.861227001848632   1.000000000000000   0.861227001848632   1.000000000000000   1.000000000000000   1.000000000000000   1.000000000000000   0.999291456682953   0.999291456682953   0.999291456682953   1.000000000000000   1.000000000000000   1.000000000000000   0.872823620984837   0.976903369598363   0.872823620984837   1.000000000000000   1.000000000000000   1.000000000000000   1.000000000000000   0.999082295224425   0.999082295224425   0.999082295224425   1.000000000000000   1.000000000000000   1.000000000000000   0.896016859257247   0.930710108795089   0.896016859257247   1.000000000000000   1.000000000000000   1.000000000000000   1.000000000000000   0.998977714495161   0.998977714495161   0.998977714495161   1.000000000000000   1.000000000000000   1.000000000000000   0.907613478393452   0.907613478393452   0.907613478393452   1.000000000000000   
PATCH 11 
2 1 
13 2 
0.000000000000000   0.000000000000000   0.000000000000000   0.250000000000000   0.250000000000000   0.375000000000000   0.375000000000000   0.500000000000000   0.500000000000000   0.750000000000000   0.750000000000000   0.875000000000000   0.875000000000000   1.000000000000000   1.000000000000000   1.000000000000000   
0.000000000000000   0.000000000000000   1.000000000000000   1.000000000000000   
0.043259208687940   0.042401021004808   0.041508903596441   0.041007090702129   0.040522271259113   0.039969994987868   0.039578296494171   0.038200932513951   0.036878752754018   0.036390789332822   0.035833199985250   0.035370119264597   0.034863474781280   0.043734282891114   0.043142506727484   0.042531053738569   0.042225327244111   0.041914681543332   0.041604035842553   0.041288470935453   0.040657341121252   0.040006534481766   0.039681131162023   0.039350808635958   0.039020486109894   0.038685244377508   
0.024975715780912   0.026283968433538   0.027566671000379   0.028170163848491   0.028782960309662   0.029345135314005   0.030024696018233   0.030915079084064   0.031810754862312   0.032398104949990   0.032922595276498   0.033532730974309   0.034103916760317   0.025250000000000   0.026178902508932   0.027094027156471   0.027551589480241   0.028005707338662   0.028459825197083   0.028910498590156   0.029811845376303   0.030699414301056   0.031143198763433   0.031583538760461   0.032023878757490   0.032460774289170   
1.000000000000000   0.998037139631641   0.997055709447461   0.996564994355371   0.996319636809327   0.996074279263282   0.996074279263282   0.996074279263282   0.997055709447461   0.997546424539551   0.998282497177686   0.999018569815820   1.000000000000000   1.000000000000000   0.999048674522937   0.998573011784405   0.998335180415139   0.998216264730506   0.998097349045873   0.998097349045873   0.998097349045873   0.998573011784405   0.998810843153671   0.999167590207569   0.999524337261468   1.000000000000000   
PATCH 12 
2 1 
6 2 
0.000000000000000   0.000000000000000   0.000000000000000   0.250000000000000   0.500000000000000   0.750000000000000   1.000000000000000   1.000000000000000   1.000000000000000   
0.000000000000000   0.000000000000000   1.000000000000000   1.000000000000000   
0.019487569624111   0.022525977613960   0.028602793593659   0.034679609573357   0.040756425553055   0.043794833542904   0.014550000000000   0.018205604192863   0.025516812578589   0.032828020964315   0.040139229350041   0.043794833542904   
0.012572934088743   0.011559161092172   0.009531615099029   0.007504069105886   0.005476523112743   0.004462750116171   0.000000000000000   0.000000000000000   0.000000000000000   0.000000000000000   0.000000000000000   0.000000000000000   
1.000000000000000   1.000000000000000   1.000000000000000   1.000000000000000   1.000000000000000   1.000000000000000   1.000000000000000   1.000000000000000   1.000000000000000   1.000000000000000   1.000000000000000   1.000000000000000   
PATCH 13 
2 1 
13 2 
0.000000000000000   0.000000000000000   0.000000000000000   0.250000000000000   0.250000000000000   0.375000000000000   0.375000000000000   0.500000000000000   0.500000000000000   0.750000000000000   0.750000000000000   0.875000000000000   0.875000000000000   1.000000000000000   1.000000000000000   1.000000000000000   
0.000000000000000   0.000000000000000   1.000000000000000   1.000000000000000   
0.043794833542904   0.045092989467686   0.046391145392468   0.046220067755551   0.046232362414957   0.046244657074363   0.046440324030092   0.047231868452860   0.048023412875628   0.043501315004819   0.048182746509130   0.043618873811082   0.048235973307331   0.043794833542904   0.044570479350041   0.045346125157178   0.045733948060747   0.046121770964315   0.046509593867884   0.046897416771452   0.047673062578589   0.048448708385726   0.048836531289295   0.049224354192863   0.049612177096432   0.050000000000000   
0.004462750116171   0.004029616900921   0.003596483685672   0.003578331492669   0.003575885901712   0.003573440310754   0.003586701321843   0.003530672742637   0.003474644163431   0.003135251263109   0.003536618934614   0.003259380252866   0.003699084275476   0.000000000000000   0.000000000000000   0.000000000000000   0.000000000000000   0.000000000000000   0.000000000000000   0.000000000000000   0.000000000000000   0.000000000000000   0.000000000000000   0.000000000000000   0.000000000000000   0.000000000000000   
1.000000000000000   1.000000000000000   1.000000000000000   0.996055955386194   0.996055955386194   0.996055955386194   1.000000000000000   1.000000000000000   1.000000000000000   0.904060012429897   1.000000000000000   0.904060012429897   1.000000000000000   1.000000000000000   1.000000000000000   1.000000000000000   1.000000000000000   1.000000000000000   1.000000000000000   1.000000000000000   1.000000000000000   1.000000000000000   1.000000000000000   1.000000000000000   1.000000000000000   1.000000000000000   
PATCH 14 
2 1 
13 2 
0.000000000000000   0.000000000000000   0.000000000000000   0.250000000000000   0.250000000000000   0.375000000000000   0.375000000000000   0.500000000000000   0.500000000000000   0.750000000000000   0.750000000000000   0.875000000000000   0.875000000000000   1.000000000000000   1.000000000000000   1.000000000000000   
0.000000000000000   0.000000000000000   1.000000000000000   1.000000000000000   
0.014550000000000   0.014280725802836   0.013886781324033   0.013689809084631   0.013461669274819   0.013233529465008   0.012974222084786   0.012455607324344   0.011812322282262   0.011490679761221   0.011137869669770   0.010785059578319   0.010401081916458   0.019487569624111   0.018924532969026   0.018361496313942   0.018345745610390   0.018341013778284   0.018336281946178   0.018342568985517   0.016641444079318   0.014940319173119   0.012767895400192   0.014792527130208   0.012711552180036   0.014843270567979   
0.000000000000000   0.001373485053108   0.002696132431302   0.003357456120400   0.004006070390769   0.004654684661138   0.005290589512779   0.006562399216060   0.007783371244429   0.008393857258613   0.008991633854069   0.009589410449525   0.010174477626253   0.012572934088743   0.012760792782807   0.012948651476870   0.012942386146589   0.012943710411517   0.012945034676445   0.012953948536582   0.013341013043932   0.013728077551281   0.011845542211279   0.013867661218873   0.012040866377086   0.014064514442695   
1.000000000000000   0.981493182325493   0.972239773488240   0.967613069069613   0.965299716860300   0.962986364650987   0.962986364650987   0.962986364650987   0.972239773488240   0.976866477906867   0.983806534534806   0.990746591162747   1.000000000000000   1.000000000000000   1.000000000000000   1.000000000000000   0.999396037412217   0.999396037412217   0.999396037412217   1.000000000000000   1.000000000000000   1.000000000000000   0.861227001848632   1.000000000000000   0.861227001848632   1.000000000000000   
PATCH 15 
2 1 
4 2 
0.000000000000000   0.000000000000000   0.000000000000000   0.500000000000000   1.000000000000000   1.000000000000000   1.000000000000000   
0.000000000000000   0.000000000000000   1.000000000000000   1.000000000000000   
0.034863474781280   0.034693383835994   0.034313399444213   0.034103916760317   0.017889298115334   0.017694609084013   0.017305231021371   0.017110541990050   
0.034103916760317   0.034313399444213   0.034693383835994   0.034863474781280   0.017110541990050   0.017305231021371   0.017694609084013   0.017889298115334   
1.000000000000000   0.999969679703051   0.999969679703051   1.000000000000000   1.000000000000000   1.000000000000000   1.000000000000000   1.000000000000000   
PATCH 16 
2 2 
4 4 
0.000000000000000   0.000000000000000   0.000000000000000   0.500000000000000   1.000000000000000   1.000000000000000   1.000000000000000   
0.000000000000000   0.000000000000000   0.000000000000000   0.500000000000000   1.000000000000000   1.000000000000000   1.000000000000000   
0.014843270567979   0.015604777454818   0.017127791228495   0.017889298115334   0.014648581536658   0.015410088423497   0.016933102197174   0.017694609084013   0.014259203474016   0.015020710360855   0.016543724134532   0.017305231021371   0.014064514442695   0.014826021329534   0.016349035103211   0.017110541990050   
0.014064514442695   0.014826021329534   0.016349035103211   0.017110541990050   0.014259203474016   0.015020710360855   0.016543724134532   0.017305231021371   0.014648581536658   0.015410088423497   0.016933102197174   0.017694609084013   0.014843270567979   0.015604777454818   0.017127791228495   0.017889298115334   
1.000000000000000   1.000000000000000   1.000000000000000   1.000000000000000   1.000000000000000   1.000000000000000   1.000000000000000   1.000000000000000   1.000000000000000   1.000000000000000   1.000000000000000   1.000000000000000   1.000000000000000   1.000000000000000   1.000000000000000   1.000000000000000   
PATCH 17 
2 1 
4 2 
0.000000000000000   0.000000000000000   0.000000000000000   0.500000000000000   1.000000000000000   1.000000000000000   1.000000000000000   
0.000000000000000   0.000000000000000   1.000000000000000   1.000000000000000   
0.014843270567979   0.014648581536658   0.014259203474016   0.014064514442695   0.010401081916458   0.010344742791361   0.010231440646259   0.010174477626253   
0.014064514442695   0.014259203474016   0.014648581536658   0.014843270567979   0.010174477626253   0.010231440646259   0.010344742791361   0.010401081916458   
1.000000000000000   1.000000000000000   1.000000000000000   1.000000000000000   1.000000000000000   0.999969679703051   0.999969679703051   1.000000000000000   
PATCH 18 
2 1 
4 2 
0.000000000000000   0.000000000000000   0.000000000000000   0.500000000000000   1.000000000000000   1.000000000000000   1.000000000000000   
0.000000000000000   0.000000000000000   1.000000000000000   1.000000000000000   
0.034863474781280   0.034693383835994   0.034313399444213   0.034103916760317   0.038685244377508   0.037197068413715   0.034084833369545   0.032460774289170   
0.034103916760317   0.034313399444213   0.034693383835994   0.034863474781280   0.032460774289170   0.034084833369545   0.037197068413715   0.038685244377508   
1.000000000000000   0.999969679703051   0.999969679703051   1.000000000000000   1.000000000000000   0.998097349045873   0.998097349045873   1.000000000000000   
PATCH 19 
2 1 
4 2 
0.000000000000000   0.000000000000000   0.000000000000000   0.500000000000000   1.000000000000000   1.000000000000000   1.000000000000000   
0.000000000000000   0.000000000000000   1.000000000000000   1.000000000000000   
0.000000000000000   0.002178893568691   0.006520098010365   0.008682408883347   0.000000000000000   0.002200682504378   0.006585298990468   0.008769232972180   
0.050000000000000   0.049904867452294   0.049525061277599   0.049240387650610   0.050500000000000   0.050403916126817   0.050020311890375   0.049732791527117   
1.000000000000000   0.998097349045873   0.998097349045873   1.000000000000000   1.000000000000000   0.998097349045873   0.998097349045873   1.000000000000000   
PATCH 20 
2 1 
4 2 
0.000000000000000   0.000000000000000   0.000000000000000   0.500000000000000   1.000000000000000   1.000000000000000   1.000000000000000   
0.000000000000000   0.000000000000000   1.000000000000000   1.000000000000000   
0.003699084275476   0.004740805081038   0.006824246692162   0.007865967497723   0.000000000000000   0.002178893568691   0.006520098010365   0.008682408883347   
0.048235973307331   0.048105052668566   0.047843211391035   0.047712290752270   0.050000000000000   0.049904867452294   0.049525061277599   0.049240387650610   
1.000000000000000   1.000000000000000   1.000000000000000   1.000000000000000   1.000000000000000   0.998097349045873   0.998097349045873   1.000000000000000   
PATCH 21 
2 1 
13 2 
0.000000000000000   0.000000000000000   0.000000000000000   0.125000000000000   0.125000000000000   0.250000000000000   0.250000000000000   0.500000000000000   0.500000000000000   0.625000000000000   0.625000000000000   0.750000000000000   0.750000000000000   1.000000000000000   1.000000000000000   1.000000000000000   
0.000000000000000   0.000000000000000   1.000000000000000   1.000000000000000   
0.007865967497723   0.007327976925572   0.008000279094694   0.007421770580132   0.008038890555284   0.007905349514415   0.007771808473545   0.007662351478557   0.007664387442269   0.007666423405981   0.007779952328393   0.007881811912974   0.007983671497555   0.008682408883347   0.009214726804819   0.009581535170580   0.010113730486836   0.010617504656908   0.011649308775774   0.012670643220649   0.013197784852049   0.013732193593224   0.014290670028082   0.014852686231645   0.015906057474529   0.016950334669633   
0.047712290752270   0.043972814187139   0.047634844160957   0.043849362455880   0.047484688459441   0.046578661404950   0.045672634350459   0.045026315585475   0.045003199739839   0.044980083894202   0.045580170967913   0.045274884699014   0.044969598430116   0.049240387650610   0.049122375608591   0.048174205833102   0.048101742928736   0.047897178192499   0.047608937923614   0.047287484264041   0.047188467170832   0.047110744120702   0.047107162480924   0.047103289804204   0.046856135054375   0.046570661757015   
1.000000000000000   0.921827059476351   1.000000000000000   0.921827059476351   1.000000000000000   1.000000000000000   1.000000000000000   0.986351532645585   0.986351532645585   0.986351532645585   1.000000000000000   1.000000000000000   1.000000000000000   1.000000000000000   0.999524337261468   0.999167590207569   0.998810843153671   0.998573011784405   0.998097349045873   0.998097349045873   0.998097349045873   0.998216264730506   0.998335180415139   0.998573011784404   0.999048674522936   1.000000000000000   
PATCH 22 
2 2 
13 4 
0.000000000000000   0.000000000000000   0.000000000000000   0.250000000000000   0.250000000000000   0.375000000000000   0.375000000000000   0.500000000000000   0.500000000000000   0.750000000000000   0.750000000000000   0.875000000000000   0.875000000000000   1.000000000000000   1.000000000000000   1.000000000000000   
0.000000000000000   0.000000000000000   0.000000000000000   0.500000000000000   1.000000000000000   1.000000000000000   1.000000000000000   
0.004462750116171   0.004029616900921   0.003596483685672   0.003578331492669   0.003575885901712   0.003573440310754   0.003586701321843   0.003530672742637   0.003474644163431   0.003135251263109   0.003536618934614   0.003259380252866   0.003699084275476   0.005342980461517   0.004992665653935   0.004642350846352   0.004600354470997   0.004598011286851   0.004595668102705   0.004632978109769   0.004624341935581   0.004615705761394   0.004206881092365   0.004652533974634   0.004276529421042   0.004740805081038   0.007103441152209   0.006918763159961   0.006734085167713   0.006644400427653   0.006642262057129   0.006640123686606   0.006725531685620   0.006811680321470   0.006897828957321   0.006350140750876   0.006884364054674   0.006310827757395   0.006824246692162   0.007983671497555   0.007881811912974   0.007779952328393   0.007666423405981   0.007664387442269   0.007662351478557   0.007771808473545   0.007905349514415   0.008038890555284   0.007421770580132   0.008000279094694   0.007327976925572   0.007865967497723   
0.043794833542904   0.045092989467686   0.046391145392468   0.046220067755551   0.046232362414957   0.046244657074363   0.046440324030092   0.047231868452860   0.048023412875628   0.043501315004819   0.048182746509130   0.043618873811082   0.048235973307331   0.044088524764707   0.045138463275518   0.046188401786330   0.045910071790214   0.045925071746177   0.045940071702141   0.046248401610184   0.047068566690882   0.047888731771581   0.043588326867584   0.048045770922087   0.043707358905096   0.048105052668566   0.044675907208313   0.045229410891182   0.045782914574052   0.045290079859539   0.045310490408618   0.045330900957697   0.045864556770367   0.046741963166928   0.047619369563488   0.043762350593114   0.047771819748000   0.043884329093125   0.047843211391035   0.044969598430116   0.045274884699014   0.045580170967913   0.044980083894202   0.045003199739839   0.045026315585475   0.045672634350459   0.046578661404950   0.047484688459441   0.043849362455880   0.047634844160957   0.043972814187139   0.047712290752270   
1.000000000000000   1.000000000000000   1.000000000000000   0.996055955386194   0.996055955386194   0.996055955386194   1.000000000000000   1.000000000000000   1.000000000000000   0.904060012429897   1.000000000000000   0.904060012429897   1.000000000000000   1.000000000000000   1.000000000000000   1.000000000000000   0.993629849701042   0.993629849701042   0.993629849701042   1.000000000000000   1.000000000000000   1.000000000000000   0.908501774191510   1.000000000000000   0.908501774191510   1.000000000000000   1.000000000000000   1.000000000000000   1.000000000000000   0.988777638330737   0.988777638330737   0.988777638330737   1.000000000000000   1.000000000000000   1.000000000000000   0.917385297714737   1.000000000000000   0.917385297714737   1.000000000000000   1.000000000000000   1.000000000000000   1.000000000000000   0.986351532645585   0.986351532645585   0.986351532645585   1.000000000000000   1.000000000000000   1.000000000000000   0.921827059476351   1.000000000000000   0.921827059476351   1.000000000000000   
PATCH 23 
2 1 
13 2 
0.000000000000000   0.000000000000000   0.000000000000000   0.125000000000000   0.125000000000000   0.250000000000000   0.250000000000000   0.500000000000000   0.500000000000000   0.625000000000000   0.625000000000000   0.750000000000000   0.750000000000000   1.000000000000000   1.000000000000000   1.000000000000000   
0.000000000000000   0.000000000000000   1.000000000000000   1.000000000000000   
0.008682408883347   0.009214726804819   0.009581535170580   0.010113730486836   0.010617504656908   0.011649308775774   0.012670643220649   0.013197784852049   0.013732193593224   0.014290670028082   0.014852686231645   0.015906057474529   0.016950334669633   0.008769232972180   0.009306874072867   0.009842960902535   0.010379047732203   0.010913580290852   0.011982645408149   0.013045493441370   0.013576917457981   0.014106787203572   0.014636656949163   0.015164972423735   0.016221603372879   0.017272017237946   
0.049240387650610   0.049122375608591   0.048174205833102   0.048101742928736   0.047897178192499   0.047608937923614   0.047287484264041   0.047188467170832   0.047110744120702   0.047107162480924   0.047103289804204   0.046856135054375   0.046570661757015   0.049732791527117   0.049613599364677   0.049488606583825   0.049363613802972   0.049232820403708   0.048971233605179   0.048686444333000   0.048544049696911   0.048395854442409   0.048247659187908   0.048093663314994   0.047785671569166   0.047454477349688   
1.000000000000000   0.999524337261468   0.999167590207569   0.998810843153671   0.998573011784405   0.998097349045873   0.998097349045873   0.998097349045873   0.998216264730506   0.998335180415139   0.998573011784404   0.999048674522936   1.000000000000000   1.000000000000000   0.999524337261468   0.999167590207569   0.998810843153671   0.998573011784405   0.998097349045873   0.998097349045873   0.998097349045873   0.998216264730506   0.998335180415139   0.998573011784404   0.999048674522936   1.000000000000000   
PATCH 24 
2 1 
6 2 
0.000000000000000   0.000000000000000   0.000000000000000   0.250000000000000   0.500000000000000   0.750000000000000   1.000000000000000   1.000000000000000   1.000000000000000   
0.000000000000000   0.000000000000000   1.000000000000000   1.000000000000000   
0.016950334669633   0.018029422145254   0.020005626566050   0.021920675699581   0.023928848135696   0.024975715780912   0.017272017237946   0.018289568482936   0.020304367573183   0.022298863263696   0.024273055554476   0.025250000000000   
0.046570661757015   0.046364008051476   0.045467526271278   0.044449568943438   0.043615456159621   0.043259208687940   0.047454477349688   0.047032993823604   0.046146485990198   0.045216437375554   0.044242847979673   0.043734282891114   
1.000000000000000   0.999048674522936   0.998097349045873   0.998097349045873   0.999048674522936   1.000000000000000   1.000000000000000   0.999048674522936   0.998097349045873   0.998097349045873   0.999048674522936   1.000000000000000   
PATCH 25 
2 1 
6 2 
0.000000000000000   0.000000000000000   0.000000000000000   0.250000000000000   0.500000000000000   0.750000000000000   1.000000000000000   1.000000000000000   1.000000000000000   
0.000000000000000   0.000000000000000   1.000000000000000   1.000000000000000   
0.016950334669633   0.018029422145254   0.020005626566050   0.021920675699581   0.023928848135696   0.024975715780912   0.007983671497555   0.008997444494127   0.011024990487270   0.013052536480413   0.015080082473556   0.016093855470127   
0.046570661757015   0.046364008051476   0.045467526271278   0.044449568943438   0.043615456159621   0.043259208687940   0.044969598430116   0.041931190440267   0.035854374460569   0.029777558480870   0.023700742501172   0.020662334511323   
1.000000000000000   0.999048674522936   0.998097349045873   0.998097349045873   0.999048674522936   1.000000000000000   1.000000000000000   1.000000000000000   1.000000000000000   1.000000000000000   1.000000000000000   1.000000000000000   
PATCH 26 
2 1 
13 2 
0.000000000000000   0.000000000000000   0.000000000000000   0.250000000000000   0.250000000000000   0.375000000000000   0.375000000000000   0.500000000000000   0.500000000000000   0.750000000000000   0.750000000000000   0.875000000000000   0.875000000000000   1.000000000000000   1.000000000000000   1.000000000000000   
0.000000000000000   0.000000000000000   1.000000000000000   1.000000000000000   
0.024975715780912   0.026283968433538   0.027566671000379   0.028170163848491   0.028782960309662   0.029345135314005   0.030024696018233   0.030915079084064   0.031810754862312   0.032398104949990   0.032922595276498   0.033532730974309   0.034103916760317   0.016093855470127   0.016285849847408   0.016477844224689   0.016463022034707   0.016465428266480   0.016467834498254   0.016487469151783   0.016818341666983   0.017149214182183   0.015590046125097   0.015580378077064   0.015570710029031   0.017110541990050   
0.043259208687940   0.042401021004808   0.041508903596441   0.041007090702129   0.040522271259113   0.039969994987868   0.039578296494171   0.038200932513951   0.036878752754018   0.036390789332822   0.035833199985250   0.035370119264597   0.034863474781280   0.020662334511323   0.020086902681999   0.019511470852676   0.019485461753462   0.019479540633117   0.019473619512772   0.019487786371296   0.018802745201884   0.018117704032473   0.016391722543289   0.016334621064005   0.016277519584720   0.017889298115334   
1.000000000000000   0.998037139631641   0.997055709447461   0.996564994355371   0.996319636809327   0.996074279263282   0.996074279263282   0.996074279263282   0.997055709447461   0.997546424539551   0.998282497177686   0.999018569815820   1.000000000000000   1.000000000000000   1.000000000000000   1.000000000000000   0.998977714495161   0.998977714495161   0.998977714495161   1.000000000000000   1.000000000000000   1.000000000000000   0.907613478393452   0.907613478393452   0.907613478393452   1.000000000000000   
PATCH 27 
2 2 
6 4 
0.000000000000000   0.000000000000000   0.000000000000000   0.250000000000000   0.500000000000000   0.750000000000000   1.000000000000000   1.000000000000000   1.000000000000000   
0.000000000000000   0.000000000000000   0.000000000000000   0.500000000000000   1.000000000000000   1.000000000000000   1.000000000000000   
0.012572934088743   0.011559161092172   0.009531615099029   0.007504069105886   0.005476523112743   0.004462750116171   0.013453164434089   0.012439391437518   0.010411845444375   0.008384299451232   0.006356753458089   0.005342980461517   0.015213625124781   0.014199852128210   0.012172306135067   0.010144760141924   0.008117214148781   0.007103441152209   0.016093855470127   0.015080082473556   0.013052536480413   0.011024990487270   0.008997444494127   0.007983671497555   
0.019487569624111   0.022525977613960   0.028602793593659   0.034679609573357   0.040756425553055   0.043794833542904   0.019781260845914   0.022819668835763   0.028896484815461   0.034973300795160   0.041050116774858   0.044088524764707   0.020368643289520   0.023407051279369   0.029483867259067   0.035560683238766   0.041637499218464   0.044675907208313   0.020662334511323   0.023700742501172   0.029777558480870   0.035854374460569   0.041931190440267   0.044969598430116   
1.000000000000000   1.000000000000000   1.000000000000000   1.000000000000000   1.000000000000000   1.000000000000000   1.000000000000000   1.000000000000000   1.000000000000000   1.000000000000000   1.000000000000000   1.000000000000000   1.000000000000000   1.000000000000000   1.000000000000000   1.000000000000000   1.000000000000000   1.000000000000000   1.000000000000000   1.000000000000000   1.000000000000000   1.000000000000000   1.000000000000000   1.000000000000000   
PATCH 28 
2 2 
13 4 
0.000000000000000   0.000000000000000   0.000000000000000   0.250000000000000   0.250000000000000   0.375000000000000   0.375000000000000   0.500000000000000   0.500000000000000   0.750000000000000   0.750000000000000   0.875000000000000   0.875000000000000   1.000000000000000   1.000000000000000   1.000000000000000   
0.000000000000000   0.000000000000000   0.000000000000000   0.500000000000000   1.000000000000000   1.000000000000000   1.000000000000000   
0.012572934088743   0.012760792782807   0.012948651476870   0.012942386146589   0.012943710411517   0.012945034676445   0.012953948536582   0.013341013043932   0.013728077551281   0.011845542211279   0.013867661218873   0.012040866377086   0.014064514442695   0.013453164434089   0.013642057048957   0.013830949663825   0.013822545118618   0.013824139875258   0.013825734631897   0.013837328690382   0.014210345199694   0.014583361709007   0.012781668189733   0.014295840433421   0.012923327290072   0.014826021329534   0.015213625124781   0.015404585581258   0.015595546037734   0.015582863062677   0.015584998802739   0.015587134542801   0.015604088997982   0.015949009511220   0.016293930024458   0.014653920146643   0.015152198862516   0.014688249116045   0.016349035103211   0.016093855470127   0.016285849847408   0.016477844224689   0.016463022034707   0.016465428266480   0.016467834498254   0.016487469151783   0.016818341666983   0.017149214182183   0.015590046125097   0.015580378077064   0.015570710029031   0.017110541990050   
0.019487569624111   0.018924532969026   0.018361496313942   0.018345745610390   0.018341013778284   0.018336281946178   0.018342568985517   0.016641444079318   0.014940319173119   0.012767895400192   0.014792527130208   0.012711552180036   0.014843270567979   0.019781260845914   0.019215125397270   0.018648989948625   0.018630674646158   0.018625645491992   0.018620616337827   0.018628873331962   0.017181769359960   0.015734665387957   0.013673852185967   0.015178050613658   0.013603044031207   0.015604777454818   0.020368643289520   0.019796310253756   0.019223977217992   0.019200532717694   0.019194908919409   0.019189285121124   0.019201482024851   0.018262419921243   0.017323357817634   0.015485765757515   0.015949097580556   0.015386027733549   0.017127791228495   0.020662334511323   0.020086902681999   0.019511470852676   0.019485461753462   0.019479540633117   0.019473619512772   0.019487786371296   0.018802745201884   0.018117704032473   0.016391722543289   0.016334621064005   0.016277519584720   0.017889298115334   
1.000000000000000   1.000000000000000   1.000000000000000   0.999396037412217   0.999396037412217   0.999396037412217   1.000000000000000   1.000000000000000   1.000000000000000   0.861227001848632   1.000000000000000   0.861227001848632   1.000000000000000   1.000000000000000   1.000000000000000   1.000000000000000   0.999291456682953   0.999291456682953   0.999291456682953   1.000000000000000   1.000000000000000   1.000000000000000   0.872823620984837   0.976903369598363   0.872823620984837   1.000000000000000   1.000000000000000   1.000000000000000   1.000000000000000   0.999082295224425   0.999082295224425   0.999082295224425   1.000000000000000   1.000000000000000   1.000000000000000   0.896016859257247   0.930710108795089   0.896016859257247   1.000000000000000   1.000000000000000   1.000000000000000   1.000000000000000   0.998977714495161   0.998977714495161   0.998977714495161   1.000000000000000   1.000000000000000   1.000000000000000   0.907613478393452   0.907613478393452   0.907613478393452   1.000000000000000   
PATCH 29 
2 1 
13 2 
0.000000000000000   0.000000000000000   0.000000000000000   0.250000000000000   0.250000000000000   0.375000000000000   0.375000000000000   0.500000000000000   0.500000000000000   0.750000000000000   0.750000000000000   0.875000000000000   0.875000000000000   1.000000000000000   1.000000000000000   1.000000000000000   
0.000000000000000   0.000000000000000   1.000000000000000   1.000000000000000   
0.024975715780912   0.026283968433538   0.027566671000379   0.028170163848491   0.028782960309662   0.029345135314005   0.030024696018233   0.030915079084064   0.031810754862312   0.032398104949990   0.032922595276498   0.033532730974309   0.034103916760317   0.025250000000000   0.026178902508932   0.027094027156471   0.027551589480241   0.028005707338662   0.028459825197083   0.028910498590156   0.029811845376303   0.030699414301056   0.031143198763433   0.031583538760461   0.032023878757490   0.032460774289170   
0.043259208687940   0.042401021004808   0.041508903596441   0.041007090702129   0.040522271259113   0.039969994987868   0.039578296494171   0.038200932513951   0.036878752754018   0.036390789332822   0.035833199985250   0.035370119264597   0.034863474781280   0.043734282891114   0.043142506727484   0.042531053738569   0.042225327244111   0.041914681543332   0.041604035842553   0.041288470935453   0.040657341121252   0.040006534481766   0.039681131162023   0.039350808635958   0.039020486109894   0.038685244377508   
1.000000000000000   0.998037139631641   0.997055709447461   0.996564994355371   0.996319636809327   0.996074279263282   0.996074279263282   0.996074279263282   0.997055709447461   0.997546424539551   0.998282497177686   0.999018569815820   1.000000000000000   1.000000000000000   0.999048674522937   0.998573011784405   0.998335180415139   0.998216264730506   0.998097349045873   0.998097349045873   0.998097349045873   0.998573011784405   0.998810843153671   0.999167590207569   0.999524337261468   1.000000000000000   
PATCH 30 
2 1 
6 2 
0.000000000000000   0.000000000000000   0.000000000000000   0.250000000000000   0.500000000000000   0.750000000000000   1.000000000000000   1.000000000000000   1.000000000000000   
0.000000000000000   0.000000000000000   1.000000000000000   1.000000000000000   
0.012572934088743   0.011559161092172   0.009531615099029   0.007504069105886   0.005476523112743   0.004462750116171   0.000000000000000   0.000000000000000   0.000000000000000   0.000000000000000   0.000000000000000   0.000000000000000   
0.019487569624111   0.022525977613960   0.028602793593659   0.034679609573357   0.040756425553055   0.043794833542904   0.014550000000000   0.018205604192863   0.025516812578589   0.032828020964315   0.040139229350041   0.043794833542904   
1.000000000000000   1.000000000000000   1.000000000000000   1.000000000000000   1.000000000000000   1.000000000000000   1.000000000000000   1.000000000000000   1.000000000000000   1.000000000000000   1.000000000000000   1.000000000000000   
PATCH 31 
2 1 
13 2 
0.000000000000000   0.000000000000000   0.000000000000000   0.250000000000000   0.250000000000000   0.375000000000000   0.375000000000000   0.500000000000000   0.500000000000000   0.750000000000000   0.750000000000000   0.875000000000000   0.875000000000000   1.000000000000000   1.000000000000000   1.000000000000000   
0.000000000000000   0.000000000000000   1.000000000000000   1.000000000000000   
0.004462750116171   0.004029616900921   0.003596483685672   0.003578331492669   0.003575885901712   0.003573440310754   0.003586701321843   0.003530672742637   0.003474644163431   0.003135251263109   0.003536618934614   0.003259380252866   0.003699084275476   0.000000000000000   0.000000000000000   0.000000000000000   0.000000000000000   0.000000000000000   0.000000000000000   0.000000000000000   0.000000000000000   0.000000000000000   0.000000000000000   0.000000000000000   0.000000000000000   0.000000000000000   
0.043794833542904   0.045092989467686   0.046391145392468   0.046220067755551   0.046232362414957   0.046244657074363   0.046440324030092   0.047231868452860   0.048023412875628   0.043501315004819   0.048182746509130   0.043618873811082   0.048235973307331   0.043794833542904   0.044570479350041   0.045346125157178   0.045733948060747   0.046121770964315   0.046509593867884   0.046897416771452   0.047673062578589   0.048448708385726   0.048836531289295   0.049224354192863   0.049612177096432   0.050000000000000   
1.000000000000000   1.000000000000000   1.000000000000000   0.996055955386194   0.996055955386194   0.996055955386194   1.000000000000000   1.000000000000000   1.000000000000000   0.904060012429897   1.000000000000000   0.904060012429897   1.000000000000000   1.000000000000000   1.000000000000000   1.000000000000000   1.000000000000000   1.000000000000000   1.000000000000000   1.000000000000000   1.000000000000000   1.000000000000000   1.000000000000000   1.000000000000000   1.000000000000000   1.000000000000000   
PATCH 32 
2 1 
13 2 
0.000000000000000   0.000000000000000   0.000000000000000   0.250000000000000   0.250000000000000   0.375000000000000   0.375000000000000   0.500000000000000   0.500000000000000   0.750000000000000   0.750000000000000   0.875000000000000   0.875000000000000   1.000000000000000   1.000000000000000   1.000000000000000   
0.000000000000000   0.000000000000000   1.000000000000000   1.000000000000000   
0.000000000000000   0.001373485053108   0.002696132431302   0.003357456120400   0.004006070390769   0.004654684661138   0.005290589512779   0.006562399216060   0.007783371244429   0.008393857258613   0.008991633854069   0.009589410449525   0.010174477626253   0.012572934088743   0.012760792782807   0.012948651476870   0.012942386146589   0.012943710411517   0.012945034676445   0.012953948536582   0.013341013043932   0.013728077551281   0.011845542211279   0.013867661218873   0.012040866377086   0.014064514442695   
0.014550000000000   0.014280725802836   0.013886781324033   0.013689809084631   0.013461669274819   0.013233529465008   0.012974222084786   0.012455607324344   0.011812322282262   0.011490679761221   0.011137869669770   0.010785059578319   0.010401081916458   0.019487569624111   0.018924532969026   0.018361496313942   0.018345745610390   0.018341013778284   0.018336281946178   0.018342568985517   0.016641444079318   0.014940319173119   0.012767895400192   0.014792527130208   0.012711552180036   0.014843270567979   
1.000000000000000   0.981493182325493   0.972239773488240   0.967613069069613   0.965299716860300   0.962986364650987   0.962986364650987   0.962986364650987   0.972239773488240   0.976866477906867   0.983806534534806   0.990746591162747   1.000000000000000   1.000000000000000   1.000000000000000   1.000000000000000   0.999396037412217   0.999396037412217   0.999396037412217   1.000000000000000   1.000000000000000   1.000000000000000   0.861227001848632   1.000000000000000   0.861227001848632   1.000000000000000   
INTERFACE 1 
1 2 
5 1 
1 
INTERFACE 2 
1 3 
2 4 
1 
INTERFACE 3 
2 1 
13 2 
1 
INTERFACE 4 
2 2 
3 1 
1 
INTERFACE 5 
2 3 
4 2 
1 
INTERFACE 6 
3 2 
7 1 
-1 
INTERFACE 7 
3 3 
4 4 
-1 
INTERFACE 8 
3 4 
5 3 
1 
INTERFACE 9 
4 1 
9 2 
1 
INTERFACE 10 
4 3 
13 3 
1 
INTERFACE 11 
5 2 
6 1 
1 
INTERFACE 12 
6 2 
11 1 
1 
INTERFACE 13 
6 3 
7 3 
1 
INTERFACE 14 
7 2 
8 1 
1 
INTERFACE 15 
7 4 
9 4 
-1 
INTERFACE 16 
8 2 
15 1 
1 
INTERFACE 17 
8 3 
11 3 
1 
INTERFACE 18 
8 4 
10 4 
1 
INTERFACE 19 
9 1 
10 1 
1 
INTERFACE 20 
9 3 
12 3 
1 
INTERFACE 21 
10 2 
16 3 
1 
INTERFACE 22 
10 3 
14 4 
1 
INTERFACE 23 
11 2 
18 1 
1 
INTERFACE 24 
12 1 
14 1 
-1 
INTERFACE 25 
12 2 
13 1 
1 
INTERFACE 26 
14 2 
17 1 
-1 
INTERFACE 27 
15 2 
26 2 
1 
INTERFACE 28 
15 3 
18 3 
1 
INTERFACE 29 
15 4 
16 2 
1 
INTERFACE 30 
16 1 
17 3 
1 
INTERFACE 31 
16 4 
28 2 
1 
INTERFACE 32 
17 2 
32 2 
-1 
INTERFACE 33 
18 2 
29 2 
1 
INTERFACE 34 
19 2 
23 1 
1 
INTERFACE 35 
19 3 
20 4 
1 
INTERFACE 36 
20 1 
31 2 
1 
INTERFACE 37 
20 2 
21 1 
1 
INTERFACE 38 
20 3 
22 2 
1 
INTERFACE 39 
21 2 
25 1 
-1 
INTERFACE 40 
21 3 
22 4 
-1 
INTERFACE 41 
21 4 
23 3 
1 
INTERFACE 42 
22 1 
27 2 
1 
INTERFACE 43 
22 3 
31 3 
1 
INTERFACE 44 
23 2 
24 1 
1 
INTERFACE 45 
24 2 
29 1 
1 
INTERFACE 46 
24 3 
25 3 
1 
INTERFACE 47 
25 2 
26 1 
1 
INTERFACE 48 
25 4 
27 4 
-1 
INTERFACE 49 
26 3 
29 3 
1 
INTERFACE 50 
26 4 
28 4 
1 
INTERFACE 51 
27 1 
28 1 
1 
INTERFACE 52 
27 3 
30 3 
1 
INTERFACE 53 
28 3 
32 4 
1 
INTERFACE 54 
30 1 
32 1 
-1 
INTERFACE 55 
30 2 
31 1 
1 
BOUNDARY 1 
1 
1 1 
BOUNDARY 2 
1 
1 4 
BOUNDARY 3 
1 
5 4 
BOUNDARY 4 
1 
6 4 
BOUNDARY 5 
1 
11 4 
BOUNDARY 6 
1 
12 4 
BOUNDARY 7 
1 
13 4 
BOUNDARY 8 
1 
14 3 
BOUNDARY 9 
1 
17 4 
BOUNDARY 10 
1 
18 4 
BOUNDARY 11 
1 
19 1 
BOUNDARY 12 
1 
19 4 
BOUNDARY 13 
1 
23 4 
BOUNDARY 14 
1 
24 4 
BOUNDARY 15 
1 
29 4 
BOUNDARY 16 
1 
30 4 
BOUNDARY 17 
1 
31 4 
BOUNDARY 18 
1 
32 3 
