# nurbs mesh v.2.1
#
# 14-Jul-2024
#
2 2 32 55 0 
PATCH 1 
2 1 
4 2 
0.000000000000000   0.000000000000000   0.000000000000000   0.500000000000000   1.000000000000000   1.000000000000000   1.000000000000000   
0.000000000000000   0.000000000000000   1.000000000000000   1.000000000000000   
0.050000000000000   0.049904867452294   0.049525061277599   0.049240387650610   0.050500000000000   0.050403916126817   0.050020311890375   0.049732791527117   
0.000000000000000   0.002178893568691   0.006520098010365   0.008682408883347   0.000000000000000   0.002200682504378   0.006585298990468   0.008769232972180   
1.000000000000000   0.998097349045873   0.998097349045873   1.000000000000000   1.000000000000000   0.998097349045873   0.998097349045873   1.000000000000000   
PATCH 2 
2 1 
4 2 
0.000000000000000   0.000000000000000   0.000000000000000   0.500000000000000   1.000000000000000   1.000000000000000   1.000000000000000   
0.000000000000000   0.000000000000000   1.000000000000000   1.000000000000000   
0.048240435639610   0.048108969639363   0.047846037638870   0.047714571638623   0.050000000000000   0.049904867452294   0.049525061277599   0.049240387650610   
0.003680293267821   0.004724171915709   0.006811929211487   0.007855807859375   0.000000000000000   0.002178893568691   0.006520098010365   0.008682408883347   
1.000000000000000   1.000000000000000   1.000000000000000   1.000000000000000   1.000000000000000   0.998097349045873   0.998097349045873   1.000000000000000   
PATCH 3 
2 1 
13 2 
0.000000000000000   0.000000000000000   0.000000000000000   0.125000000000000   0.125000000000000   0.250000000000000   0.250000000000000   0.500000000000000   0.500000000000000   0.625000000000000   0.625000000000000   0.750000000000000   0.750000000000000   1.000000000000000   1.000000000000000   1.000000000000000   
0.000000000000000   0.000000000000000   1.000000000000000   1.000000000000000   
0.047714571638623   0.044057902193724   0.047638521070789   0.043936591913798   0.047490495901757   0.046611082990718   0.045731670079679   0.045093607369829   0.045070691124896   0.045047774879962   0.045640005099947   0.045338685030334   0.045037364960722   0.049240387650610   0.049122375608591   0.048180133994208   0.048123461186619   0.047906221714188   0.047615461417186   0.047309745685555   0.047214954985524   0.047141480735961   0.047124629318115   0.047115569074988   0.046870974166750   0.046575403957614   
0.007855807859375   0.007331432869824   0.007989002785826   0.007425285910714   0.008029166533573   0.007915473326239   0.007801780118904   0.007693871303917   0.007696261474240   0.007698651644563   0.007811340800197   0.007916716282033   0.008022091763869   0.008682408883347   0.009214726804819   0.009582714243138   0.010118296903633   0.010619509360259   0.011650904992665   0.012676608150566   0.013205193028251   0.013741152932734   0.014295968857254   0.014856558151353   0.015911094846349   0.016952060689496   
1.000000000000000   0.923564503364466   1.000000000000000   0.923564503364466   1.000000000000000   1.000000000000000   1.000000000000000   0.986547346205697   0.986547346205697   0.986547346205697   1.000000000000000   1.000000000000000   1.000000000000000   1.000000000000000   0.999524337261468   0.999167590207569   0.998810843153671   0.998573011784405   0.998097349045873   0.998097349045873   0.998097349045873   0.998216264730506   0.998335180415139   0.998573011784404   0.999048674522936   1.000000000000000   
PATCH 4 
2 2 
13 4 
0.000000000000000   0.000000000000000   0.000000000000000   0.250000000000000   0.250000000000000   0.375000000000000   0.375000000000000   0.500000000000000   0.500000000000000   0.750000000000000   0.750000000000000   0.875000000000000   0.875000000000000   1.000000000000000   1.000000000000000   1.000000000000000   
0.000000000000000   0.000000000000000   0.000000000000000   0.500000000000000   1.000000000000000   1.000000000000000   1.000000000000000   
0.043804861216361   0.045081221370249   0.046357581524136   0.046187055886565   0.046199297160111   0.046211538433657   0.046406546618319   0.047215746519572   0.048024946420825   0.043426104395396   0.048186217017398   0.043545495211573   0.048240435639610   0.044112987152452   0.045145587285270   0.046178187418089   0.045902235634914   0.045917145651307   0.045932055667700   0.046237827483659   0.047064580637359   0.047891333791058   0.043553726274997   0.048049293030746   0.043673596957111   0.048108969639363   0.044729239024632   0.045274319115313   0.045819399205994   0.045332595131613   0.045352842633699   0.045373090135786   0.045900389214339   0.046762248872932   0.047624108531524   0.043808970034198   0.047775445057442   0.043929800448186   0.047846037638870   0.045037364960722   0.045338685030334   0.045640005099947   0.045047774879962   0.045070691124896   0.045093607369829   0.045731670079679   0.046611082990718   0.047490495901757   0.043936591913798   0.047638521070789   0.044057902193724   0.047714571638623   
0.004497760414904   0.004051400946099   0.003605041477293   0.003586728915831   0.003584108222153   0.003581487528474   0.003594558702579   0.003525295022499   0.003456031342420   0.003111558300743   0.003516730154337   0.003235809594900   0.003680293267821   0.005378843252146   0.005017729780082   0.004656616308019   0.004614709598014   0.004612146535175   0.004609583472335   0.004646364056660   0.004622839598434   0.004599315140209   0.004189990203236   0.004634798312209   0.004259715413631   0.004724171915709   0.007141008926628   0.006950387448050   0.006759765969471   0.006670670962380   0.006668223161218   0.006665775360056   0.006749974764823   0.006817928750304   0.006885882735785   0.006346854008221   0.006870934627954   0.006307527051093   0.006811929211487   0.008022091763869   0.007916716282033   0.007811340800197   0.007698651644563   0.007696261474240   0.007693871303917   0.007801780118904   0.007915473326239   0.008029166533573   0.007425285910714   0.007989002785826   0.007331432869824   0.007855807859375   
1.000000000000000   1.000000000000000   1.000000000000000   0.996066608093560   0.996066608093560   0.996066608093560   1.000000000000000   1.000000000000000   1.000000000000000   0.902453076733201   1.000000000000000   0.902453076733201   1.000000000000000   1.000000000000000   1.000000000000000   1.000000000000000   0.993686792621594   0.993686792621594   0.993686792621594   1.000000000000000   1.000000000000000   1.000000000000000   0.907730933391017   1.000000000000000   0.907730933391017   1.000000000000000   1.000000000000000   1.000000000000000   1.000000000000000   0.988927161677663   0.988927161677663   0.988927161677663   1.000000000000000   1.000000000000000   1.000000000000000   0.918286646706650   1.000000000000000   0.918286646706650   1.000000000000000   1.000000000000000   1.000000000000000   1.000000000000000   0.986547346205697   0.986547346205697   0.986547346205697   1.000000000000000   1.000000000000000   1.000000000000000   0.923564503364466   1.000000000000000   0.923564503364466   1.000000000000000   
PATCH 5 
2 1 
13 2 
0.000000000000000   0.000000000000000   0.000000000000000   0.125000000000000   0.125000000000000   0.250000000000000   0.250000000000000   0.500000000000000   0.500000000000000   0.625000000000000   0.625000000000000   0.750000000000000   0.750000000000000   1.000000000000000   1.000000000000000   1.000000000000000   
0.000000000000000   0.000000000000000   1.000000000000000   1.000000000000000   
0.049240387650610   0.049122375608591   0.048180133994208   0.048123461186619   0.047906221714188   0.047615461417186   0.047309745685555   0.047214954985524   0.047141480735961   0.047124629318115   0.047115569074988   0.046870974166750   0.046575403957614   0.049732791527117   0.049613599364677   0.049488606583825   0.049363613802972   0.049232820403708   0.048971233605179   0.048686444333000   0.048544049696911   0.048395854442409   0.048247659187908   0.048093663314994   0.047785671569166   0.047454477349688   
0.008682408883347   0.009214726804819   0.009582714243138   0.010118296903633   0.010619509360259   0.011650904992665   0.012676608150566   0.013205193028251   0.013741152932734   0.014295968857254   0.014856558151353   0.015911094846349   0.016952060689496   0.008769232972180   0.009306874072867   0.009842960902535   0.010379047732203   0.010913580290852   0.011982645408149   0.013045493441370   0.013576917457981   0.014106787203572   0.014636656949163   0.015164972423735   0.016221603372879   0.017272017237946   
1.000000000000000   0.999524337261468   0.999167590207569   0.998810843153671   0.998573011784405   0.998097349045873   0.998097349045873   0.998097349045873   0.998216264730506   0.998335180415139   0.998573011784404   0.999048674522936   1.000000000000000   1.000000000000000   0.999524337261468   0.999167590207569   0.998810843153671   0.998573011784405   0.998097349045873   0.998097349045873   0.998097349045873   0.998216264730506   0.998335180415139   0.998573011784404   0.999048674522936   1.000000000000000   
PATCH 6 
2 1 
6 2 
0.000000000000000   0.000000000000000   0.000000000000000   0.250000000000000   0.500000000000000   0.750000000000000   1.000000000000000   1.000000000000000   1.000000000000000   
0.000000000000000   0.000000000000000   1.000000000000000   1.000000000000000   
0.046575403957614   0.046375993412534   0.045473794608379   0.044454515966676   0.043621364964020   0.043259427826182   0.047454477349688   0.047032993823604   0.046146485990198   0.045216437375554   0.044242847979673   0.043734282891114   
0.016952060689496   0.018034082853919   0.020008384622657   0.021923115365356   0.023932089896659   0.024975842300435   0.017272017237946   0.018289568482936   0.020304367573183   0.022298863263696   0.024273055554476   0.025250000000000   
1.000000000000000   0.999048674522936   0.998097349045873   0.998097349045873   0.999048674522936   1.000000000000000   1.000000000000000   0.999048674522936   0.998097349045873   0.998097349045873   0.999048674522936   1.000000000000000   
PATCH 7 
2 1 
6 2 
0.000000000000000   0.000000000000000   0.000000000000000   0.250000000000000   0.500000000000000   0.750000000000000   1.000000000000000   1.000000000000000   1.000000000000000   
0.000000000000000   0.000000000000000   1.000000000000000   1.000000000000000   
0.046575403957614   0.046375993412534   0.045473794608379   0.044454515966676   0.043621364964020   0.043259427826182   0.045037364960722   0.042031347182977   0.036019311627487   0.030007276071996   0.023995240516506   0.020989222738761   
0.016952060689496   0.018034082853919   0.020008384622657   0.021923115365356   0.023932089896659   0.024975842300435   0.008022091763869   0.009073334623816   0.011175820343709   0.013278306063602   0.015380791783496   0.016432034643442   
1.000000000000000   0.999048674522936   0.998097349045873   0.998097349045873   0.999048674522936   1.000000000000000   1.000000000000000   1.000000000000000   1.000000000000000   1.000000000000000   1.000000000000000   1.000000000000000   
PATCH 8 
2 1 
13 2 
0.000000000000000   0.000000000000000   0.000000000000000   0.250000000000000   0.250000000000000   0.375000000000000   0.375000000000000   0.500000000000000   0.500000000000000   0.750000000000000   0.750000000000000   0.875000000000000   0.875000000000000   1.000000000000000   1.000000000000000   1.000000000000000   
0.000000000000000   0.000000000000000   1.000000000000000   1.000000000000000   
0.043259427826182   0.042399488106680   0.041508874479646   0.041008398224930   0.040523831010092   0.039970605685393   0.039577672054115   0.038202887033740   0.036884054260723   0.036390425288057   0.035829310817753   0.035366399260601   0.034861167902072   0.020989222738761   0.020413096933617   0.019836971128473   0.019819647143233   0.019814985484489   0.019810323825745   0.019818324493498   0.019132884203608   0.018447443913718   0.016725245147712   0.016668722705429   0.016612200263146   0.018221354144588   
0.024975842300435   0.026283101116696   0.027566820651569   0.028171275489819   0.028784327101960   0.029345888783800   0.030024575811648   0.030917110098698   0.031815877546096   0.032398384730661   0.032919680893444   0.033529921312541   0.034102436947373   0.016432034643442   0.016633513205403   0.016834991767364   0.016825983350118   0.016827881997053   0.016829780643988   0.016842586355103   0.017162879226748   0.017483172098392   0.015924566791507   0.015914623634553   0.015904680477598   0.017443399470573   
1.000000000000000   0.998036962459744   0.997055443689617   0.996564684304553   0.996319304612021   0.996073924919489   0.996073924919489   0.996073924919489   0.997055443689617   0.997546203074681   0.998282342152276   0.999018481229872   1.000000000000000   1.000000000000000   1.000000000000000   1.000000000000000   0.999366200237181   0.999366200237181   0.999366200237181   1.000000000000000   1.000000000000000   1.000000000000000   0.909461449595059   0.909461449595059   0.909461449595059   1.000000000000000   
PATCH 9 
2 2 
6 4 
0.000000000000000   0.000000000000000   0.000000000000000   0.250000000000000   0.500000000000000   0.750000000000000   1.000000000000000   1.000000000000000   1.000000000000000   
0.000000000000000   0.000000000000000   0.000000000000000   0.500000000000000   1.000000000000000   1.000000000000000   1.000000000000000   
0.019756718994400   0.022762736772145   0.028774772327636   0.034786807883126   0.040798843438616   0.043804861216361   0.020064844930490   0.023070862708236   0.029082898263726   0.035094933819216   0.041106969374706   0.044112987152452   0.020681096802671   0.023687114580416   0.029699150135906   0.035711185691397   0.041723221246887   0.044729239024632   0.020989222738761   0.023995240516506   0.030007276071996   0.036019311627487   0.042031347182977   0.045037364960722   
0.012907703294477   0.011856460434530   0.009753974714637   0.007651488994744   0.005549003274851   0.004497760414904   0.013788786131718   0.012737543271772   0.010635057551879   0.008532571831985   0.006430086112092   0.005378843252146   0.015550951806201   0.014499708946254   0.012397223226361   0.010294737506468   0.008192251786575   0.007141008926628   0.016432034643442   0.015380791783496   0.013278306063602   0.011175820343709   0.009073334623816   0.008022091763869   
1.000000000000000   1.000000000000000   1.000000000000000   1.000000000000000   1.000000000000000   1.000000000000000   1.000000000000000   1.000000000000000   1.000000000000000   1.000000000000000   1.000000000000000   1.000000000000000   1.000000000000000   1.000000000000000   1.000000000000000   1.000000000000000   1.000000000000000   1.000000000000000   1.000000000000000   1.000000000000000   1.000000000000000   1.000000000000000   1.000000000000000   1.000000000000000   
PATCH 10 
2 2 
13 4 
0.000000000000000   0.000000000000000   0.000000000000000   0.250000000000000   0.250000000000000   0.375000000000000   0.375000000000000   0.500000000000000   0.500000000000000   0.750000000000000   0.750000000000000   0.875000000000000   0.875000000000000   1.000000000000000   1.000000000000000   1.000000000000000   
0.000000000000000   0.000000000000000   0.000000000000000   0.500000000000000   1.000000000000000   1.000000000000000   1.000000000000000   
0.019756718994400   0.019201089654819   0.018645460315238   0.018618915034416   0.018612556429855   0.018606197825293   0.018620025896992   0.016921700983439   0.015223376069885   0.012972820206389   0.015072344475635   0.012914110862781   0.015122542073319   0.020064844930490   0.019504091474519   0.018943338018547   0.018919098061620   0.018913163693513   0.018907229325406   0.018919600546119   0.017474496788481   0.016029393030843   0.013910926441720   0.015471439033084   0.013838633212873   0.015897245091136   0.020681096802671   0.020110095113918   0.019539093425164   0.019519464116029   0.019514378220830   0.019509292325632   0.019518749844371   0.018580088398566   0.017641426952760   0.015787138912381   0.016269628147981   0.015687677913055   0.017446651126771   0.020989222738761   0.020413096933617   0.019836971128473   0.019819647143233   0.019814985484489   0.019810323825745   0.019818324493498   0.019132884203608   0.018447443913718   0.016725245147712   0.016668722705429   0.016612200263146   0.018221354144588   
0.012907703294477   0.013102013980307   0.013296324666137   0.013284014638997   0.013285777087955   0.013287539536913   0.013303374461969   0.013655351068705   0.014007327675441   0.012049672365443   0.014145875760314   0.012246037655799   0.014344587399305   0.013788786131718   0.013984888786581   0.014180991441444   0.014169506816777   0.014171303315230   0.014173099813682   0.014188177435253   0.014532233108216   0.014876288781179   0.013018395971959   0.014588062728874   0.013160698361249   0.015119290417122   0.015550951806201   0.015750638399129   0.015950324992057   0.015940491172338   0.015942355769778   0.015944220367219   0.015957783381820   0.016285997187237   0.016614210992654   0.014955843184991   0.015472436665993   0.014990019772148   0.016668696452756   0.016432034643442   0.016633513205403   0.016834991767364   0.016825983350118   0.016827881997053   0.016829780643988   0.016842586355103   0.017162879226748   0.017483172098392   0.015924566791507   0.015914623634553   0.015904680477598   0.017443399470573   
1.000000000000000   1.000000000000000   1.000000000000000   0.998910360728787   0.998910360728787   0.998910360728787   1.000000000000000   1.000000000000000   1.000000000000000   0.858755952367509   1.000000000000000   0.858755952367509   1.000000000000000   1.000000000000000   1.000000000000000   1.000000000000000   0.999024320605885   0.999024320605885   0.999024320605885   1.000000000000000   1.000000000000000   1.000000000000000   0.871432326674397   0.977365362398765   0.871432326674397   1.000000000000000   1.000000000000000   1.000000000000000   1.000000000000000   0.999252240360082   0.999252240360082   0.999252240360082   1.000000000000000   1.000000000000000   1.000000000000000   0.896785075288172   0.932096087196295   0.896785075288172   1.000000000000000   1.000000000000000   1.000000000000000   1.000000000000000   0.999366200237181   0.999366200237181   0.999366200237181   1.000000000000000   1.000000000000000   1.000000000000000   0.909461449595059   0.909461449595059   0.909461449595059   1.000000000000000   
PATCH 11 
2 1 
13 2 
0.000000000000000   0.000000000000000   0.000000000000000   0.250000000000000   0.250000000000000   0.375000000000000   0.375000000000000   0.500000000000000   0.500000000000000   0.750000000000000   0.750000000000000   0.875000000000000   0.875000000000000   1.000000000000000   1.000000000000000   1.000000000000000   
0.000000000000000   0.000000000000000   1.000000000000000   1.000000000000000   
0.043259427826182   0.042399488106680   0.041508874479646   0.041008398224930   0.040523831010092   0.039970605685393   0.039577672054115   0.038202887033740   0.036884054260723   0.036390425288057   0.035829310817753   0.035366399260601   0.034861167902072   0.043734282891114   0.043142506727484   0.042531053738569   0.042225327244111   0.041914681543332   0.041604035842553   0.041288470935453   0.040657341121252   0.040006534481766   0.039681131162023   0.039350808635958   0.039020486109894   0.038685244377508   
0.024975842300435   0.026283101116696   0.027566820651569   0.028171275489819   0.028784327101960   0.029345888783800   0.030024575811648   0.030917110098698   0.031815877546096   0.032398384730661   0.032919680893444   0.033529921312541   0.034102436947373   0.025250000000000   0.026178902508932   0.027094027156471   0.027551589480241   0.028005707338662   0.028459825197083   0.028910498590156   0.029811845376303   0.030699414301056   0.031143198763433   0.031583538760461   0.032023878757490   0.032460774289170   
1.000000000000000   0.998036962459744   0.997055443689617   0.996564684304553   0.996319304612021   0.996073924919489   0.996073924919489   0.996073924919489   0.997055443689617   0.997546203074681   0.998282342152276   0.999018481229872   1.000000000000000   1.000000000000000   0.999048674522937   0.998573011784405   0.998335180415139   0.998216264730506   0.998097349045873   0.998097349045873   0.998097349045873   0.998573011784405   0.998810843153671   0.999167590207569   0.999524337261468   1.000000000000000   
PATCH 12 
2 1 
6 2 
0.000000000000000   0.000000000000000   0.000000000000000   0.250000000000000   0.500000000000000   0.750000000000000   1.000000000000000   1.000000000000000   1.000000000000000   
0.000000000000000   0.000000000000000   1.000000000000000   1.000000000000000   
0.019756718994400   0.022762736772145   0.028774772327636   0.034786807883126   0.040798843438616   0.043804861216361   0.014550000000000   0.018206857652045   0.025520572956136   0.032834288260226   0.040148003564316   0.043804861216361   
0.012907703294477   0.011856460434530   0.009753974714637   0.007651488994744   0.005549003274851   0.004497760414904   0.000000000000000   0.000000000000000   0.000000000000000   0.000000000000000   0.000000000000000   0.000000000000000   
1.000000000000000   1.000000000000000   1.000000000000000   1.000000000000000   1.000000000000000   1.000000000000000   1.000000000000000   1.000000000000000   1.000000000000000   1.000000000000000   1.000000000000000   1.000000000000000   
PATCH 13 
2 1 
13 2 
0.000000000000000   0.000000000000000   0.000000000000000   0.250000000000000   0.250000000000000   0.375000000000000   0.375000000000000   0.500000000000000   0.500000000000000   0.750000000000000   0.750000000000000   0.875000000000000   0.875000000000000   1.000000000000000   1.000000000000000   1.000000000000000   
0.000000000000000   0.000000000000000   1.000000000000000   1.000000000000000   
0.043804861216361   0.045081221370249   0.046357581524136   0.046187055886565   0.046199297160111   0.046211538433657   0.046406546618319   0.047215746519572   0.048024946420825   0.043426104395396   0.048186217017398   0.043545495211573   0.048240435639610   0.043804861216361   0.044579253564316   0.045353645912271   0.045740842086249   0.046128038260226   0.046515234434203   0.046902430608181   0.047676822956136   0.048451215304090   0.048838411478068   0.049225607652045   0.049612803826023   0.050000000000000   
0.004497760414904   0.004051400946099   0.003605041477293   0.003586728915831   0.003584108222153   0.003581487528474   0.003594558702579   0.003525295022499   0.003456031342420   0.003111558300743   0.003516730154337   0.003235809594900   0.003680293267821   0.000000000000000   0.000000000000000   0.000000000000000   0.000000000000000   0.000000000000000   0.000000000000000   0.000000000000000   0.000000000000000   0.000000000000000   0.000000000000000   0.000000000000000   0.000000000000000   0.000000000000000   
1.000000000000000   1.000000000000000   1.000000000000000   0.996066608093560   0.996066608093560   0.996066608093560   1.000000000000000   1.000000000000000   1.000000000000000   0.902453076733201   1.000000000000000   0.902453076733201   1.000000000000000   1.000000000000000   1.000000000000000   1.000000000000000   1.000000000000000   1.000000000000000   1.000000000000000   1.000000000000000   1.000000000000000   1.000000000000000   1.000000000000000   1.000000000000000   1.000000000000000   1.000000000000000   
PATCH 14 
2 1 
13 2 
0.000000000000000   0.000000000000000   0.000000000000000   0.250000000000000   0.250000000000000   0.375000000000000   0.375000000000000   0.500000000000000   0.500000000000000   0.750000000000000   0.750000000000000   0.875000000000000   0.875000000000000   1.000000000000000   1.000000000000000   1.000000000000000   
0.000000000000000   0.000000000000000   1.000000000000000   1.000000000000000   
0.014550000000000   0.014280718020025   0.013886762443155   0.013689784654719   0.013461638467060   0.013233492279401   0.012974177692517   0.012455548518751   0.011812245748088   0.011490594362757   0.011137774578201   0.010784954793646   0.010400966609866   0.019756718994400   0.019201089654819   0.018645460315238   0.018618915034416   0.018612556429855   0.018606197825293   0.018620025896992   0.016921700983439   0.015223376069885   0.012972820206389   0.015072344475635   0.012914110862781   0.015122542073319   
0.000000000000000   0.001373504138900   0.002696168427075   0.003357500571163   0.004006122752569   0.004654744933975   0.005290657152700   0.006562481590150   0.007783466176875   0.008393958470237   0.008991740800918   0.009589523131599   0.010174595499598   0.012907703294477   0.013102013980307   0.013296324666137   0.013284014638997   0.013285777087955   0.013287539536913   0.013303374461969   0.013655351068705   0.014007327675441   0.012049672365443   0.014145875760314   0.012246037655799   0.014344587399305   
1.000000000000000   0.981492647424424   0.972238971136636   0.967612132992742   0.965298713920795   0.962985294848848   0.962985294848848   0.962985294848848   0.972238971136636   0.976865809280530   0.983806066496371   0.990746323712212   1.000000000000000   1.000000000000000   1.000000000000000   1.000000000000000   0.998910360728787   0.998910360728787   0.998910360728787   1.000000000000000   1.000000000000000   1.000000000000000   0.858755952367509   1.000000000000000   0.858755952367509   1.000000000000000   
PATCH 15 
2 1 
4 2 
0.000000000000000   0.000000000000000   0.000000000000000   0.500000000000000   1.000000000000000   1.000000000000000   1.000000000000000   
0.000000000000000   0.000000000000000   1.000000000000000   1.000000000000000   
0.034861167902072   0.034692134786745   0.034312554763135   0.034102436947373   0.018221354144588   0.018026865476084   0.017637888139077   0.017443399470573   
0.034102436947373   0.034312554763135   0.034692134786745   0.034861167902072   0.017443399470573   0.017637888139077   0.018026865476084   0.018221354144588   
1.000000000000000   0.999969742073107   0.999969742073107   1.000000000000000   1.000000000000000   1.000000000000000   1.000000000000000   1.000000000000000   
PATCH 16 
2 2 
4 4 
0.000000000000000   0.000000000000000   0.000000000000000   0.500000000000000   1.000000000000000   1.000000000000000   1.000000000000000   
0.000000000000000   0.000000000000000   0.000000000000000   0.500000000000000   1.000000000000000   1.000000000000000   1.000000000000000   
0.015122542073319   0.015897245091136   0.017446651126771   0.018221354144588   0.014928053404816   0.015702756422633   0.017252162458267   0.018026865476084   0.014539076067809   0.015313779085626   0.016863185121260   0.017637888139077   0.014344587399305   0.015119290417122   0.016668696452756   0.017443399470573   
0.014344587399305   0.015119290417122   0.016668696452756   0.017443399470573   0.014539076067809   0.015313779085626   0.016863185121260   0.017637888139077   0.014928053404816   0.015702756422633   0.017252162458267   0.018026865476084   0.015122542073319   0.015897245091136   0.017446651126771   0.018221354144588   
1.000000000000000   1.000000000000000   1.000000000000000   1.000000000000000   1.000000000000000   1.000000000000000   1.000000000000000   1.000000000000000   1.000000000000000   1.000000000000000   1.000000000000000   1.000000000000000   1.000000000000000   1.000000000000000   1.000000000000000   1.000000000000000   
PATCH 17 
2 1 
4 2 
0.000000000000000   0.000000000000000   0.000000000000000   0.500000000000000   1.000000000000000   1.000000000000000   1.000000000000000   
0.000000000000000   0.000000000000000   1.000000000000000   1.000000000000000   
0.015122542073319   0.014928053404816   0.014539076067809   0.014344587399305   0.010400966609866   0.010344685138065   0.010231499582931   0.010174595499598   
0.014344587399305   0.014539076067809   0.014928053404816   0.015122542073319   0.010174595499598   0.010231499582931   0.010344685138065   0.010400966609866   
1.000000000000000   1.000000000000000   1.000000000000000   1.000000000000000   1.000000000000000   0.999969742073107   0.999969742073107   1.000000000000000   
PATCH 18 
2 1 
4 2 
0.000000000000000   0.000000000000000   0.000000000000000   0.500000000000000   1.000000000000000   1.000000000000000   1.000000000000000   
0.000000000000000   0.000000000000000   1.000000000000000   1.000000000000000   
0.034861167902072   0.034692134786745   0.034312554763135   0.034102436947373   0.038685244377508   0.037197068413715   0.034084833369545   0.032460774289170   
0.034102436947373   0.034312554763135   0.034692134786745   0.034861167902072   0.032460774289170   0.034084833369545   0.037197068413715   0.038685244377508   
1.000000000000000   0.999969742073107   0.999969742073107   1.000000000000000   1.000000000000000   0.998097349045873   0.998097349045873   1.000000000000000   
PATCH 19 
2 1 
4 2 
0.000000000000000   0.000000000000000   0.000000000000000   0.500000000000000   1.000000000000000   1.000000000000000   1.000000000000000   
0.000000000000000   0.000000000000000   1.000000000000000   1.000000000000000   
0.000000000000000   0.002178893568691   0.006520098010365   0.008682408883347   0.000000000000000   0.002200682504378   0.006585298990468   0.008769232972180   
0.050000000000000   0.049904867452294   0.049525061277599   0.049240387650610   0.050500000000000   0.050403916126817   0.050020311890375   0.049732791527117   
1.000000000000000   0.998097349045873   0.998097349045873   1.000000000000000   1.000000000000000   0.998097349045873   0.998097349045873   1.000000000000000   
PATCH 20 
2 1 
4 2 
0.000000000000000   0.000000000000000   0.000000000000000   0.500000000000000   1.000000000000000   1.000000000000000   1.000000000000000   
0.000000000000000   0.000000000000000   1.000000000000000   1.000000000000000   
0.003680293267821   0.004724171915709   0.006811929211487   0.007855807859375   0.000000000000000   0.002178893568691   0.006520098010365   0.008682408883347   
0.048240435639610   0.048108969639363   0.047846037638870   0.047714571638623   0.050000000000000   0.049904867452294   0.049525061277599   0.049240387650610   
1.000000000000000   1.000000000000000   1.000000000000000   1.000000000000000   1.000000000000000   0.998097349045873   0.998097349045873   1.000000000000000   
PATCH 21 
2 1 
13 2 
0.000000000000000   0.000000000000000   0.000000000000000   0.125000000000000   0.125000000000000   0.250000000000000   0.250000000000000   0.500000000000000   0.500000000000000   0.625000000000000   0.625000000000000   0.750000000000000   0.750000000000000   1.000000000000000   1.000000000000000   1.000000000000000   
0.000000000000000   0.000000000000000   1.000000000000000   1.000000000000000   
0.007855807859375   0.007331432869824   0.007989002785826   0.007425285910714   0.008029166533573   0.007915473326239   0.007801780118904   0.007693871303917   0.007696261474240   0.007698651644563   0.007811340800197   0.007916716282033   0.008022091763869   0.008682408883347   0.009214726804819   0.009582714243138   0.010118296903633   0.010619509360259   0.011650904992665   0.012676608150566   0.013205193028251   0.013741152932734   0.014295968857254   0.014856558151353   0.015911094846349   0.016952060689496   
0.047714571638623   0.044057902193724   0.047638521070789   0.043936591913798   0.047490495901757   0.046611082990718   0.045731670079679   0.045093607369829   0.045070691124896   0.045047774879962   0.045640005099947   0.045338685030334   0.045037364960722   0.049240387650610   0.049122375608591   0.048180133994208   0.048123461186619   0.047906221714188   0.047615461417186   0.047309745685555   0.047214954985524   0.047141480735961   0.047124629318115   0.047115569074988   0.046870974166750   0.046575403957614   
1.000000000000000   0.923564503364466   1.000000000000000   0.923564503364466   1.000000000000000   1.000000000000000   1.000000000000000   0.986547346205697   0.986547346205697   0.986547346205697   1.000000000000000   1.000000000000000   1.000000000000000   1.000000000000000   0.999524337261468   0.999167590207569   0.998810843153671   0.998573011784405   0.998097349045873   0.998097349045873   0.998097349045873   0.998216264730506   0.998335180415139   0.998573011784404   0.999048674522936   1.000000000000000   
PATCH 22 
2 2 
13 4 
0.000000000000000   0.000000000000000   0.000000000000000   0.250000000000000   0.250000000000000   0.375000000000000   0.375000000000000   0.500000000000000   0.500000000000000   0.750000000000000   0.750000000000000   0.875000000000000   0.875000000000000   1.000000000000000   1.000000000000000   1.000000000000000   
0.000000000000000   0.000000000000000   0.000000000000000   0.500000000000000   1.000000000000000   1.000000000000000   1.000000000000000   
0.004497760414904   0.004051400946099   0.003605041477293   0.003586728915831   0.003584108222153   0.003581487528474   0.003594558702579   0.003525295022499   0.003456031342420   0.003111558300743   0.003516730154337   0.003235809594900   0.003680293267821   0.005378843252146   0.005017729780082   0.004656616308019   0.004614709598014   0.004612146535175   0.004609583472335   0.004646364056660   0.004622839598434   0.004599315140209   0.004189990203236   0.004634798312209   0.004259715413631   0.004724171915709   0.007141008926628   0.006950387448050   0.006759765969471   0.006670670962380   0.006668223161218   0.006665775360056   0.006749974764823   0.006817928750304   0.006885882735785   0.006346854008221   0.006870934627954   0.006307527051093   0.006811929211487   0.008022091763869   0.007916716282033   0.007811340800197   0.007698651644563   0.007696261474240   0.007693871303917   0.007801780118904   0.007915473326239   0.008029166533573   0.007425285910714   0.007989002785826   0.007331432869824   0.007855807859375   
0.043804861216361   0.045081221370249   0.046357581524136   0.046187055886565   0.046199297160111   0.046211538433657   0.046406546618319   0.047215746519572   0.048024946420825   0.043426104395396   0.048186217017398   0.043545495211573   0.048240435639610   0.044112987152452   0.045145587285270   0.046178187418089   0.045902235634914   0.045917145651307   0.045932055667700   0.046237827483659   0.047064580637359   0.047891333791058   0.043553726274997   0.048049293030746   0.043673596957111   0.048108969639363   0.044729239024632   0.045274319115313   0.045819399205994   0.045332595131613   0.045352842633699   0.045373090135786   0.045900389214339   0.046762248872932   0.047624108531524   0.043808970034198   0.047775445057442   0.043929800448186   0.047846037638870   0.045037364960722   0.045338685030334   0.045640005099947   0.045047774879962   0.045070691124896   0.045093607369829   0.045731670079679   0.046611082990718   0.047490495901757   0.043936591913798   0.047638521070789   0.044057902193724   0.047714571638623   
1.000000000000000   1.000000000000000   1.000000000000000   0.996066608093560   0.996066608093560   0.996066608093560   1.000000000000000   1.000000000000000   1.000000000000000   0.902453076733201   1.000000000000000   0.902453076733201   1.000000000000000   1.000000000000000   1.000000000000000   1.000000000000000   0.993686792621594   0.993686792621594   0.993686792621594   1.000000000000000   1.000000000000000   1.000000000000000   0.907730933391017   1.000000000000000   0.907730933391017   1.000000000000000   1.000000000000000   1.000000000000000   1.000000000000000   0.988927161677663   0.988927161677663   0.988927161677663   1.000000000000000   1.000000000000000   1.000000000000000   0.918286646706650   1.000000000000000   0.918286646706650   1.000000000000000   1.000000000000000   1.000000000000000   1.000000000000000   0.986547346205697   0.986547346205697   0.986547346205697   1.000000000000000   1.000000000000000   1.000000000000000   0.923564503364466   1.000000000000000   0.923564503364466   1.000000000000000   
PATCH 23 
2 1 
13 2 
0.000000000000000   0.000000000000000   0.000000000000000   0.125000000000000   0.125000000000000   0.250000000000000   0.250000000000000   0.500000000000000   0.500000000000000   0.625000000000000   0.625000000000000   0.750000000000000   0.750000000000000   1.000000000000000   1.000000000000000   1.000000000000000   
0.000000000000000   0.000000000000000   1.000000000000000   1.000000000000000   
0.008682408883347   0.009214726804819   0.009582714243138   0.010118296903633   0.010619509360259   0.011650904992665   0.012676608150566   0.013205193028251   0.013741152932734   0.014295968857254   0.014856558151353   0.015911094846349   0.016952060689496   0.008769232972180   0.009306874072867   0.009842960902535   0.010379047732203   0.010913580290852   0.011982645408149   0.013045493441370   0.013576917457981   0.014106787203572   0.014636656949163   0.015164972423735   0.016221603372879   0.017272017237946   
0.049240387650610   0.049122375608591   0.048180133994208   0.048123461186619   0.047906221714188   0.047615461417186   0.047309745685555   0.047214954985524   0.047141480735961   0.047124629318115   0.047115569074988   0.046870974166750   0.046575403957614   0.049732791527117   0.049613599364677   0.049488606583825   0.049363613802972   0.049232820403708   0.048971233605179   0.048686444333000   0.048544049696911   0.048395854442409   0.048247659187908   0.048093663314994   0.047785671569166   0.047454477349688   
1.000000000000000   0.999524337261468   0.999167590207569   0.998810843153671   0.998573011784405   0.998097349045873   0.998097349045873   0.998097349045873   0.998216264730506   0.998335180415139   0.998573011784404   0.999048674522936   1.000000000000000   1.000000000000000   0.999524337261468   0.999167590207569   0.998810843153671   0.998573011784405   0.998097349045873   0.998097349045873   0.998097349045873   0.998216264730506   0.998335180415139   0.998573011784404   0.999048674522936   1.000000000000000   
PATCH 24 
2 1 
6 2 
0.000000000000000   0.000000000000000   0.000000000000000   0.250000000000000   0.500000000000000   0.750000000000000   1.000000000000000   1.000000000000000   1.000000000000000   
0.000000000000000   0.000000000000000   1.000000000000000   1.000000000000000   
0.016952060689496   0.018034082853919   0.020008384622657   0.021923115365356   0.023932089896659   0.024975842300435   0.017272017237946   0.018289568482936   0.020304367573183   0.022298863263696   0.024273055554476   0.025250000000000   
0.046575403957614   0.046375993412534   0.045473794608379   0.044454515966676   0.043621364964020   0.043259427826182   0.047454477349688   0.047032993823604   0.046146485990198   0.045216437375554   0.044242847979673   0.043734282891114   
1.000000000000000   0.999048674522936   0.998097349045873   0.998097349045873   0.999048674522936   1.000000000000000   1.000000000000000   0.999048674522936   0.998097349045873   0.998097349045873   0.999048674522936   1.000000000000000   
PATCH 25 
2 1 
6 2 
0.000000000000000   0.000000000000000   0.000000000000000   0.250000000000000   0.500000000000000   0.750000000000000   1.000000000000000   1.000000000000000   1.000000000000000   
0.000000000000000   0.000000000000000   1.000000000000000   1.000000000000000   
0.016952060689496   0.018034082853919   0.020008384622657   0.021923115365356   0.023932089896659   0.024975842300435   0.008022091763869   0.009073334623816   0.011175820343709   0.013278306063602   0.015380791783496   0.016432034643442   
0.046575403957614   0.046375993412534   0.045473794608379   0.044454515966676   0.043621364964020   0.043259427826182   0.045037364960722   0.042031347182977   0.036019311627487   0.030007276071996   0.023995240516506   0.020989222738761   
1.000000000000000   0.999048674522936   0.998097349045873   0.998097349045873   0.999048674522936   1.000000000000000   1.000000000000000   1.000000000000000   1.000000000000000   1.000000000000000   1.000000000000000   1.000000000000000   
PATCH 26 
2 1 
13 2 
0.000000000000000   0.000000000000000   0.000000000000000   0.250000000000000   0.250000000000000   0.375000000000000   0.375000000000000   0.500000000000000   0.500000000000000   0.750000000000000   0.750000000000000   0.875000000000000   0.875000000000000   1.000000000000000   1.000000000000000   1.000000000000000   
0.000000000000000   0.000000000000000   1.000000000000000   1.000000000000000   
0.024975842300435   0.026283101116696   0.027566820651569   0.028171275489819   0.028784327101960   0.029345888783800   0.030024575811648   0.030917110098698   0.031815877546096   0.032398384730661   0.032919680893444   0.033529921312541   0.034102436947373   0.016432034643442   0.016633513205403   0.016834991767364   0.016825983350118   0.016827881997053   0.016829780643988   0.016842586355103   0.017162879226748   0.017483172098392   0.015924566791507   0.015914623634553   0.015904680477598   0.017443399470573   
0.043259427826182   0.042399488106680   0.041508874479646   0.041008398224930   0.040523831010092   0.039970605685393   0.039577672054115   0.038202887033740   0.036884054260723   0.036390425288057   0.035829310817753   0.035366399260601   0.034861167902072   0.020989222738761   0.020413096933617   0.019836971128473   0.019819647143233   0.019814985484489   0.019810323825745   0.019818324493498   0.019132884203608   0.018447443913718   0.016725245147712   0.016668722705429   0.016612200263146   0.018221354144588   
1.000000000000000   0.998036962459744   0.997055443689617   0.996564684304553   0.996319304612021   0.996073924919489   0.996073924919489   0.996073924919489   0.997055443689617   0.997546203074681   0.998282342152276   0.999018481229872   1.000000000000000   1.000000000000000   1.000000000000000   1.000000000000000   0.999366200237181   0.999366200237181   0.999366200237181   1.000000000000000   1.000000000000000   1.000000000000000   0.909461449595059   0.909461449595059   0.909461449595059   1.000000000000000   
PATCH 27 
2 2 
6 4 
0.000000000000000   0.000000000000000   0.000000000000000   0.250000000000000   0.500000000000000   0.750000000000000   1.000000000000000   1.000000000000000   1.000000000000000   
0.000000000000000   0.000000000000000   0.000000000000000   0.500000000000000   1.000000000000000   1.000000000000000   1.000000000000000   
0.012907703294477   0.011856460434530   0.009753974714637   0.007651488994744   0.005549003274851   0.004497760414904   0.013788786131718   0.012737543271772   0.010635057551879   0.008532571831985   0.006430086112092   0.005378843252146   0.015550951806201   0.014499708946254   0.012397223226361   0.010294737506468   0.008192251786575   0.007141008926628   0.016432034643442   0.015380791783496   0.013278306063602   0.011175820343709   0.009073334623816   0.008022091763869   
0.019756718994400   0.022762736772145   0.028774772327636   0.034786807883126   0.040798843438616   0.043804861216361   0.020064844930490   0.023070862708236   0.029082898263726   0.035094933819216   0.041106969374706   0.044112987152452   0.020681096802671   0.023687114580416   0.029699150135906   0.035711185691397   0.041723221246887   0.044729239024632   0.020989222738761   0.023995240516506   0.030007276071996   0.036019311627487   0.042031347182977   0.045037364960722   
1.000000000000000   1.000000000000000   1.000000000000000   1.000000000000000   1.000000000000000   1.000000000000000   1.000000000000000   1.000000000000000   1.000000000000000   1.000000000000000   1.000000000000000   1.000000000000000   1.000000000000000   1.000000000000000   1.000000000000000   1.000000000000000   1.000000000000000   1.000000000000000   1.000000000000000   1.000000000000000   1.000000000000000   1.000000000000000   1.000000000000000   1.000000000000000   
PATCH 28 
2 2 
13 4 
0.000000000000000   0.000000000000000   0.000000000000000   0.250000000000000   0.250000000000000   0.375000000000000   0.375000000000000   0.500000000000000   0.500000000000000   0.750000000000000   0.750000000000000   0.875000000000000   0.875000000000000   1.000000000000000   1.000000000000000   1.000000000000000   
0.000000000000000   0.000000000000000   0.000000000000000   0.500000000000000   1.000000000000000   1.000000000000000   1.000000000000000   
0.012907703294477   0.013102013980307   0.013296324666137   0.013284014638997   0.013285777087955   0.013287539536913   0.013303374461969   0.013655351068705   0.014007327675441   0.012049672365443   0.014145875760314   0.012246037655799   0.014344587399305   0.013788786131718   0.013984888786581   0.014180991441444   0.014169506816777   0.014171303315230   0.014173099813682   0.014188177435253   0.014532233108216   0.014876288781179   0.013018395971959   0.014588062728874   0.013160698361249   0.015119290417122   0.015550951806201   0.015750638399129   0.015950324992057   0.015940491172338   0.015942355769778   0.015944220367219   0.015957783381820   0.016285997187237   0.016614210992654   0.014955843184991   0.015472436665993   0.014990019772148   0.016668696452756   0.016432034643442   0.016633513205403   0.016834991767364   0.016825983350118   0.016827881997053   0.016829780643988   0.016842586355103   0.017162879226748   0.017483172098392   0.015924566791507   0.015914623634553   0.015904680477598   0.017443399470573   
0.019756718994400   0.019201089654819   0.018645460315238   0.018618915034416   0.018612556429855   0.018606197825293   0.018620025896992   0.016921700983439   0.015223376069885   0.012972820206389   0.015072344475635   0.012914110862781   0.015122542073319   0.020064844930490   0.019504091474519   0.018943338018547   0.018919098061620   0.018913163693513   0.018907229325406   0.018919600546119   0.017474496788481   0.016029393030843   0.013910926441720   0.015471439033084   0.013838633212873   0.015897245091136   0.020681096802671   0.020110095113918   0.019539093425164   0.019519464116029   0.019514378220830   0.019509292325632   0.019518749844371   0.018580088398566   0.017641426952760   0.015787138912381   0.016269628147981   0.015687677913055   0.017446651126771   0.020989222738761   0.020413096933617   0.019836971128473   0.019819647143233   0.019814985484489   0.019810323825745   0.019818324493498   0.019132884203608   0.018447443913718   0.016725245147712   0.016668722705429   0.016612200263146   0.018221354144588   
1.000000000000000   1.000000000000000   1.000000000000000   0.998910360728787   0.998910360728787   0.998910360728787   1.000000000000000   1.000000000000000   1.000000000000000   0.858755952367509   1.000000000000000   0.858755952367509   1.000000000000000   1.000000000000000   1.000000000000000   1.000000000000000   0.999024320605885   0.999024320605885   0.999024320605885   1.000000000000000   1.000000000000000   1.000000000000000   0.871432326674397   0.977365362398765   0.871432326674397   1.000000000000000   1.000000000000000   1.000000000000000   1.000000000000000   0.999252240360082   0.999252240360082   0.999252240360082   1.000000000000000   1.000000000000000   1.000000000000000   0.896785075288172   0.932096087196295   0.896785075288172   1.000000000000000   1.000000000000000   1.000000000000000   1.000000000000000   0.999366200237181   0.999366200237181   0.999366200237181   1.000000000000000   1.000000000000000   1.000000000000000   0.909461449595059   0.909461449595059   0.909461449595059   1.000000000000000   
PATCH 29 
2 1 
13 2 
0.000000000000000   0.000000000000000   0.000000000000000   0.250000000000000   0.250000000000000   0.375000000000000   0.375000000000000   0.500000000000000   0.500000000000000   0.750000000000000   0.750000000000000   0.875000000000000   0.875000000000000   1.000000000000000   1.000000000000000   1.000000000000000   
0.000000000000000   0.000000000000000   1.000000000000000   1.000000000000000   
0.024975842300435   0.026283101116696   0.027566820651569   0.028171275489819   0.028784327101960   0.029345888783800   0.030024575811648   0.030917110098698   0.031815877546096   0.032398384730661   0.032919680893444   0.033529921312541   0.034102436947373   0.025250000000000   0.026178902508932   0.027094027156471   0.027551589480241   0.028005707338662   0.028459825197083   0.028910498590156   0.029811845376303   0.030699414301056   0.031143198763433   0.031583538760461   0.032023878757490   0.032460774289170   
0.043259427826182   0.042399488106680   0.041508874479646   0.041008398224930   0.040523831010092   0.039970605685393   0.039577672054115   0.038202887033740   0.036884054260723   0.036390425288057   0.035829310817753   0.035366399260601   0.034861167902072   0.043734282891114   0.043142506727484   0.042531053738569   0.042225327244111   0.041914681543332   0.041604035842553   0.041288470935453   0.040657341121252   0.040006534481766   0.039681131162023   0.039350808635958   0.039020486109894   0.038685244377508   
1.000000000000000   0.998036962459744   0.997055443689617   0.996564684304553   0.996319304612021   0.996073924919489   0.996073924919489   0.996073924919489   0.997055443689617   0.997546203074681   0.998282342152276   0.999018481229872   1.000000000000000   1.000000000000000   0.999048674522937   0.998573011784405   0.998335180415139   0.998216264730506   0.998097349045873   0.998097349045873   0.998097349045873   0.998573011784405   0.998810843153671   0.999167590207569   0.999524337261468   1.000000000000000   
PATCH 30 
2 1 
6 2 
0.000000000000000   0.000000000000000   0.000000000000000   0.250000000000000   0.500000000000000   0.750000000000000   1.000000000000000   1.000000000000000   1.000000000000000   
0.000000000000000   0.000000000000000   1.000000000000000   1.000000000000000   
0.012907703294477   0.011856460434530   0.009753974714637   0.007651488994744   0.005549003274851   0.004497760414904   0.000000000000000   0.000000000000000   0.000000000000000   0.000000000000000   0.000000000000000   0.000000000000000   
0.019756718994400   0.022762736772145   0.028774772327636   0.034786807883126   0.040798843438616   0.043804861216361   0.014550000000000   0.018206857652045   0.025520572956136   0.032834288260226   0.040148003564316   0.043804861216361   
1.000000000000000   1.000000000000000   1.000000000000000   1.000000000000000   1.000000000000000   1.000000000000000   1.000000000000000   1.000000000000000   1.000000000000000   1.000000000000000   1.000000000000000   1.000000000000000   
PATCH 31 
2 1 
13 2 
0.000000000000000   0.000000000000000   0.000000000000000   0.250000000000000   0.250000000000000   0.375000000000000   0.375000000000000   0.500000000000000   0.500000000000000   0.750000000000000   0.750000000000000   0.875000000000000   0.875000000000000   1.000000000000000   1.000000000000000   1.000000000000000   
0.000000000000000   0.000000000000000   1.000000000000000   1.000000000000000   
0.004497760414904   0.004051400946099   0.003605041477293   0.003586728915831   0.003584108222153   0.003581487528474   0.003594558702579   0.003525295022499   0.003456031342420   0.003111558300743   0.003516730154337   0.003235809594900   0.003680293267821   0.000000000000000   0.000000000000000   0.000000000000000   0.000000000000000   0.000000000000000   0.000000000000000   0.000000000000000   0.000000000000000   0.000000000000000   0.000000000000000   0.000000000000000   0.000000000000000   0.000000000000000   
0.043804861216361   0.045081221370249   0.046357581524136   0.046187055886565   0.046199297160111   0.046211538433657   0.046406546618319   0.047215746519572   0.048024946420825   0.043426104395396   0.048186217017398   0.043545495211573   0.048240435639610   0.043804861216361   0.044579253564316   0.045353645912271   0.045740842086249   0.046128038260226   0.046515234434203   0.046902430608181   0.047676822956136   0.048451215304090   0.048838411478068   0.049225607652045   0.049612803826023   0.050000000000000   
1.000000000000000   1.000000000000000   1.000000000000000   0.996066608093560   0.996066608093560   0.996066608093560   1.000000000000000   1.000000000000000   1.000000000000000   0.902453076733201   1.000000000000000   0.902453076733201   1.000000000000000   1.000000000000000   1.000000000000000   1.000000000000000   1.000000000000000   1.000000000000000   1.000000000000000   1.000000000000000   1.000000000000000   1.000000000000000   1.000000000000000   1.000000000000000   1.000000000000000   1.000000000000000   
PATCH 32 
2 1 
13 2 
0.000000000000000   0.000000000000000   0.000000000000000   0.250000000000000   0.250000000000000   0.375000000000000   0.375000000000000   0.500000000000000   0.500000000000000   0.750000000000000   0.750000000000000   0.875000000000000   0.875000000000000   1.000000000000000   1.000000000000000   1.000000000000000   
0.000000000000000   0.000000000000000   1.000000000000000   1.000000000000000   
0.000000000000000   0.001373504138900   0.002696168427075   0.003357500571163   0.004006122752569   0.004654744933975   0.005290657152700   0.006562481590150   0.007783466176875   0.008393958470237   0.008991740800918   0.009589523131599   0.010174595499598   0.012907703294477   0.013102013980307   0.013296324666137   0.013284014638997   0.013285777087955   0.013287539536913   0.013303374461969   0.013655351068705   0.014007327675441   0.012049672365443   0.014145875760314   0.012246037655799   0.014344587399305   
0.014550000000000   0.014280718020025   0.013886762443155   0.013689784654719   0.013461638467060   0.013233492279401   0.012974177692517   0.012455548518751   0.011812245748088   0.011490594362757   0.011137774578201   0.010784954793646   0.010400966609866   0.019756718994400   0.019201089654819   0.018645460315238   0.018618915034416   0.018612556429855   0.018606197825293   0.018620025896992   0.016921700983439   0.015223376069885   0.012972820206389   0.015072344475635   0.012914110862781   0.015122542073319   
1.000000000000000   0.981492647424424   0.972238971136636   0.967612132992742   0.965298713920795   0.962985294848848   0.962985294848848   0.962985294848848   0.972238971136636   0.976865809280530   0.983806066496371   0.990746323712212   1.000000000000000   1.000000000000000   1.000000000000000   1.000000000000000   0.998910360728787   0.998910360728787   0.998910360728787   1.000000000000000   1.000000000000000   1.000000000000000   0.858755952367509   1.000000000000000   0.858755952367509   1.000000000000000   
INTERFACE 1 
1 2 
5 1 
1 
INTERFACE 2 
1 3 
2 4 
1 
INTERFACE 3 
2 1 
13 2 
1 
INTERFACE 4 
2 2 
3 1 
1 
INTERFACE 5 
2 3 
4 2 
1 
INTERFACE 6 
3 2 
7 1 
-1 
INTERFACE 7 
3 3 
4 4 
-1 
INTERFACE 8 
3 4 
5 3 
1 
INTERFACE 9 
4 1 
9 2 
1 
INTERFACE 10 
4 3 
13 3 
1 
INTERFACE 11 
5 2 
6 1 
1 
INTERFACE 12 
6 2 
11 1 
1 
INTERFACE 13 
6 3 
7 3 
1 
INTERFACE 14 
7 2 
8 1 
1 
INTERFACE 15 
7 4 
9 4 
-1 
INTERFACE 16 
8 2 
15 1 
1 
INTERFACE 17 
8 3 
11 3 
1 
INTERFACE 18 
8 4 
10 4 
1 
INTERFACE 19 
9 1 
10 1 
1 
INTERFACE 20 
9 3 
12 3 
1 
INTERFACE 21 
10 2 
16 3 
1 
INTERFACE 22 
10 3 
14 4 
1 
INTERFACE 23 
11 2 
18 1 
1 
INTERFACE 24 
12 1 
14 1 
-1 
INTERFACE 25 
12 2 
13 1 
1 
INTERFACE 26 
14 2 
17 1 
-1 
INTERFACE 27 
15 2 
26 2 
1 
INTERFACE 28 
15 3 
18 3 
1 
INTERFACE 29 
15 4 
16 2 
1 
INTERFACE 30 
16 1 
17 3 
1 
INTERFACE 31 
16 4 
28 2 
1 
INTERFACE 32 
17 2 
32 2 
-1 
INTERFACE 33 
18 2 
29 2 
1 
INTERFACE 34 
19 2 
23 1 
1 
INTERFACE 35 
19 3 
20 4 
1 
INTERFACE 36 
20 1 
31 2 
1 
INTERFACE 37 
20 2 
21 1 
1 
INTERFACE 38 
20 3 
22 2 
1 
INTERFACE 39 
21 2 
25 1 
-1 
INTERFACE 40 
21 3 
22 4 
-1 
INTERFACE 41 
21 4 
23 3 
1 
INTERFACE 42 
22 1 
27 2 
1 
INTERFACE 43 
22 3 
31 3 
1 
INTERFACE 44 
23 2 
24 1 
1 
INTERFACE 45 
24 2 
29 1 
1 
INTERFACE 46 
24 3 
25 3 
1 
INTERFACE 47 
25 2 
26 1 
1 
INTERFACE 48 
25 4 
27 4 
-1 
INTERFACE 49 
26 3 
29 3 
1 
INTERFACE 50 
26 4 
28 4 
1 
INTERFACE 51 
27 1 
28 1 
1 
INTERFACE 52 
27 3 
30 3 
1 
INTERFACE 53 
28 3 
32 4 
1 
INTERFACE 54 
30 1 
32 1 
-1 
INTERFACE 55 
30 2 
31 1 
1 
BOUNDARY 1 
1 
1 1 
BOUNDARY 2 
1 
1 4 
BOUNDARY 3 
1 
5 4 
BOUNDARY 4 
1 
6 4 
BOUNDARY 5 
1 
11 4 
BOUNDARY 6 
1 
12 4 
BOUNDARY 7 
1 
13 4 
BOUNDARY 8 
1 
14 3 
BOUNDARY 9 
1 
17 4 
BOUNDARY 10 
1 
18 4 
BOUNDARY 11 
1 
19 1 
BOUNDARY 12 
1 
19 4 
BOUNDARY 13 
1 
23 4 
BOUNDARY 14 
1 
24 4 
BOUNDARY 15 
1 
29 4 
BOUNDARY 16 
1 
30 4 
BOUNDARY 17 
1 
31 4 
BOUNDARY 18 
1 
32 3 
