# nurbs mesh v.2.1
#
# 14-Jul-2024
#
2 2 32 55 0 
PATCH 1 
2 1 
4 2 
0.000000000000000   0.000000000000000   0.000000000000000   0.500000000000000   1.000000000000000   1.000000000000000   1.000000000000000   
0.000000000000000   0.000000000000000   1.000000000000000   1.000000000000000   
0.050000000000000   0.049904867452294   0.049525061277599   0.049240387650610   0.050500000000000   0.050403916126817   0.050020311890375   0.049732791527117   
0.000000000000000   0.002178893568691   0.006520098010365   0.008682408883347   0.000000000000000   0.002200682504378   0.006585298990468   0.008769232972180   
1.000000000000000   0.998097349045873   0.998097349045873   1.000000000000000   1.000000000000000   0.998097349045873   0.998097349045873   1.000000000000000   
PATCH 2 
2 1 
4 2 
0.000000000000000   0.000000000000000   0.000000000000000   0.500000000000000   1.000000000000000   1.000000000000000   1.000000000000000   
0.000000000000000   0.000000000000000   1.000000000000000   1.000000000000000   
0.048250601363590   0.048114947979023   0.047843641209889   0.047707987825322   0.050000000000000   0.049904867452294   0.049525061277599   0.049240387650610   
0.003601861526776   0.004647039985529   0.006737396903034   0.007782575361787   0.000000000000000   0.002178893568691   0.006520098010365   0.008682408883347   
1.000000000000000   1.000000000000000   1.000000000000000   1.000000000000000   1.000000000000000   0.998097349045873   0.998097349045873   1.000000000000000   
PATCH 3 
2 1 
13 2 
0.000000000000000   0.000000000000000   0.000000000000000   0.125000000000000   0.125000000000000   0.250000000000000   0.250000000000000   0.500000000000000   0.500000000000000   0.625000000000000   0.625000000000000   0.750000000000000   0.750000000000000   1.000000000000000   1.000000000000000   1.000000000000000   
0.000000000000000   0.000000000000000   1.000000000000000   1.000000000000000   
0.047707987825322   0.041126254930066   0.041072706029765   0.041019157129463   0.047493792224116   0.046726446177534   0.045959100130952   0.045341053834292   0.045318685748160   0.045296317662027   0.045869627786422   0.045574527510575   0.045279427234728   0.049240387650610   0.049122375608591   0.048152127310865   0.048173486109269   0.047917609725578   0.047677955392188   0.047410994529139   0.047273809759525   0.047155081951577   0.047163656544576   0.047160404410312   0.046904016070013   0.046603781399401   
0.007782575361787   0.006778707463898   0.006822114514148   0.006865521564399   0.007956203562789   0.007895164079575   0.007834124596360   0.007730823055781   0.007734175628704   0.007737528201627   0.007847534888051   0.007964351847325   0.008081168806599   0.008682408883347   0.009214726804819   0.009577143896584   0.010128814996211   0.010622033773357   0.011666196482944   0.012703737696439   0.013221653674069   0.013745117517234   0.014307808356516   0.014870695702475   0.015922311443957   0.016962389233631   
1.000000000000000   0.862227251357604   0.862227251357604   0.862227251357604   1.000000000000000   1.000000000000000   1.000000000000000   0.987042836349237   0.987042836349237   0.987042836349237   1.000000000000000   1.000000000000000   1.000000000000000   1.000000000000000   0.999524337261468   0.999167590207569   0.998810843153671   0.998573011784405   0.998097349045873   0.998097349045873   0.998097349045873   0.998216264730506   0.998335180415139   0.998573011784404   0.999048674522936   1.000000000000000   
PATCH 4 
2 2 
13 4 
0.000000000000000   0.000000000000000   0.000000000000000   0.250000000000000   0.250000000000000   0.375000000000000   0.375000000000000   0.500000000000000   0.500000000000000   0.750000000000000   0.750000000000000   0.875000000000000   0.875000000000000   1.000000000000000   1.000000000000000   1.000000000000000   
0.000000000000000   0.000000000000000   0.000000000000000   0.500000000000000   1.000000000000000   1.000000000000000   1.000000000000000   
0.043898609729512   0.045169914004067   0.046441218278622   0.046271740838314   0.046283811033627   0.046295881228940   0.046489499059874   0.047258215778923   0.048026932497971   0.043191911012619   0.048193832207597   0.043316516904083   0.048250601363590   0.044243814105816   0.045271067380694   0.046298320655572   0.046027885044243   0.046042529712261   0.046057174380278   0.046356899327644   0.047125273378576   0.047893647429508   0.042648722541830   0.046413550663139   0.042768951410579   0.048114947979023   0.044934222858424   0.045473374133948   0.046012525409472   0.045540173456099   0.045559967069527   0.045579760682954   0.046091699863182   0.046859388577881   0.047627077292580   0.041562345600252   0.042852987574223   0.041673820423570   0.047843641209889   0.045279427234728   0.045574527510575   0.045869627786422   0.045296317662027   0.045318685748160   0.045341053834292   0.045959100130952   0.046726446177534   0.047493792224116   0.041019157129463   0.041072706029765   0.041126254930066   0.047707987825322   
0.004592979855124   0.004089727531015   0.003586475206906   0.003567904682713   0.003564797370215   0.003561690057718   0.003574045956916   0.003475888136285   0.003377730315655   0.003020358754747   0.003434844234929   0.003145222218821   0.003601861526776   0.005465027092993   0.005058383610093   0.004651740127192   0.004610310562441   0.004607141934838   0.004603973307234   0.004639065616777   0.004580707122108   0.004522348627439   0.003981649457160   0.004281661804734   0.004053593530090   0.004647039985529   0.007209121568730   0.006995695768248   0.006782269967765   0.006695122321899   0.006691831064082   0.006688539806265   0.006769104936499   0.006790345093752   0.006811585251006   0.005904230861986   0.005975296944344   0.005870336152628   0.006737396903034   0.008081168806599   0.007964351847325   0.007847534888051   0.007737528201627   0.007734175628704   0.007730823055781   0.007834124596360   0.007895164079575   0.007956203562789   0.006865521564399   0.006822114514148   0.006778707463898   0.007782575361787   
1.000000000000000   1.000000000000000   1.000000000000000   0.996101174009621   0.996101174009621   0.996101174009621   1.000000000000000   1.000000000000000   1.000000000000000   0.897505178090664   1.000000000000000   0.897505178090664   1.000000000000000   1.000000000000000   1.000000000000000   1.000000000000000   0.993836589594525   0.993836589594525   0.993836589594525   1.000000000000000   1.000000000000000   1.000000000000000   0.888685696407399   0.965556812839401   0.888685696407399   1.000000000000000   1.000000000000000   1.000000000000000   1.000000000000000   0.989307420764333   0.989307420764333   0.989307420764333   1.000000000000000   1.000000000000000   1.000000000000000   0.871046733040869   0.896670438518203   0.871046733040869   1.000000000000000   1.000000000000000   1.000000000000000   1.000000000000000   0.987042836349237   0.987042836349237   0.987042836349237   1.000000000000000   1.000000000000000   1.000000000000000   0.862227251357604   0.862227251357604   0.862227251357604   1.000000000000000   
PATCH 5 
2 1 
13 2 
0.000000000000000   0.000000000000000   0.000000000000000   0.125000000000000   0.125000000000000   0.250000000000000   0.250000000000000   0.500000000000000   0.500000000000000   0.625000000000000   0.625000000000000   0.750000000000000   0.750000000000000   1.000000000000000   1.000000000000000   1.000000000000000   
0.000000000000000   0.000000000000000   1.000000000000000   1.000000000000000   
0.049240387650610   0.049122375608591   0.048152127310865   0.048173486109269   0.047917609725578   0.047677955392188   0.047410994529139   0.047273809759525   0.047155081951577   0.047163656544576   0.047160404410312   0.046904016070013   0.046603781399401   0.049732791527117   0.049613599364677   0.049488606583825   0.049363613802972   0.049232820403708   0.048971233605179   0.048686444333000   0.048544049696911   0.048395854442409   0.048247659187908   0.048093663314994   0.047785671569166   0.047454477349688   
0.008682408883347   0.009214726804819   0.009577143896584   0.010128814996211   0.010622033773357   0.011666196482944   0.012703737696439   0.013221653674069   0.013745117517234   0.014307808356516   0.014870695702475   0.015922311443957   0.016962389233631   0.008769232972180   0.009306874072867   0.009842960902535   0.010379047732203   0.010913580290852   0.011982645408149   0.013045493441370   0.013576917457981   0.014106787203572   0.014636656949163   0.015164972423735   0.016221603372879   0.017272017237946   
1.000000000000000   0.999524337261468   0.999167590207569   0.998810843153671   0.998573011784405   0.998097349045873   0.998097349045873   0.998097349045873   0.998216264730506   0.998335180415139   0.998573011784404   0.999048674522936   1.000000000000000   1.000000000000000   0.999524337261468   0.999167590207569   0.998810843153671   0.998573011784405   0.998097349045873   0.998097349045873   0.998097349045873   0.998216264730506   0.998335180415139   0.998573011784404   0.999048674522936   1.000000000000000   
PATCH 6 
2 1 
6 2 
0.000000000000000   0.000000000000000   0.000000000000000   0.250000000000000   0.500000000000000   0.750000000000000   1.000000000000000   1.000000000000000   1.000000000000000   
0.000000000000000   0.000000000000000   1.000000000000000   1.000000000000000   
0.046603781399401   0.046427018914168   0.045488923631772   0.044502792541779   0.043607102261958   0.043258883396396   0.047454477349688   0.047032993823604   0.046146485990198   0.045216437375554   0.044242847979673   0.043734282891114   
0.016962389233631   0.018053924976026   0.020015041364669   0.021946923361067   0.023924264917587   0.024975527973752   0.017272017237946   0.018289568482936   0.020304367573183   0.022298863263696   0.024273055554476   0.025250000000000   
1.000000000000000   0.999048674522936   0.998097349045873   0.998097349045873   0.999048674522936   1.000000000000000   1.000000000000000   0.999048674522936   0.998097349045873   0.998097349045873   0.999048674522936   1.000000000000000   
PATCH 7 
2 1 
6 2 
0.000000000000000   0.000000000000000   0.000000000000000   0.250000000000000   0.500000000000000   0.750000000000000   1.000000000000000   1.000000000000000   1.000000000000000   
0.000000000000000   0.000000000000000   1.000000000000000   1.000000000000000   
0.046603781399401   0.046427018914168   0.045488923631772   0.044502792541779   0.043607102261958   0.043258883396396   0.045279427234728   0.042355826846057   0.036508626068714   0.030661425291371   0.024814224514028   0.021890624125356   
0.016962389233631   0.018053924976026   0.020015041364669   0.021946923361067   0.023924264917587   0.024975527973752   0.008081168806599   0.009238491030565   0.011553135478496   0.013867779926428   0.016182424374359   0.017339746598325   
1.000000000000000   0.999048674522936   0.998097349045873   0.998097349045873   0.999048674522936   1.000000000000000   1.000000000000000   1.000000000000000   1.000000000000000   1.000000000000000   1.000000000000000   1.000000000000000   
PATCH 8 
2 1 
13 2 
0.000000000000000   0.000000000000000   0.000000000000000   0.250000000000000   0.250000000000000   0.375000000000000   0.375000000000000   0.500000000000000   0.500000000000000   0.750000000000000   0.750000000000000   0.875000000000000   0.875000000000000   1.000000000000000   1.000000000000000   1.000000000000000   
0.000000000000000   0.000000000000000   1.000000000000000   1.000000000000000   
0.043258883396396   0.042402440114319   0.041509160746886   0.041002146701408   0.040512235992111   0.039968990056303   0.039563838744255   0.038167646649470   0.036846439524988   0.036373623638097   0.035827010193549   0.035373116364157   0.034869607008201   0.021890624125356   0.021311760870761   0.020732897616166   0.020731040275788   0.020729931943750   0.020728823611711   0.020728464288012   0.020035436772775   0.019342409257538   0.017638995449760   0.017584128479888   0.017529261510016   0.019122941378049   
0.024975527973752   0.026284890244786   0.027566927687647   0.028166875612596   0.028775963106940   0.029344550857217   0.030013906595703   0.030888360560678   0.031783142075448   0.032383108413926   0.032917218564075   0.033535911304465   0.034110282395379   0.017339746598325   0.017568892589609   0.017798038580893   0.017797841061425   0.017798295230227   0.017798749399029   0.017799855256101   0.018093585192664   0.018387315129227   0.016838749544197   0.016828069068253   0.016817388592309   0.018344593225452   
1.000000000000000   0.998037049444632   0.997055574166949   0.996564836528107   0.996319467708686   0.996074098889265   0.996074098889265   0.996074098889265   0.997055574166948   0.997546311805790   0.998282418264053   0.999018524722316   1.000000000000000   1.000000000000000   1.000000000000000   1.000000000000000   0.999964131983273   0.999964131983273   0.999964131983273   1.000000000000000   1.000000000000000   1.000000000000000   0.914594472063954   0.914594472063954   0.914594472063954   1.000000000000000   
PATCH 9 
2 2 
6 4 
0.000000000000000   0.000000000000000   0.000000000000000   0.250000000000000   0.500000000000000   0.750000000000000   1.000000000000000   1.000000000000000   1.000000000000000   
0.000000000000000   0.000000000000000   0.000000000000000   0.500000000000000   1.000000000000000   1.000000000000000   1.000000000000000   
0.020509806620140   0.023433407008812   0.029280607786155   0.035127808563498   0.040975009340841   0.043898609729512   0.020855010996444   0.023778611385116   0.029625812162459   0.035473012939802   0.041320213717145   0.044243814105816   0.021545419749052   0.024469020137724   0.030316220915067   0.036163421692410   0.042010622469753   0.044934222858424   0.021890624125356   0.024814224514028   0.030661425291371   0.036508626068714   0.042355826846057   0.045279427234728   
0.013851557646850   0.012694235422885   0.010379590974953   0.008064946527021   0.005750302079090   0.004592979855124   0.014723604884719   0.013566282660753   0.011251638212822   0.008936993764890   0.006622349316959   0.005465027092993   0.016467699360456   0.015310377136491   0.012995732688559   0.010681088240627   0.008366443792696   0.007209121568730   0.017339746598325   0.016182424374359   0.013867779926428   0.011553135478496   0.009238491030565   0.008081168806599   
1.000000000000000   1.000000000000000   1.000000000000000   1.000000000000000   1.000000000000000   1.000000000000000   1.000000000000000   1.000000000000000   1.000000000000000   1.000000000000000   1.000000000000000   1.000000000000000   1.000000000000000   1.000000000000000   1.000000000000000   1.000000000000000   1.000000000000000   1.000000000000000   1.000000000000000   1.000000000000000   1.000000000000000   1.000000000000000   1.000000000000000   1.000000000000000   
PATCH 10 
2 2 
13 4 
0.000000000000000   0.000000000000000   0.000000000000000   0.250000000000000   0.250000000000000   0.375000000000000   0.375000000000000   0.500000000000000   0.500000000000000   0.750000000000000   0.750000000000000   0.875000000000000   0.875000000000000   1.000000000000000   1.000000000000000   1.000000000000000   
0.000000000000000   0.000000000000000   0.000000000000000   0.500000000000000   1.000000000000000   1.000000000000000   1.000000000000000   
0.020509806620140   0.019967244608321   0.019424682596502   0.019359450285867   0.019349178629712   0.019338906973557   0.019383595971881   0.017724505590512   0.016065415209143   0.013608333489947   0.015907537387996   0.013544537367432   0.015956520423382   0.020855010996444   0.020303373673931   0.019751736351418   0.019702347783348   0.019694366958222   0.019686386133095   0.019719813050914   0.018302238386078   0.016884663721242   0.014615998979900   0.016326685160969   0.014540718403078   0.016748125662049   0.021545419749052   0.020975631805151   0.020405843861250   0.020388142778308   0.020384743615240   0.020381344452172   0.020392247208979   0.019457703977209   0.018523160745439   0.016631329959807   0.017164980706915   0.016533080474370   0.018331336139382   0.021890624125356   0.021311760870761   0.020732897616166   0.020731040275788   0.020729931943750   0.020728823611711   0.020728464288012   0.020035436772775   0.019342409257538   0.017638995449760   0.017584128479888   0.017529261510016   0.019122941378049   
0.013851557646850   0.014066333604807   0.014281109562763   0.014244359278611   0.014247203627560   0.014250047976509   0.014292486958559   0.014565950271045   0.014839413583530   0.012681786786195   0.014975544969980   0.012880248912403   0.015178172270785   0.014723604884719   0.014941973351007   0.015160341817295   0.015132729724315   0.015134976528227   0.015137223332139   0.015169329032944   0.015447859001450   0.015726388969955   0.013721027475696   0.015438675994549   0.013864533832380   0.015969777509452   0.016467699360456   0.016693252843408   0.016918806326360   0.016909470615722   0.016910522329561   0.016911574043399   0.016923013181715   0.017211676462259   0.017500339742803   0.015799508854696   0.016364938043685   0.015833103672333   0.017552987986785   0.017339746598325   0.017568892589609   0.017798038580893   0.017797841061425   0.017798295230227   0.017798749399029   0.017799855256101   0.018093585192664   0.018387315129227   0.016838749544197   0.016828069068253   0.016817388592309   0.018344593225452   
1.000000000000000   1.000000000000000   1.000000000000000   0.997151957626783   0.997151957626783   0.997151957626783   1.000000000000000   1.000000000000000   1.000000000000000   0.853459281443163   1.000000000000000   0.853459281443163   1.000000000000000   1.000000000000000   1.000000000000000   1.000000000000000   0.997855001215905   0.997855001215905   0.997855001215905   1.000000000000000   1.000000000000000   1.000000000000000   0.868743079098361   0.978648618015989   0.868743079098361   1.000000000000000   1.000000000000000   1.000000000000000   1.000000000000000   0.999261088394150   0.999261088394150   0.999261088394150   1.000000000000000   1.000000000000000   1.000000000000000   0.899310674408757   0.935945854047966   0.899310674408757   1.000000000000000   1.000000000000000   1.000000000000000   1.000000000000000   0.999964131983273   0.999964131983273   0.999964131983273   1.000000000000000   1.000000000000000   1.000000000000000   0.914594472063954   0.914594472063954   0.914594472063954   1.000000000000000   
PATCH 11 
2 1 
13 2 
0.000000000000000   0.000000000000000   0.000000000000000   0.250000000000000   0.250000000000000   0.375000000000000   0.375000000000000   0.500000000000000   0.500000000000000   0.750000000000000   0.750000000000000   0.875000000000000   0.875000000000000   1.000000000000000   1.000000000000000   1.000000000000000   
0.000000000000000   0.000000000000000   1.000000000000000   1.000000000000000   
0.043258883396396   0.042402440114319   0.041509160746886   0.041002146701408   0.040512235992111   0.039968990056303   0.039563838744255   0.038167646649470   0.036846439524988   0.036373623638097   0.035827010193549   0.035373116364157   0.034869607008201   0.043734282891114   0.043142506727484   0.042531053738569   0.042225327244111   0.041914681543332   0.041604035842553   0.041288470935453   0.040657341121252   0.040006534481766   0.039681131162023   0.039350808635958   0.039020486109894   0.038685244377508   
0.024975527973752   0.026284890244786   0.027566927687647   0.028166875612596   0.028775963106940   0.029344550857217   0.030013906595703   0.030888360560678   0.031783142075448   0.032383108413926   0.032917218564075   0.033535911304465   0.034110282395379   0.025250000000000   0.026178902508932   0.027094027156471   0.027551589480241   0.028005707338662   0.028459825197083   0.028910498590156   0.029811845376303   0.030699414301056   0.031143198763433   0.031583538760461   0.032023878757490   0.032460774289170   
1.000000000000000   0.998037049444632   0.997055574166949   0.996564836528107   0.996319467708686   0.996074098889265   0.996074098889265   0.996074098889265   0.997055574166948   0.997546311805790   0.998282418264053   0.999018524722316   1.000000000000000   1.000000000000000   0.999048674522937   0.998573011784405   0.998335180415139   0.998216264730506   0.998097349045873   0.998097349045873   0.998097349045873   0.998573011784405   0.998810843153671   0.999167590207569   0.999524337261468   1.000000000000000   
PATCH 12 
2 1 
6 2 
0.000000000000000   0.000000000000000   0.000000000000000   0.250000000000000   0.500000000000000   0.750000000000000   1.000000000000000   1.000000000000000   1.000000000000000   
0.000000000000000   0.000000000000000   1.000000000000000   1.000000000000000   
0.020509806620140   0.023433407008812   0.029280607786155   0.035127808563498   0.040975009340841   0.043898609729512   0.014550000000000   0.018218576216189   0.025555728648567   0.032892881080945   0.040230033513323   0.043898609729512   
0.013851557646850   0.012694235422885   0.010379590974953   0.008064946527021   0.005750302079090   0.004592979855124   0.000000000000000   0.000000000000000   0.000000000000000   0.000000000000000   0.000000000000000   0.000000000000000   
1.000000000000000   1.000000000000000   1.000000000000000   1.000000000000000   1.000000000000000   1.000000000000000   1.000000000000000   1.000000000000000   1.000000000000000   1.000000000000000   1.000000000000000   1.000000000000000   
PATCH 13 
2 1 
13 2 
0.000000000000000   0.000000000000000   0.000000000000000   0.250000000000000   0.250000000000000   0.375000000000000   0.375000000000000   0.500000000000000   0.500000000000000   0.750000000000000   0.750000000000000   0.875000000000000   0.875000000000000   1.000000000000000   1.000000000000000   1.000000000000000   
0.000000000000000   0.000000000000000   1.000000000000000   1.000000000000000   
0.043898609729512   0.045169914004067   0.046441218278622   0.046271740838314   0.046283811033627   0.046295881228940   0.046489499059874   0.047258215778923   0.048026932497971   0.043191911012619   0.048193832207597   0.043316516904083   0.048250601363590   0.043898609729512   0.044661283513323   0.045423957297134   0.045805294189040   0.046186631080945   0.046567967972851   0.046949304864756   0.047711978648567   0.048474652432378   0.048855989324284   0.049237326216189   0.049618663108095   0.050000000000000   
0.004592979855124   0.004089727531015   0.003586475206906   0.003567904682713   0.003564797370215   0.003561690057718   0.003574045956916   0.003475888136285   0.003377730315655   0.003020358754747   0.003434844234929   0.003145222218821   0.003601861526776   0.000000000000000   0.000000000000000   0.000000000000000   0.000000000000000   0.000000000000000   0.000000000000000   0.000000000000000   0.000000000000000   0.000000000000000   0.000000000000000   0.000000000000000   0.000000000000000   0.000000000000000   
1.000000000000000   1.000000000000000   1.000000000000000   0.996101174009621   0.996101174009621   0.996101174009621   1.000000000000000   1.000000000000000   1.000000000000000   0.897505178090664   1.000000000000000   0.897505178090664   1.000000000000000   1.000000000000000   1.000000000000000   1.000000000000000   1.000000000000000   1.000000000000000   1.000000000000000   1.000000000000000   1.000000000000000   1.000000000000000   1.000000000000000   1.000000000000000   1.000000000000000   1.000000000000000   
PATCH 14 
2 1 
13 2 
0.000000000000000   0.000000000000000   0.000000000000000   0.250000000000000   0.250000000000000   0.375000000000000   0.375000000000000   0.500000000000000   0.500000000000000   0.750000000000000   0.750000000000000   0.875000000000000   0.875000000000000   1.000000000000000   1.000000000000000   1.000000000000000   
0.000000000000000   0.000000000000000   1.000000000000000   1.000000000000000   
0.014550000000000   0.014280721841069   0.013886771712896   0.013689796648810   0.013461653592413   0.013233510536016   0.012974199487309   0.012455577389894   0.011812283323238   0.011490636289910   0.011137821264271   0.010785006238632   0.010401023220683   0.020509806620140   0.019967244608321   0.019424682596502   0.019359450285867   0.019349178629712   0.019338906973557   0.019383595971881   0.017724505590512   0.016065415209143   0.013608333489947   0.015907537387996   0.013544537367432   0.015956520423382   
0.000000000000000   0.001373494768591   0.002696150754695   0.003357478747747   0.004006097045178   0.004654715342608   0.005290623944417   0.006562441148035   0.007783419569167   0.008393908779733   0.008991688294677   0.009589467809622   0.010174537628944   0.013851557646850   0.014066333604807   0.014281109562763   0.014244359278611   0.014247203627560   0.014250047976509   0.014292486958559   0.014565950271045   0.014839413583530   0.012681786786195   0.014975544969980   0.012880248912403   0.015178172270785   
1.000000000000000   0.981492910039109   0.972239365058663   0.967612592568440   0.965299206323329   0.962985820078218   0.962985820078218   0.962985820078218   0.972239365058663   0.976866137548886   0.983806296284220   0.990746455019554   1.000000000000000   1.000000000000000   1.000000000000000   1.000000000000000   0.997151957626783   0.997151957626783   0.997151957626783   1.000000000000000   1.000000000000000   1.000000000000000   0.853459281443163   1.000000000000000   0.853459281443163   1.000000000000000   
PATCH 15 
2 1 
4 2 
0.000000000000000   0.000000000000000   0.000000000000000   0.500000000000000   1.000000000000000   1.000000000000000   1.000000000000000   
0.000000000000000   0.000000000000000   1.000000000000000   1.000000000000000   
0.034869607008201   0.034701140320383   0.034321255921551   0.034110282395379   0.019122941378049   0.018928354339900   0.018539180263601   0.018344593225452   
0.034110282395379   0.034321255921551   0.034701140320383   0.034869607008201   0.018344593225452   0.018539180263601   0.018928354339900   0.019122941378049   
1.000000000000000   0.999969711460077   0.999969711460077   1.000000000000000   1.000000000000000   1.000000000000000   1.000000000000000   1.000000000000000   
PATCH 16 
2 2 
4 4 
0.000000000000000   0.000000000000000   0.000000000000000   0.500000000000000   1.000000000000000   1.000000000000000   1.000000000000000   
0.000000000000000   0.000000000000000   0.000000000000000   0.500000000000000   1.000000000000000   1.000000000000000   1.000000000000000   
0.015956520423382   0.016748125662049   0.018331336139382   0.019122941378049   0.015761933385233   0.016553538623900   0.018136749101233   0.018928354339900   0.015372759308934   0.016164364547601   0.017747575024934   0.018539180263601   0.015178172270785   0.015969777509452   0.017552987986785   0.018344593225452   
0.015178172270785   0.015969777509452   0.017552987986785   0.018344593225452   0.015372759308934   0.016164364547601   0.017747575024934   0.018539180263601   0.015761933385233   0.016553538623900   0.018136749101233   0.018928354339900   0.015956520423382   0.016748125662049   0.018331336139382   0.019122941378049   
1.000000000000000   1.000000000000000   1.000000000000000   1.000000000000000   1.000000000000000   1.000000000000000   1.000000000000000   1.000000000000000   1.000000000000000   1.000000000000000   1.000000000000000   1.000000000000000   1.000000000000000   1.000000000000000   1.000000000000000   1.000000000000000   
PATCH 17 
2 1 
4 2 
0.000000000000000   0.000000000000000   0.000000000000000   0.500000000000000   1.000000000000000   1.000000000000000   1.000000000000000   
0.000000000000000   0.000000000000000   1.000000000000000   1.000000000000000   
0.015956520423382   0.015761933385233   0.015372759308934   0.015178172270785   0.010401023220683   0.010344713443474   0.010231470647604   0.010174537628944   
0.015178172270785   0.015372759308934   0.015761933385233   0.015956520423382   0.010174537628944   0.010231470647604   0.010344713443474   0.010401023220683   
1.000000000000000   1.000000000000000   1.000000000000000   1.000000000000000   1.000000000000000   0.999969711460077   0.999969711460077   1.000000000000000   
PATCH 18 
2 1 
4 2 
0.000000000000000   0.000000000000000   0.000000000000000   0.500000000000000   1.000000000000000   1.000000000000000   1.000000000000000   
0.000000000000000   0.000000000000000   1.000000000000000   1.000000000000000   
0.034869607008201   0.034701140320383   0.034321255921551   0.034110282395379   0.038685244377508   0.037197068413715   0.034084833369545   0.032460774289170   
0.034110282395379   0.034321255921551   0.034701140320383   0.034869607008201   0.032460774289170   0.034084833369545   0.037197068413715   0.038685244377508   
1.000000000000000   0.999969711460077   0.999969711460077   1.000000000000000   1.000000000000000   0.998097349045873   0.998097349045873   1.000000000000000   
PATCH 19 
2 1 
4 2 
0.000000000000000   0.000000000000000   0.000000000000000   0.500000000000000   1.000000000000000   1.000000000000000   1.000000000000000   
0.000000000000000   0.000000000000000   1.000000000000000   1.000000000000000   
0.000000000000000   0.002178893568691   0.006520098010365   0.008682408883347   0.000000000000000   0.002200682504378   0.006585298990468   0.008769232972180   
0.050000000000000   0.049904867452294   0.049525061277599   0.049240387650610   0.050500000000000   0.050403916126817   0.050020311890375   0.049732791527117   
1.000000000000000   0.998097349045873   0.998097349045873   1.000000000000000   1.000000000000000   0.998097349045873   0.998097349045873   1.000000000000000   
PATCH 20 
2 1 
4 2 
0.000000000000000   0.000000000000000   0.000000000000000   0.500000000000000   1.000000000000000   1.000000000000000   1.000000000000000   
0.000000000000000   0.000000000000000   1.000000000000000   1.000000000000000   
0.003601861526776   0.004647039985529   0.006737396903034   0.007782575361787   0.000000000000000   0.002178893568691   0.006520098010365   0.008682408883347   
0.048250601363590   0.048114947979023   0.047843641209889   0.047707987825322   0.050000000000000   0.049904867452294   0.049525061277599   0.049240387650610   
1.000000000000000   1.000000000000000   1.000000000000000   1.000000000000000   1.000000000000000   0.998097349045873   0.998097349045873   1.000000000000000   
PATCH 21 
2 1 
13 2 
0.000000000000000   0.000000000000000   0.000000000000000   0.125000000000000   0.125000000000000   0.250000000000000   0.250000000000000   0.500000000000000   0.500000000000000   0.625000000000000   0.625000000000000   0.750000000000000   0.750000000000000   1.000000000000000   1.000000000000000   1.000000000000000   
0.000000000000000   0.000000000000000   1.000000000000000   1.000000000000000   
0.007782575361787   0.006778707463898   0.006822114514148   0.006865521564399   0.007956203562789   0.007895164079575   0.007834124596360   0.007730823055781   0.007734175628704   0.007737528201627   0.007847534888051   0.007964351847325   0.008081168806599   0.008682408883347   0.009214726804819   0.009577143896584   0.010128814996211   0.010622033773357   0.011666196482944   0.012703737696439   0.013221653674069   0.013745117517234   0.014307808356516   0.014870695702475   0.015922311443957   0.016962389233631   
0.047707987825322   0.041126254930066   0.041072706029765   0.041019157129463   0.047493792224116   0.046726446177534   0.045959100130952   0.045341053834292   0.045318685748160   0.045296317662027   0.045869627786422   0.045574527510575   0.045279427234728   0.049240387650610   0.049122375608591   0.048152127310865   0.048173486109269   0.047917609725578   0.047677955392188   0.047410994529139   0.047273809759525   0.047155081951577   0.047163656544576   0.047160404410312   0.046904016070013   0.046603781399401   
1.000000000000000   0.862227251357604   0.862227251357604   0.862227251357604   1.000000000000000   1.000000000000000   1.000000000000000   0.987042836349237   0.987042836349237   0.987042836349237   1.000000000000000   1.000000000000000   1.000000000000000   1.000000000000000   0.999524337261468   0.999167590207569   0.998810843153671   0.998573011784405   0.998097349045873   0.998097349045873   0.998097349045873   0.998216264730506   0.998335180415139   0.998573011784404   0.999048674522936   1.000000000000000   
PATCH 22 
2 2 
13 4 
0.000000000000000   0.000000000000000   0.000000000000000   0.250000000000000   0.250000000000000   0.375000000000000   0.375000000000000   0.500000000000000   0.500000000000000   0.750000000000000   0.750000000000000   0.875000000000000   0.875000000000000   1.000000000000000   1.000000000000000   1.000000000000000   
0.000000000000000   0.000000000000000   0.000000000000000   0.500000000000000   1.000000000000000   1.000000000000000   1.000000000000000   
0.004592979855124   0.004089727531015   0.003586475206906   0.003567904682713   0.003564797370215   0.003561690057718   0.003574045956916   0.003475888136285   0.003377730315655   0.003020358754747   0.003434844234929   0.003145222218821   0.003601861526776   0.005465027092993   0.005058383610093   0.004651740127192   0.004610310562441   0.004607141934838   0.004603973307234   0.004639065616777   0.004580707122108   0.004522348627439   0.003981649457160   0.004281661804734   0.004053593530090   0.004647039985529   0.007209121568730   0.006995695768248   0.006782269967765   0.006695122321899   0.006691831064082   0.006688539806265   0.006769104936499   0.006790345093752   0.006811585251006   0.005904230861986   0.005975296944344   0.005870336152628   0.006737396903034   0.008081168806599   0.007964351847325   0.007847534888051   0.007737528201627   0.007734175628704   0.007730823055781   0.007834124596360   0.007895164079575   0.007956203562789   0.006865521564399   0.006822114514148   0.006778707463898   0.007782575361787   
0.043898609729512   0.045169914004067   0.046441218278622   0.046271740838314   0.046283811033627   0.046295881228940   0.046489499059874   0.047258215778923   0.048026932497971   0.043191911012619   0.048193832207597   0.043316516904083   0.048250601363590   0.044243814105816   0.045271067380694   0.046298320655572   0.046027885044243   0.046042529712261   0.046057174380278   0.046356899327644   0.047125273378576   0.047893647429508   0.042648722541830   0.046413550663139   0.042768951410579   0.048114947979023   0.044934222858424   0.045473374133948   0.046012525409472   0.045540173456099   0.045559967069527   0.045579760682954   0.046091699863182   0.046859388577881   0.047627077292580   0.041562345600252   0.042852987574223   0.041673820423570   0.047843641209889   0.045279427234728   0.045574527510575   0.045869627786422   0.045296317662027   0.045318685748160   0.045341053834292   0.045959100130952   0.046726446177534   0.047493792224116   0.041019157129463   0.041072706029765   0.041126254930066   0.047707987825322   
1.000000000000000   1.000000000000000   1.000000000000000   0.996101174009621   0.996101174009621   0.996101174009621   1.000000000000000   1.000000000000000   1.000000000000000   0.897505178090664   1.000000000000000   0.897505178090664   1.000000000000000   1.000000000000000   1.000000000000000   1.000000000000000   0.993836589594525   0.993836589594525   0.993836589594525   1.000000000000000   1.000000000000000   1.000000000000000   0.888685696407399   0.965556812839401   0.888685696407399   1.000000000000000   1.000000000000000   1.000000000000000   1.000000000000000   0.989307420764333   0.989307420764333   0.989307420764333   1.000000000000000   1.000000000000000   1.000000000000000   0.871046733040869   0.896670438518203   0.871046733040869   1.000000000000000   1.000000000000000   1.000000000000000   1.000000000000000   0.987042836349237   0.987042836349237   0.987042836349237   1.000000000000000   1.000000000000000   1.000000000000000   0.862227251357604   0.862227251357604   0.862227251357604   1.000000000000000   
PATCH 23 
2 1 
13 2 
0.000000000000000   0.000000000000000   0.000000000000000   0.125000000000000   0.125000000000000   0.250000000000000   0.250000000000000   0.500000000000000   0.500000000000000   0.625000000000000   0.625000000000000   0.750000000000000   0.750000000000000   1.000000000000000   1.000000000000000   1.000000000000000   
0.000000000000000   0.000000000000000   1.000000000000000   1.000000000000000   
0.008682408883347   0.009214726804819   0.009577143896584   0.010128814996211   0.010622033773357   0.011666196482944   0.012703737696439   0.013221653674069   0.013745117517234   0.014307808356516   0.014870695702475   0.015922311443957   0.016962389233631   0.008769232972180   0.009306874072867   0.009842960902535   0.010379047732203   0.010913580290852   0.011982645408149   0.013045493441370   0.013576917457981   0.014106787203572   0.014636656949163   0.015164972423735   0.016221603372879   0.017272017237946   
0.049240387650610   0.049122375608591   0.048152127310865   0.048173486109269   0.047917609725578   0.047677955392188   0.047410994529139   0.047273809759525   0.047155081951577   0.047163656544576   0.047160404410312   0.046904016070013   0.046603781399401   0.049732791527117   0.049613599364677   0.049488606583825   0.049363613802972   0.049232820403708   0.048971233605179   0.048686444333000   0.048544049696911   0.048395854442409   0.048247659187908   0.048093663314994   0.047785671569166   0.047454477349688   
1.000000000000000   0.999524337261468   0.999167590207569   0.998810843153671   0.998573011784405   0.998097349045873   0.998097349045873   0.998097349045873   0.998216264730506   0.998335180415139   0.998573011784404   0.999048674522936   1.000000000000000   1.000000000000000   0.999524337261468   0.999167590207569   0.998810843153671   0.998573011784405   0.998097349045873   0.998097349045873   0.998097349045873   0.998216264730506   0.998335180415139   0.998573011784404   0.999048674522936   1.000000000000000   
PATCH 24 
2 1 
6 2 
0.000000000000000   0.000000000000000   0.000000000000000   0.250000000000000   0.500000000000000   0.750000000000000   1.000000000000000   1.000000000000000   1.000000000000000   
0.000000000000000   0.000000000000000   1.000000000000000   1.000000000000000   
0.016962389233631   0.018053924976026   0.020015041364669   0.021946923361067   0.023924264917587   0.024975527973752   0.017272017237946   0.018289568482936   0.020304367573183   0.022298863263696   0.024273055554476   0.025250000000000   
0.046603781399401   0.046427018914168   0.045488923631772   0.044502792541779   0.043607102261958   0.043258883396396   0.047454477349688   0.047032993823604   0.046146485990198   0.045216437375554   0.044242847979673   0.043734282891114   
1.000000000000000   0.999048674522936   0.998097349045873   0.998097349045873   0.999048674522936   1.000000000000000   1.000000000000000   0.999048674522936   0.998097349045873   0.998097349045873   0.999048674522936   1.000000000000000   
PATCH 25 
2 1 
6 2 
0.000000000000000   0.000000000000000   0.000000000000000   0.250000000000000   0.500000000000000   0.750000000000000   1.000000000000000   1.000000000000000   1.000000000000000   
0.000000000000000   0.000000000000000   1.000000000000000   1.000000000000000   
0.016962389233631   0.018053924976026   0.020015041364669   0.021946923361067   0.023924264917587   0.024975527973752   0.008081168806599   0.009238491030565   0.011553135478496   0.013867779926428   0.016182424374359   0.017339746598325   
0.046603781399401   0.046427018914168   0.045488923631772   0.044502792541779   0.043607102261958   0.043258883396396   0.045279427234728   0.042355826846057   0.036508626068714   0.030661425291371   0.024814224514028   0.021890624125356   
1.000000000000000   0.999048674522936   0.998097349045873   0.998097349045873   0.999048674522936   1.000000000000000   1.000000000000000   1.000000000000000   1.000000000000000   1.000000000000000   1.000000000000000   1.000000000000000   
PATCH 26 
2 1 
13 2 
0.000000000000000   0.000000000000000   0.000000000000000   0.250000000000000   0.250000000000000   0.375000000000000   0.375000000000000   0.500000000000000   0.500000000000000   0.750000000000000   0.750000000000000   0.875000000000000   0.875000000000000   1.000000000000000   1.000000000000000   1.000000000000000   
0.000000000000000   0.000000000000000   1.000000000000000   1.000000000000000   
0.024975527973752   0.026284890244786   0.027566927687647   0.028166875612596   0.028775963106940   0.029344550857217   0.030013906595703   0.030888360560678   0.031783142075448   0.032383108413926   0.032917218564075   0.033535911304465   0.034110282395379   0.017339746598325   0.017568892589609   0.017798038580893   0.017797841061425   0.017798295230227   0.017798749399029   0.017799855256101   0.018093585192664   0.018387315129227   0.016838749544197   0.016828069068253   0.016817388592309   0.018344593225452   
0.043258883396396   0.042402440114319   0.041509160746886   0.041002146701408   0.040512235992111   0.039968990056303   0.039563838744255   0.038167646649470   0.036846439524988   0.036373623638097   0.035827010193549   0.035373116364157   0.034869607008201   0.021890624125356   0.021311760870761   0.020732897616166   0.020731040275788   0.020729931943750   0.020728823611711   0.020728464288012   0.020035436772775   0.019342409257538   0.017638995449760   0.017584128479888   0.017529261510016   0.019122941378049   
1.000000000000000   0.998037049444632   0.997055574166949   0.996564836528107   0.996319467708686   0.996074098889265   0.996074098889265   0.996074098889265   0.997055574166948   0.997546311805790   0.998282418264053   0.999018524722316   1.000000000000000   1.000000000000000   1.000000000000000   1.000000000000000   0.999964131983273   0.999964131983273   0.999964131983273   1.000000000000000   1.000000000000000   1.000000000000000   0.914594472063954   0.914594472063954   0.914594472063954   1.000000000000000   
PATCH 27 
2 2 
6 4 
0.000000000000000   0.000000000000000   0.000000000000000   0.250000000000000   0.500000000000000   0.750000000000000   1.000000000000000   1.000000000000000   1.000000000000000   
0.000000000000000   0.000000000000000   0.000000000000000   0.500000000000000   1.000000000000000   1.000000000000000   1.000000000000000   
0.013851557646850   0.012694235422885   0.010379590974953   0.008064946527021   0.005750302079090   0.004592979855124   0.014723604884719   0.013566282660753   0.011251638212822   0.008936993764890   0.006622349316959   0.005465027092993   0.016467699360456   0.015310377136491   0.012995732688559   0.010681088240627   0.008366443792696   0.007209121568730   0.017339746598325   0.016182424374359   0.013867779926428   0.011553135478496   0.009238491030565   0.008081168806599   
0.020509806620140   0.023433407008812   0.029280607786155   0.035127808563498   0.040975009340841   0.043898609729512   0.020855010996444   0.023778611385116   0.029625812162459   0.035473012939802   0.041320213717145   0.044243814105816   0.021545419749052   0.024469020137724   0.030316220915067   0.036163421692410   0.042010622469753   0.044934222858424   0.021890624125356   0.024814224514028   0.030661425291371   0.036508626068714   0.042355826846057   0.045279427234728   
1.000000000000000   1.000000000000000   1.000000000000000   1.000000000000000   1.000000000000000   1.000000000000000   1.000000000000000   1.000000000000000   1.000000000000000   1.000000000000000   1.000000000000000   1.000000000000000   1.000000000000000   1.000000000000000   1.000000000000000   1.000000000000000   1.000000000000000   1.000000000000000   1.000000000000000   1.000000000000000   1.000000000000000   1.000000000000000   1.000000000000000   1.000000000000000   
PATCH 28 
2 2 
13 4 
0.000000000000000   0.000000000000000   0.000000000000000   0.250000000000000   0.250000000000000   0.375000000000000   0.375000000000000   0.500000000000000   0.500000000000000   0.750000000000000   0.750000000000000   0.875000000000000   0.875000000000000   1.000000000000000   1.000000000000000   1.000000000000000   
0.000000000000000   0.000000000000000   0.000000000000000   0.500000000000000   1.000000000000000   1.000000000000000   1.000000000000000   
0.013851557646850   0.014066333604807   0.014281109562763   0.014244359278611   0.014247203627560   0.014250047976509   0.014292486958559   0.014565950271045   0.014839413583530   0.012681786786195   0.014975544969980   0.012880248912403   0.015178172270785   0.014723604884719   0.014941973351007   0.015160341817295   0.015132729724315   0.015134976528227   0.015137223332139   0.015169329032944   0.015447859001450   0.015726388969955   0.013721027475696   0.015438675994549   0.013864533832380   0.015969777509452   0.016467699360456   0.016693252843408   0.016918806326360   0.016909470615722   0.016910522329561   0.016911574043399   0.016923013181715   0.017211676462259   0.017500339742803   0.015799508854696   0.016364938043685   0.015833103672333   0.017552987986785   0.017339746598325   0.017568892589609   0.017798038580893   0.017797841061425   0.017798295230227   0.017798749399029   0.017799855256101   0.018093585192664   0.018387315129227   0.016838749544197   0.016828069068253   0.016817388592309   0.018344593225452   
0.020509806620140   0.019967244608321   0.019424682596502   0.019359450285867   0.019349178629712   0.019338906973557   0.019383595971881   0.017724505590512   0.016065415209143   0.013608333489947   0.015907537387996   0.013544537367432   0.015956520423382   0.020855010996444   0.020303373673931   0.019751736351418   0.019702347783348   0.019694366958222   0.019686386133095   0.019719813050914   0.018302238386078   0.016884663721242   0.014615998979900   0.016326685160969   0.014540718403078   0.016748125662049   0.021545419749052   0.020975631805151   0.020405843861250   0.020388142778308   0.020384743615240   0.020381344452172   0.020392247208979   0.019457703977209   0.018523160745439   0.016631329959807   0.017164980706915   0.016533080474370   0.018331336139382   0.021890624125356   0.021311760870761   0.020732897616166   0.020731040275788   0.020729931943750   0.020728823611711   0.020728464288012   0.020035436772775   0.019342409257538   0.017638995449760   0.017584128479888   0.017529261510016   0.019122941378049   
1.000000000000000   1.000000000000000   1.000000000000000   0.997151957626783   0.997151957626783   0.997151957626783   1.000000000000000   1.000000000000000   1.000000000000000   0.853459281443163   1.000000000000000   0.853459281443163   1.000000000000000   1.000000000000000   1.000000000000000   1.000000000000000   0.997855001215905   0.997855001215905   0.997855001215905   1.000000000000000   1.000000000000000   1.000000000000000   0.868743079098361   0.978648618015989   0.868743079098361   1.000000000000000   1.000000000000000   1.000000000000000   1.000000000000000   0.999261088394150   0.999261088394150   0.999261088394150   1.000000000000000   1.000000000000000   1.000000000000000   0.899310674408757   0.935945854047966   0.899310674408757   1.000000000000000   1.000000000000000   1.000000000000000   1.000000000000000   0.999964131983273   0.999964131983273   0.999964131983273   1.000000000000000   1.000000000000000   1.000000000000000   0.914594472063954   0.914594472063954   0.914594472063954   1.000000000000000   
PATCH 29 
2 1 
13 2 
0.000000000000000   0.000000000000000   0.000000000000000   0.250000000000000   0.250000000000000   0.375000000000000   0.375000000000000   0.500000000000000   0.500000000000000   0.750000000000000   0.750000000000000   0.875000000000000   0.875000000000000   1.000000000000000   1.000000000000000   1.000000000000000   
0.000000000000000   0.000000000000000   1.000000000000000   1.000000000000000   
0.024975527973752   0.026284890244786   0.027566927687647   0.028166875612596   0.028775963106940   0.029344550857217   0.030013906595703   0.030888360560678   0.031783142075448   0.032383108413926   0.032917218564075   0.033535911304465   0.034110282395379   0.025250000000000   0.026178902508932   0.027094027156471   0.027551589480241   0.028005707338662   0.028459825197083   0.028910498590156   0.029811845376303   0.030699414301056   0.031143198763433   0.031583538760461   0.032023878757490   0.032460774289170   
0.043258883396396   0.042402440114319   0.041509160746886   0.041002146701408   0.040512235992111   0.039968990056303   0.039563838744255   0.038167646649470   0.036846439524988   0.036373623638097   0.035827010193549   0.035373116364157   0.034869607008201   0.043734282891114   0.043142506727484   0.042531053738569   0.042225327244111   0.041914681543332   0.041604035842553   0.041288470935453   0.040657341121252   0.040006534481766   0.039681131162023   0.039350808635958   0.039020486109894   0.038685244377508   
1.000000000000000   0.998037049444632   0.997055574166949   0.996564836528107   0.996319467708686   0.996074098889265   0.996074098889265   0.996074098889265   0.997055574166948   0.997546311805790   0.998282418264053   0.999018524722316   1.000000000000000   1.000000000000000   0.999048674522937   0.998573011784405   0.998335180415139   0.998216264730506   0.998097349045873   0.998097349045873   0.998097349045873   0.998573011784405   0.998810843153671   0.999167590207569   0.999524337261468   1.000000000000000   
PATCH 30 
2 1 
6 2 
0.000000000000000   0.000000000000000   0.000000000000000   0.250000000000000   0.500000000000000   0.750000000000000   1.000000000000000   1.000000000000000   1.000000000000000   
0.000000000000000   0.000000000000000   1.000000000000000   1.000000000000000   
0.013851557646850   0.012694235422885   0.010379590974953   0.008064946527021   0.005750302079090   0.004592979855124   0.000000000000000   0.000000000000000   0.000000000000000   0.000000000000000   0.000000000000000   0.000000000000000   
0.020509806620140   0.023433407008812   0.029280607786155   0.035127808563498   0.040975009340841   0.043898609729512   0.014550000000000   0.018218576216189   0.025555728648567   0.032892881080945   0.040230033513323   0.043898609729512   
1.000000000000000   1.000000000000000   1.000000000000000   1.000000000000000   1.000000000000000   1.000000000000000   1.000000000000000   1.000000000000000   1.000000000000000   1.000000000000000   1.000000000000000   1.000000000000000   
PATCH 31 
2 1 
13 2 
0.000000000000000   0.000000000000000   0.000000000000000   0.250000000000000   0.250000000000000   0.375000000000000   0.375000000000000   0.500000000000000   0.500000000000000   0.750000000000000   0.750000000000000   0.875000000000000   0.875000000000000   1.000000000000000   1.000000000000000   1.000000000000000   
0.000000000000000   0.000000000000000   1.000000000000000   1.000000000000000   
0.004592979855124   0.004089727531015   0.003586475206906   0.003567904682713   0.003564797370215   0.003561690057718   0.003574045956916   0.003475888136285   0.003377730315655   0.003020358754747   0.003434844234929   0.003145222218821   0.003601861526776   0.000000000000000   0.000000000000000   0.000000000000000   0.000000000000000   0.000000000000000   0.000000000000000   0.000000000000000   0.000000000000000   0.000000000000000   0.000000000000000   0.000000000000000   0.000000000000000   0.000000000000000   
0.043898609729512   0.045169914004067   0.046441218278622   0.046271740838314   0.046283811033627   0.046295881228940   0.046489499059874   0.047258215778923   0.048026932497971   0.043191911012619   0.048193832207597   0.043316516904083   0.048250601363590   0.043898609729512   0.044661283513323   0.045423957297134   0.045805294189040   0.046186631080945   0.046567967972851   0.046949304864756   0.047711978648567   0.048474652432378   0.048855989324284   0.049237326216189   0.049618663108095   0.050000000000000   
1.000000000000000   1.000000000000000   1.000000000000000   0.996101174009621   0.996101174009621   0.996101174009621   1.000000000000000   1.000000000000000   1.000000000000000   0.897505178090664   1.000000000000000   0.897505178090664   1.000000000000000   1.000000000000000   1.000000000000000   1.000000000000000   1.000000000000000   1.000000000000000   1.000000000000000   1.000000000000000   1.000000000000000   1.000000000000000   1.000000000000000   1.000000000000000   1.000000000000000   1.000000000000000   
PATCH 32 
2 1 
13 2 
0.000000000000000   0.000000000000000   0.000000000000000   0.250000000000000   0.250000000000000   0.375000000000000   0.375000000000000   0.500000000000000   0.500000000000000   0.750000000000000   0.750000000000000   0.875000000000000   0.875000000000000   1.000000000000000   1.000000000000000   1.000000000000000   
0.000000000000000   0.000000000000000   1.000000000000000   1.000000000000000   
0.000000000000000   0.001373494768591   0.002696150754695   0.003357478747747   0.004006097045178   0.004654715342608   0.005290623944417   0.006562441148035   0.007783419569167   0.008393908779733   0.008991688294677   0.009589467809622   0.010174537628944   0.013851557646850   0.014066333604807   0.014281109562763   0.014244359278611   0.014247203627560   0.014250047976509   0.014292486958559   0.014565950271045   0.014839413583530   0.012681786786195   0.014975544969980   0.012880248912403   0.015178172270785   
0.014550000000000   0.014280721841069   0.013886771712896   0.013689796648810   0.013461653592413   0.013233510536016   0.012974199487309   0.012455577389894   0.011812283323238   0.011490636289910   0.011137821264271   0.010785006238632   0.010401023220683   0.020509806620140   0.019967244608321   0.019424682596502   0.019359450285867   0.019349178629712   0.019338906973557   0.019383595971881   0.017724505590512   0.016065415209143   0.013608333489947   0.015907537387996   0.013544537367432   0.015956520423382   
1.000000000000000   0.981492910039109   0.972239365058663   0.967612592568440   0.965299206323329   0.962985820078218   0.962985820078218   0.962985820078218   0.972239365058663   0.976866137548886   0.983806296284220   0.990746455019554   1.000000000000000   1.000000000000000   1.000000000000000   1.000000000000000   0.997151957626783   0.997151957626783   0.997151957626783   1.000000000000000   1.000000000000000   1.000000000000000   0.853459281443163   1.000000000000000   0.853459281443163   1.000000000000000   
INTERFACE 1 
1 2 
5 1 
1 
INTERFACE 2 
1 3 
2 4 
1 
INTERFACE 3 
2 1 
13 2 
1 
INTERFACE 4 
2 2 
3 1 
1 
INTERFACE 5 
2 3 
4 2 
1 
INTERFACE 6 
3 2 
7 1 
-1 
INTERFACE 7 
3 3 
4 4 
-1 
INTERFACE 8 
3 4 
5 3 
1 
INTERFACE 9 
4 1 
9 2 
1 
INTERFACE 10 
4 3 
13 3 
1 
INTERFACE 11 
5 2 
6 1 
1 
INTERFACE 12 
6 2 
11 1 
1 
INTERFACE 13 
6 3 
7 3 
1 
INTERFACE 14 
7 2 
8 1 
1 
INTERFACE 15 
7 4 
9 4 
-1 
INTERFACE 16 
8 2 
15 1 
1 
INTERFACE 17 
8 3 
11 3 
1 
INTERFACE 18 
8 4 
10 4 
1 
INTERFACE 19 
9 1 
10 1 
1 
INTERFACE 20 
9 3 
12 3 
1 
INTERFACE 21 
10 2 
16 3 
1 
INTERFACE 22 
10 3 
14 4 
1 
INTERFACE 23 
11 2 
18 1 
1 
INTERFACE 24 
12 1 
14 1 
-1 
INTERFACE 25 
12 2 
13 1 
1 
INTERFACE 26 
14 2 
17 1 
-1 
INTERFACE 27 
15 2 
26 2 
1 
INTERFACE 28 
15 3 
18 3 
1 
INTERFACE 29 
15 4 
16 2 
1 
INTERFACE 30 
16 1 
17 3 
1 
INTERFACE 31 
16 4 
28 2 
1 
INTERFACE 32 
17 2 
32 2 
-1 
INTERFACE 33 
18 2 
29 2 
1 
INTERFACE 34 
19 2 
23 1 
1 
INTERFACE 35 
19 3 
20 4 
1 
INTERFACE 36 
20 1 
31 2 
1 
INTERFACE 37 
20 2 
21 1 
1 
INTERFACE 38 
20 3 
22 2 
1 
INTERFACE 39 
21 2 
25 1 
-1 
INTERFACE 40 
21 3 
22 4 
-1 
INTERFACE 41 
21 4 
23 3 
1 
INTERFACE 42 
22 1 
27 2 
1 
INTERFACE 43 
22 3 
31 3 
1 
INTERFACE 44 
23 2 
24 1 
1 
INTERFACE 45 
24 2 
29 1 
1 
INTERFACE 46 
24 3 
25 3 
1 
INTERFACE 47 
25 2 
26 1 
1 
INTERFACE 48 
25 4 
27 4 
-1 
INTERFACE 49 
26 3 
29 3 
1 
INTERFACE 50 
26 4 
28 4 
1 
INTERFACE 51 
27 1 
28 1 
1 
INTERFACE 52 
27 3 
30 3 
1 
INTERFACE 53 
28 3 
32 4 
1 
INTERFACE 54 
30 1 
32 1 
-1 
INTERFACE 55 
30 2 
31 1 
1 
BOUNDARY 1 
1 
1 1 
BOUNDARY 2 
1 
1 4 
BOUNDARY 3 
1 
5 4 
BOUNDARY 4 
1 
6 4 
BOUNDARY 5 
1 
11 4 
BOUNDARY 6 
1 
12 4 
BOUNDARY 7 
1 
13 4 
BOUNDARY 8 
1 
14 3 
BOUNDARY 9 
1 
17 4 
BOUNDARY 10 
1 
18 4 
BOUNDARY 11 
1 
19 1 
BOUNDARY 12 
1 
19 4 
BOUNDARY 13 
1 
23 4 
BOUNDARY 14 
1 
24 4 
BOUNDARY 15 
1 
29 4 
BOUNDARY 16 
1 
30 4 
BOUNDARY 17 
1 
31 4 
BOUNDARY 18 
1 
32 3 
