# nurbs mesh v.2.1
#
# 14-Jul-2024
#
2 2 32 55 0 
PATCH 1 
2 1 
4 2 
0.000000000000000   0.000000000000000   0.000000000000000   0.500000000000000   1.000000000000000   1.000000000000000   1.000000000000000   
0.000000000000000   0.000000000000000   1.000000000000000   1.000000000000000   
0.050000000000000   0.049904867452294   0.049525061277599   0.049240387650610   0.050500000000000   0.050403916126817   0.050020311890375   0.049732791527117   
0.000000000000000   0.002178893568691   0.006520098010365   0.008682408883347   0.000000000000000   0.002200682504378   0.006585298990468   0.008769232972180   
1.000000000000000   0.998097349045873   0.998097349045873   1.000000000000000   1.000000000000000   0.998097349045873   0.998097349045873   1.000000000000000   
PATCH 2 
2 1 
4 2 
0.000000000000000   0.000000000000000   0.000000000000000   0.500000000000000   1.000000000000000   1.000000000000000   1.000000000000000   
0.000000000000000   0.000000000000000   1.000000000000000   1.000000000000000   
0.048324896714539   0.048197173824602   0.047941728044728   0.047814005154791   0.050000000000000   0.049904867452294   0.049525061277599   0.049240387650610   
0.003320922717278   0.004456957217632   0.006729026218339   0.007865060718693   0.000000000000000   0.002178893568691   0.006520098010365   0.008682408883347   
1.000000000000000   1.000000000000000   1.000000000000000   1.000000000000000   1.000000000000000   0.998097349045873   0.998097349045873   1.000000000000000   
PATCH 3 
2 1 
13 2 
0.000000000000000   0.000000000000000   0.000000000000000   0.125000000000000   0.125000000000000   0.250000000000000   0.250000000000000   0.500000000000000   0.500000000000000   0.625000000000000   0.625000000000000   0.750000000000000   0.750000000000000   1.000000000000000   1.000000000000000   1.000000000000000   
0.000000000000000   0.000000000000000   1.000000000000000   1.000000000000000   
0.047814005154791   0.043444137337450   0.047727864075083   0.043306212857571   0.047563313087131   0.045569223498228   0.043575133909324   0.042824117849854   0.042798513557541   0.042772909265227   0.043472716740069   0.043236121064534   0.042999525388999   0.049240387650610   0.049122375608591   0.048458507070925   0.048468530216239   0.048242511722960   0.048009690210275   0.047796703006638   0.047660693475905   0.047577207341552   0.047501806463723   0.047411865104789   0.047146741982715   0.046865925511843   
0.007865060718693   0.007230705504334   0.008008002532145   0.007324670846331   0.008035852487450   0.007499540988056   0.006963229488662   0.006840519566702   0.006840422139789   0.006840324712876   0.006962839781011   0.007024545453119   0.007086251125226   0.008682408883347   0.009214726804819   0.009638080831523   0.010190850099264   0.010694055729564   0.011747367823791   0.012807087971499   0.013329858249417   0.013868161796919   0.014410391247526   0.014949986699138   0.016004708600989   0.017057801887648   
1.000000000000000   0.908801932331913   1.000000000000000   0.908801932331913   1.000000000000000   1.000000000000000   1.000000000000000   0.983332461229174   0.983332461229174   0.983332461229174   1.000000000000000   1.000000000000000   1.000000000000000   1.000000000000000   0.999524337261468   0.999167590207569   0.998810843153671   0.998573011784405   0.998097349045873   0.998097349045873   0.998097349045873   0.998216264730506   0.998335180415139   0.998573011784404   0.999048674522936   1.000000000000000   
PATCH 4 
2 2 
13 4 
0.000000000000000   0.000000000000000   0.000000000000000   0.250000000000000   0.250000000000000   0.375000000000000   0.375000000000000   0.500000000000000   0.500000000000000   0.750000000000000   0.750000000000000   0.875000000000000   0.875000000000000   1.000000000000000   1.000000000000000   1.000000000000000   
0.000000000000000   0.000000000000000   0.000000000000000   0.500000000000000   1.000000000000000   1.000000000000000   1.000000000000000   
0.042250692652205   0.044101615219893   0.045952537787581   0.045861047255611   0.045870270026730   0.045879492797850   0.045989428872060   0.047050997947874   0.048112567023688   0.043661941755984   0.048270646821770   0.043779155421499   0.048324896714539   0.042437900836403   0.043885241681053   0.045332582525703   0.045089012758015   0.045102330909433   0.045115649060851   0.045385855131376   0.046680554335462   0.047975253539549   0.043573009531380   0.048134951135098   0.043695400900486   0.048197173824602   0.042812317204800   0.043452494603374   0.044092672001947   0.043544943762823   0.043566452674838   0.043587961586853   0.044178707650008   0.045939667110639   0.047700626571270   0.043395145082174   0.047863559761755   0.043527891858462   0.047941728044728   0.042999525388999   0.043236121064534   0.043472716740069   0.042772909265227   0.042798513557541   0.042824117849854   0.043575133909324   0.045569223498228   0.047563313087131   0.043306212857571   0.047727864075083   0.043444137337450   0.047814005154791   
0.004215030681899   0.003732298185626   0.003249565689354   0.003240098258534   0.003238595293166   0.003237092327798   0.003243553827884   0.003171296641331   0.003099039454779   0.002801160609588   0.003160301422390   0.002923648192035   0.003320922717278   0.004932835792731   0.004555360002500   0.004177884212269   0.004140154872119   0.004139052004822   0.004137949137524   0.004173472743078   0.004253357728012   0.004333242712947   0.003932038168774   0.004372226699829   0.004000412520110   0.004456957217632   0.006368446014394   0.006201483636246   0.006034521258097   0.005940268099291   0.005939965428133   0.005939662756976   0.006033310573467   0.006417479901375   0.006801649229282   0.006193793287145   0.006796077254706   0.006153941176260   0.006729026218339   0.007086251125226   0.007024545453119   0.006962839781011   0.006840324712876   0.006840422139789   0.006840519566702   0.006963229488662   0.007499540988056   0.008035852487450   0.007324670846331   0.008008002532145   0.007230705504334   0.007865060718693   
1.000000000000000   1.000000000000000   1.000000000000000   0.997812253464539   0.997812253464539   0.997812253464539   1.000000000000000   1.000000000000000   1.000000000000000   0.905737782014213   1.000000000000000   0.905737782014213   1.000000000000000   1.000000000000000   1.000000000000000   1.000000000000000   0.994192305405698   0.994192305405698   0.994192305405698   1.000000000000000   1.000000000000000   1.000000000000000   0.906503819593638   1.000000000000000   0.906503819593638   1.000000000000000   1.000000000000000   1.000000000000000   1.000000000000000   0.986952409288016   0.986952409288016   0.986952409288016   1.000000000000000   1.000000000000000   1.000000000000000   0.908035894752488   1.000000000000000   0.908035894752488   1.000000000000000   1.000000000000000   1.000000000000000   1.000000000000000   0.983332461229174   0.983332461229174   0.983332461229174   1.000000000000000   1.000000000000000   1.000000000000000   0.908801932331913   1.000000000000000   0.908801932331913   1.000000000000000   
PATCH 5 
2 1 
13 2 
0.000000000000000   0.000000000000000   0.000000000000000   0.125000000000000   0.125000000000000   0.250000000000000   0.250000000000000   0.500000000000000   0.500000000000000   0.625000000000000   0.625000000000000   0.750000000000000   0.750000000000000   1.000000000000000   1.000000000000000   1.000000000000000   
0.000000000000000   0.000000000000000   1.000000000000000   1.000000000000000   
0.049240387650610   0.049122375608591   0.048458507070925   0.048468530216239   0.048242511722960   0.048009690210275   0.047796703006638   0.047660693475905   0.047577207341552   0.047501806463723   0.047411865104789   0.047146741982715   0.046865925511843   0.049732791527117   0.049613599364677   0.049488606583825   0.049363613802972   0.049232820403708   0.048971233605179   0.048686444333000   0.048544049696911   0.048395854442409   0.048247659187908   0.048093663314994   0.047785671569166   0.047454477349688   
0.008682408883347   0.009214726804819   0.009638080831523   0.010190850099264   0.010694055729564   0.011747367823791   0.012807087971499   0.013329858249417   0.013868161796919   0.014410391247526   0.014949986699138   0.016004708600989   0.017057801887648   0.008769232972180   0.009306874072867   0.009842960902535   0.010379047732203   0.010913580290852   0.011982645408149   0.013045493441370   0.013576917457981   0.014106787203572   0.014636656949163   0.015164972423735   0.016221603372879   0.017272017237946   
1.000000000000000   0.999524337261468   0.999167590207569   0.998810843153671   0.998573011784405   0.998097349045873   0.998097349045873   0.998097349045873   0.998216264730506   0.998335180415139   0.998573011784404   0.999048674522936   1.000000000000000   1.000000000000000   0.999524337261468   0.999167590207569   0.998810843153671   0.998573011784405   0.998097349045873   0.998097349045873   0.998097349045873   0.998216264730506   0.998335180415139   0.998573011784404   0.999048674522936   1.000000000000000   
PATCH 6 
2 1 
6 2 
0.000000000000000   0.000000000000000   0.000000000000000   0.250000000000000   0.500000000000000   0.750000000000000   1.000000000000000   1.000000000000000   1.000000000000000   
0.000000000000000   0.000000000000000   1.000000000000000   1.000000000000000   
0.046865925511843   0.046546760692940   0.045677145709206   0.044604404429565   0.043700528825611   0.043294064608345   0.047454477349688   0.047032993823604   0.046146485990198   0.045216437375554   0.044242847979673   0.043734282891114   
0.017057801887648   0.018100488575004   0.020097858726893   0.021997034111122   0.023975521748315   0.024995839855941   0.017272017237946   0.018289568482936   0.020304367573183   0.022298863263696   0.024273055554476   0.025250000000000   
1.000000000000000   0.999048674522936   0.998097349045873   0.998097349045873   0.999048674522936   1.000000000000000   1.000000000000000   0.999048674522936   0.998097349045873   0.998097349045873   0.999048674522936   1.000000000000000   
PATCH 7 
2 1 
6 2 
0.000000000000000   0.000000000000000   0.000000000000000   0.250000000000000   0.500000000000000   0.750000000000000   1.000000000000000   1.000000000000000   1.000000000000000   
0.000000000000000   0.000000000000000   1.000000000000000   1.000000000000000   
0.046865925511843   0.046546760692940   0.045677145709206   0.044604404429565   0.043700528825611   0.043294064608345   0.042999525388999   0.039868610706456   0.033606781341370   0.027344951976283   0.021083122611197   0.017952207928654   
0.017057801887648   0.018100488575004   0.020097858726893   0.021997034111122   0.023975521748315   0.024995839855941   0.007086251125226   0.007902813787924   0.009535939113320   0.011169064438716   0.012802189764112   0.013618752426810   
1.000000000000000   0.999048674522936   0.998097349045873   0.998097349045873   0.999048674522936   1.000000000000000   1.000000000000000   1.000000000000000   1.000000000000000   1.000000000000000   1.000000000000000   1.000000000000000   
PATCH 8 
2 1 
13 2 
0.000000000000000   0.000000000000000   0.000000000000000   0.250000000000000   0.250000000000000   0.375000000000000   0.375000000000000   0.500000000000000   0.500000000000000   0.750000000000000   0.750000000000000   0.875000000000000   0.875000000000000   1.000000000000000   1.000000000000000   1.000000000000000   
0.000000000000000   0.000000000000000   1.000000000000000   1.000000000000000   
0.043294064608345   0.042423131043922   0.041517378437409   0.041033539717638   0.040508085166602   0.040043641405843   0.039647379940614   0.038345616614247   0.036850621156483   0.036273216612099   0.035702284744406   0.035218212076058   0.034713404027128   0.017952207928654   0.017527935530597   0.017103663132540   0.016910664580393   0.016892674587421   0.016874684594450   0.017031703160655   0.016416749371799   0.015801795582942   0.013777637985791   0.013711674419145   0.013645710852499   0.015537941316358   
0.024995839855941   0.026303024457643   0.027583201549829   0.028202105530569   0.028789572753231   0.029418908040484   0.030099940182909   0.031061188708614   0.031821775803210   0.032332104945684   0.032844482487488   0.033434588790329   0.034006808048227   0.013618752426810   0.013729405393816   0.013840058360822   0.013704642166257   0.013713487256060   0.013722332345862   0.013875438720032   0.014351521227629   0.014827603735225   0.013017740437290   0.013013559256473   0.013009378075655   0.014810879011954   
1.000000000000000   0.998025695598904   0.997038543398356   0.996544967298082   0.996298179247945   0.996051391197808   0.996051391197808   0.996051391197808   0.997038543398356   0.997532119498630   0.998272483649041   0.999012847799452   1.000000000000000   1.000000000000000   1.000000000000000   1.000000000000000   0.989850092867139   0.989850092867139   0.989850092867139   1.000000000000000   1.000000000000000   1.000000000000000   0.875210794163876   0.875210794163876   0.875210794163876   1.000000000000000   
PATCH 9 
2 2 
6 4 
0.000000000000000   0.000000000000000   0.000000000000000   0.250000000000000   0.500000000000000   0.750000000000000   1.000000000000000   1.000000000000000   1.000000000000000   
0.000000000000000   0.000000000000000   0.000000000000000   0.500000000000000   1.000000000000000   1.000000000000000   1.000000000000000   
0.017203375191860   0.020334289874403   0.026596119239490   0.032857948604576   0.039119777969662   0.042250692652205   0.017390583376059   0.020521498058602   0.026783327423688   0.033045156788774   0.039306986153860   0.042437900836403   0.017764999744456   0.020895914426999   0.027157743792085   0.033419573157171   0.039681402522257   0.042812317204800   0.017952207928654   0.021083122611197   0.027344951976283   0.033606781341370   0.039868610706456   0.042999525388999   
0.010747531983482   0.009930969320784   0.008297843995388   0.006664718669993   0.005031593344597   0.004215030681899   0.011465337094314   0.010648774431616   0.009015649106220   0.007382523780824   0.005749398455429   0.004932835792731   0.012900947315978   0.012084384653280   0.010451259327884   0.008818134002488   0.007185008677092   0.006368446014394   0.013618752426810   0.012802189764112   0.011169064438716   0.009535939113320   0.007902813787924   0.007086251125226   
1.000000000000000   1.000000000000000   1.000000000000000   1.000000000000000   1.000000000000000   1.000000000000000   1.000000000000000   1.000000000000000   1.000000000000000   1.000000000000000   1.000000000000000   1.000000000000000   1.000000000000000   1.000000000000000   1.000000000000000   1.000000000000000   1.000000000000000   1.000000000000000   1.000000000000000   1.000000000000000   1.000000000000000   1.000000000000000   1.000000000000000   1.000000000000000   
PATCH 10 
2 2 
13 4 
0.000000000000000   0.000000000000000   0.000000000000000   0.250000000000000   0.250000000000000   0.375000000000000   0.375000000000000   0.500000000000000   0.500000000000000   0.750000000000000   0.750000000000000   0.875000000000000   0.875000000000000   1.000000000000000   1.000000000000000   1.000000000000000   
0.000000000000000   0.000000000000000   0.000000000000000   0.500000000000000   1.000000000000000   1.000000000000000   1.000000000000000   
0.017203375191860   0.016588469063225   0.015973562934590   0.015949319767551   0.015942991851986   0.015936663936421   0.015948251272331   0.014617125297693   0.013285999323056   0.011623416947378   0.013165706613380   0.011586184327311   0.013220362567541   0.017390583376059   0.016823335680068   0.016256087984078   0.016189655970762   0.016180412535845   0.016171169100929   0.016219114244412   0.015067031316220   0.013914948388028   0.012161972206982   0.013302198564821   0.012101065958608   0.013799757254745   0.017764999744456   0.017293068913754   0.016821138083053   0.016670328377182   0.016655253903562   0.016640179429943   0.016760840188574   0.015966843353272   0.015172846517971   0.013239082726188   0.013575182467704   0.013130829221202   0.014958546629153   0.017952207928654   0.017527935530597   0.017103663132540   0.016910664580393   0.016892674587421   0.016874684594450   0.017031703160655   0.016416749371799   0.015801795582942   0.013777637985791   0.013711674419145   0.013645710852499   0.015537941316358   
0.010747531983482   0.010907903452084   0.011068274920687   0.011057632391813   0.011059742591385   0.011061852790958   0.011076715718975   0.011621754492722   0.012166793266469   0.010760109472182   0.012312462053307   0.010945321414191   0.012493300263137   0.011465337094314   0.011613278937517   0.011761220780721   0.011719384835424   0.011723178757554   0.011726972679684   0.011776396469239   0.012304196176449   0.012831995883658   0.011324517213459   0.012487736354098   0.011461335579557   0.013072694950341   0.012900947315978   0.013024029908383   0.013147112500788   0.013042889722646   0.013050051089891   0.013057212457136   0.013175757969768   0.013669079543902   0.014162401118036   0.012453332696013   0.012838284955681   0.012493363910289   0.014231484324750   0.013618752426810   0.013729405393816   0.013840058360822   0.013704642166257   0.013713487256060   0.013722332345862   0.013875438720032   0.014351521227629   0.014827603735225   0.013017740437290   0.013013559256473   0.013009378075655   0.014810879011954   
1.000000000000000   1.000000000000000   1.000000000000000   0.998886373395024   0.998886373395024   0.998886373395024   1.000000000000000   1.000000000000000   1.000000000000000   0.881441534292648   1.000000000000000   0.881441534292648   1.000000000000000   1.000000000000000   1.000000000000000   1.000000000000000   0.996627303263053   0.996627303263053   0.996627303263053   1.000000000000000   1.000000000000000   1.000000000000000   0.879883849260455   0.968802698540969   0.879883849260455   1.000000000000000   1.000000000000000   1.000000000000000   1.000000000000000   0.992109162999110   0.992109162999110   0.992109162999110   1.000000000000000   1.000000000000000   1.000000000000000   0.876768479196069   0.906408095622907   0.876768479196069   1.000000000000000   1.000000000000000   1.000000000000000   1.000000000000000   0.989850092867139   0.989850092867139   0.989850092867139   1.000000000000000   1.000000000000000   1.000000000000000   0.875210794163876   0.875210794163876   0.875210794163876   1.000000000000000   
PATCH 11 
2 1 
13 2 
0.000000000000000   0.000000000000000   0.000000000000000   0.250000000000000   0.250000000000000   0.375000000000000   0.375000000000000   0.500000000000000   0.500000000000000   0.750000000000000   0.750000000000000   0.875000000000000   0.875000000000000   1.000000000000000   1.000000000000000   1.000000000000000   
0.000000000000000   0.000000000000000   1.000000000000000   1.000000000000000   
0.043294064608345   0.042423131043922   0.041517378437409   0.041033539717638   0.040508085166602   0.040043641405843   0.039647379940614   0.038345616614247   0.036850621156483   0.036273216612099   0.035702284744406   0.035218212076058   0.034713404027128   0.043734282891114   0.043142506727484   0.042531053738569   0.042225327244111   0.041914681543332   0.041604035842553   0.041288470935453   0.040657341121252   0.040006534481766   0.039681131162023   0.039350808635958   0.039020486109894   0.038685244377508   
0.024995839855941   0.026303024457643   0.027583201549829   0.028202105530569   0.028789572753231   0.029418908040484   0.030099940182909   0.031061188708614   0.031821775803210   0.032332104945684   0.032844482487488   0.033434588790329   0.034006808048227   0.025250000000000   0.026178902508932   0.027094027156471   0.027551589480241   0.028005707338662   0.028459825197083   0.028910498590156   0.029811845376303   0.030699414301056   0.031143198763433   0.031583538760461   0.032023878757490   0.032460774289170   
1.000000000000000   0.998025695598904   0.997038543398356   0.996544967298082   0.996298179247945   0.996051391197808   0.996051391197808   0.996051391197808   0.997038543398356   0.997532119498630   0.998272483649041   0.999012847799452   1.000000000000000   1.000000000000000   0.999048674522937   0.998573011784405   0.998335180415139   0.998216264730506   0.998097349045873   0.998097349045873   0.998097349045873   0.998573011784405   0.998810843153671   0.999167590207569   0.999524337261468   1.000000000000000   
PATCH 12 
2 1 
6 2 
0.000000000000000   0.000000000000000   0.000000000000000   0.250000000000000   0.500000000000000   0.750000000000000   1.000000000000000   1.000000000000000   1.000000000000000   
0.000000000000000   0.000000000000000   1.000000000000000   1.000000000000000   
0.017203375191860   0.020334289874403   0.026596119239490   0.032857948604576   0.039119777969662   0.042250692652205   0.014550000000000   0.018012586581526   0.024937759744577   0.031862932907628   0.038788106070679   0.042250692652205   
0.010747531983482   0.009930969320784   0.008297843995388   0.006664718669993   0.005031593344597   0.004215030681899   0.000000000000000   0.000000000000000   0.000000000000000   0.000000000000000   0.000000000000000   0.000000000000000   
1.000000000000000   1.000000000000000   1.000000000000000   1.000000000000000   1.000000000000000   1.000000000000000   1.000000000000000   1.000000000000000   1.000000000000000   1.000000000000000   1.000000000000000   1.000000000000000   
PATCH 13 
2 1 
13 2 
0.000000000000000   0.000000000000000   0.000000000000000   0.250000000000000   0.250000000000000   0.375000000000000   0.375000000000000   0.500000000000000   0.500000000000000   0.750000000000000   0.750000000000000   0.875000000000000   0.875000000000000   1.000000000000000   1.000000000000000   1.000000000000000   
0.000000000000000   0.000000000000000   1.000000000000000   1.000000000000000   
0.042250692652205   0.044101615219893   0.045952537787581   0.045861047255611   0.045870270026730   0.045879492797850   0.045989428872060   0.047050997947874   0.048112567023688   0.043661941755984   0.048270646821770   0.043779155421499   0.048324896714539   0.042250692652205   0.043219356070679   0.044188019489154   0.044672351198391   0.045156682907628   0.045641014616865   0.046125346326103   0.047094009744577   0.048062673163051   0.048547004872288   0.049031336581526   0.049515668290763   0.050000000000000   
0.004215030681899   0.003732298185626   0.003249565689354   0.003240098258534   0.003238595293166   0.003237092327798   0.003243553827884   0.003171296641331   0.003099039454779   0.002801160609588   0.003160301422390   0.002923648192035   0.003320922717278   0.000000000000000   0.000000000000000   0.000000000000000   0.000000000000000   0.000000000000000   0.000000000000000   0.000000000000000   0.000000000000000   0.000000000000000   0.000000000000000   0.000000000000000   0.000000000000000   0.000000000000000   
1.000000000000000   1.000000000000000   1.000000000000000   0.997812253464539   0.997812253464539   0.997812253464539   1.000000000000000   1.000000000000000   1.000000000000000   0.905737782014213   1.000000000000000   0.905737782014213   1.000000000000000   1.000000000000000   1.000000000000000   1.000000000000000   1.000000000000000   1.000000000000000   1.000000000000000   1.000000000000000   1.000000000000000   1.000000000000000   1.000000000000000   1.000000000000000   1.000000000000000   1.000000000000000   
PATCH 14 
2 1 
13 2 
0.000000000000000   0.000000000000000   0.000000000000000   0.250000000000000   0.250000000000000   0.375000000000000   0.375000000000000   0.500000000000000   0.500000000000000   0.750000000000000   0.750000000000000   0.875000000000000   0.875000000000000   1.000000000000000   1.000000000000000   1.000000000000000   
0.000000000000000   0.000000000000000   1.000000000000000   1.000000000000000   
0.014550000000000   0.014280223584119   0.013885562989792   0.013688232692628   0.013459681350852   0.013231130009077   0.012971357622689   0.012451812849915   0.011807383898693   0.011485169423083   0.011131733902860   0.010778298382638   0.010393641817804   0.017203375191860   0.016588469063225   0.015973562934590   0.015949319767551   0.015942991851986   0.015936663936421   0.015948251272331   0.014617125297693   0.013285999323056   0.011623416947378   0.013165706613380   0.011586184327311   0.013220362567541   
0.000000000000000   0.001374716011025   0.002698453883450   0.003360322819663   0.004009447221226   0.004658571622789   0.005294951489702   0.006567711223528   0.007789492818756   0.008400383616370   0.008998529879333   0.009596676142297   0.010182077870612   0.010747531983482   0.010907903452084   0.011068274920687   0.011057632391813   0.011059742591385   0.011061852790958   0.011076715718975   0.011621754492722   0.012166793266469   0.010760109472182   0.012312462053307   0.010945321414191   0.012493300263137   
1.000000000000000   0.981458665575203   0.972187998362805   0.967552664756606   0.965234997953506   0.962917331150406   0.962917331150406   0.962917331150406   0.972187998362805   0.976823331969004   0.983776332378303   0.990729332787602   1.000000000000000   1.000000000000000   1.000000000000000   1.000000000000000   0.998886373395024   0.998886373395024   0.998886373395024   1.000000000000000   1.000000000000000   1.000000000000000   0.881441534292648   1.000000000000000   0.881441534292648   1.000000000000000   
PATCH 15 
2 1 
4 2 
0.000000000000000   0.000000000000000   0.000000000000000   0.500000000000000   1.000000000000000   1.000000000000000   1.000000000000000   
0.000000000000000   0.000000000000000   1.000000000000000   1.000000000000000   
0.034713404027128   0.034550400781979   0.034196972495593   0.034006808048227   0.015537941316358   0.015356175740257   0.014992644588055   0.014810879011954   
0.034006808048227   0.034196972495593   0.034550400781979   0.034713404027128   0.014810879011954   0.014992644588055   0.015356175740257   0.015537941316358   
1.000000000000000   0.999973571115881   0.999973571115881   1.000000000000000   1.000000000000000   1.000000000000000   1.000000000000000   1.000000000000000   
PATCH 16 
2 2 
4 4 
0.000000000000000   0.000000000000000   0.000000000000000   0.500000000000000   1.000000000000000   1.000000000000000   1.000000000000000   
0.000000000000000   0.000000000000000   0.000000000000000   0.500000000000000   1.000000000000000   1.000000000000000   1.000000000000000   
0.013220362567541   0.013799757254745   0.014958546629153   0.015537941316358   0.013038596991440   0.013617991678644   0.014776781053052   0.015356175740257   0.012675065839238   0.013254460526442   0.014413249900851   0.014992644588055   0.012493300263137   0.013072694950341   0.014231484324750   0.014810879011954   
0.012493300263137   0.013072694950341   0.014231484324750   0.014810879011954   0.012675065839238   0.013254460526442   0.014413249900851   0.014992644588055   0.013038596991440   0.013617991678644   0.014776781053052   0.015356175740257   0.013220362567541   0.013799757254745   0.014958546629153   0.015537941316358   
1.000000000000000   1.000000000000000   1.000000000000000   1.000000000000000   1.000000000000000   1.000000000000000   1.000000000000000   1.000000000000000   1.000000000000000   1.000000000000000   1.000000000000000   1.000000000000000   1.000000000000000   1.000000000000000   1.000000000000000   1.000000000000000   
PATCH 17 
2 1 
4 2 
0.000000000000000   0.000000000000000   0.000000000000000   0.500000000000000   1.000000000000000   1.000000000000000   1.000000000000000   
0.000000000000000   0.000000000000000   1.000000000000000   1.000000000000000   
0.013220362567541   0.013038596991440   0.012675065839238   0.012493300263137   0.010393641817804   0.010341022742034   0.010235240768438   0.010182077870612   
0.012493300263137   0.012675065839238   0.013038596991440   0.013220362567541   0.010182077870612   0.010235240768438   0.010341022742034   0.010393641817804   
1.000000000000000   1.000000000000000   1.000000000000000   1.000000000000000   1.000000000000000   0.999973571115881   0.999973571115881   1.000000000000000   
PATCH 18 
2 1 
4 2 
0.000000000000000   0.000000000000000   0.000000000000000   0.500000000000000   1.000000000000000   1.000000000000000   1.000000000000000   
0.000000000000000   0.000000000000000   1.000000000000000   1.000000000000000   
0.034713404027128   0.034550400781979   0.034196972495593   0.034006808048227   0.038685244377508   0.037197068413715   0.034084833369545   0.032460774289170   
0.034006808048227   0.034196972495593   0.034550400781979   0.034713404027128   0.032460774289170   0.034084833369545   0.037197068413715   0.038685244377508   
1.000000000000000   0.999973571115881   0.999973571115881   1.000000000000000   1.000000000000000   0.998097349045873   0.998097349045873   1.000000000000000   
PATCH 19 
2 1 
4 2 
0.000000000000000   0.000000000000000   0.000000000000000   0.500000000000000   1.000000000000000   1.000000000000000   1.000000000000000   
0.000000000000000   0.000000000000000   1.000000000000000   1.000000000000000   
0.000000000000000   0.002178893568691   0.006520098010365   0.008682408883347   0.000000000000000   0.002200682504378   0.006585298990468   0.008769232972180   
0.050000000000000   0.049904867452294   0.049525061277599   0.049240387650610   0.050500000000000   0.050403916126817   0.050020311890375   0.049732791527117   
1.000000000000000   0.998097349045873   0.998097349045873   1.000000000000000   1.000000000000000   0.998097349045873   0.998097349045873   1.000000000000000   
PATCH 20 
2 1 
4 2 
0.000000000000000   0.000000000000000   0.000000000000000   0.500000000000000   1.000000000000000   1.000000000000000   1.000000000000000   
0.000000000000000   0.000000000000000   1.000000000000000   1.000000000000000   
0.003320922717278   0.004456957217632   0.006729026218339   0.007865060718693   0.000000000000000   0.002178893568691   0.006520098010365   0.008682408883347   
0.048324896714539   0.048197173824602   0.047941728044728   0.047814005154791   0.050000000000000   0.049904867452294   0.049525061277599   0.049240387650610   
1.000000000000000   1.000000000000000   1.000000000000000   1.000000000000000   1.000000000000000   0.998097349045873   0.998097349045873   1.000000000000000   
PATCH 21 
2 1 
13 2 
0.000000000000000   0.000000000000000   0.000000000000000   0.125000000000000   0.125000000000000   0.250000000000000   0.250000000000000   0.500000000000000   0.500000000000000   0.625000000000000   0.625000000000000   0.750000000000000   0.750000000000000   1.000000000000000   1.000000000000000   1.000000000000000   
0.000000000000000   0.000000000000000   1.000000000000000   1.000000000000000   
0.007865060718693   0.007230705504334   0.008008002532145   0.007324670846331   0.008035852487450   0.007499540988056   0.006963229488662   0.006840519566702   0.006840422139789   0.006840324712876   0.006962839781011   0.007024545453119   0.007086251125226   0.008682408883347   0.009214726804819   0.009638080831523   0.010190850099264   0.010694055729564   0.011747367823791   0.012807087971499   0.013329858249417   0.013868161796919   0.014410391247526   0.014949986699138   0.016004708600989   0.017057801887648   
0.047814005154791   0.043444137337450   0.047727864075083   0.043306212857571   0.047563313087131   0.045569223498228   0.043575133909324   0.042824117849854   0.042798513557541   0.042772909265227   0.043472716740069   0.043236121064534   0.042999525388999   0.049240387650610   0.049122375608591   0.048458507070925   0.048468530216239   0.048242511722960   0.048009690210275   0.047796703006638   0.047660693475905   0.047577207341552   0.047501806463723   0.047411865104789   0.047146741982715   0.046865925511843   
1.000000000000000   0.908801932331913   1.000000000000000   0.908801932331913   1.000000000000000   1.000000000000000   1.000000000000000   0.983332461229174   0.983332461229174   0.983332461229174   1.000000000000000   1.000000000000000   1.000000000000000   1.000000000000000   0.999524337261468   0.999167590207569   0.998810843153671   0.998573011784405   0.998097349045873   0.998097349045873   0.998097349045873   0.998216264730506   0.998335180415139   0.998573011784404   0.999048674522936   1.000000000000000   
PATCH 22 
2 2 
13 4 
0.000000000000000   0.000000000000000   0.000000000000000   0.250000000000000   0.250000000000000   0.375000000000000   0.375000000000000   0.500000000000000   0.500000000000000   0.750000000000000   0.750000000000000   0.875000000000000   0.875000000000000   1.000000000000000   1.000000000000000   1.000000000000000   
0.000000000000000   0.000000000000000   0.000000000000000   0.500000000000000   1.000000000000000   1.000000000000000   1.000000000000000   
0.004215030681899   0.003732298185626   0.003249565689354   0.003240098258534   0.003238595293166   0.003237092327798   0.003243553827884   0.003171296641331   0.003099039454779   0.002801160609588   0.003160301422390   0.002923648192035   0.003320922717278   0.004932835792731   0.004555360002500   0.004177884212269   0.004140154872119   0.004139052004822   0.004137949137524   0.004173472743078   0.004253357728012   0.004333242712947   0.003932038168774   0.004372226699829   0.004000412520110   0.004456957217632   0.006368446014394   0.006201483636246   0.006034521258097   0.005940268099291   0.005939965428133   0.005939662756976   0.006033310573467   0.006417479901375   0.006801649229282   0.006193793287145   0.006796077254706   0.006153941176260   0.006729026218339   0.007086251125226   0.007024545453119   0.006962839781011   0.006840324712876   0.006840422139789   0.006840519566702   0.006963229488662   0.007499540988056   0.008035852487450   0.007324670846331   0.008008002532145   0.007230705504334   0.007865060718693   
0.042250692652205   0.044101615219893   0.045952537787581   0.045861047255611   0.045870270026730   0.045879492797850   0.045989428872060   0.047050997947874   0.048112567023688   0.043661941755984   0.048270646821770   0.043779155421499   0.048324896714539   0.042437900836403   0.043885241681053   0.045332582525703   0.045089012758015   0.045102330909433   0.045115649060851   0.045385855131376   0.046680554335462   0.047975253539549   0.043573009531380   0.048134951135098   0.043695400900486   0.048197173824602   0.042812317204800   0.043452494603374   0.044092672001947   0.043544943762823   0.043566452674838   0.043587961586853   0.044178707650008   0.045939667110639   0.047700626571270   0.043395145082174   0.047863559761755   0.043527891858462   0.047941728044728   0.042999525388999   0.043236121064534   0.043472716740069   0.042772909265227   0.042798513557541   0.042824117849854   0.043575133909324   0.045569223498228   0.047563313087131   0.043306212857571   0.047727864075083   0.043444137337450   0.047814005154791   
1.000000000000000   1.000000000000000   1.000000000000000   0.997812253464539   0.997812253464539   0.997812253464539   1.000000000000000   1.000000000000000   1.000000000000000   0.905737782014213   1.000000000000000   0.905737782014213   1.000000000000000   1.000000000000000   1.000000000000000   1.000000000000000   0.994192305405698   0.994192305405698   0.994192305405698   1.000000000000000   1.000000000000000   1.000000000000000   0.906503819593638   1.000000000000000   0.906503819593638   1.000000000000000   1.000000000000000   1.000000000000000   1.000000000000000   0.986952409288016   0.986952409288016   0.986952409288016   1.000000000000000   1.000000000000000   1.000000000000000   0.908035894752488   1.000000000000000   0.908035894752488   1.000000000000000   1.000000000000000   1.000000000000000   1.000000000000000   0.983332461229174   0.983332461229174   0.983332461229174   1.000000000000000   1.000000000000000   1.000000000000000   0.908801932331913   1.000000000000000   0.908801932331913   1.000000000000000   
PATCH 23 
2 1 
13 2 
0.000000000000000   0.000000000000000   0.000000000000000   0.125000000000000   0.125000000000000   0.250000000000000   0.250000000000000   0.500000000000000   0.500000000000000   0.625000000000000   0.625000000000000   0.750000000000000   0.750000000000000   1.000000000000000   1.000000000000000   1.000000000000000   
0.000000000000000   0.000000000000000   1.000000000000000   1.000000000000000   
0.008682408883347   0.009214726804819   0.009638080831523   0.010190850099264   0.010694055729564   0.011747367823791   0.012807087971499   0.013329858249417   0.013868161796919   0.014410391247526   0.014949986699138   0.016004708600989   0.017057801887648   0.008769232972180   0.009306874072867   0.009842960902535   0.010379047732203   0.010913580290852   0.011982645408149   0.013045493441370   0.013576917457981   0.014106787203572   0.014636656949163   0.015164972423735   0.016221603372879   0.017272017237946   
0.049240387650610   0.049122375608591   0.048458507070925   0.048468530216239   0.048242511722960   0.048009690210275   0.047796703006638   0.047660693475905   0.047577207341552   0.047501806463723   0.047411865104789   0.047146741982715   0.046865925511843   0.049732791527117   0.049613599364677   0.049488606583825   0.049363613802972   0.049232820403708   0.048971233605179   0.048686444333000   0.048544049696911   0.048395854442409   0.048247659187908   0.048093663314994   0.047785671569166   0.047454477349688   
1.000000000000000   0.999524337261468   0.999167590207569   0.998810843153671   0.998573011784405   0.998097349045873   0.998097349045873   0.998097349045873   0.998216264730506   0.998335180415139   0.998573011784404   0.999048674522936   1.000000000000000   1.000000000000000   0.999524337261468   0.999167590207569   0.998810843153671   0.998573011784405   0.998097349045873   0.998097349045873   0.998097349045873   0.998216264730506   0.998335180415139   0.998573011784404   0.999048674522936   1.000000000000000   
PATCH 24 
2 1 
6 2 
0.000000000000000   0.000000000000000   0.000000000000000   0.250000000000000   0.500000000000000   0.750000000000000   1.000000000000000   1.000000000000000   1.000000000000000   
0.000000000000000   0.000000000000000   1.000000000000000   1.000000000000000   
0.017057801887648   0.018100488575004   0.020097858726893   0.021997034111122   0.023975521748315   0.024995839855941   0.017272017237946   0.018289568482936   0.020304367573183   0.022298863263696   0.024273055554476   0.025250000000000   
0.046865925511843   0.046546760692940   0.045677145709206   0.044604404429565   0.043700528825611   0.043294064608345   0.047454477349688   0.047032993823604   0.046146485990198   0.045216437375554   0.044242847979673   0.043734282891114   
1.000000000000000   0.999048674522936   0.998097349045873   0.998097349045873   0.999048674522936   1.000000000000000   1.000000000000000   0.999048674522936   0.998097349045873   0.998097349045873   0.999048674522936   1.000000000000000   
PATCH 25 
2 1 
6 2 
0.000000000000000   0.000000000000000   0.000000000000000   0.250000000000000   0.500000000000000   0.750000000000000   1.000000000000000   1.000000000000000   1.000000000000000   
0.000000000000000   0.000000000000000   1.000000000000000   1.000000000000000   
0.017057801887648   0.018100488575004   0.020097858726893   0.021997034111122   0.023975521748315   0.024995839855941   0.007086251125226   0.007902813787924   0.009535939113320   0.011169064438716   0.012802189764112   0.013618752426810   
0.046865925511843   0.046546760692940   0.045677145709206   0.044604404429565   0.043700528825611   0.043294064608345   0.042999525388999   0.039868610706456   0.033606781341370   0.027344951976283   0.021083122611197   0.017952207928654   
1.000000000000000   0.999048674522936   0.998097349045873   0.998097349045873   0.999048674522936   1.000000000000000   1.000000000000000   1.000000000000000   1.000000000000000   1.000000000000000   1.000000000000000   1.000000000000000   
PATCH 26 
2 1 
13 2 
0.000000000000000   0.000000000000000   0.000000000000000   0.250000000000000   0.250000000000000   0.375000000000000   0.375000000000000   0.500000000000000   0.500000000000000   0.750000000000000   0.750000000000000   0.875000000000000   0.875000000000000   1.000000000000000   1.000000000000000   1.000000000000000   
0.000000000000000   0.000000000000000   1.000000000000000   1.000000000000000   
0.024995839855941   0.026303024457643   0.027583201549829   0.028202105530569   0.028789572753231   0.029418908040484   0.030099940182909   0.031061188708614   0.031821775803210   0.032332104945684   0.032844482487488   0.033434588790329   0.034006808048227   0.013618752426810   0.013729405393816   0.013840058360822   0.013704642166257   0.013713487256060   0.013722332345862   0.013875438720032   0.014351521227629   0.014827603735225   0.013017740437290   0.013013559256473   0.013009378075655   0.014810879011954   
0.043294064608345   0.042423131043922   0.041517378437409   0.041033539717638   0.040508085166602   0.040043641405843   0.039647379940614   0.038345616614247   0.036850621156483   0.036273216612099   0.035702284744406   0.035218212076058   0.034713404027128   0.017952207928654   0.017527935530597   0.017103663132540   0.016910664580393   0.016892674587421   0.016874684594450   0.017031703160655   0.016416749371799   0.015801795582942   0.013777637985791   0.013711674419145   0.013645710852499   0.015537941316358   
1.000000000000000   0.998025695598904   0.997038543398356   0.996544967298082   0.996298179247945   0.996051391197808   0.996051391197808   0.996051391197808   0.997038543398356   0.997532119498630   0.998272483649041   0.999012847799452   1.000000000000000   1.000000000000000   1.000000000000000   1.000000000000000   0.989850092867139   0.989850092867139   0.989850092867139   1.000000000000000   1.000000000000000   1.000000000000000   0.875210794163876   0.875210794163876   0.875210794163876   1.000000000000000   
PATCH 27 
2 2 
6 4 
0.000000000000000   0.000000000000000   0.000000000000000   0.250000000000000   0.500000000000000   0.750000000000000   1.000000000000000   1.000000000000000   1.000000000000000   
0.000000000000000   0.000000000000000   0.000000000000000   0.500000000000000   1.000000000000000   1.000000000000000   1.000000000000000   
0.010747531983482   0.009930969320784   0.008297843995388   0.006664718669993   0.005031593344597   0.004215030681899   0.011465337094314   0.010648774431616   0.009015649106220   0.007382523780824   0.005749398455429   0.004932835792731   0.012900947315978   0.012084384653280   0.010451259327884   0.008818134002488   0.007185008677092   0.006368446014394   0.013618752426810   0.012802189764112   0.011169064438716   0.009535939113320   0.007902813787924   0.007086251125226   
0.017203375191860   0.020334289874403   0.026596119239490   0.032857948604576   0.039119777969662   0.042250692652205   0.017390583376059   0.020521498058602   0.026783327423688   0.033045156788774   0.039306986153860   0.042437900836403   0.017764999744456   0.020895914426999   0.027157743792085   0.033419573157171   0.039681402522257   0.042812317204800   0.017952207928654   0.021083122611197   0.027344951976283   0.033606781341370   0.039868610706456   0.042999525388999   
1.000000000000000   1.000000000000000   1.000000000000000   1.000000000000000   1.000000000000000   1.000000000000000   1.000000000000000   1.000000000000000   1.000000000000000   1.000000000000000   1.000000000000000   1.000000000000000   1.000000000000000   1.000000000000000   1.000000000000000   1.000000000000000   1.000000000000000   1.000000000000000   1.000000000000000   1.000000000000000   1.000000000000000   1.000000000000000   1.000000000000000   1.000000000000000   
PATCH 28 
2 2 
13 4 
0.000000000000000   0.000000000000000   0.000000000000000   0.250000000000000   0.250000000000000   0.375000000000000   0.375000000000000   0.500000000000000   0.500000000000000   0.750000000000000   0.750000000000000   0.875000000000000   0.875000000000000   1.000000000000000   1.000000000000000   1.000000000000000   
0.000000000000000   0.000000000000000   0.000000000000000   0.500000000000000   1.000000000000000   1.000000000000000   1.000000000000000   
0.010747531983482   0.010907903452084   0.011068274920687   0.011057632391813   0.011059742591385   0.011061852790958   0.011076715718975   0.011621754492722   0.012166793266469   0.010760109472182   0.012312462053307   0.010945321414191   0.012493300263137   0.011465337094314   0.011613278937517   0.011761220780721   0.011719384835424   0.011723178757554   0.011726972679684   0.011776396469239   0.012304196176449   0.012831995883658   0.011324517213459   0.012487736354098   0.011461335579557   0.013072694950341   0.012900947315978   0.013024029908383   0.013147112500788   0.013042889722646   0.013050051089891   0.013057212457136   0.013175757969768   0.013669079543902   0.014162401118036   0.012453332696013   0.012838284955681   0.012493363910289   0.014231484324750   0.013618752426810   0.013729405393816   0.013840058360822   0.013704642166257   0.013713487256060   0.013722332345862   0.013875438720032   0.014351521227629   0.014827603735225   0.013017740437290   0.013013559256473   0.013009378075655   0.014810879011954   
0.017203375191860   0.016588469063225   0.015973562934590   0.015949319767551   0.015942991851986   0.015936663936421   0.015948251272331   0.014617125297693   0.013285999323056   0.011623416947378   0.013165706613380   0.011586184327311   0.013220362567541   0.017390583376059   0.016823335680068   0.016256087984078   0.016189655970762   0.016180412535845   0.016171169100929   0.016219114244412   0.015067031316220   0.013914948388028   0.012161972206982   0.013302198564821   0.012101065958608   0.013799757254745   0.017764999744456   0.017293068913754   0.016821138083053   0.016670328377182   0.016655253903562   0.016640179429943   0.016760840188574   0.015966843353272   0.015172846517971   0.013239082726188   0.013575182467704   0.013130829221202   0.014958546629153   0.017952207928654   0.017527935530597   0.017103663132540   0.016910664580393   0.016892674587421   0.016874684594450   0.017031703160655   0.016416749371799   0.015801795582942   0.013777637985791   0.013711674419145   0.013645710852499   0.015537941316358   
1.000000000000000   1.000000000000000   1.000000000000000   0.998886373395024   0.998886373395024   0.998886373395024   1.000000000000000   1.000000000000000   1.000000000000000   0.881441534292648   1.000000000000000   0.881441534292648   1.000000000000000   1.000000000000000   1.000000000000000   1.000000000000000   0.996627303263053   0.996627303263053   0.996627303263053   1.000000000000000   1.000000000000000   1.000000000000000   0.879883849260455   0.968802698540969   0.879883849260455   1.000000000000000   1.000000000000000   1.000000000000000   1.000000000000000   0.992109162999110   0.992109162999110   0.992109162999110   1.000000000000000   1.000000000000000   1.000000000000000   0.876768479196069   0.906408095622907   0.876768479196069   1.000000000000000   1.000000000000000   1.000000000000000   1.000000000000000   0.989850092867139   0.989850092867139   0.989850092867139   1.000000000000000   1.000000000000000   1.000000000000000   0.875210794163876   0.875210794163876   0.875210794163876   1.000000000000000   
PATCH 29 
2 1 
13 2 
0.000000000000000   0.000000000000000   0.000000000000000   0.250000000000000   0.250000000000000   0.375000000000000   0.375000000000000   0.500000000000000   0.500000000000000   0.750000000000000   0.750000000000000   0.875000000000000   0.875000000000000   1.000000000000000   1.000000000000000   1.000000000000000   
0.000000000000000   0.000000000000000   1.000000000000000   1.000000000000000   
0.024995839855941   0.026303024457643   0.027583201549829   0.028202105530569   0.028789572753231   0.029418908040484   0.030099940182909   0.031061188708614   0.031821775803210   0.032332104945684   0.032844482487488   0.033434588790329   0.034006808048227   0.025250000000000   0.026178902508932   0.027094027156471   0.027551589480241   0.028005707338662   0.028459825197083   0.028910498590156   0.029811845376303   0.030699414301056   0.031143198763433   0.031583538760461   0.032023878757490   0.032460774289170   
0.043294064608345   0.042423131043922   0.041517378437409   0.041033539717638   0.040508085166602   0.040043641405843   0.039647379940614   0.038345616614247   0.036850621156483   0.036273216612099   0.035702284744406   0.035218212076058   0.034713404027128   0.043734282891114   0.043142506727484   0.042531053738569   0.042225327244111   0.041914681543332   0.041604035842553   0.041288470935453   0.040657341121252   0.040006534481766   0.039681131162023   0.039350808635958   0.039020486109894   0.038685244377508   
1.000000000000000   0.998025695598904   0.997038543398356   0.996544967298082   0.996298179247945   0.996051391197808   0.996051391197808   0.996051391197808   0.997038543398356   0.997532119498630   0.998272483649041   0.999012847799452   1.000000000000000   1.000000000000000   0.999048674522937   0.998573011784405   0.998335180415139   0.998216264730506   0.998097349045873   0.998097349045873   0.998097349045873   0.998573011784405   0.998810843153671   0.999167590207569   0.999524337261468   1.000000000000000   
PATCH 30 
2 1 
6 2 
0.000000000000000   0.000000000000000   0.000000000000000   0.250000000000000   0.500000000000000   0.750000000000000   1.000000000000000   1.000000000000000   1.000000000000000   
0.000000000000000   0.000000000000000   1.000000000000000   1.000000000000000   
0.010747531983482   0.009930969320784   0.008297843995388   0.006664718669993   0.005031593344597   0.004215030681899   0.000000000000000   0.000000000000000   0.000000000000000   0.000000000000000   0.000000000000000   0.000000000000000   
0.017203375191860   0.020334289874403   0.026596119239490   0.032857948604576   0.039119777969662   0.042250692652205   0.014550000000000   0.018012586581526   0.024937759744577   0.031862932907628   0.038788106070679   0.042250692652205   
1.000000000000000   1.000000000000000   1.000000000000000   1.000000000000000   1.000000000000000   1.000000000000000   1.000000000000000   1.000000000000000   1.000000000000000   1.000000000000000   1.000000000000000   1.000000000000000   
PATCH 31 
2 1 
13 2 
0.000000000000000   0.000000000000000   0.000000000000000   0.250000000000000   0.250000000000000   0.375000000000000   0.375000000000000   0.500000000000000   0.500000000000000   0.750000000000000   0.750000000000000   0.875000000000000   0.875000000000000   1.000000000000000   1.000000000000000   1.000000000000000   
0.000000000000000   0.000000000000000   1.000000000000000   1.000000000000000   
0.004215030681899   0.003732298185626   0.003249565689354   0.003240098258534   0.003238595293166   0.003237092327798   0.003243553827884   0.003171296641331   0.003099039454779   0.002801160609588   0.003160301422390   0.002923648192035   0.003320922717278   0.000000000000000   0.000000000000000   0.000000000000000   0.000000000000000   0.000000000000000   0.000000000000000   0.000000000000000   0.000000000000000   0.000000000000000   0.000000000000000   0.000000000000000   0.000000000000000   0.000000000000000   
0.042250692652205   0.044101615219893   0.045952537787581   0.045861047255611   0.045870270026730   0.045879492797850   0.045989428872060   0.047050997947874   0.048112567023688   0.043661941755984   0.048270646821770   0.043779155421499   0.048324896714539   0.042250692652205   0.043219356070679   0.044188019489154   0.044672351198391   0.045156682907628   0.045641014616865   0.046125346326103   0.047094009744577   0.048062673163051   0.048547004872288   0.049031336581526   0.049515668290763   0.050000000000000   
1.000000000000000   1.000000000000000   1.000000000000000   0.997812253464539   0.997812253464539   0.997812253464539   1.000000000000000   1.000000000000000   1.000000000000000   0.905737782014213   1.000000000000000   0.905737782014213   1.000000000000000   1.000000000000000   1.000000000000000   1.000000000000000   1.000000000000000   1.000000000000000   1.000000000000000   1.000000000000000   1.000000000000000   1.000000000000000   1.000000000000000   1.000000000000000   1.000000000000000   1.000000000000000   
PATCH 32 
2 1 
13 2 
0.000000000000000   0.000000000000000   0.000000000000000   0.250000000000000   0.250000000000000   0.375000000000000   0.375000000000000   0.500000000000000   0.500000000000000   0.750000000000000   0.750000000000000   0.875000000000000   0.875000000000000   1.000000000000000   1.000000000000000   1.000000000000000   
0.000000000000000   0.000000000000000   1.000000000000000   1.000000000000000   
0.000000000000000   0.001374716011025   0.002698453883450   0.003360322819663   0.004009447221226   0.004658571622789   0.005294951489702   0.006567711223528   0.007789492818756   0.008400383616370   0.008998529879333   0.009596676142297   0.010182077870612   0.010747531983482   0.010907903452084   0.011068274920687   0.011057632391813   0.011059742591385   0.011061852790958   0.011076715718975   0.011621754492722   0.012166793266469   0.010760109472182   0.012312462053307   0.010945321414191   0.012493300263137   
0.014550000000000   0.014280223584119   0.013885562989792   0.013688232692628   0.013459681350852   0.013231130009077   0.012971357622689   0.012451812849915   0.011807383898693   0.011485169423083   0.011131733902860   0.010778298382638   0.010393641817804   0.017203375191860   0.016588469063225   0.015973562934590   0.015949319767551   0.015942991851986   0.015936663936421   0.015948251272331   0.014617125297693   0.013285999323056   0.011623416947378   0.013165706613380   0.011586184327311   0.013220362567541   
1.000000000000000   0.981458665575203   0.972187998362805   0.967552664756606   0.965234997953506   0.962917331150406   0.962917331150406   0.962917331150406   0.972187998362805   0.976823331969004   0.983776332378303   0.990729332787602   1.000000000000000   1.000000000000000   1.000000000000000   1.000000000000000   0.998886373395024   0.998886373395024   0.998886373395024   1.000000000000000   1.000000000000000   1.000000000000000   0.881441534292648   1.000000000000000   0.881441534292648   1.000000000000000   
INTERFACE 1 
1 2 
5 1 
1 
INTERFACE 2 
1 3 
2 4 
1 
INTERFACE 3 
2 1 
13 2 
1 
INTERFACE 4 
2 2 
3 1 
1 
INTERFACE 5 
2 3 
4 2 
1 
INTERFACE 6 
3 2 
7 1 
-1 
INTERFACE 7 
3 3 
4 4 
-1 
INTERFACE 8 
3 4 
5 3 
1 
INTERFACE 9 
4 1 
9 2 
1 
INTERFACE 10 
4 3 
13 3 
1 
INTERFACE 11 
5 2 
6 1 
1 
INTERFACE 12 
6 2 
11 1 
1 
INTERFACE 13 
6 3 
7 3 
1 
INTERFACE 14 
7 2 
8 1 
1 
INTERFACE 15 
7 4 
9 4 
-1 
INTERFACE 16 
8 2 
15 1 
1 
INTERFACE 17 
8 3 
11 3 
1 
INTERFACE 18 
8 4 
10 4 
1 
INTERFACE 19 
9 1 
10 1 
1 
INTERFACE 20 
9 3 
12 3 
1 
INTERFACE 21 
10 2 
16 3 
1 
INTERFACE 22 
10 3 
14 4 
1 
INTERFACE 23 
11 2 
18 1 
1 
INTERFACE 24 
12 1 
14 1 
-1 
INTERFACE 25 
12 2 
13 1 
1 
INTERFACE 26 
14 2 
17 1 
-1 
INTERFACE 27 
15 2 
26 2 
1 
INTERFACE 28 
15 3 
18 3 
1 
INTERFACE 29 
15 4 
16 2 
1 
INTERFACE 30 
16 1 
17 3 
1 
INTERFACE 31 
16 4 
28 2 
1 
INTERFACE 32 
17 2 
32 2 
-1 
INTERFACE 33 
18 2 
29 2 
1 
INTERFACE 34 
19 2 
23 1 
1 
INTERFACE 35 
19 3 
20 4 
1 
INTERFACE 36 
20 1 
31 2 
1 
INTERFACE 37 
20 2 
21 1 
1 
INTERFACE 38 
20 3 
22 2 
1 
INTERFACE 39 
21 2 
25 1 
-1 
INTERFACE 40 
21 3 
22 4 
-1 
INTERFACE 41 
21 4 
23 3 
1 
INTERFACE 42 
22 1 
27 2 
1 
INTERFACE 43 
22 3 
31 3 
1 
INTERFACE 44 
23 2 
24 1 
1 
INTERFACE 45 
24 2 
29 1 
1 
INTERFACE 46 
24 3 
25 3 
1 
INTERFACE 47 
25 2 
26 1 
1 
INTERFACE 48 
25 4 
27 4 
-1 
INTERFACE 49 
26 3 
29 3 
1 
INTERFACE 50 
26 4 
28 4 
1 
INTERFACE 51 
27 1 
28 1 
1 
INTERFACE 52 
27 3 
30 3 
1 
INTERFACE 53 
28 3 
32 4 
1 
INTERFACE 54 
30 1 
32 1 
-1 
INTERFACE 55 
30 2 
31 1 
1 
BOUNDARY 1 
1 
1 1 
BOUNDARY 2 
1 
1 4 
BOUNDARY 3 
1 
5 4 
BOUNDARY 4 
1 
6 4 
BOUNDARY 5 
1 
11 4 
BOUNDARY 6 
1 
12 4 
BOUNDARY 7 
1 
13 4 
BOUNDARY 8 
1 
14 3 
BOUNDARY 9 
1 
17 4 
BOUNDARY 10 
1 
18 4 
BOUNDARY 11 
1 
19 1 
BOUNDARY 12 
1 
19 4 
BOUNDARY 13 
1 
23 4 
BOUNDARY 14 
1 
24 4 
BOUNDARY 15 
1 
29 4 
BOUNDARY 16 
1 
30 4 
BOUNDARY 17 
1 
31 4 
BOUNDARY 18 
1 
32 3 
