# nurbs mesh v.2.1
#
# 14-Jul-2024
#
2 2 32 55 0 
PATCH 1 
2 1 
4 2 
0.000000000000000   0.000000000000000   0.000000000000000   0.500000000000000   1.000000000000000   1.000000000000000   1.000000000000000   
0.000000000000000   0.000000000000000   1.000000000000000   1.000000000000000   
0.050000000000000   0.049904867452294   0.049525061277599   0.049240387650610   0.050500000000000   0.050403916126817   0.050020311890375   0.049732791527117   
0.000000000000000   0.002178893568691   0.006520098010365   0.008682408883347   0.000000000000000   0.002200682504378   0.006585298990468   0.008769232972180   
1.000000000000000   0.998097349045873   0.998097349045873   1.000000000000000   1.000000000000000   0.998097349045873   0.998097349045873   1.000000000000000   
PATCH 2 
2 1 
4 2 
0.000000000000000   0.000000000000000   0.000000000000000   0.500000000000000   1.000000000000000   1.000000000000000   1.000000000000000   
0.000000000000000   0.000000000000000   1.000000000000000   1.000000000000000   
0.048330863348381   0.048195640594183   0.047925195085786   0.047789972331587   0.050000000000000   0.049904867452294   0.049525061277599   0.049240387650610   
0.003478704590391   0.004580841054000   0.006785113981219   0.007887250444828   0.000000000000000   0.002178893568691   0.006520098010365   0.008682408883347   
1.000000000000000   1.000000000000000   1.000000000000000   1.000000000000000   1.000000000000000   0.998097349045873   0.998097349045873   1.000000000000000   
PATCH 3 
2 1 
13 2 
0.000000000000000   0.000000000000000   0.000000000000000   0.125000000000000   0.125000000000000   0.250000000000000   0.250000000000000   0.500000000000000   0.500000000000000   0.625000000000000   0.625000000000000   0.750000000000000   0.750000000000000   1.000000000000000   1.000000000000000   1.000000000000000   
0.000000000000000   0.000000000000000   1.000000000000000   1.000000000000000   
0.047789972331587   0.043698332374043   0.047707032672259   0.043566319098396   0.047548496560748   0.045978278479038   0.044408060397329   0.043656941504929   0.043631593614563   0.043606245724198   0.044306668835866   0.044073306012879   0.043839943189892   0.049240387650610   0.049122375608591   0.048475272862983   0.048457888729786   0.048193098801477   0.047885211150161   0.047686262048235   0.047592365928955   0.047526245745757   0.047449302478309   0.047354278997222   0.047111602842753   0.046829852978996   
0.007887250444828   0.007293867245560   0.008026122098902   0.007387338195314   0.008058225443610   0.007712845311615   0.007367465179619   0.007241512502802   0.007242526333753   0.007243540164704   0.007371520503423   0.007442803864773   0.007514087226123   0.008682408883347   0.009214726804819   0.009641415438155   0.010188612651733   0.010683102225751   0.011716909362195   0.012777495405884   0.013310748235505   0.013853307128153   0.014394463369658   0.014931828553697   0.015992780063153   0.017044672559417   
1.000000000000000   0.914588967122887   1.000000000000000   0.914588967122887   1.000000000000000   1.000000000000000   1.000000000000000   0.983643892776864   0.983643892776864   0.983643892776864   1.000000000000000   1.000000000000000   1.000000000000000   1.000000000000000   0.999524337261468   0.999167590207569   0.998810843153671   0.998573011784405   0.998097349045873   0.998097349045873   0.998097349045873   0.998216264730506   0.998335180415139   0.998573011784404   0.999048674522936   1.000000000000000   
PATCH 4 
2 2 
13 4 
0.000000000000000   0.000000000000000   0.000000000000000   0.250000000000000   0.250000000000000   0.375000000000000   0.375000000000000   0.500000000000000   0.500000000000000   0.750000000000000   0.750000000000000   0.875000000000000   0.875000000000000   1.000000000000000   1.000000000000000   1.000000000000000   
0.000000000000000   0.000000000000000   0.000000000000000   0.500000000000000   1.000000000000000   1.000000000000000   1.000000000000000   
0.042930099991504   0.044763119371962   0.046596138752420   0.046496350096037   0.046505821272182   0.046515292448328   0.046634023457002   0.047372916395114   0.048111809333225   0.043430579079140   0.048275123446374   0.043552153319584   0.048330863348381   0.043157560791101   0.044590666032191   0.046023771273281   0.045773824003077   0.045787264357778   0.045800704712478   0.046077532692084   0.047024256916095   0.047970981140106   0.043464514083954   0.048133100752845   0.043588698083199   0.048195640594183   0.043612482390295   0.044245759352650   0.044879036315005   0.044328771817158   0.044350150528968   0.044371529240779   0.044964551162247   0.046326937958057   0.047689324753867   0.043532384093582   0.047849055365788   0.043661787610428   0.047925195085786   0.043839943189892   0.044073306012879   0.044306668835866   0.043606245724198   0.043631593614563   0.043656941504929   0.044408060397329   0.045978278479038   0.047548496560748   0.043566319098396   0.047707032672259   0.043698332374043   0.047789972331587   
0.004535501855974   0.003975584979817   0.003415668103659   0.003404852818244   0.003402936100411   0.003401019382579   0.003408001232330   0.003331703972766   0.003255406713203   0.002923900898938   0.003314290790853   0.003047830468513   0.003478704590391   0.005280148198511   0.004842389701056   0.004404631203600   0.004364524654859   0.004362833658747   0.004361142662635   0.004397867219152   0.004426989307478   0.004456111395805   0.004039760223032   0.004492248617865   0.004109339662775   0.004580841054000   0.006769440883586   0.006575999143534   0.006382557403482   0.006283868328089   0.006282628775418   0.006281389222746   0.006377599192797   0.006617559976903   0.006857520761009   0.006271478871220   0.006848164271890   0.006232358051299   0.006785113981219   0.007514087226123   0.007442803864773   0.007371520503423   0.007243540164704   0.007242526333753   0.007241512502802   0.007367465179619   0.007712845311615   0.008058225443610   0.007387338195314   0.008026122098902   0.007293867245560   0.007887250444828   
1.000000000000000   1.000000000000000   1.000000000000000   0.997660100248423   0.997660100248423   0.997660100248423   1.000000000000000   1.000000000000000   1.000000000000000   0.900906369461159   1.000000000000000   0.900906369461159   1.000000000000000   1.000000000000000   1.000000000000000   1.000000000000000   0.994156048380533   0.994156048380533   0.994156048380533   1.000000000000000   1.000000000000000   1.000000000000000   0.904327018876591   1.000000000000000   0.904327018876591   1.000000000000000   1.000000000000000   1.000000000000000   1.000000000000000   0.987147944644754   0.987147944644754   0.987147944644754   1.000000000000000   1.000000000000000   1.000000000000000   0.911168317707455   1.000000000000000   0.911168317707455   1.000000000000000   1.000000000000000   1.000000000000000   1.000000000000000   0.983643892776864   0.983643892776864   0.983643892776864   1.000000000000000   1.000000000000000   1.000000000000000   0.914588967122887   1.000000000000000   0.914588967122887   1.000000000000000   
PATCH 5 
2 1 
13 2 
0.000000000000000   0.000000000000000   0.000000000000000   0.125000000000000   0.125000000000000   0.250000000000000   0.250000000000000   0.500000000000000   0.500000000000000   0.625000000000000   0.625000000000000   0.750000000000000   0.750000000000000   1.000000000000000   1.000000000000000   1.000000000000000   
0.000000000000000   0.000000000000000   1.000000000000000   1.000000000000000   
0.049240387650610   0.049122375608591   0.048475272862983   0.048457888729786   0.048193098801477   0.047885211150161   0.047686262048235   0.047592365928955   0.047526245745757   0.047449302478309   0.047354278997222   0.047111602842753   0.046829852978996   0.049732791527117   0.049613599364677   0.049488606583825   0.049363613802972   0.049232820403708   0.048971233605179   0.048686444333000   0.048544049696911   0.048395854442409   0.048247659187908   0.048093663314994   0.047785671569166   0.047454477349688   
0.008682408883347   0.009214726804819   0.009641415438155   0.010188612651733   0.010683102225751   0.011716909362195   0.012777495405884   0.013310748235505   0.013853307128153   0.014394463369658   0.014931828553697   0.015992780063153   0.017044672559417   0.008769232972180   0.009306874072867   0.009842960902535   0.010379047732203   0.010913580290852   0.011982645408149   0.013045493441370   0.013576917457981   0.014106787203572   0.014636656949163   0.015164972423735   0.016221603372879   0.017272017237946   
1.000000000000000   0.999524337261468   0.999167590207569   0.998810843153671   0.998573011784405   0.998097349045873   0.998097349045873   0.998097349045873   0.998216264730506   0.998335180415139   0.998573011784404   0.999048674522936   1.000000000000000   1.000000000000000   0.999524337261468   0.999167590207569   0.998810843153671   0.998573011784405   0.998097349045873   0.998097349045873   0.998097349045873   0.998216264730506   0.998335180415139   0.998573011784404   0.999048674522936   1.000000000000000   
PATCH 6 
2 1 
6 2 
0.000000000000000   0.000000000000000   0.000000000000000   0.250000000000000   0.500000000000000   0.750000000000000   1.000000000000000   1.000000000000000   1.000000000000000   
0.000000000000000   0.000000000000000   1.000000000000000   1.000000000000000   
0.046829852978996   0.046507123024885   0.045670034628714   0.044499768904118   0.043736409626099   0.043296214335243   0.047454477349688   0.047032993823604   0.046146485990198   0.045216437375554   0.044242847979673   0.043734282891114   
0.017044672559417   0.018085074802980   0.020094729864769   0.021945432228932   0.023995207114501   0.024997081001344   0.017272017237946   0.018289568482936   0.020304367573183   0.022298863263696   0.024273055554476   0.025250000000000   
1.000000000000000   0.999048674522936   0.998097349045873   0.998097349045873   0.999048674522936   1.000000000000000   1.000000000000000   0.999048674522936   0.998097349045873   0.998097349045873   0.999048674522936   1.000000000000000   
PATCH 7 
2 1 
6 2 
0.000000000000000   0.000000000000000   0.000000000000000   0.250000000000000   0.500000000000000   0.750000000000000   1.000000000000000   1.000000000000000   1.000000000000000   
0.000000000000000   0.000000000000000   1.000000000000000   1.000000000000000   
0.046829852978996   0.046507123024885   0.045670034628714   0.044499768904118   0.043736409626099   0.043296214335243   0.043839943189892   0.040776265356358   0.034648909689292   0.028521554022226   0.022394198355159   0.019330520521626   
0.017044672559417   0.018085074802980   0.020094729864769   0.021945432228932   0.023995207114501   0.024997081001344   0.007514087226123   0.008449922897253   0.010321594239513   0.012193265581773   0.014064936924032   0.015000772595162   
1.000000000000000   0.999048674522936   0.998097349045873   0.998097349045873   0.999048674522936   1.000000000000000   1.000000000000000   1.000000000000000   1.000000000000000   1.000000000000000   1.000000000000000   1.000000000000000   
PATCH 8 
2 1 
13 2 
0.000000000000000   0.000000000000000   0.000000000000000   0.250000000000000   0.250000000000000   0.375000000000000   0.375000000000000   0.500000000000000   0.500000000000000   0.750000000000000   0.750000000000000   0.875000000000000   0.875000000000000   1.000000000000000   1.000000000000000   1.000000000000000   
0.000000000000000   0.000000000000000   1.000000000000000   1.000000000000000   
0.043296214335243   0.042423814320723   0.041517291378944   0.041034564628974   0.040507948557989   0.040016255362173   0.039629036306507   0.038274323448687   0.036764423558264   0.036230143295070   0.035688558034033   0.035216597059055   0.034718267591989   0.019330520521626   0.018859696206481   0.018388871891336   0.018238949179914   0.018223779915644   0.018208610651374   0.018328194834256   0.017742138555887   0.017156082277518   0.015021564413934   0.014956432996809   0.014891301579685   0.016895556609020   
0.024997081001344   0.026303465963814   0.027583180115938   0.028202855882735   0.028789531177678   0.029398853719679   0.030086089985199   0.031003533753438   0.031747453473600   0.032293834419902   0.032831988241480   0.033433201209858   0.034011730427921   0.015000772595162   0.015144591303554   0.015288410011946   0.015182237586111   0.015189889454999   0.015197541323887   0.015319017487497   0.015753465471474   0.016187913455450   0.014262250098937   0.014257438471779   0.014252626844622   0.016168666946820   
1.000000000000000   0.998025657323384   0.997038485985076   0.996544900315921   0.996298107481345   0.996051314646767   0.996051314646768   0.996051314646768   0.997038485985076   0.997532071654230   0.998272450157961   0.999012828661692   1.000000000000000   1.000000000000000   1.000000000000000   1.000000000000000   0.992730715605119   0.992730715605119   0.992730715605119   1.000000000000000   1.000000000000000   1.000000000000000   0.878640553409532   0.878640553409532   0.878640553409532   1.000000000000000   
PATCH 9 
2 2 
6 4 
0.000000000000000   0.000000000000000   0.000000000000000   0.250000000000000   0.500000000000000   0.750000000000000   1.000000000000000   1.000000000000000   1.000000000000000   
0.000000000000000   0.000000000000000   0.000000000000000   0.500000000000000   1.000000000000000   1.000000000000000   1.000000000000000   
0.018420677323238   0.021484355156772   0.027611710823838   0.033739066490904   0.039866422157971   0.042930099991504   0.018648138122835   0.021711815956369   0.027839171623435   0.033966527290501   0.040093882957568   0.043157560791101   0.019103059722029   0.022166737555562   0.028294093222629   0.034421448889695   0.040548804556761   0.043612482390295   0.019330520521626   0.022394198355159   0.028521554022226   0.034648909689292   0.040776265356358   0.043839943189892   
0.012022187225013   0.011086351553883   0.009214680211623   0.007343008869364   0.005471337527104   0.004535501855974   0.012766833567550   0.011830997896421   0.009959326554161   0.008087655211901   0.006215983869641   0.005280148198511   0.014256126252625   0.013320290581495   0.011448619239235   0.009576947896975   0.007705276554716   0.006769440883586   0.015000772595162   0.014064936924032   0.012193265581773   0.010321594239513   0.008449922897253   0.007514087226123   
1.000000000000000   1.000000000000000   1.000000000000000   1.000000000000000   1.000000000000000   1.000000000000000   1.000000000000000   1.000000000000000   1.000000000000000   1.000000000000000   1.000000000000000   1.000000000000000   1.000000000000000   1.000000000000000   1.000000000000000   1.000000000000000   1.000000000000000   1.000000000000000   1.000000000000000   1.000000000000000   1.000000000000000   1.000000000000000   1.000000000000000   1.000000000000000   
PATCH 10 
2 2 
13 4 
0.000000000000000   0.000000000000000   0.000000000000000   0.250000000000000   0.250000000000000   0.375000000000000   0.375000000000000   0.500000000000000   0.500000000000000   0.750000000000000   0.750000000000000   0.875000000000000   0.875000000000000   1.000000000000000   1.000000000000000   1.000000000000000   
0.000000000000000   0.000000000000000   0.000000000000000   0.500000000000000   1.000000000000000   1.000000000000000   1.000000000000000   
0.018420677323238   0.017881965928858   0.017343254534477   0.017281506768639   0.017270830344077   0.017260153919515   0.017300548836230   0.015563631517586   0.013826714198941   0.011537887191846   0.013654792326890   0.011463264639567   0.013701014399637   0.018648138122835   0.018126398498264   0.017604658873692   0.017520867371458   0.017509067736969   0.017497268102480   0.017557460335737   0.016108258277161   0.014659056218586   0.012408806497368   0.013980202494370   0.012320273874596   0.014499649951983   0.019103059722029   0.018615263637075   0.018127467552122   0.017999588577095   0.017985542522752   0.017971496468409   0.018071283334750   0.017197511796312   0.016323740257874   0.014150645108412   0.014631022829329   0.014034292344655   0.016096921056674   0.019330520521626   0.018859696206481   0.018388871891336   0.018238949179914   0.018223779915644   0.018208610651374   0.018328194834256   0.017742138555887   0.017156082277518   0.015021564413934   0.014956432996809   0.014891301579685   0.016895556609020   
0.012022187225013   0.012186742823447   0.012351298421881   0.012317899881534   0.012319926327455   0.012321952773376   0.012359404205563   0.012496363231332   0.012633322257100   0.010648731285234   0.012763493963063   0.010851051026767   0.012974124737438   0.012766833567550   0.012926204943474   0.013085576319397   0.013033984307679   0.013037417109341   0.013040849911003   0.013099307526047   0.013310638791367   0.013521970056688   0.011552110988660   0.013136980090242   0.011701444981231   0.013772760289783   0.014256126252625   0.014405129183527   0.014554132114430   0.014466153159967   0.014472398673113   0.014478644186259   0.014579114167014   0.014939189911438   0.015299265655863   0.013358870395511   0.013883952344600   0.013402232890158   0.015370031394475   0.015000772595162   0.015144591303554   0.015288410011946   0.015182237586111   0.015189889454999   0.015197541323887   0.015319017487497   0.015753465471474   0.016187913455450   0.014262250098937   0.014257438471779   0.014252626844622   0.016168666946820   
1.000000000000000   1.000000000000000   1.000000000000000   0.997038918886304   0.997038918886304   0.997038918886304   1.000000000000000   1.000000000000000   1.000000000000000   0.842237336195759   1.000000000000000   0.842237336195759   1.000000000000000   1.000000000000000   1.000000000000000   1.000000000000000   0.995961868066008   0.995961868066008   0.995961868066008   1.000000000000000   1.000000000000000   1.000000000000000   0.851338140499202   0.969660138352383   0.851338140499202   1.000000000000000   1.000000000000000   1.000000000000000   1.000000000000000   0.993807766425415   0.993807766425415   0.993807766425415   1.000000000000000   1.000000000000000   1.000000000000000   0.869539749106088   0.908980415057149   0.869539749106088   1.000000000000000   1.000000000000000   1.000000000000000   1.000000000000000   0.992730715605119   0.992730715605119   0.992730715605119   1.000000000000000   1.000000000000000   1.000000000000000   0.878640553409532   0.878640553409532   0.878640553409532   1.000000000000000   
PATCH 11 
2 1 
13 2 
0.000000000000000   0.000000000000000   0.000000000000000   0.250000000000000   0.250000000000000   0.375000000000000   0.375000000000000   0.500000000000000   0.500000000000000   0.750000000000000   0.750000000000000   0.875000000000000   0.875000000000000   1.000000000000000   1.000000000000000   1.000000000000000   
0.000000000000000   0.000000000000000   1.000000000000000   1.000000000000000   
0.043296214335243   0.042423814320723   0.041517291378944   0.041034564628974   0.040507948557989   0.040016255362173   0.039629036306507   0.038274323448687   0.036764423558264   0.036230143295070   0.035688558034033   0.035216597059055   0.034718267591989   0.043734282891114   0.043142506727484   0.042531053738569   0.042225327244111   0.041914681543332   0.041604035842553   0.041288470935453   0.040657341121252   0.040006534481766   0.039681131162023   0.039350808635958   0.039020486109894   0.038685244377508   
0.024997081001344   0.026303465963814   0.027583180115938   0.028202855882735   0.028789531177678   0.029398853719679   0.030086089985199   0.031003533753438   0.031747453473600   0.032293834419902   0.032831988241480   0.033433201209858   0.034011730427921   0.025250000000000   0.026178902508932   0.027094027156471   0.027551589480241   0.028005707338662   0.028459825197083   0.028910498590156   0.029811845376303   0.030699414301056   0.031143198763433   0.031583538760461   0.032023878757490   0.032460774289170   
1.000000000000000   0.998025657323384   0.997038485985076   0.996544900315921   0.996298107481345   0.996051314646767   0.996051314646768   0.996051314646768   0.997038485985076   0.997532071654230   0.998272450157961   0.999012828661692   1.000000000000000   1.000000000000000   0.999048674522937   0.998573011784405   0.998335180415139   0.998216264730506   0.998097349045873   0.998097349045873   0.998097349045873   0.998573011784405   0.998810843153671   0.999167590207569   0.999524337261468   1.000000000000000   
PATCH 12 
2 1 
6 2 
0.000000000000000   0.000000000000000   0.000000000000000   0.250000000000000   0.500000000000000   0.750000000000000   1.000000000000000   1.000000000000000   1.000000000000000   
0.000000000000000   0.000000000000000   1.000000000000000   1.000000000000000   
0.018420677323238   0.021484355156772   0.027611710823838   0.033739066490904   0.039866422157971   0.042930099991504   0.014550000000000   0.018097512498938   0.025192537496814   0.032287562494690   0.039382587492566   0.042930099991504   
0.012022187225013   0.011086351553883   0.009214680211623   0.007343008869364   0.005471337527104   0.004535501855974   0.000000000000000   0.000000000000000   0.000000000000000   0.000000000000000   0.000000000000000   0.000000000000000   
1.000000000000000   1.000000000000000   1.000000000000000   1.000000000000000   1.000000000000000   1.000000000000000   1.000000000000000   1.000000000000000   1.000000000000000   1.000000000000000   1.000000000000000   1.000000000000000   
PATCH 13 
2 1 
13 2 
0.000000000000000   0.000000000000000   0.000000000000000   0.250000000000000   0.250000000000000   0.375000000000000   0.375000000000000   0.500000000000000   0.500000000000000   0.750000000000000   0.750000000000000   0.875000000000000   0.875000000000000   1.000000000000000   1.000000000000000   1.000000000000000   
0.000000000000000   0.000000000000000   1.000000000000000   1.000000000000000   
0.042930099991504   0.044763119371962   0.046596138752420   0.046496350096037   0.046505821272182   0.046515292448328   0.046634023457002   0.047372916395114   0.048111809333225   0.043430579079140   0.048275123446374   0.043552153319584   0.048330863348381   0.042930099991504   0.043813837492566   0.044697574993628   0.045139443744159   0.045581312494690   0.046023181245221   0.046465049995752   0.047348787496814   0.048232524997876   0.048674393748407   0.049116262498938   0.049558131249469   0.050000000000000   
0.004535501855974   0.003975584979817   0.003415668103659   0.003404852818244   0.003402936100411   0.003401019382579   0.003408001232330   0.003331703972766   0.003255406713203   0.002923900898938   0.003314290790853   0.003047830468513   0.003478704590391   0.000000000000000   0.000000000000000   0.000000000000000   0.000000000000000   0.000000000000000   0.000000000000000   0.000000000000000   0.000000000000000   0.000000000000000   0.000000000000000   0.000000000000000   0.000000000000000   0.000000000000000   
1.000000000000000   1.000000000000000   1.000000000000000   0.997660100248423   0.997660100248423   0.997660100248423   1.000000000000000   1.000000000000000   1.000000000000000   0.900906369461159   1.000000000000000   0.900906369461159   1.000000000000000   1.000000000000000   1.000000000000000   1.000000000000000   1.000000000000000   1.000000000000000   1.000000000000000   1.000000000000000   1.000000000000000   1.000000000000000   1.000000000000000   1.000000000000000   1.000000000000000   1.000000000000000   
PATCH 14 
2 1 
13 2 
0.000000000000000   0.000000000000000   0.000000000000000   0.250000000000000   0.250000000000000   0.375000000000000   0.375000000000000   0.500000000000000   0.500000000000000   0.750000000000000   0.750000000000000   0.875000000000000   0.875000000000000   1.000000000000000   1.000000000000000   1.000000000000000   
0.000000000000000   0.000000000000000   1.000000000000000   1.000000000000000   
0.014550000000000   0.014280221906089   0.013885558919169   0.013688227425708   0.013459674708996   0.013231121992283   0.012971348052318   0.012451800172387   0.011807367399447   0.011485151012977   0.011131713403255   0.010778275793532   0.010393616960557   0.018420677323238   0.017881965928858   0.017343254534477   0.017281506768639   0.017270830344077   0.017260153919515   0.017300548836230   0.015563631517586   0.013826714198941   0.011537887191846   0.013654792326890   0.011463264639567   0.013701014399637   
0.000000000000000   0.001374720121787   0.002698461635448   0.003360332392279   0.004009458497078   0.004658584601877   0.005294966054645   0.006567728960180   0.007789513257589   0.008400405406294   0.008998552902967   0.009596700399640   0.010182103244282   0.012022187225013   0.012186742823447   0.012351298421881   0.012317899881534   0.012319926327455   0.012321952773376   0.012359404205563   0.012496363231332   0.012633322257100   0.010648731285234   0.012763493963063   0.010851051026767   0.012974124737438   
1.000000000000000   0.981458550246683   0.972187825370025   0.967552462931695   0.965234781712531   0.962917100493366   0.962917100493366   0.962917100493366   0.972187825370025   0.976823187808354   0.983776231465848   0.990729275123342   1.000000000000000   1.000000000000000   1.000000000000000   1.000000000000000   0.997038918886304   0.997038918886304   0.997038918886304   1.000000000000000   1.000000000000000   1.000000000000000   0.842237336195759   1.000000000000000   0.842237336195759   1.000000000000000   
PATCH 15 
2 1 
4 2 
0.000000000000000   0.000000000000000   0.000000000000000   0.500000000000000   1.000000000000000   1.000000000000000   1.000000000000000   
0.000000000000000   0.000000000000000   1.000000000000000   1.000000000000000   
0.034718267591989   0.034556267515415   0.034202858612318   0.034011730427921   0.016895556609020   0.016713834193470   0.016350389362370   0.016168666946820   
0.034011730427921   0.034202858612318   0.034556267515415   0.034718267591989   0.016168666946820   0.016350389362370   0.016713834193470   0.016895556609020   
1.000000000000000   0.999973583664565   0.999973583664565   1.000000000000000   1.000000000000000   1.000000000000000   1.000000000000000   1.000000000000000   
PATCH 16 
2 2 
4 4 
0.000000000000000   0.000000000000000   0.000000000000000   0.500000000000000   1.000000000000000   1.000000000000000   1.000000000000000   
0.000000000000000   0.000000000000000   0.000000000000000   0.500000000000000   1.000000000000000   1.000000000000000   1.000000000000000   
0.013701014399637   0.014499649951983   0.016096921056674   0.016895556609020   0.013519291984088   0.014317927536433   0.015915198641125   0.016713834193470   0.013155847152988   0.013954482705333   0.015551753810025   0.016350389362370   0.012974124737438   0.013772760289784   0.015370031394475   0.016168666946820   
0.012974124737438   0.013772760289783   0.015370031394475   0.016168666946820   0.013155847152988   0.013954482705333   0.015551753810025   0.016350389362370   0.013519291984088   0.014317927536433   0.015915198641125   0.016713834193470   0.013701014399637   0.014499649951983   0.016096921056674   0.016895556609020   
1.000000000000000   1.000000000000000   1.000000000000000   1.000000000000000   1.000000000000000   1.000000000000000   1.000000000000000   1.000000000000000   1.000000000000000   1.000000000000000   1.000000000000000   1.000000000000000   1.000000000000000   1.000000000000000   1.000000000000000   1.000000000000000   
PATCH 17 
2 1 
4 2 
0.000000000000000   0.000000000000000   0.000000000000000   0.500000000000000   1.000000000000000   1.000000000000000   1.000000000000000   
0.000000000000000   0.000000000000000   1.000000000000000   1.000000000000000   
0.013701014399637   0.013519291984088   0.013155847152988   0.012974124737438   0.010393616960557   0.010341010313411   0.010235253455273   0.010182103244282   
0.012974124737438   0.013155847152988   0.013519291984088   0.013701014399637   0.010182103244282   0.010235253455273   0.010341010313411   0.010393616960557   
1.000000000000000   1.000000000000000   1.000000000000000   1.000000000000000   1.000000000000000   0.999973583664565   0.999973583664565   1.000000000000000   
PATCH 18 
2 1 
4 2 
0.000000000000000   0.000000000000000   0.000000000000000   0.500000000000000   1.000000000000000   1.000000000000000   1.000000000000000   
0.000000000000000   0.000000000000000   1.000000000000000   1.000000000000000   
0.034718267591989   0.034556267515415   0.034202858612318   0.034011730427921   0.038685244377508   0.037197068413715   0.034084833369545   0.032460774289170   
0.034011730427921   0.034202858612318   0.034556267515415   0.034718267591989   0.032460774289170   0.034084833369545   0.037197068413715   0.038685244377508   
1.000000000000000   0.999973583664565   0.999973583664565   1.000000000000000   1.000000000000000   0.998097349045873   0.998097349045873   1.000000000000000   
PATCH 19 
2 1 
4 2 
0.000000000000000   0.000000000000000   0.000000000000000   0.500000000000000   1.000000000000000   1.000000000000000   1.000000000000000   
0.000000000000000   0.000000000000000   1.000000000000000   1.000000000000000   
0.000000000000000   0.002178893568691   0.006520098010365   0.008682408883347   0.000000000000000   0.002200682504378   0.006585298990468   0.008769232972180   
0.050000000000000   0.049904867452294   0.049525061277599   0.049240387650610   0.050500000000000   0.050403916126817   0.050020311890375   0.049732791527117   
1.000000000000000   0.998097349045873   0.998097349045873   1.000000000000000   1.000000000000000   0.998097349045873   0.998097349045873   1.000000000000000   
PATCH 20 
2 1 
4 2 
0.000000000000000   0.000000000000000   0.000000000000000   0.500000000000000   1.000000000000000   1.000000000000000   1.000000000000000   
0.000000000000000   0.000000000000000   1.000000000000000   1.000000000000000   
0.003478704590391   0.004580841054000   0.006785113981219   0.007887250444828   0.000000000000000   0.002178893568691   0.006520098010365   0.008682408883347   
0.048330863348381   0.048195640594183   0.047925195085786   0.047789972331587   0.050000000000000   0.049904867452294   0.049525061277599   0.049240387650610   
1.000000000000000   1.000000000000000   1.000000000000000   1.000000000000000   1.000000000000000   0.998097349045873   0.998097349045873   1.000000000000000   
PATCH 21 
2 1 
13 2 
0.000000000000000   0.000000000000000   0.000000000000000   0.125000000000000   0.125000000000000   0.250000000000000   0.250000000000000   0.500000000000000   0.500000000000000   0.625000000000000   0.625000000000000   0.750000000000000   0.750000000000000   1.000000000000000   1.000000000000000   1.000000000000000   
0.000000000000000   0.000000000000000   1.000000000000000   1.000000000000000   
0.007887250444828   0.007293867245560   0.008026122098902   0.007387338195314   0.008058225443610   0.007712845311615   0.007367465179619   0.007241512502802   0.007242526333753   0.007243540164704   0.007371520503423   0.007442803864773   0.007514087226123   0.008682408883347   0.009214726804819   0.009641415438155   0.010188612651733   0.010683102225751   0.011716909362195   0.012777495405884   0.013310748235505   0.013853307128153   0.014394463369658   0.014931828553697   0.015992780063153   0.017044672559417   
0.047789972331587   0.043698332374043   0.047707032672259   0.043566319098396   0.047548496560748   0.045978278479038   0.044408060397329   0.043656941504929   0.043631593614563   0.043606245724198   0.044306668835866   0.044073306012879   0.043839943189892   0.049240387650610   0.049122375608591   0.048475272862983   0.048457888729786   0.048193098801477   0.047885211150161   0.047686262048235   0.047592365928955   0.047526245745757   0.047449302478309   0.047354278997222   0.047111602842753   0.046829852978996   
1.000000000000000   0.914588967122887   1.000000000000000   0.914588967122887   1.000000000000000   1.000000000000000   1.000000000000000   0.983643892776864   0.983643892776864   0.983643892776864   1.000000000000000   1.000000000000000   1.000000000000000   1.000000000000000   0.999524337261468   0.999167590207569   0.998810843153671   0.998573011784405   0.998097349045873   0.998097349045873   0.998097349045873   0.998216264730506   0.998335180415139   0.998573011784404   0.999048674522936   1.000000000000000   
PATCH 22 
2 2 
13 4 
0.000000000000000   0.000000000000000   0.000000000000000   0.250000000000000   0.250000000000000   0.375000000000000   0.375000000000000   0.500000000000000   0.500000000000000   0.750000000000000   0.750000000000000   0.875000000000000   0.875000000000000   1.000000000000000   1.000000000000000   1.000000000000000   
0.000000000000000   0.000000000000000   0.000000000000000   0.500000000000000   1.000000000000000   1.000000000000000   1.000000000000000   
0.004535501855974   0.003975584979817   0.003415668103659   0.003404852818244   0.003402936100411   0.003401019382579   0.003408001232330   0.003331703972766   0.003255406713203   0.002923900898938   0.003314290790853   0.003047830468513   0.003478704590391   0.005280148198511   0.004842389701056   0.004404631203600   0.004364524654859   0.004362833658747   0.004361142662635   0.004397867219152   0.004426989307478   0.004456111395805   0.004039760223032   0.004492248617865   0.004109339662775   0.004580841054000   0.006769440883586   0.006575999143534   0.006382557403482   0.006283868328089   0.006282628775418   0.006281389222746   0.006377599192797   0.006617559976903   0.006857520761009   0.006271478871220   0.006848164271890   0.006232358051299   0.006785113981219   0.007514087226123   0.007442803864773   0.007371520503423   0.007243540164704   0.007242526333753   0.007241512502802   0.007367465179619   0.007712845311615   0.008058225443610   0.007387338195314   0.008026122098902   0.007293867245560   0.007887250444828   
0.042930099991504   0.044763119371962   0.046596138752420   0.046496350096037   0.046505821272182   0.046515292448328   0.046634023457002   0.047372916395114   0.048111809333225   0.043430579079140   0.048275123446374   0.043552153319584   0.048330863348381   0.043157560791101   0.044590666032191   0.046023771273281   0.045773824003077   0.045787264357778   0.045800704712478   0.046077532692084   0.047024256916095   0.047970981140106   0.043464514083954   0.048133100752845   0.043588698083199   0.048195640594183   0.043612482390295   0.044245759352650   0.044879036315005   0.044328771817158   0.044350150528968   0.044371529240779   0.044964551162247   0.046326937958057   0.047689324753867   0.043532384093582   0.047849055365788   0.043661787610428   0.047925195085786   0.043839943189892   0.044073306012879   0.044306668835866   0.043606245724198   0.043631593614563   0.043656941504929   0.044408060397329   0.045978278479038   0.047548496560748   0.043566319098396   0.047707032672259   0.043698332374043   0.047789972331587   
1.000000000000000   1.000000000000000   1.000000000000000   0.997660100248423   0.997660100248423   0.997660100248423   1.000000000000000   1.000000000000000   1.000000000000000   0.900906369461159   1.000000000000000   0.900906369461159   1.000000000000000   1.000000000000000   1.000000000000000   1.000000000000000   0.994156048380533   0.994156048380533   0.994156048380533   1.000000000000000   1.000000000000000   1.000000000000000   0.904327018876591   1.000000000000000   0.904327018876591   1.000000000000000   1.000000000000000   1.000000000000000   1.000000000000000   0.987147944644754   0.987147944644754   0.987147944644754   1.000000000000000   1.000000000000000   1.000000000000000   0.911168317707455   1.000000000000000   0.911168317707455   1.000000000000000   1.000000000000000   1.000000000000000   1.000000000000000   0.983643892776864   0.983643892776864   0.983643892776864   1.000000000000000   1.000000000000000   1.000000000000000   0.914588967122887   1.000000000000000   0.914588967122887   1.000000000000000   
PATCH 23 
2 1 
13 2 
0.000000000000000   0.000000000000000   0.000000000000000   0.125000000000000   0.125000000000000   0.250000000000000   0.250000000000000   0.500000000000000   0.500000000000000   0.625000000000000   0.625000000000000   0.750000000000000   0.750000000000000   1.000000000000000   1.000000000000000   1.000000000000000   
0.000000000000000   0.000000000000000   1.000000000000000   1.000000000000000   
0.008682408883347   0.009214726804819   0.009641415438155   0.010188612651733   0.010683102225751   0.011716909362195   0.012777495405884   0.013310748235505   0.013853307128153   0.014394463369658   0.014931828553697   0.015992780063153   0.017044672559417   0.008769232972180   0.009306874072867   0.009842960902535   0.010379047732203   0.010913580290852   0.011982645408149   0.013045493441370   0.013576917457981   0.014106787203572   0.014636656949163   0.015164972423735   0.016221603372879   0.017272017237946   
0.049240387650610   0.049122375608591   0.048475272862983   0.048457888729786   0.048193098801477   0.047885211150161   0.047686262048235   0.047592365928955   0.047526245745757   0.047449302478309   0.047354278997222   0.047111602842753   0.046829852978996   0.049732791527117   0.049613599364677   0.049488606583825   0.049363613802972   0.049232820403708   0.048971233605179   0.048686444333000   0.048544049696911   0.048395854442409   0.048247659187908   0.048093663314994   0.047785671569166   0.047454477349688   
1.000000000000000   0.999524337261468   0.999167590207569   0.998810843153671   0.998573011784405   0.998097349045873   0.998097349045873   0.998097349045873   0.998216264730506   0.998335180415139   0.998573011784404   0.999048674522936   1.000000000000000   1.000000000000000   0.999524337261468   0.999167590207569   0.998810843153671   0.998573011784405   0.998097349045873   0.998097349045873   0.998097349045873   0.998216264730506   0.998335180415139   0.998573011784404   0.999048674522936   1.000000000000000   
PATCH 24 
2 1 
6 2 
0.000000000000000   0.000000000000000   0.000000000000000   0.250000000000000   0.500000000000000   0.750000000000000   1.000000000000000   1.000000000000000   1.000000000000000   
0.000000000000000   0.000000000000000   1.000000000000000   1.000000000000000   
0.017044672559417   0.018085074802980   0.020094729864769   0.021945432228932   0.023995207114501   0.024997081001344   0.017272017237946   0.018289568482936   0.020304367573183   0.022298863263696   0.024273055554476   0.025250000000000   
0.046829852978996   0.046507123024885   0.045670034628714   0.044499768904118   0.043736409626099   0.043296214335243   0.047454477349688   0.047032993823604   0.046146485990198   0.045216437375554   0.044242847979673   0.043734282891114   
1.000000000000000   0.999048674522936   0.998097349045873   0.998097349045873   0.999048674522936   1.000000000000000   1.000000000000000   0.999048674522936   0.998097349045873   0.998097349045873   0.999048674522936   1.000000000000000   
PATCH 25 
2 1 
6 2 
0.000000000000000   0.000000000000000   0.000000000000000   0.250000000000000   0.500000000000000   0.750000000000000   1.000000000000000   1.000000000000000   1.000000000000000   
0.000000000000000   0.000000000000000   1.000000000000000   1.000000000000000   
0.017044672559417   0.018085074802980   0.020094729864769   0.021945432228932   0.023995207114501   0.024997081001344   0.007514087226123   0.008449922897253   0.010321594239513   0.012193265581773   0.014064936924032   0.015000772595162   
0.046829852978996   0.046507123024885   0.045670034628714   0.044499768904118   0.043736409626099   0.043296214335243   0.043839943189892   0.040776265356358   0.034648909689292   0.028521554022226   0.022394198355159   0.019330520521626   
1.000000000000000   0.999048674522936   0.998097349045873   0.998097349045873   0.999048674522936   1.000000000000000   1.000000000000000   1.000000000000000   1.000000000000000   1.000000000000000   1.000000000000000   1.000000000000000   
PATCH 26 
2 1 
13 2 
0.000000000000000   0.000000000000000   0.000000000000000   0.250000000000000   0.250000000000000   0.375000000000000   0.375000000000000   0.500000000000000   0.500000000000000   0.750000000000000   0.750000000000000   0.875000000000000   0.875000000000000   1.000000000000000   1.000000000000000   1.000000000000000   
0.000000000000000   0.000000000000000   1.000000000000000   1.000000000000000   
0.024997081001344   0.026303465963814   0.027583180115938   0.028202855882736   0.028789531177678   0.029398853719679   0.030086089985199   0.031003533753438   0.031747453473600   0.032293834419902   0.032831988241480   0.033433201209858   0.034011730427921   0.015000772595162   0.015144591303554   0.015288410011946   0.015182237586111   0.015189889454999   0.015197541323887   0.015319017487497   0.015753465471474   0.016187913455450   0.014262250098937   0.014257438471779   0.014252626844622   0.016168666946820   
0.043296214335243   0.042423814320723   0.041517291378944   0.041034564628974   0.040507948557989   0.040016255362173   0.039629036306507   0.038274323448687   0.036764423558264   0.036230143295070   0.035688558034033   0.035216597059055   0.034718267591989   0.019330520521626   0.018859696206481   0.018388871891336   0.018238949179914   0.018223779915644   0.018208610651374   0.018328194834256   0.017742138555887   0.017156082277518   0.015021564413934   0.014956432996809   0.014891301579685   0.016895556609020   
1.000000000000000   0.998025657323384   0.997038485985076   0.996544900315921   0.996298107481345   0.996051314646767   0.996051314646768   0.996051314646768   0.997038485985076   0.997532071654230   0.998272450157961   0.999012828661692   1.000000000000000   1.000000000000000   1.000000000000000   1.000000000000000   0.992730715605119   0.992730715605119   0.992730715605119   1.000000000000000   1.000000000000000   1.000000000000000   0.878640553409532   0.878640553409532   0.878640553409532   1.000000000000000   
PATCH 27 
2 2 
6 4 
0.000000000000000   0.000000000000000   0.000000000000000   0.250000000000000   0.500000000000000   0.750000000000000   1.000000000000000   1.000000000000000   1.000000000000000   
0.000000000000000   0.000000000000000   0.000000000000000   0.500000000000000   1.000000000000000   1.000000000000000   1.000000000000000   
0.012022187225013   0.011086351553883   0.009214680211623   0.007343008869364   0.005471337527104   0.004535501855974   0.012766833567550   0.011830997896421   0.009959326554161   0.008087655211901   0.006215983869641   0.005280148198511   0.014256126252625   0.013320290581495   0.011448619239235   0.009576947896975   0.007705276554716   0.006769440883586   0.015000772595162   0.014064936924032   0.012193265581773   0.010321594239513   0.008449922897253   0.007514087226123   
0.018420677323238   0.021484355156772   0.027611710823838   0.033739066490904   0.039866422157971   0.042930099991504   0.018648138122835   0.021711815956369   0.027839171623435   0.033966527290501   0.040093882957568   0.043157560791101   0.019103059722029   0.022166737555562   0.028294093222629   0.034421448889695   0.040548804556761   0.043612482390295   0.019330520521626   0.022394198355159   0.028521554022226   0.034648909689292   0.040776265356358   0.043839943189892   
1.000000000000000   1.000000000000000   1.000000000000000   1.000000000000000   1.000000000000000   1.000000000000000   1.000000000000000   1.000000000000000   1.000000000000000   1.000000000000000   1.000000000000000   1.000000000000000   1.000000000000000   1.000000000000000   1.000000000000000   1.000000000000000   1.000000000000000   1.000000000000000   1.000000000000000   1.000000000000000   1.000000000000000   1.000000000000000   1.000000000000000   1.000000000000000   
PATCH 28 
2 2 
13 4 
0.000000000000000   0.000000000000000   0.000000000000000   0.250000000000000   0.250000000000000   0.375000000000000   0.375000000000000   0.500000000000000   0.500000000000000   0.750000000000000   0.750000000000000   0.875000000000000   0.875000000000000   1.000000000000000   1.000000000000000   1.000000000000000   
0.000000000000000   0.000000000000000   0.000000000000000   0.500000000000000   1.000000000000000   1.000000000000000   1.000000000000000   
0.012022187225013   0.012186742823447   0.012351298421881   0.012317899881535   0.012319926327455   0.012321952773376   0.012359404205563   0.012496363231332   0.012633322257100   0.010648731285234   0.012763493963063   0.010851051026767   0.012974124737438   0.012766833567550   0.012926204943474   0.013085576319397   0.013033984307679   0.013037417109341   0.013040849911003   0.013099307526047   0.013310638791367   0.013521970056688   0.011552110988660   0.013136980090242   0.011701444981231   0.013772760289784   0.014256126252625   0.014405129183527   0.014554132114430   0.014466153159967   0.014472398673113   0.014478644186259   0.014579114167014   0.014939189911438   0.015299265655863   0.013358870395511   0.013883952344600   0.013402232890158   0.015370031394475   0.015000772595162   0.015144591303554   0.015288410011946   0.015182237586111   0.015189889454999   0.015197541323887   0.015319017487497   0.015753465471474   0.016187913455450   0.014262250098937   0.014257438471779   0.014252626844622   0.016168666946820   
0.018420677323238   0.017881965928858   0.017343254534477   0.017281506768639   0.017270830344077   0.017260153919515   0.017300548836230   0.015563631517586   0.013826714198941   0.011537887191846   0.013654792326890   0.011463264639567   0.013701014399637   0.018648138122835   0.018126398498264   0.017604658873692   0.017520867371458   0.017509067736969   0.017497268102480   0.017557460335737   0.016108258277161   0.014659056218586   0.012408806497368   0.013980202494370   0.012320273874596   0.014499649951983   0.019103059722029   0.018615263637075   0.018127467552122   0.017999588577095   0.017985542522752   0.017971496468409   0.018071283334750   0.017197511796312   0.016323740257874   0.014150645108412   0.014631022829329   0.014034292344655   0.016096921056674   0.019330520521626   0.018859696206481   0.018388871891336   0.018238949179914   0.018223779915644   0.018208610651374   0.018328194834256   0.017742138555887   0.017156082277518   0.015021564413934   0.014956432996809   0.014891301579685   0.016895556609020   
1.000000000000000   1.000000000000000   1.000000000000000   0.997038918886304   0.997038918886304   0.997038918886304   1.000000000000000   1.000000000000000   1.000000000000000   0.842237336195759   1.000000000000000   0.842237336195759   1.000000000000000   1.000000000000000   1.000000000000000   1.000000000000000   0.995961868066008   0.995961868066008   0.995961868066008   1.000000000000000   1.000000000000000   1.000000000000000   0.851338140499202   0.969660138352383   0.851338140499202   1.000000000000000   1.000000000000000   1.000000000000000   1.000000000000000   0.993807766425415   0.993807766425415   0.993807766425415   1.000000000000000   1.000000000000000   1.000000000000000   0.869539749106088   0.908980415057149   0.869539749106088   1.000000000000000   1.000000000000000   1.000000000000000   1.000000000000000   0.992730715605119   0.992730715605119   0.992730715605119   1.000000000000000   1.000000000000000   1.000000000000000   0.878640553409532   0.878640553409532   0.878640553409532   1.000000000000000   
PATCH 29 
2 1 
13 2 
0.000000000000000   0.000000000000000   0.000000000000000   0.250000000000000   0.250000000000000   0.375000000000000   0.375000000000000   0.500000000000000   0.500000000000000   0.750000000000000   0.750000000000000   0.875000000000000   0.875000000000000   1.000000000000000   1.000000000000000   1.000000000000000   
0.000000000000000   0.000000000000000   1.000000000000000   1.000000000000000   
0.024997081001344   0.026303465963814   0.027583180115938   0.028202855882736   0.028789531177678   0.029398853719679   0.030086089985199   0.031003533753438   0.031747453473600   0.032293834419902   0.032831988241480   0.033433201209858   0.034011730427921   0.025250000000000   0.026178902508932   0.027094027156471   0.027551589480241   0.028005707338662   0.028459825197083   0.028910498590156   0.029811845376303   0.030699414301056   0.031143198763433   0.031583538760461   0.032023878757490   0.032460774289170   
0.043296214335243   0.042423814320723   0.041517291378944   0.041034564628974   0.040507948557989   0.040016255362173   0.039629036306507   0.038274323448687   0.036764423558264   0.036230143295070   0.035688558034033   0.035216597059055   0.034718267591989   0.043734282891114   0.043142506727484   0.042531053738569   0.042225327244111   0.041914681543332   0.041604035842553   0.041288470935453   0.040657341121252   0.040006534481766   0.039681131162023   0.039350808635958   0.039020486109894   0.038685244377508   
1.000000000000000   0.998025657323384   0.997038485985076   0.996544900315921   0.996298107481345   0.996051314646767   0.996051314646768   0.996051314646768   0.997038485985076   0.997532071654230   0.998272450157961   0.999012828661692   1.000000000000000   1.000000000000000   0.999048674522937   0.998573011784405   0.998335180415139   0.998216264730506   0.998097349045873   0.998097349045873   0.998097349045873   0.998573011784405   0.998810843153671   0.999167590207569   0.999524337261468   1.000000000000000   
PATCH 30 
2 1 
6 2 
0.000000000000000   0.000000000000000   0.000000000000000   0.250000000000000   0.500000000000000   0.750000000000000   1.000000000000000   1.000000000000000   1.000000000000000   
0.000000000000000   0.000000000000000   1.000000000000000   1.000000000000000   
0.012022187225013   0.011086351553883   0.009214680211623   0.007343008869364   0.005471337527104   0.004535501855974   0.000000000000000   0.000000000000000   0.000000000000000   0.000000000000000   0.000000000000000   0.000000000000000   
0.018420677323238   0.021484355156772   0.027611710823838   0.033739066490904   0.039866422157971   0.042930099991504   0.014550000000000   0.018097512498938   0.025192537496814   0.032287562494690   0.039382587492566   0.042930099991504   
1.000000000000000   1.000000000000000   1.000000000000000   1.000000000000000   1.000000000000000   1.000000000000000   1.000000000000000   1.000000000000000   1.000000000000000   1.000000000000000   1.000000000000000   1.000000000000000   
PATCH 31 
2 1 
13 2 
0.000000000000000   0.000000000000000   0.000000000000000   0.250000000000000   0.250000000000000   0.375000000000000   0.375000000000000   0.500000000000000   0.500000000000000   0.750000000000000   0.750000000000000   0.875000000000000   0.875000000000000   1.000000000000000   1.000000000000000   1.000000000000000   
0.000000000000000   0.000000000000000   1.000000000000000   1.000000000000000   
0.004535501855974   0.003975584979817   0.003415668103659   0.003404852818244   0.003402936100411   0.003401019382579   0.003408001232330   0.003331703972766   0.003255406713203   0.002923900898938   0.003314290790853   0.003047830468513   0.003478704590391   0.000000000000000   0.000000000000000   0.000000000000000   0.000000000000000   0.000000000000000   0.000000000000000   0.000000000000000   0.000000000000000   0.000000000000000   0.000000000000000   0.000000000000000   0.000000000000000   0.000000000000000   
0.042930099991504   0.044763119371962   0.046596138752420   0.046496350096037   0.046505821272182   0.046515292448328   0.046634023457002   0.047372916395114   0.048111809333225   0.043430579079140   0.048275123446374   0.043552153319584   0.048330863348381   0.042930099991504   0.043813837492566   0.044697574993628   0.045139443744159   0.045581312494690   0.046023181245221   0.046465049995752   0.047348787496814   0.048232524997876   0.048674393748407   0.049116262498938   0.049558131249469   0.050000000000000   
1.000000000000000   1.000000000000000   1.000000000000000   0.997660100248423   0.997660100248423   0.997660100248423   1.000000000000000   1.000000000000000   1.000000000000000   0.900906369461159   1.000000000000000   0.900906369461159   1.000000000000000   1.000000000000000   1.000000000000000   1.000000000000000   1.000000000000000   1.000000000000000   1.000000000000000   1.000000000000000   1.000000000000000   1.000000000000000   1.000000000000000   1.000000000000000   1.000000000000000   1.000000000000000   
PATCH 32 
2 1 
13 2 
0.000000000000000   0.000000000000000   0.000000000000000   0.250000000000000   0.250000000000000   0.375000000000000   0.375000000000000   0.500000000000000   0.500000000000000   0.750000000000000   0.750000000000000   0.875000000000000   0.875000000000000   1.000000000000000   1.000000000000000   1.000000000000000   
0.000000000000000   0.000000000000000   1.000000000000000   1.000000000000000   
0.000000000000000   0.001374720121787   0.002698461635448   0.003360332392279   0.004009458497078   0.004658584601877   0.005294966054645   0.006567728960180   0.007789513257589   0.008400405406294   0.008998552902967   0.009596700399640   0.010182103244282   0.012022187225013   0.012186742823447   0.012351298421881   0.012317899881535   0.012319926327455   0.012321952773376   0.012359404205563   0.012496363231332   0.012633322257100   0.010648731285234   0.012763493963063   0.010851051026767   0.012974124737438   
0.014550000000000   0.014280221906089   0.013885558919169   0.013688227425708   0.013459674708996   0.013231121992283   0.012971348052318   0.012451800172387   0.011807367399447   0.011485151012977   0.011131713403255   0.010778275793532   0.010393616960557   0.018420677323238   0.017881965928858   0.017343254534477   0.017281506768639   0.017270830344077   0.017260153919515   0.017300548836230   0.015563631517586   0.013826714198941   0.011537887191846   0.013654792326890   0.011463264639567   0.013701014399637   
1.000000000000000   0.981458550246683   0.972187825370025   0.967552462931695   0.965234781712531   0.962917100493366   0.962917100493366   0.962917100493366   0.972187825370025   0.976823187808354   0.983776231465848   0.990729275123342   1.000000000000000   1.000000000000000   1.000000000000000   1.000000000000000   0.997038918886304   0.997038918886304   0.997038918886304   1.000000000000000   1.000000000000000   1.000000000000000   0.842237336195759   1.000000000000000   0.842237336195759   1.000000000000000   
INTERFACE 1 
1 2 
5 1 
1 
INTERFACE 2 
1 3 
2 4 
1 
INTERFACE 3 
2 1 
13 2 
1 
INTERFACE 4 
2 2 
3 1 
1 
INTERFACE 5 
2 3 
4 2 
1 
INTERFACE 6 
3 2 
7 1 
-1 
INTERFACE 7 
3 3 
4 4 
-1 
INTERFACE 8 
3 4 
5 3 
1 
INTERFACE 9 
4 1 
9 2 
1 
INTERFACE 10 
4 3 
13 3 
1 
INTERFACE 11 
5 2 
6 1 
1 
INTERFACE 12 
6 2 
11 1 
1 
INTERFACE 13 
6 3 
7 3 
1 
INTERFACE 14 
7 2 
8 1 
1 
INTERFACE 15 
7 4 
9 4 
-1 
INTERFACE 16 
8 2 
15 1 
1 
INTERFACE 17 
8 3 
11 3 
1 
INTERFACE 18 
8 4 
10 4 
1 
INTERFACE 19 
9 1 
10 1 
1 
INTERFACE 20 
9 3 
12 3 
1 
INTERFACE 21 
10 2 
16 3 
1 
INTERFACE 22 
10 3 
14 4 
1 
INTERFACE 23 
11 2 
18 1 
1 
INTERFACE 24 
12 1 
14 1 
-1 
INTERFACE 25 
12 2 
13 1 
1 
INTERFACE 26 
14 2 
17 1 
-1 
INTERFACE 27 
15 2 
26 2 
1 
INTERFACE 28 
15 3 
18 3 
1 
INTERFACE 29 
15 4 
16 2 
1 
INTERFACE 30 
16 1 
17 3 
1 
INTERFACE 31 
16 4 
28 2 
1 
INTERFACE 32 
17 2 
32 2 
-1 
INTERFACE 33 
18 2 
29 2 
1 
INTERFACE 34 
19 2 
23 1 
1 
INTERFACE 35 
19 3 
20 4 
1 
INTERFACE 36 
20 1 
31 2 
1 
INTERFACE 37 
20 2 
21 1 
1 
INTERFACE 38 
20 3 
22 2 
1 
INTERFACE 39 
21 2 
25 1 
-1 
INTERFACE 40 
21 3 
22 4 
-1 
INTERFACE 41 
21 4 
23 3 
1 
INTERFACE 42 
22 1 
27 2 
1 
INTERFACE 43 
22 3 
31 3 
1 
INTERFACE 44 
23 2 
24 1 
1 
INTERFACE 45 
24 2 
29 1 
1 
INTERFACE 46 
24 3 
25 3 
1 
INTERFACE 47 
25 2 
26 1 
1 
INTERFACE 48 
25 4 
27 4 
-1 
INTERFACE 49 
26 3 
29 3 
1 
INTERFACE 50 
26 4 
28 4 
1 
INTERFACE 51 
27 1 
28 1 
1 
INTERFACE 52 
27 3 
30 3 
1 
INTERFACE 53 
28 3 
32 4 
1 
INTERFACE 54 
30 1 
32 1 
-1 
INTERFACE 55 
30 2 
31 1 
1 
BOUNDARY 1 
1 
1 1 
BOUNDARY 2 
1 
1 4 
BOUNDARY 3 
1 
5 4 
BOUNDARY 4 
1 
6 4 
BOUNDARY 5 
1 
11 4 
BOUNDARY 6 
1 
12 4 
BOUNDARY 7 
1 
13 4 
BOUNDARY 8 
1 
14 3 
BOUNDARY 9 
1 
17 4 
BOUNDARY 10 
1 
18 4 
BOUNDARY 11 
1 
19 1 
BOUNDARY 12 
1 
19 4 
BOUNDARY 13 
1 
23 4 
BOUNDARY 14 
1 
24 4 
BOUNDARY 15 
1 
29 4 
BOUNDARY 16 
1 
30 4 
BOUNDARY 17 
1 
31 4 
BOUNDARY 18 
1 
32 3 
