# nurbs mesh v.2.1
#
# 14-Jul-2024
#
2 2 32 55 0 
PATCH 1 
2 1 
4 2 
0.000000000000000   0.000000000000000   0.000000000000000   0.500000000000000   1.000000000000000   1.000000000000000   1.000000000000000   
0.000000000000000   0.000000000000000   1.000000000000000   1.000000000000000   
0.050000000000000   0.049904867452294   0.049525061277599   0.049240387650610   0.050500000000000   0.050403916126817   0.050020311890375   0.049732791527117   
0.000000000000000   0.002178893568691   0.006520098010365   0.008682408883347   0.000000000000000   0.002200682504378   0.006585298990468   0.008769232972180   
1.000000000000000   0.998097349045873   0.998097349045873   1.000000000000000   1.000000000000000   0.998097349045873   0.998097349045873   1.000000000000000   
PATCH 2 
2 1 
4 2 
0.000000000000000   0.000000000000000   0.000000000000000   0.500000000000000   1.000000000000000   1.000000000000000   1.000000000000000   
0.000000000000000   0.000000000000000   1.000000000000000   1.000000000000000   
0.048222889978616   0.048099787260143   0.047853581823198   0.047730479104725   0.050000000000000   0.049904867452294   0.049525061277599   0.049240387650610   
0.003670472408200   0.004677547996541   0.006691699173223   0.007698774761564   0.000000000000000   0.002178893568691   0.006520098010365   0.008682408883347   
1.000000000000000   1.000000000000000   1.000000000000000   1.000000000000000   1.000000000000000   0.998097349045873   0.998097349045873   1.000000000000000   
PATCH 3 
2 1 
13 2 
0.000000000000000   0.000000000000000   0.000000000000000   0.125000000000000   0.125000000000000   0.250000000000000   0.250000000000000   0.500000000000000   0.500000000000000   0.625000000000000   0.625000000000000   0.750000000000000   0.750000000000000   1.000000000000000   1.000000000000000   1.000000000000000   
0.000000000000000   0.000000000000000   1.000000000000000   1.000000000000000   
0.047730479104725   0.041115467372932   0.041062056870270   0.041008646367607   0.047516837094075   0.046820499432966   0.046124161771857   0.045472739430504   0.045449846086636   0.045426952742769   0.046032588396387   0.045728432578506   0.045424276760625   0.049240387650610   0.049122375608591   0.048050486522786   0.048248783362504   0.048091875315084   0.047807763685209   0.047553151105637   0.047407460799933   0.047302335185926   0.047240779501701   0.047229133770220   0.046983295732716   0.046667172317341   
0.007698774761564   0.006701702864630   0.006745493048017   0.006789283231403   0.007873935495109   0.007821142407091   0.007768349319072   0.007660775886849   0.007664430239022   0.007668084591196   0.007782966727765   0.007908792189228   0.008034617650691   0.008682408883347   0.009214726804819   0.009556928207111   0.010144646774422   0.010660663725641   0.011697958940856   0.012741828436311   0.013259033520932   0.013788039996152   0.014331204771707   0.014892367556434   0.015949224181639   0.016985461640884   
1.000000000000000   0.861584638927099   0.861584638927099   0.861584638927099   1.000000000000000   1.000000000000000   1.000000000000000   0.986377952747362   0.986377952747362   0.986377952747362   1.000000000000000   1.000000000000000   1.000000000000000   1.000000000000000   0.999524337261468   0.999167590207569   0.998810843153671   0.998573011784405   0.998097349045873   0.998097349045873   0.998097349045873   0.998216264730506   0.998335180415139   0.998573011784404   0.999048674522936   1.000000000000000   
PATCH 4 
2 2 
13 4 
0.000000000000000   0.000000000000000   0.000000000000000   0.250000000000000   0.250000000000000   0.375000000000000   0.375000000000000   0.500000000000000   0.500000000000000   0.750000000000000   0.750000000000000   0.875000000000000   0.875000000000000   1.000000000000000   1.000000000000000   1.000000000000000   
0.000000000000000   0.000000000000000   0.000000000000000   0.500000000000000   1.000000000000000   1.000000000000000   1.000000000000000   
0.044018322007088   0.045201553142006   0.046384784276924   0.046189627368804   0.046202530803812   0.046215434238820   0.046436398016956   0.047217962854585   0.047999527692213   0.043219242074644   0.048165584719403   0.043343526167532   0.048222889978616   0.044369810695472   0.045333273001131   0.046296735306789   0.045998958712295   0.046014359624518   0.046029760536741   0.046358338955682   0.047118596999180   0.047878855042679   0.042666593147885   0.046389702757120   0.042786511468882   0.048099787260143   0.045072788072240   0.045596712719381   0.046120637366521   0.045617621399277   0.045638017265930   0.045658413132583   0.046202220833132   0.046919865288371   0.047637509743610   0.041561295294366   0.042837938832553   0.041672482071582   0.047853581823198   0.045424276760625   0.045728432578506   0.046032588396387   0.045426952742769   0.045449846086636   0.045472739430504   0.046124161771857   0.046820499432966   0.047516837094075   0.041008646367607   0.041062056870270   0.041115467372932   0.047730479104725   
0.004636026356108   0.004146538419938   0.003657050483768   0.003635589718715   0.003632179422249   0.003628769125782   0.003643409297903   0.003545581661940   0.003447754025978   0.003087237494575   0.003504580126234   0.003211163303850   0.003670472408200   0.005485674179754   0.005087101862260   0.004688529544767   0.004643713436835   0.004640242126442   0.004636770816049   0.004674644303195   0.004614471848228   0.004554299393261   0.004012748928782   0.004314808356679   0.004083798194045   0.004677547996541   0.007184969827045   0.006968228746905   0.006751487666766   0.006659960873075   0.006656367534829   0.006652774196583   0.006737114313780   0.006752252220803   0.006767390127826   0.005863771797196   0.005935264817571   0.005829067974435   0.006691699173223   0.008034617650691   0.007908792189228   0.007782966727765   0.007668084591196   0.007664430239022   0.007660775886849   0.007768349319072   0.007821142407091   0.007873935495109   0.006789283231403   0.006745493048017   0.006701702864630   0.007698774761564   
1.000000000000000   1.000000000000000   1.000000000000000   0.995526771300049   0.995526771300049   0.995526771300049   1.000000000000000   1.000000000000000   1.000000000000000   0.898595633650690   1.000000000000000   0.898595633650690   1.000000000000000   1.000000000000000   1.000000000000000   1.000000000000000   0.993239566661877   0.993239566661877   0.993239566661877   1.000000000000000   1.000000000000000   1.000000000000000   0.889342884969792   0.965396159731775   0.889342884969792   1.000000000000000   1.000000000000000   1.000000000000000   1.000000000000000   0.988665157385534   0.988665157385534   0.988665157385534   1.000000000000000   1.000000000000000   1.000000000000000   0.870837387607997   0.896188479195324   0.870837387607997   1.000000000000000   1.000000000000000   1.000000000000000   1.000000000000000   0.986377952747362   0.986377952747362   0.986377952747362   1.000000000000000   1.000000000000000   1.000000000000000   0.861584638927099   0.861584638927099   0.861584638927099   1.000000000000000   
PATCH 5 
2 1 
13 2 
0.000000000000000   0.000000000000000   0.000000000000000   0.125000000000000   0.125000000000000   0.250000000000000   0.250000000000000   0.500000000000000   0.500000000000000   0.625000000000000   0.625000000000000   0.750000000000000   0.750000000000000   1.000000000000000   1.000000000000000   1.000000000000000   
0.000000000000000   0.000000000000000   1.000000000000000   1.000000000000000   
0.049240387650610   0.049122375608591   0.048050486522786   0.048248783362504   0.048091875315084   0.047807763685209   0.047553151105637   0.047407460799933   0.047302335185926   0.047240779501701   0.047229133770220   0.046983295732716   0.046667172317341   0.049732791527117   0.049613599364677   0.049488606583825   0.049363613802972   0.049232820403708   0.048971233605179   0.048686444333000   0.048544049696911   0.048395854442409   0.048247659187908   0.048093663314994   0.047785671569166   0.047454477349688   
0.008682408883347   0.009214726804819   0.009556928207111   0.010144646774422   0.010660663725641   0.011697958940856   0.012741828436311   0.013259033520932   0.013788039996152   0.014331204771707   0.014892367556434   0.015949224181639   0.016985461640884   0.008769232972180   0.009306874072867   0.009842960902535   0.010379047732203   0.010913580290852   0.011982645408149   0.013045493441370   0.013576917457981   0.014106787203572   0.014636656949163   0.015164972423735   0.016221603372879   0.017272017237946   
1.000000000000000   0.999524337261468   0.999167590207569   0.998810843153671   0.998573011784405   0.998097349045873   0.998097349045873   0.998097349045873   0.998216264730506   0.998335180415139   0.998573011784404   0.999048674522936   1.000000000000000   1.000000000000000   0.999524337261468   0.999167590207569   0.998810843153671   0.998573011784405   0.998097349045873   0.998097349045873   0.998097349045873   0.998216264730506   0.998335180415139   0.998573011784404   0.999048674522936   1.000000000000000   
PATCH 6 
2 1 
6 2 
0.000000000000000   0.000000000000000   0.000000000000000   0.250000000000000   0.500000000000000   0.750000000000000   1.000000000000000   1.000000000000000   1.000000000000000   
0.000000000000000   0.000000000000000   1.000000000000000   1.000000000000000   
0.046667172317341   0.046419027769049   0.045483554003818   0.044554950269326   0.043545468553316   0.043258026598946   0.047454477349688   0.047032993823604   0.046146485990198   0.045216437375554   0.044242847979673   0.043734282891114   
0.016985461640884   0.018050817485220   0.020012678738407   0.021972645379479   0.023890450674105   0.024975033301513   0.017272017237946   0.018289568482936   0.020304367573183   0.022298863263696   0.024273055554476   0.025250000000000   
1.000000000000000   0.999048674522936   0.998097349045873   0.998097349045873   0.999048674522936   1.000000000000000   1.000000000000000   0.999048674522936   0.998097349045873   0.998097349045873   0.999048674522936   1.000000000000000   
PATCH 7 
2 1 
6 2 
0.000000000000000   0.000000000000000   0.000000000000000   0.250000000000000   0.500000000000000   0.750000000000000   1.000000000000000   1.000000000000000   1.000000000000000   
0.000000000000000   0.000000000000000   1.000000000000000   1.000000000000000   
0.046667172317341   0.046419027769049   0.045483554003818   0.044554950269326   0.043545468553316   0.043258026598946   0.045424276760625   0.042526404987134   0.036730661440153   0.030934917893172   0.025139174346191   0.022241302572701   
0.016985461640884   0.018050817485220   0.020012678738407   0.021972645379479   0.023890450674105   0.024975033301513   0.008034617650691   0.009233430994788   0.011631057682983   0.014028684371178   0.016426311059372   0.017625124403469   
1.000000000000000   0.999048674522936   0.998097349045873   0.998097349045873   0.999048674522936   1.000000000000000   1.000000000000000   1.000000000000000   1.000000000000000   1.000000000000000   1.000000000000000   1.000000000000000   
PATCH 8 
2 1 
13 2 
0.000000000000000   0.000000000000000   0.000000000000000   0.250000000000000   0.250000000000000   0.375000000000000   0.375000000000000   0.500000000000000   0.500000000000000   0.750000000000000   0.750000000000000   0.875000000000000   0.875000000000000   1.000000000000000   1.000000000000000   1.000000000000000   
0.000000000000000   0.000000000000000   1.000000000000000   1.000000000000000   
0.043258026598946   0.042392765047794   0.041502509589091   0.040975291568098   0.040524362653554   0.040046170607075   0.039612408156743   0.038302445028958   0.036953528202666   0.036461780111367   0.035881713087415   0.035394659744153   0.034882817441434   0.022241302572701   0.021659017337931   0.021076732103162   0.021076335570448   0.021076005561900   0.021075675553352   0.021075412068970   0.020360142762315   0.019644873455660   0.017958926161252   0.017904787406833   0.017850648652415   0.019428318437987   
0.024975033301513   0.026278211755688   0.027561122472614   0.028146675448377   0.028782450588571   0.029398707019932   0.030047847477489   0.030993761528705   0.031871012583856   0.032456646825618   0.032962085618424   0.033550468363190   0.034116850358226   0.017625124403469   0.017866008529502   0.018106892655535   0.018106971409371   0.018107106553566   0.018107241697761   0.018107433232315   0.018397374204150   0.018687315175985   0.017152998984283   0.017142016613996   0.017131034243709   0.018643385694837   
1.000000000000000   0.998038504789825   0.997057757184738   0.996567383382194   0.996322196480922   0.996077009579651   0.996077009579651   0.996077009579651   0.997057757184738   0.997548130987282   0.998283691691097   0.999019252394913   1.000000000000000   1.000000000000000   1.000000000000000   1.000000000000000   0.999996820750013   0.999996820750013   0.999996820750013   1.000000000000000   1.000000000000000   1.000000000000000   0.916784800973952   0.916784800973952   0.916784800973952   1.000000000000000   
PATCH 9 
2 2 
6 4 
0.000000000000000   0.000000000000000   0.000000000000000   0.250000000000000   0.500000000000000   0.750000000000000   1.000000000000000   1.000000000000000   1.000000000000000   
0.000000000000000   0.000000000000000   0.000000000000000   0.500000000000000   1.000000000000000   1.000000000000000   1.000000000000000   
0.020835347819164   0.023733219592654   0.029528963139635   0.035324706686616   0.041120450233597   0.044018322007088   0.021186836507548   0.024084708281038   0.029880451828019   0.035676195375001   0.041471938921982   0.044369810695472   0.021889813884316   0.024787685657807   0.030583429204788   0.036379172751769   0.042174916298750   0.045072788072240   0.022241302572701   0.025139174346191   0.030934917893172   0.036730661440153   0.042526404987134   0.045424276760625   
0.014226533108886   0.013027719764789   0.010630093076594   0.008232466388400   0.005834839700205   0.004636026356108   0.015076180932532   0.013877367588435   0.011479740900240   0.009082114212046   0.006684487523851   0.005485674179754   0.016775476579824   0.015576663235726   0.013179036547532   0.010781409859337   0.008383783171143   0.007184969827045   0.017625124403469   0.016426311059372   0.014028684371178   0.011631057682983   0.009233430994788   0.008034617650691   
1.000000000000000   1.000000000000000   1.000000000000000   1.000000000000000   1.000000000000000   1.000000000000000   1.000000000000000   1.000000000000000   1.000000000000000   1.000000000000000   1.000000000000000   1.000000000000000   1.000000000000000   1.000000000000000   1.000000000000000   1.000000000000000   1.000000000000000   1.000000000000000   1.000000000000000   1.000000000000000   1.000000000000000   1.000000000000000   1.000000000000000   1.000000000000000   
PATCH 10 
2 2 
13 4 
0.000000000000000   0.000000000000000   0.000000000000000   0.250000000000000   0.250000000000000   0.375000000000000   0.375000000000000   0.500000000000000   0.500000000000000   0.750000000000000   0.750000000000000   0.875000000000000   0.875000000000000   1.000000000000000   1.000000000000000   1.000000000000000   
0.000000000000000   0.000000000000000   0.000000000000000   0.500000000000000   1.000000000000000   1.000000000000000   1.000000000000000   
0.020835347819164   0.020292776464831   0.019750205110499   0.019659350602453   0.019647155758526   0.019634960914600   0.019701425734795   0.018045512810706   0.016389599886617   0.013830922969672   0.016227635171516   0.013764032286574   0.016275852850304   0.021186836507548   0.020634336683106   0.020081836858665   0.020013596844451   0.020004368209370   0.019995139574288   0.020044922318339   0.018624170298608   0.017203418278878   0.014862923767567   0.016646923230346   0.014785686378034   0.017063969247224   0.021889813884316   0.021317457119656   0.020745100354996   0.020722089328449   0.020718793111057   0.020715496893664   0.020731915485426   0.019781485274413   0.018831055063399   0.016926925363357   0.017485499348004   0.016828994560955   0.018640202041066   0.022241302572701   0.021659017337931   0.021076732103162   0.021076335570448   0.021076005561900   0.021075675553352   0.021075412068970   0.020360142762315   0.019644873455660   0.017958926161252   0.017904787406833   0.017850648652415   0.019428318437987   
0.014226533108886   0.014450988098803   0.014675443088720   0.014621441747408   0.014624758201341   0.014628074655274   0.014688708904451   0.014920065789516   0.015151422674581   0.012896999914029   0.015285961073945   0.013096646567785   0.015490920107154   0.015076180932532   0.015304743206478   0.015533305480423   0.015492824162899   0.015495345289397   0.015497866415895   0.015543389986417   0.015789392893174   0.016035395799932   0.013960999681592   0.015749974958958   0.014105243486766   0.016279036504075   0.016775476579824   0.017012253421827   0.017249030263831   0.017235588993880   0.017236519465510   0.017237449937139   0.017252752150349   0.017528047100491   0.017803342050634   0.016088999216719   0.016678002728983   0.016122437324728   0.017855269297916   0.017625124403469   0.017866008529502   0.018106892655535   0.018106971409371   0.018107106553566   0.018107241697761   0.018107433232315   0.018397374204150   0.018687315175985   0.017152998984283   0.017142016613996   0.017131034243709   0.018643385694837   
1.000000000000000   1.000000000000000   1.000000000000000   0.995991101606933   0.995991101606933   0.995991101606933   1.000000000000000   1.000000000000000   1.000000000000000   0.850245737120168   1.000000000000000   0.850245737120168   1.000000000000000   1.000000000000000   1.000000000000000   1.000000000000000   0.996992531392703   0.996992531392703   0.996992531392703   1.000000000000000   1.000000000000000   1.000000000000000   0.866880503083614   0.979196200243488   0.866880503083614   1.000000000000000   1.000000000000000   1.000000000000000   1.000000000000000   0.998995390964243   0.998995390964243   0.998995390964243   1.000000000000000   1.000000000000000   1.000000000000000   0.900150035010506   0.937588600730464   0.900150035010506   1.000000000000000   1.000000000000000   1.000000000000000   1.000000000000000   0.999996820750013   0.999996820750013   0.999996820750013   1.000000000000000   1.000000000000000   1.000000000000000   0.916784800973952   0.916784800973952   0.916784800973952   1.000000000000000   
PATCH 11 
2 1 
13 2 
0.000000000000000   0.000000000000000   0.000000000000000   0.250000000000000   0.250000000000000   0.375000000000000   0.375000000000000   0.500000000000000   0.500000000000000   0.750000000000000   0.750000000000000   0.875000000000000   0.875000000000000   1.000000000000000   1.000000000000000   1.000000000000000   
0.000000000000000   0.000000000000000   1.000000000000000   1.000000000000000   
0.043258026598946   0.042392765047794   0.041502509589091   0.040975291568098   0.040524362653554   0.040046170607075   0.039612408156743   0.038302445028958   0.036953528202666   0.036461780111367   0.035881713087415   0.035394659744153   0.034882817441434   0.043734282891114   0.043142506727484   0.042531053738569   0.042225327244111   0.041914681543332   0.041604035842553   0.041288470935453   0.040657341121252   0.040006534481766   0.039681131162023   0.039350808635958   0.039020486109894   0.038685244377508   
0.024975033301513   0.026278211755688   0.027561122472614   0.028146675448377   0.028782450588571   0.029398707019932   0.030047847477489   0.030993761528705   0.031871012583856   0.032456646825618   0.032962085618424   0.033550468363190   0.034116850358226   0.025250000000000   0.026178902508932   0.027094027156471   0.027551589480241   0.028005707338662   0.028459825197083   0.028910498590156   0.029811845376303   0.030699414301056   0.031143198763433   0.031583538760461   0.032023878757490   0.032460774289170   
1.000000000000000   0.998038504789825   0.997057757184738   0.996567383382194   0.996322196480922   0.996077009579651   0.996077009579651   0.996077009579651   0.997057757184738   0.997548130987282   0.998283691691097   0.999019252394913   1.000000000000000   1.000000000000000   0.999048674522937   0.998573011784405   0.998335180415139   0.998216264730506   0.998097349045873   0.998097349045873   0.998097349045873   0.998573011784405   0.998810843153671   0.999167590207569   0.999524337261468   1.000000000000000   
PATCH 12 
2 1 
6 2 
0.000000000000000   0.000000000000000   0.000000000000000   0.250000000000000   0.500000000000000   0.750000000000000   1.000000000000000   1.000000000000000   1.000000000000000   
0.000000000000000   0.000000000000000   1.000000000000000   1.000000000000000   
0.020835347819164   0.023733219592654   0.029528963139635   0.035324706686616   0.041120450233597   0.044018322007088   0.014550000000000   0.018233540250886   0.025600620752658   0.032967701254430   0.040334781756202   0.044018322007088   
0.014226533108886   0.013027719764789   0.010630093076594   0.008232466388400   0.005834839700205   0.004636026356108   -0.000000000000000   0.000000000000000   0.000000000000000   0.000000000000000   0.000000000000000   0.000000000000000   
1.000000000000000   1.000000000000000   1.000000000000000   1.000000000000000   1.000000000000000   1.000000000000000   1.000000000000000   1.000000000000000   1.000000000000000   1.000000000000000   1.000000000000000   1.000000000000000   
PATCH 13 
2 1 
13 2 
0.000000000000000   0.000000000000000   0.000000000000000   0.250000000000000   0.250000000000000   0.375000000000000   0.375000000000000   0.500000000000000   0.500000000000000   0.750000000000000   0.750000000000000   0.875000000000000   0.875000000000000   1.000000000000000   1.000000000000000   1.000000000000000   
0.000000000000000   0.000000000000000   1.000000000000000   1.000000000000000   
0.044018322007088   0.045201553142006   0.046384784276924   0.046189627368804   0.046202530803812   0.046215434238820   0.046436398016956   0.047217962854585   0.047999527692213   0.043219242074644   0.048165584719403   0.043343526167532   0.048222889978616   0.044018322007088   0.044766031756202   0.045513741505316   0.045887596379873   0.046261451254430   0.046635306128987   0.047009161003544   0.047756870752658   0.048504580501772   0.048878435376329   0.049252290250886   0.049626145125443   0.050000000000000   
0.004636026356108   0.004146538419938   0.003657050483768   0.003635589718715   0.003632179422249   0.003628769125782   0.003643409297903   0.003545581661940   0.003447754025978   0.003087237494575   0.003504580126234   0.003211163303850   0.003670472408200   0.000000000000000   0.000000000000000   0.000000000000000   0.000000000000000   0.000000000000000   0.000000000000000   0.000000000000000   0.000000000000000   0.000000000000000   0.000000000000000   0.000000000000000   0.000000000000000   0.000000000000000   
1.000000000000000   1.000000000000000   1.000000000000000   0.995526771300049   0.995526771300049   0.995526771300049   1.000000000000000   1.000000000000000   1.000000000000000   0.898595633650690   1.000000000000000   0.898595633650690   1.000000000000000   1.000000000000000   1.000000000000000   1.000000000000000   1.000000000000000   1.000000000000000   1.000000000000000   1.000000000000000   1.000000000000000   1.000000000000000   1.000000000000000   1.000000000000000   1.000000000000000   1.000000000000000   
PATCH 14 
2 1 
13 2 
0.000000000000000   0.000000000000000   0.000000000000000   0.250000000000000   0.250000000000000   0.375000000000000   0.375000000000000   0.500000000000000   0.500000000000000   0.750000000000000   0.750000000000000   0.875000000000000   0.875000000000000   1.000000000000000   1.000000000000000   1.000000000000000   
0.000000000000000   0.000000000000000   1.000000000000000   1.000000000000000   
0.014550000000000   0.014280785779641   0.013886926826620   0.013689997350109   0.013461906690433   0.013233816030758   0.012974564187916   0.012456060502234   0.011812912083889   0.011491337874717   0.011138602482380   0.010785867090042   0.010401970514539   0.020835347819164   0.020292776464831   0.019750205110499   0.019659350602453   0.019647155758526   0.019634960914600   0.019701425734795   0.018045512810706   0.016389599886617   0.013830922969672   0.016227635171516   0.013764032286574   0.016275852850304   
-0.000000000000000   0.001373337961563   0.002695855014726   0.003357113541307   0.004005666840789   0.004654220140270   0.005290068212651   0.006561764357414   0.007782639593776   0.008393077211957   0.008990809603038   0.009588541994119   0.010173569158100   0.014226533108886   0.014450988098803   0.014675443088720   0.014621441747408   0.014624758201341   0.014628074655274   0.014688708904451   0.014920065789516   0.015151422674581   0.012896999914029   0.015285961073945   0.013096646567785   0.015490920107154   
1.000000000000000   0.981497304442659   0.972245956663988   0.967620282774653   0.965307445829986   0.962994608885318   0.962994608885318   0.962994608885318   0.972245956663988   0.976871630553323   0.983810141387326   0.990748652221329   1.000000000000000   1.000000000000000   1.000000000000000   1.000000000000000   0.995991101606933   0.995991101606933   0.995991101606933   1.000000000000000   1.000000000000000   1.000000000000000   0.850245737120168   1.000000000000000   0.850245737120168   1.000000000000000   
PATCH 15 
2 1 
4 2 
0.000000000000000   0.000000000000000   0.000000000000000   0.500000000000000   1.000000000000000   1.000000000000000   1.000000000000000   
0.000000000000000   0.000000000000000   1.000000000000000   1.000000000000000   
0.034882817441434   0.034710923987474   0.034327736112961   0.034116850358226   0.019428318437987   0.019232085252199   0.018839618880625   0.018643385694837   
0.034116850358226   0.034327736112961   0.034710923987474   0.034882817441434   0.018643385694837   0.018839618880625   0.019232085252199   0.019428318437987   
1.000000000000000   0.999969196876168   0.999969196876168   1.000000000000000   1.000000000000000   1.000000000000000   1.000000000000000   1.000000000000000   
PATCH 16 
2 2 
4 4 
0.000000000000000   0.000000000000000   0.000000000000000   0.500000000000000   1.000000000000000   1.000000000000000   1.000000000000000   
0.000000000000000   0.000000000000000   0.000000000000000   0.500000000000000   1.000000000000000   1.000000000000000   1.000000000000000   
0.016275852850304   0.017063969247224   0.018640202041066   0.019428318437987   0.016079619664516   0.016867736061437   0.018443968855279   0.019232085252199   0.015687153292941   0.016475269689862   0.018051502483704   0.018839618880625   0.015490920107154   0.016279036504075   0.017855269297916   0.018643385694837   
0.015490920107154   0.016279036504075   0.017855269297916   0.018643385694837   0.015687153292941   0.016475269689862   0.018051502483704   0.018839618880625   0.016079619664516   0.016867736061437   0.018443968855279   0.019232085252199   0.016275852850304   0.017063969247224   0.018640202041066   0.019428318437987   
1.000000000000000   1.000000000000000   1.000000000000000   1.000000000000000   1.000000000000000   1.000000000000000   1.000000000000000   1.000000000000000   1.000000000000000   1.000000000000000   1.000000000000000   1.000000000000000   1.000000000000000   1.000000000000000   1.000000000000000   1.000000000000000   
PATCH 17 
2 1 
4 2 
0.000000000000000   0.000000000000000   0.000000000000000   0.500000000000000   1.000000000000000   1.000000000000000   1.000000000000000   
0.000000000000000   0.000000000000000   1.000000000000000   1.000000000000000   
0.016275852850304   0.016079619664516   0.015687153292941   0.015490920107154   0.010401970514539   0.010345187090402   0.010230986412182   0.010173569158100   
0.015490920107154   0.015687153292941   0.016079619664516   0.016275852850304   0.010173569158100   0.010230986412182   0.010345187090402   0.010401970514539   
1.000000000000000   1.000000000000000   1.000000000000000   1.000000000000000   1.000000000000000   0.999969196876168   0.999969196876168   1.000000000000000   
PATCH 18 
2 1 
4 2 
0.000000000000000   0.000000000000000   0.000000000000000   0.500000000000000   1.000000000000000   1.000000000000000   1.000000000000000   
0.000000000000000   0.000000000000000   1.000000000000000   1.000000000000000   
0.034882817441434   0.034710923987474   0.034327736112961   0.034116850358226   0.038685244377508   0.037197068413715   0.034084833369545   0.032460774289170   
0.034116850358226   0.034327736112961   0.034710923987474   0.034882817441434   0.032460774289170   0.034084833369545   0.037197068413715   0.038685244377508   
1.000000000000000   0.999969196876168   0.999969196876168   1.000000000000000   1.000000000000000   0.998097349045873   0.998097349045873   1.000000000000000   
PATCH 19 
2 1 
4 2 
0.000000000000000   0.000000000000000   0.000000000000000   0.500000000000000   1.000000000000000   1.000000000000000   1.000000000000000   
0.000000000000000   0.000000000000000   1.000000000000000   1.000000000000000   
0.000000000000000   0.002178893568691   0.006520098010365   0.008682408883347   0.000000000000000   0.002200682504378   0.006585298990468   0.008769232972180   
0.050000000000000   0.049904867452294   0.049525061277599   0.049240387650610   0.050500000000000   0.050403916126817   0.050020311890375   0.049732791527117   
1.000000000000000   0.998097349045873   0.998097349045873   1.000000000000000   1.000000000000000   0.998097349045873   0.998097349045873   1.000000000000000   
PATCH 20 
2 1 
4 2 
0.000000000000000   0.000000000000000   0.000000000000000   0.500000000000000   1.000000000000000   1.000000000000000   1.000000000000000   
0.000000000000000   0.000000000000000   1.000000000000000   1.000000000000000   
0.003670472408200   0.004677547996541   0.006691699173223   0.007698774761564   0.000000000000000   0.002178893568691   0.006520098010365   0.008682408883347   
0.048222889978616   0.048099787260143   0.047853581823198   0.047730479104725   0.050000000000000   0.049904867452294   0.049525061277599   0.049240387650610   
1.000000000000000   1.000000000000000   1.000000000000000   1.000000000000000   1.000000000000000   0.998097349045873   0.998097349045873   1.000000000000000   
PATCH 21 
2 1 
13 2 
0.000000000000000   0.000000000000000   0.000000000000000   0.125000000000000   0.125000000000000   0.250000000000000   0.250000000000000   0.500000000000000   0.500000000000000   0.625000000000000   0.625000000000000   0.750000000000000   0.750000000000000   1.000000000000000   1.000000000000000   1.000000000000000   
0.000000000000000   0.000000000000000   1.000000000000000   1.000000000000000   
0.007698774761564   0.006701702864630   0.006745493048017   0.006789283231403   0.007873935495109   0.007821142407091   0.007768349319072   0.007660775886849   0.007664430239022   0.007668084591196   0.007782966727765   0.007908792189228   0.008034617650691   0.008682408883347   0.009214726804819   0.009556928207111   0.010144646774422   0.010660663725641   0.011697958940856   0.012741828436311   0.013259033520932   0.013788039996152   0.014331204771707   0.014892367556434   0.015949224181639   0.016985461640884   
0.047730479104725   0.041115467372932   0.041062056870270   0.041008646367607   0.047516837094075   0.046820499432966   0.046124161771857   0.045472739430504   0.045449846086636   0.045426952742769   0.046032588396387   0.045728432578506   0.045424276760625   0.049240387650610   0.049122375608591   0.048050486522786   0.048248783362504   0.048091875315084   0.047807763685209   0.047553151105637   0.047407460799933   0.047302335185926   0.047240779501701   0.047229133770220   0.046983295732716   0.046667172317341   
1.000000000000000   0.861584638927099   0.861584638927099   0.861584638927099   1.000000000000000   1.000000000000000   1.000000000000000   0.986377952747362   0.986377952747362   0.986377952747362   1.000000000000000   1.000000000000000   1.000000000000000   1.000000000000000   0.999524337261468   0.999167590207569   0.998810843153671   0.998573011784405   0.998097349045873   0.998097349045873   0.998097349045873   0.998216264730506   0.998335180415139   0.998573011784404   0.999048674522936   1.000000000000000   
PATCH 22 
2 2 
13 4 
0.000000000000000   0.000000000000000   0.000000000000000   0.250000000000000   0.250000000000000   0.375000000000000   0.375000000000000   0.500000000000000   0.500000000000000   0.750000000000000   0.750000000000000   0.875000000000000   0.875000000000000   1.000000000000000   1.000000000000000   1.000000000000000   
0.000000000000000   0.000000000000000   0.000000000000000   0.500000000000000   1.000000000000000   1.000000000000000   1.000000000000000   
0.004636026356108   0.004146538419938   0.003657050483768   0.003635589718715   0.003632179422249   0.003628769125782   0.003643409297903   0.003545581661940   0.003447754025978   0.003087237494575   0.003504580126234   0.003211163303850   0.003670472408200   0.005485674179754   0.005087101862260   0.004688529544767   0.004643713436835   0.004640242126442   0.004636770816049   0.004674644303195   0.004614471848228   0.004554299393261   0.004012748928782   0.004314808356679   0.004083798194045   0.004677547996541   0.007184969827045   0.006968228746905   0.006751487666766   0.006659960873075   0.006656367534829   0.006652774196583   0.006737114313780   0.006752252220803   0.006767390127826   0.005863771797196   0.005935264817571   0.005829067974435   0.006691699173223   0.008034617650691   0.007908792189228   0.007782966727765   0.007668084591196   0.007664430239022   0.007660775886849   0.007768349319072   0.007821142407091   0.007873935495109   0.006789283231403   0.006745493048017   0.006701702864630   0.007698774761564   
0.044018322007088   0.045201553142006   0.046384784276924   0.046189627368804   0.046202530803812   0.046215434238820   0.046436398016956   0.047217962854585   0.047999527692213   0.043219242074644   0.048165584719403   0.043343526167532   0.048222889978616   0.044369810695472   0.045333273001131   0.046296735306789   0.045998958712295   0.046014359624518   0.046029760536741   0.046358338955682   0.047118596999180   0.047878855042679   0.042666593147885   0.046389702757120   0.042786511468882   0.048099787260143   0.045072788072240   0.045596712719381   0.046120637366521   0.045617621399277   0.045638017265930   0.045658413132583   0.046202220833132   0.046919865288371   0.047637509743610   0.041561295294366   0.042837938832553   0.041672482071582   0.047853581823198   0.045424276760625   0.045728432578506   0.046032588396387   0.045426952742769   0.045449846086636   0.045472739430504   0.046124161771857   0.046820499432966   0.047516837094075   0.041008646367607   0.041062056870270   0.041115467372932   0.047730479104725   
1.000000000000000   1.000000000000000   1.000000000000000   0.995526771300049   0.995526771300049   0.995526771300049   1.000000000000000   1.000000000000000   1.000000000000000   0.898595633650690   1.000000000000000   0.898595633650690   1.000000000000000   1.000000000000000   1.000000000000000   1.000000000000000   0.993239566661877   0.993239566661877   0.993239566661877   1.000000000000000   1.000000000000000   1.000000000000000   0.889342884969792   0.965396159731775   0.889342884969792   1.000000000000000   1.000000000000000   1.000000000000000   1.000000000000000   0.988665157385534   0.988665157385534   0.988665157385534   1.000000000000000   1.000000000000000   1.000000000000000   0.870837387607997   0.896188479195324   0.870837387607997   1.000000000000000   1.000000000000000   1.000000000000000   1.000000000000000   0.986377952747362   0.986377952747362   0.986377952747362   1.000000000000000   1.000000000000000   1.000000000000000   0.861584638927099   0.861584638927099   0.861584638927099   1.000000000000000   
PATCH 23 
2 1 
13 2 
0.000000000000000   0.000000000000000   0.000000000000000   0.125000000000000   0.125000000000000   0.250000000000000   0.250000000000000   0.500000000000000   0.500000000000000   0.625000000000000   0.625000000000000   0.750000000000000   0.750000000000000   1.000000000000000   1.000000000000000   1.000000000000000   
0.000000000000000   0.000000000000000   1.000000000000000   1.000000000000000   
0.008682408883347   0.009214726804819   0.009556928207111   0.010144646774422   0.010660663725641   0.011697958940856   0.012741828436311   0.013259033520932   0.013788039996152   0.014331204771707   0.014892367556434   0.015949224181639   0.016985461640884   0.008769232972180   0.009306874072867   0.009842960902535   0.010379047732203   0.010913580290852   0.011982645408149   0.013045493441370   0.013576917457981   0.014106787203572   0.014636656949163   0.015164972423735   0.016221603372879   0.017272017237946   
0.049240387650610   0.049122375608591   0.048050486522786   0.048248783362504   0.048091875315084   0.047807763685209   0.047553151105637   0.047407460799933   0.047302335185926   0.047240779501701   0.047229133770220   0.046983295732716   0.046667172317341   0.049732791527117   0.049613599364677   0.049488606583825   0.049363613802972   0.049232820403708   0.048971233605179   0.048686444333000   0.048544049696911   0.048395854442409   0.048247659187908   0.048093663314994   0.047785671569166   0.047454477349688   
1.000000000000000   0.999524337261468   0.999167590207569   0.998810843153671   0.998573011784405   0.998097349045873   0.998097349045873   0.998097349045873   0.998216264730506   0.998335180415139   0.998573011784404   0.999048674522936   1.000000000000000   1.000000000000000   0.999524337261468   0.999167590207569   0.998810843153671   0.998573011784405   0.998097349045873   0.998097349045873   0.998097349045873   0.998216264730506   0.998335180415139   0.998573011784404   0.999048674522936   1.000000000000000   
PATCH 24 
2 1 
6 2 
0.000000000000000   0.000000000000000   0.000000000000000   0.250000000000000   0.500000000000000   0.750000000000000   1.000000000000000   1.000000000000000   1.000000000000000   
0.000000000000000   0.000000000000000   1.000000000000000   1.000000000000000   
0.016985461640884   0.018050817485220   0.020012678738407   0.021972645379479   0.023890450674105   0.024975033301513   0.017272017237946   0.018289568482936   0.020304367573183   0.022298863263696   0.024273055554476   0.025250000000000   
0.046667172317341   0.046419027769049   0.045483554003818   0.044554950269326   0.043545468553316   0.043258026598946   0.047454477349688   0.047032993823604   0.046146485990198   0.045216437375554   0.044242847979673   0.043734282891114   
1.000000000000000   0.999048674522936   0.998097349045873   0.998097349045873   0.999048674522936   1.000000000000000   1.000000000000000   0.999048674522936   0.998097349045873   0.998097349045873   0.999048674522936   1.000000000000000   
PATCH 25 
2 1 
6 2 
0.000000000000000   0.000000000000000   0.000000000000000   0.250000000000000   0.500000000000000   0.750000000000000   1.000000000000000   1.000000000000000   1.000000000000000   
0.000000000000000   0.000000000000000   1.000000000000000   1.000000000000000   
0.016985461640884   0.018050817485220   0.020012678738407   0.021972645379479   0.023890450674105   0.024975033301513   0.008034617650691   0.009233430994788   0.011631057682983   0.014028684371178   0.016426311059372   0.017625124403469   
0.046667172317341   0.046419027769049   0.045483554003818   0.044554950269326   0.043545468553316   0.043258026598946   0.045424276760625   0.042526404987134   0.036730661440153   0.030934917893172   0.025139174346191   0.022241302572701   
1.000000000000000   0.999048674522936   0.998097349045873   0.998097349045873   0.999048674522936   1.000000000000000   1.000000000000000   1.000000000000000   1.000000000000000   1.000000000000000   1.000000000000000   1.000000000000000   
PATCH 26 
2 1 
13 2 
0.000000000000000   0.000000000000000   0.000000000000000   0.250000000000000   0.250000000000000   0.375000000000000   0.375000000000000   0.500000000000000   0.500000000000000   0.750000000000000   0.750000000000000   0.875000000000000   0.875000000000000   1.000000000000000   1.000000000000000   1.000000000000000   
0.000000000000000   0.000000000000000   1.000000000000000   1.000000000000000   
0.024975033301513   0.026278211755688   0.027561122472614   0.028146675448377   0.028782450588571   0.029398707019932   0.030047847477489   0.030993761528705   0.031871012583856   0.032456646825618   0.032962085618424   0.033550468363190   0.034116850358226   0.017625124403469   0.017866008529502   0.018106892655535   0.018106971409371   0.018107106553566   0.018107241697761   0.018107433232315   0.018397374204150   0.018687315175985   0.017152998984283   0.017142016613996   0.017131034243709   0.018643385694837   
0.043258026598946   0.042392765047794   0.041502509589091   0.040975291568098   0.040524362653554   0.040046170607075   0.039612408156743   0.038302445028958   0.036953528202666   0.036461780111367   0.035881713087415   0.035394659744153   0.034882817441434   0.022241302572701   0.021659017337931   0.021076732103162   0.021076335570448   0.021076005561900   0.021075675553352   0.021075412068970   0.020360142762315   0.019644873455660   0.017958926161252   0.017904787406833   0.017850648652415   0.019428318437987   
1.000000000000000   0.998038504789825   0.997057757184738   0.996567383382194   0.996322196480922   0.996077009579651   0.996077009579651   0.996077009579651   0.997057757184738   0.997548130987282   0.998283691691097   0.999019252394913   1.000000000000000   1.000000000000000   1.000000000000000   1.000000000000000   0.999996820750013   0.999996820750013   0.999996820750013   1.000000000000000   1.000000000000000   1.000000000000000   0.916784800973952   0.916784800973952   0.916784800973952   1.000000000000000   
PATCH 27 
2 2 
6 4 
0.000000000000000   0.000000000000000   0.000000000000000   0.250000000000000   0.500000000000000   0.750000000000000   1.000000000000000   1.000000000000000   1.000000000000000   
0.000000000000000   0.000000000000000   0.000000000000000   0.500000000000000   1.000000000000000   1.000000000000000   1.000000000000000   
0.014226533108886   0.013027719764789   0.010630093076594   0.008232466388400   0.005834839700205   0.004636026356108   0.015076180932532   0.013877367588435   0.011479740900240   0.009082114212046   0.006684487523851   0.005485674179754   0.016775476579824   0.015576663235726   0.013179036547532   0.010781409859337   0.008383783171143   0.007184969827045   0.017625124403469   0.016426311059372   0.014028684371178   0.011631057682983   0.009233430994788   0.008034617650691   
0.020835347819164   0.023733219592654   0.029528963139635   0.035324706686616   0.041120450233597   0.044018322007088   0.021186836507548   0.024084708281038   0.029880451828019   0.035676195375001   0.041471938921982   0.044369810695472   0.021889813884316   0.024787685657807   0.030583429204788   0.036379172751769   0.042174916298750   0.045072788072240   0.022241302572701   0.025139174346191   0.030934917893172   0.036730661440153   0.042526404987134   0.045424276760625   
1.000000000000000   1.000000000000000   1.000000000000000   1.000000000000000   1.000000000000000   1.000000000000000   1.000000000000000   1.000000000000000   1.000000000000000   1.000000000000000   1.000000000000000   1.000000000000000   1.000000000000000   1.000000000000000   1.000000000000000   1.000000000000000   1.000000000000000   1.000000000000000   1.000000000000000   1.000000000000000   1.000000000000000   1.000000000000000   1.000000000000000   1.000000000000000   
PATCH 28 
2 2 
13 4 
0.000000000000000   0.000000000000000   0.000000000000000   0.250000000000000   0.250000000000000   0.375000000000000   0.375000000000000   0.500000000000000   0.500000000000000   0.750000000000000   0.750000000000000   0.875000000000000   0.875000000000000   1.000000000000000   1.000000000000000   1.000000000000000   
0.000000000000000   0.000000000000000   0.000000000000000   0.500000000000000   1.000000000000000   1.000000000000000   1.000000000000000   
0.014226533108886   0.014450988098803   0.014675443088720   0.014621441747408   0.014624758201341   0.014628074655274   0.014688708904451   0.014920065789516   0.015151422674581   0.012896999914029   0.015285961073945   0.013096646567785   0.015490920107154   0.015076180932532   0.015304743206478   0.015533305480423   0.015492824162899   0.015495345289397   0.015497866415895   0.015543389986417   0.015789392893174   0.016035395799932   0.013960999681592   0.015749974958958   0.014105243486766   0.016279036504075   0.016775476579824   0.017012253421827   0.017249030263831   0.017235588993880   0.017236519465510   0.017237449937139   0.017252752150349   0.017528047100491   0.017803342050634   0.016088999216719   0.016678002728983   0.016122437324728   0.017855269297916   0.017625124403469   0.017866008529502   0.018106892655535   0.018106971409371   0.018107106553566   0.018107241697761   0.018107433232315   0.018397374204150   0.018687315175985   0.017152998984283   0.017142016613996   0.017131034243709   0.018643385694837   
0.020835347819164   0.020292776464831   0.019750205110499   0.019659350602453   0.019647155758526   0.019634960914600   0.019701425734795   0.018045512810706   0.016389599886617   0.013830922969672   0.016227635171516   0.013764032286574   0.016275852850304   0.021186836507548   0.020634336683106   0.020081836858665   0.020013596844451   0.020004368209370   0.019995139574288   0.020044922318339   0.018624170298608   0.017203418278878   0.014862923767567   0.016646923230346   0.014785686378034   0.017063969247224   0.021889813884316   0.021317457119656   0.020745100354996   0.020722089328449   0.020718793111057   0.020715496893664   0.020731915485426   0.019781485274413   0.018831055063399   0.016926925363357   0.017485499348004   0.016828994560955   0.018640202041066   0.022241302572701   0.021659017337931   0.021076732103162   0.021076335570448   0.021076005561900   0.021075675553352   0.021075412068970   0.020360142762315   0.019644873455660   0.017958926161252   0.017904787406833   0.017850648652415   0.019428318437987   
1.000000000000000   1.000000000000000   1.000000000000000   0.995991101606933   0.995991101606933   0.995991101606933   1.000000000000000   1.000000000000000   1.000000000000000   0.850245737120168   1.000000000000000   0.850245737120168   1.000000000000000   1.000000000000000   1.000000000000000   1.000000000000000   0.996992531392703   0.996992531392703   0.996992531392703   1.000000000000000   1.000000000000000   1.000000000000000   0.866880503083614   0.979196200243488   0.866880503083614   1.000000000000000   1.000000000000000   1.000000000000000   1.000000000000000   0.998995390964243   0.998995390964243   0.998995390964243   1.000000000000000   1.000000000000000   1.000000000000000   0.900150035010506   0.937588600730464   0.900150035010506   1.000000000000000   1.000000000000000   1.000000000000000   1.000000000000000   0.999996820750013   0.999996820750013   0.999996820750013   1.000000000000000   1.000000000000000   1.000000000000000   0.916784800973952   0.916784800973952   0.916784800973952   1.000000000000000   
PATCH 29 
2 1 
13 2 
0.000000000000000   0.000000000000000   0.000000000000000   0.250000000000000   0.250000000000000   0.375000000000000   0.375000000000000   0.500000000000000   0.500000000000000   0.750000000000000   0.750000000000000   0.875000000000000   0.875000000000000   1.000000000000000   1.000000000000000   1.000000000000000   
0.000000000000000   0.000000000000000   1.000000000000000   1.000000000000000   
0.024975033301513   0.026278211755688   0.027561122472614   0.028146675448377   0.028782450588571   0.029398707019932   0.030047847477489   0.030993761528705   0.031871012583856   0.032456646825618   0.032962085618424   0.033550468363190   0.034116850358226   0.025250000000000   0.026178902508932   0.027094027156471   0.027551589480241   0.028005707338662   0.028459825197083   0.028910498590156   0.029811845376303   0.030699414301056   0.031143198763433   0.031583538760461   0.032023878757490   0.032460774289170   
0.043258026598946   0.042392765047794   0.041502509589091   0.040975291568098   0.040524362653554   0.040046170607075   0.039612408156743   0.038302445028958   0.036953528202666   0.036461780111367   0.035881713087415   0.035394659744153   0.034882817441434   0.043734282891114   0.043142506727484   0.042531053738569   0.042225327244111   0.041914681543332   0.041604035842553   0.041288470935453   0.040657341121252   0.040006534481766   0.039681131162023   0.039350808635958   0.039020486109894   0.038685244377508   
1.000000000000000   0.998038504789825   0.997057757184738   0.996567383382194   0.996322196480922   0.996077009579651   0.996077009579651   0.996077009579651   0.997057757184738   0.997548130987282   0.998283691691097   0.999019252394913   1.000000000000000   1.000000000000000   0.999048674522937   0.998573011784405   0.998335180415139   0.998216264730506   0.998097349045873   0.998097349045873   0.998097349045873   0.998573011784405   0.998810843153671   0.999167590207569   0.999524337261468   1.000000000000000   
PATCH 30 
2 1 
6 2 
0.000000000000000   0.000000000000000   0.000000000000000   0.250000000000000   0.500000000000000   0.750000000000000   1.000000000000000   1.000000000000000   1.000000000000000   
0.000000000000000   0.000000000000000   1.000000000000000   1.000000000000000   
0.014226533108886   0.013027719764789   0.010630093076594   0.008232466388400   0.005834839700205   0.004636026356108   0.000000000000000   0.000000000000000   0.000000000000000   0.000000000000000   0.000000000000000   0.000000000000000   
0.020835347819164   0.023733219592654   0.029528963139635   0.035324706686616   0.041120450233597   0.044018322007088   0.014550000000000   0.018233540250886   0.025600620752658   0.032967701254430   0.040334781756202   0.044018322007088   
1.000000000000000   1.000000000000000   1.000000000000000   1.000000000000000   1.000000000000000   1.000000000000000   1.000000000000000   1.000000000000000   1.000000000000000   1.000000000000000   1.000000000000000   1.000000000000000   
PATCH 31 
2 1 
13 2 
0.000000000000000   0.000000000000000   0.000000000000000   0.250000000000000   0.250000000000000   0.375000000000000   0.375000000000000   0.500000000000000   0.500000000000000   0.750000000000000   0.750000000000000   0.875000000000000   0.875000000000000   1.000000000000000   1.000000000000000   1.000000000000000   
0.000000000000000   0.000000000000000   1.000000000000000   1.000000000000000   
0.004636026356108   0.004146538419938   0.003657050483768   0.003635589718715   0.003632179422249   0.003628769125782   0.003643409297903   0.003545581661940   0.003447754025978   0.003087237494575   0.003504580126234   0.003211163303850   0.003670472408200   0.000000000000000   0.000000000000000   0.000000000000000   0.000000000000000   0.000000000000000   0.000000000000000   0.000000000000000   0.000000000000000   0.000000000000000   0.000000000000000   0.000000000000000   0.000000000000000   0.000000000000000   
0.044018322007088   0.045201553142006   0.046384784276924   0.046189627368804   0.046202530803812   0.046215434238820   0.046436398016956   0.047217962854585   0.047999527692213   0.043219242074644   0.048165584719403   0.043343526167532   0.048222889978616   0.044018322007088   0.044766031756202   0.045513741505316   0.045887596379873   0.046261451254430   0.046635306128987   0.047009161003544   0.047756870752658   0.048504580501772   0.048878435376329   0.049252290250886   0.049626145125443   0.050000000000000   
1.000000000000000   1.000000000000000   1.000000000000000   0.995526771300049   0.995526771300049   0.995526771300049   1.000000000000000   1.000000000000000   1.000000000000000   0.898595633650690   1.000000000000000   0.898595633650690   1.000000000000000   1.000000000000000   1.000000000000000   1.000000000000000   1.000000000000000   1.000000000000000   1.000000000000000   1.000000000000000   1.000000000000000   1.000000000000000   1.000000000000000   1.000000000000000   1.000000000000000   1.000000000000000   
PATCH 32 
2 1 
13 2 
0.000000000000000   0.000000000000000   0.000000000000000   0.250000000000000   0.250000000000000   0.375000000000000   0.375000000000000   0.500000000000000   0.500000000000000   0.750000000000000   0.750000000000000   0.875000000000000   0.875000000000000   1.000000000000000   1.000000000000000   1.000000000000000   
0.000000000000000   0.000000000000000   1.000000000000000   1.000000000000000   
0.000000000000000   0.001373337961563   0.002695855014726   0.003357113541307   0.004005666840789   0.004654220140270   0.005290068212651   0.006561764357414   0.007782639593776   0.008393077211957   0.008990809603038   0.009588541994119   0.010173569158100   0.014226533108886   0.014450988098803   0.014675443088720   0.014621441747408   0.014624758201341   0.014628074655274   0.014688708904451   0.014920065789516   0.015151422674581   0.012896999914029   0.015285961073945   0.013096646567785   0.015490920107154   
0.014550000000000   0.014280785779641   0.013886926826620   0.013689997350109   0.013461906690433   0.013233816030758   0.012974564187916   0.012456060502234   0.011812912083889   0.011491337874717   0.011138602482380   0.010785867090042   0.010401970514539   0.020835347819164   0.020292776464831   0.019750205110499   0.019659350602453   0.019647155758526   0.019634960914600   0.019701425734795   0.018045512810706   0.016389599886617   0.013830922969672   0.016227635171516   0.013764032286574   0.016275852850304   
1.000000000000000   0.981497304442659   0.972245956663988   0.967620282774653   0.965307445829986   0.962994608885318   0.962994608885318   0.962994608885318   0.972245956663988   0.976871630553323   0.983810141387326   0.990748652221329   1.000000000000000   1.000000000000000   1.000000000000000   1.000000000000000   0.995991101606933   0.995991101606933   0.995991101606933   1.000000000000000   1.000000000000000   1.000000000000000   0.850245737120168   1.000000000000000   0.850245737120168   1.000000000000000   
INTERFACE 1 
1 2 
5 1 
1 
INTERFACE 2 
1 3 
2 4 
1 
INTERFACE 3 
2 1 
13 2 
1 
INTERFACE 4 
2 2 
3 1 
1 
INTERFACE 5 
2 3 
4 2 
1 
INTERFACE 6 
3 2 
7 1 
-1 
INTERFACE 7 
3 3 
4 4 
-1 
INTERFACE 8 
3 4 
5 3 
1 
INTERFACE 9 
4 1 
9 2 
1 
INTERFACE 10 
4 3 
13 3 
1 
INTERFACE 11 
5 2 
6 1 
1 
INTERFACE 12 
6 2 
11 1 
1 
INTERFACE 13 
6 3 
7 3 
1 
INTERFACE 14 
7 2 
8 1 
1 
INTERFACE 15 
7 4 
9 4 
-1 
INTERFACE 16 
8 2 
15 1 
1 
INTERFACE 17 
8 3 
11 3 
1 
INTERFACE 18 
8 4 
10 4 
1 
INTERFACE 19 
9 1 
10 1 
1 
INTERFACE 20 
9 3 
12 3 
1 
INTERFACE 21 
10 2 
16 3 
1 
INTERFACE 22 
10 3 
14 4 
1 
INTERFACE 23 
11 2 
18 1 
1 
INTERFACE 24 
12 1 
14 1 
-1 
INTERFACE 25 
12 2 
13 1 
1 
INTERFACE 26 
14 2 
17 1 
-1 
INTERFACE 27 
15 2 
26 2 
1 
INTERFACE 28 
15 3 
18 3 
1 
INTERFACE 29 
15 4 
16 2 
1 
INTERFACE 30 
16 1 
17 3 
1 
INTERFACE 31 
16 4 
28 2 
1 
INTERFACE 32 
17 2 
32 2 
-1 
INTERFACE 33 
18 2 
29 2 
1 
INTERFACE 34 
19 2 
23 1 
1 
INTERFACE 35 
19 3 
20 4 
1 
INTERFACE 36 
20 1 
31 2 
1 
INTERFACE 37 
20 2 
21 1 
1 
INTERFACE 38 
20 3 
22 2 
1 
INTERFACE 39 
21 2 
25 1 
-1 
INTERFACE 40 
21 3 
22 4 
-1 
INTERFACE 41 
21 4 
23 3 
1 
INTERFACE 42 
22 1 
27 2 
1 
INTERFACE 43 
22 3 
31 3 
1 
INTERFACE 44 
23 2 
24 1 
1 
INTERFACE 45 
24 2 
29 1 
1 
INTERFACE 46 
24 3 
25 3 
1 
INTERFACE 47 
25 2 
26 1 
1 
INTERFACE 48 
25 4 
27 4 
-1 
INTERFACE 49 
26 3 
29 3 
1 
INTERFACE 50 
26 4 
28 4 
1 
INTERFACE 51 
27 1 
28 1 
1 
INTERFACE 52 
27 3 
30 3 
1 
INTERFACE 53 
28 3 
32 4 
1 
INTERFACE 54 
30 1 
32 1 
-1 
INTERFACE 55 
30 2 
31 1 
1 
BOUNDARY 1 
1 
1 1 
BOUNDARY 2 
1 
1 4 
BOUNDARY 3 
1 
5 4 
BOUNDARY 4 
1 
6 4 
BOUNDARY 5 
1 
11 4 
BOUNDARY 6 
1 
12 4 
BOUNDARY 7 
1 
13 4 
BOUNDARY 8 
1 
14 3 
BOUNDARY 9 
1 
17 4 
BOUNDARY 10 
1 
18 4 
BOUNDARY 11 
1 
19 1 
BOUNDARY 12 
1 
19 4 
BOUNDARY 13 
1 
23 4 
BOUNDARY 14 
1 
24 4 
BOUNDARY 15 
1 
29 4 
BOUNDARY 16 
1 
30 4 
BOUNDARY 17 
1 
31 4 
BOUNDARY 18 
1 
32 3 
