# nurbs mesh v.2.1
#
# 14-Jul-2024
#
2 2 32 55 0 
PATCH 1 
2 1 
4 2 
0.000000000000000   0.000000000000000   0.000000000000000   0.500000000000000   1.000000000000000   1.000000000000000   1.000000000000000   
0.000000000000000   0.000000000000000   1.000000000000000   1.000000000000000   
0.050000000000000   0.049904867452294   0.049525061277599   0.049240387650610   0.050500000000000   0.050403916126817   0.050020311890375   0.049732791527117   
0.000000000000000   0.002178893568691   0.006520098010365   0.008682408883347   0.000000000000000   0.002200682504378   0.006585298990468   0.008769232972180   
1.000000000000000   0.998097349045873   0.998097349045873   1.000000000000000   1.000000000000000   0.998097349045873   0.998097349045873   1.000000000000000   
PATCH 2 
2 1 
4 2 
0.000000000000000   0.000000000000000   0.000000000000000   0.500000000000000   1.000000000000000   1.000000000000000   1.000000000000000   
0.000000000000000   0.000000000000000   1.000000000000000   1.000000000000000   
0.048329160422272   0.048195496999644   0.047928170154388   0.047794506731759   0.050000000000000   0.049904867452294   0.049525061277599   0.049240387650610   
0.003530079306061   0.004628565543614   0.006825538018721   0.007924024256274   0.000000000000000   0.002178893568691   0.006520098010365   0.008682408883347   
1.000000000000000   1.000000000000000   1.000000000000000   1.000000000000000   1.000000000000000   0.998097349045873   0.998097349045873   1.000000000000000   
PATCH 3 
2 1 
13 2 
0.000000000000000   0.000000000000000   0.000000000000000   0.125000000000000   0.125000000000000   0.250000000000000   0.250000000000000   0.500000000000000   0.500000000000000   0.625000000000000   0.625000000000000   0.750000000000000   0.750000000000000   1.000000000000000   1.000000000000000   1.000000000000000   
0.000000000000000   0.000000000000000   1.000000000000000   1.000000000000000   
0.047794506731759   0.043709247013525   0.047711818325768   0.043577494862750   0.047553471776901   0.046039194776782   0.044524917776663   0.043779540100246   0.043754322646698   0.043729105193149   0.044424047962470   0.044190240406865   0.043956432851260   0.049240387650610   0.049122375608591   0.048424513155279   0.048398649128774   0.048135982039731   0.047855918668510   0.047610705300679   0.047517338390020   0.047452150485464   0.047393969372037   0.047299370922439   0.047068053371795   0.046773477649483   
0.007924024256274   0.007328554637993   0.008062898457883   0.007422175079799   0.008095298871768   0.007765999655943   0.007436700440117   0.007310961014945   0.007311995939473   0.007313030864000   0.007440840138226   0.007512183518745   0.007583526899263   0.008682408883347   0.009214726804819   0.009631319663534   0.010176157108081   0.010670440989605   0.011709741860073   0.012757250036393   0.013289764351599   0.013831709285077   0.014377677235199   0.014914514849926   0.015977996505200   0.017024153617527   
1.000000000000000   0.914728729057205   1.000000000000000   0.914728729057205   1.000000000000000   1.000000000000000   1.000000000000000   0.983813212091142   0.983813212091142   0.983813212091142   1.000000000000000   1.000000000000000   1.000000000000000   1.000000000000000   0.999524337261468   0.999167590207569   0.998810843153671   0.998573011784405   0.998097349045873   0.998097349045873   0.998097349045873   0.998216264730506   0.998335180415139   0.998573011784404   0.999048674522936   1.000000000000000   
PATCH 4 
2 2 
13 4 
0.000000000000000   0.000000000000000   0.000000000000000   0.250000000000000   0.250000000000000   0.375000000000000   0.375000000000000   0.500000000000000   0.500000000000000   0.750000000000000   0.750000000000000   0.875000000000000   0.875000000000000   1.000000000000000   1.000000000000000   1.000000000000000   
0.000000000000000   0.000000000000000   0.000000000000000   0.500000000000000   1.000000000000000   1.000000000000000   1.000000000000000   
0.043035211866070   0.044860575117137   0.046685938368203   0.046580589121968   0.046590304117478   0.046600019112989   0.046724798350245   0.047417956300451   0.048111114250656   0.043461946235657   0.048273689394010   0.043582871219704   0.048329160422272   0.043265517112368   0.044692991439569   0.046120465766770   0.045867718139763   0.045881308749783   0.045894899359803   0.046174828206850   0.047073265919534   0.047971703632218   0.043490833392430   0.048133221626950   0.043614465168159   0.048195496999644   0.043726127604963   0.044357824084433   0.044989520563903   0.044441976175354   0.044463318014393   0.044484659853432   0.045074887920059   0.046383885157699   0.047692882395340   0.043548607705977   0.047852286092828   0.043677653065070   0.047928170154388   0.043956432851260   0.044190240406865   0.044424047962470   0.043729105193149   0.043754322646698   0.043779540100246   0.044524917776663   0.046039194776782   0.047553471776901   0.043577494862750   0.047711818325768   0.043709247013525   0.047794506731759   
0.004564488200026   0.004007501986864   0.003450515773702   0.003439137971853   0.003437199619879   0.003435261267905   0.003442762365806   0.003374818924924   0.003306875484043   0.002972959533459   0.003366162784018   0.003096744869458   0.003530079306061   0.005319247874835   0.004883672369834   0.004448096864833   0.004407611194890   0.004405898699777   0.004404186204665   0.004441246884384   0.004472614107679   0.004503981330974   0.004085263420044   0.004540346702484   0.004154697311592   0.004628565543614   0.006828767224454   0.006636013135775   0.006443259047095   0.006344557640963   0.006343296859574   0.006342036078185   0.006438215921540   0.006668204473188   0.006898193024837   0.006309871193214   0.006888714539416   0.006270602195859   0.006825538018721   0.007583526899263   0.007512183518745   0.007440840138226   0.007313030864000   0.007311995939473   0.007310961014945   0.007436700440117   0.007765999655943   0.008095298871768   0.007422175079799   0.008062898457883   0.007328554637993   0.007924024256274   
1.000000000000000   1.000000000000000   1.000000000000000   0.997540492167586   0.997540492167586   0.997540492167586   1.000000000000000   1.000000000000000   1.000000000000000   0.901576185164758   1.000000000000000   0.901576185164758   1.000000000000000   1.000000000000000   1.000000000000000   1.000000000000000   0.994108672148475   0.994108672148475   0.994108672148475   1.000000000000000   1.000000000000000   1.000000000000000   0.904864321137870   1.000000000000000   0.904864321137870   1.000000000000000   1.000000000000000   1.000000000000000   1.000000000000000   0.987245032110253   0.987245032110253   0.987245032110253   1.000000000000000   1.000000000000000   1.000000000000000   0.911440593084093   1.000000000000000   0.911440593084093   1.000000000000000   1.000000000000000   1.000000000000000   1.000000000000000   0.983813212091142   0.983813212091142   0.983813212091142   1.000000000000000   1.000000000000000   1.000000000000000   0.914728729057205   1.000000000000000   0.914728729057205   1.000000000000000   
PATCH 5 
2 1 
13 2 
0.000000000000000   0.000000000000000   0.000000000000000   0.125000000000000   0.125000000000000   0.250000000000000   0.250000000000000   0.500000000000000   0.500000000000000   0.625000000000000   0.625000000000000   0.750000000000000   0.750000000000000   1.000000000000000   1.000000000000000   1.000000000000000   
0.000000000000000   0.000000000000000   1.000000000000000   1.000000000000000   
0.049240387650610   0.049122375608591   0.048424513155279   0.048398649128774   0.048135982039731   0.047855918668510   0.047610705300679   0.047517338390020   0.047452150485464   0.047393969372037   0.047299370922439   0.047068053371795   0.046773477649483   0.049732791527117   0.049613599364677   0.049488606583825   0.049363613802972   0.049232820403708   0.048971233605179   0.048686444333000   0.048544049696911   0.048395854442409   0.048247659187908   0.048093663314994   0.047785671569166   0.047454477349688   
0.008682408883347   0.009214726804819   0.009631319663534   0.010176157108081   0.010670440989605   0.011709741860073   0.012757250036393   0.013289764351599   0.013831709285077   0.014377677235199   0.014914514849926   0.015977996505200   0.017024153617527   0.008769232972180   0.009306874072867   0.009842960902535   0.010379047732203   0.010913580290852   0.011982645408149   0.013045493441370   0.013576917457981   0.014106787203572   0.014636656949163   0.015164972423735   0.016221603372879   0.017272017237946   
1.000000000000000   0.999524337261468   0.999167590207569   0.998810843153671   0.998573011784405   0.998097349045873   0.998097349045873   0.998097349045873   0.998216264730506   0.998335180415139   0.998573011784404   0.999048674522936   1.000000000000000   1.000000000000000   0.999524337261468   0.999167590207569   0.998810843153671   0.998573011784405   0.998097349045873   0.998097349045873   0.998097349045873   0.998216264730506   0.998335180415139   0.998573011784404   0.999048674522936   1.000000000000000   
PATCH 6 
2 1 
6 2 
0.000000000000000   0.000000000000000   0.000000000000000   0.250000000000000   0.500000000000000   0.750000000000000   1.000000000000000   1.000000000000000   1.000000000000000   
0.000000000000000   0.000000000000000   1.000000000000000   1.000000000000000   
0.046773477649483   0.046460716244070   0.045635812575847   0.044498461882651   0.043710320384178   0.043295716793591   0.047454477349688   0.047032993823604   0.046146485990198   0.045216437375554   0.044242847979673   0.043734282891114   
0.017024153617527   0.018067028747928   0.020079672225480   0.021944787660394   0.023980893713636   0.024996793745537   0.017272017237946   0.018289568482936   0.020304367573183   0.022298863263696   0.024273055554476   0.025250000000000   
1.000000000000000   0.999048674522936   0.998097349045873   0.998097349045873   0.999048674522936   1.000000000000000   1.000000000000000   0.999048674522936   0.998097349045873   0.998097349045873   0.999048674522936   1.000000000000000   
PATCH 7 
2 1 
6 2 
0.000000000000000   0.000000000000000   0.000000000000000   0.250000000000000   0.500000000000000   0.750000000000000   1.000000000000000   1.000000000000000   1.000000000000000   
0.000000000000000   0.000000000000000   1.000000000000000   1.000000000000000   
0.046773477649483   0.046460716244070   0.045635812575847   0.044498461882651   0.043710320384178   0.043295716793591   0.043956432851260   0.040887374800997   0.034749258700470   0.028611142599943   0.022473026499417   0.019403968449153   
0.017024153617527   0.018067028747928   0.020079672225480   0.021944787660394   0.023980893713636   0.024996793745537   0.007583526899263   0.008520010648671   0.010392978147487   0.012265945646303   0.014138913145120   0.015075396894528   
1.000000000000000   0.999048674522936   0.998097349045873   0.998097349045873   0.999048674522936   1.000000000000000   1.000000000000000   1.000000000000000   1.000000000000000   1.000000000000000   1.000000000000000   1.000000000000000   
PATCH 8 
2 1 
13 2 
0.000000000000000   0.000000000000000   0.000000000000000   0.250000000000000   0.250000000000000   0.375000000000000   0.375000000000000   0.500000000000000   0.500000000000000   0.750000000000000   0.750000000000000   0.875000000000000   0.875000000000000   1.000000000000000   1.000000000000000   1.000000000000000   
0.000000000000000   0.000000000000000   1.000000000000000   1.000000000000000   
0.043295716793591   0.042425539718564   0.041518016955217   0.041039654052527   0.040525859734124   0.040029128763976   0.039627798485420   0.038295316291352   0.036755326332875   0.036240659301701   0.035700227384513   0.035222028781200   0.034720221054161   0.019403968449153   0.018907095494399   0.018410222539645   0.018251719129487   0.018236146401903   0.018220573674319   0.018347931629310   0.017788039233450   0.017228146837590   0.015057533956675   0.014992013263408   0.014926492570141   0.016966064064521   
0.024996793745537   0.026304563385819   0.027583718509507   0.028206425003080   0.028802347194551   0.029408413255113   0.030085268189132   0.031020688384124   0.031739778779836   0.032303406799391   0.032842940576132   0.033438593976869   0.034013899906879   0.015075396894528   0.015227011311729   0.015378625728930   0.015265294330860   0.015273242048642   0.015281189766425   0.015410416600060   0.015833969262378   0.016257521924695   0.014298249920213   0.014293729810616   0.014289209701020   0.016239441486308   
1.000000000000000   0.998025598108982   0.997038397163473   0.996544796690718   0.996297996454341   0.996051196217964   0.996051196217964   0.996051196217964   0.997038397163473   0.997531997636227   0.998272398345359   0.999012799054491   1.000000000000000   1.000000000000000   1.000000000000000   1.000000000000000   0.992298789802788   0.992298789802788   0.992298789802788   1.000000000000000   1.000000000000000   1.000000000000000   0.877047986436497   0.877047986436497   0.877047986436497   1.000000000000000   
PATCH 9 
2 2 
6 4 
0.000000000000000   0.000000000000000   0.000000000000000   0.250000000000000   0.500000000000000   0.750000000000000   1.000000000000000   1.000000000000000   1.000000000000000   
0.000000000000000   0.000000000000000   0.000000000000000   0.500000000000000   1.000000000000000   1.000000000000000   1.000000000000000   
0.018482747463963   0.021551805514227   0.027689921614753   0.033828037715280   0.039966153815807   0.043035211866070   0.018713052710261   0.021782110760524   0.027920226861051   0.034058342961578   0.040196459062104   0.043265517112368   0.019173663202856   0.022242721253119   0.028380837353646   0.034518953454173   0.040657069554699   0.043726127604963   0.019403968449153   0.022473026499417   0.028611142599943   0.034749258700470   0.040887374800997   0.043956432851260   
0.012056358195291   0.011119874445883   0.009246906947067   0.007373939448251   0.005500971949434   0.004564488200026   0.012811117870100   0.011874634120692   0.010001666621876   0.008128699123060   0.006255731624244   0.005319247874835   0.014320637219718   0.013384153470310   0.011511185971494   0.009638218472678   0.007765250973862   0.006828767224454   0.015075396894528   0.014138913145120   0.012265945646303   0.010392978147487   0.008520010648671   0.007583526899263   
1.000000000000000   1.000000000000000   1.000000000000000   1.000000000000000   1.000000000000000   1.000000000000000   1.000000000000000   1.000000000000000   1.000000000000000   1.000000000000000   1.000000000000000   1.000000000000000   1.000000000000000   1.000000000000000   1.000000000000000   1.000000000000000   1.000000000000000   1.000000000000000   1.000000000000000   1.000000000000000   1.000000000000000   1.000000000000000   1.000000000000000   1.000000000000000   
PATCH 10 
2 2 
13 4 
0.000000000000000   0.000000000000000   0.000000000000000   0.250000000000000   0.250000000000000   0.375000000000000   0.375000000000000   0.500000000000000   0.500000000000000   0.750000000000000   0.750000000000000   0.875000000000000   0.875000000000000   1.000000000000000   1.000000000000000   1.000000000000000   
0.000000000000000   0.000000000000000   0.000000000000000   0.500000000000000   1.000000000000000   1.000000000000000   1.000000000000000   
0.018482747463963   0.017924104434938   0.017365461405912   0.017301347002166   0.017290451173463   0.017279555344760   0.017321878091100   0.015589186063584   0.013856494036067   0.011553975358699   0.013683800453194   0.011478741653645   0.013729859871514   0.018713052710261   0.018169852199803   0.017626651689345   0.017538940033996   0.017526874980573   0.017514809927150   0.017578391475653   0.016138899356050   0.014699407236448   0.012429865008193   0.014010853655748   0.012340679382769   0.014538910919766   0.019173663202856   0.018661347729534   0.018149032256212   0.018014126097657   0.017999722594793   0.017985319091929   0.018091418244758   0.017238325940984   0.016385233637209   0.014181644307181   0.014664960060855   0.014064554841017   0.016157013016270   0.019403968449153   0.018907095494399   0.018410222539645   0.018251719129487   0.018236146401903   0.018220573674319   0.018347931629310   0.017788039233450   0.017228146837590   0.015057533956675   0.014992013263408   0.014926492570141   0.016966064064521   
0.012056358195291   0.012226820959382   0.012397283723472   0.012362316586404   0.012364356569536   0.012366396552669   0.012405443656002   0.012533903497391   0.012662363338780   0.010664698113336   0.012792167109569   0.010867212266176   0.013003237293301   0.012811117870100   0.012976868547468   0.013142619224837   0.013088061022518   0.013091577939313   0.013095094856108   0.013156686892016   0.013358919938638   0.013561152985259   0.011573086065056   0.013167557784831   0.011722711624887   0.013812288341553   0.014320637219718   0.014476963723642   0.014633290227566   0.014539549894746   0.014546020678866   0.014552491462986   0.014659173364046   0.015008952821131   0.015358732278216   0.013389861968494   0.013918339135355   0.013433710342309   0.015430390438056   0.015075396894528   0.015227011311729   0.015378625728930   0.015265294330860   0.015273242048642   0.015281189766425   0.015410416600060   0.015833969262378   0.016257521924695   0.014298249920213   0.014293729810616   0.014289209701020   0.016239441486308   
1.000000000000000   1.000000000000000   1.000000000000000   0.996918488931883   0.996918488931883   0.996918488931883   1.000000000000000   1.000000000000000   1.000000000000000   0.841605264967433   1.000000000000000   0.841605264967433   1.000000000000000   1.000000000000000   1.000000000000000   1.000000000000000   0.995763564149609   0.995763564149609   0.995763564149609   1.000000000000000   1.000000000000000   1.000000000000000   0.850465945334699   0.969261996609124   0.850465945334699   1.000000000000000   1.000000000000000   1.000000000000000   1.000000000000000   0.993453714585062   0.993453714585062   0.993453714585062   1.000000000000000   1.000000000000000   1.000000000000000   0.868187306069231   0.907785989827373   0.868187306069231   1.000000000000000   1.000000000000000   1.000000000000000   1.000000000000000   0.992298789802788   0.992298789802788   0.992298789802788   1.000000000000000   1.000000000000000   1.000000000000000   0.877047986436497   0.877047986436497   0.877047986436497   1.000000000000000   
PATCH 11 
2 1 
13 2 
0.000000000000000   0.000000000000000   0.000000000000000   0.250000000000000   0.250000000000000   0.375000000000000   0.375000000000000   0.500000000000000   0.500000000000000   0.750000000000000   0.750000000000000   0.875000000000000   0.875000000000000   1.000000000000000   1.000000000000000   1.000000000000000   
0.000000000000000   0.000000000000000   1.000000000000000   1.000000000000000   
0.043295716793591   0.042425539718564   0.041518016955217   0.041039654052527   0.040525859734124   0.040029128763976   0.039627798485420   0.038295316291352   0.036755326332875   0.036240659301701   0.035700227384513   0.035222028781200   0.034720221054161   0.043734282891114   0.043142506727484   0.042531053738569   0.042225327244111   0.041914681543332   0.041604035842553   0.041288470935453   0.040657341121252   0.040006534481766   0.039681131162023   0.039350808635958   0.039020486109894   0.038685244377508   
0.024996793745537   0.026304563385819   0.027583718509507   0.028206425003080   0.028802347194551   0.029408413255113   0.030085268189132   0.031020688384124   0.031739778779836   0.032303406799391   0.032842940576132   0.033438593976869   0.034013899906879   0.025250000000000   0.026178902508932   0.027094027156471   0.027551589480241   0.028005707338662   0.028459825197083   0.028910498590156   0.029811845376303   0.030699414301056   0.031143198763433   0.031583538760461   0.032023878757490   0.032460774289170   
1.000000000000000   0.998025598108982   0.997038397163473   0.996544796690718   0.996297996454341   0.996051196217964   0.996051196217964   0.996051196217964   0.997038397163473   0.997531997636227   0.998272398345359   0.999012799054491   1.000000000000000   1.000000000000000   0.999048674522937   0.998573011784405   0.998335180415139   0.998216264730506   0.998097349045873   0.998097349045873   0.998097349045873   0.998573011784405   0.998810843153671   0.999167590207569   0.999524337261468   1.000000000000000   
PATCH 12 
2 1 
6 2 
0.000000000000000   0.000000000000000   0.000000000000000   0.250000000000000   0.500000000000000   0.750000000000000   1.000000000000000   1.000000000000000   1.000000000000000   
0.000000000000000   0.000000000000000   1.000000000000000   1.000000000000000   
0.018482747463963   0.021551805514227   0.027689921614753   0.033828037715280   0.039966153815807   0.043035211866070   0.014550000000000   0.018110651483259   0.025231954449776   0.032353257416294   0.039474560382811   0.043035211866070   
0.012056358195291   0.011119874445883   0.009246906947067   0.007373939448251   0.005500971949434   0.004564488200026   0.000000000000000   0.000000000000000   0.000000000000000   0.000000000000000   0.000000000000000   0.000000000000000   
1.000000000000000   1.000000000000000   1.000000000000000   1.000000000000000   1.000000000000000   1.000000000000000   1.000000000000000   1.000000000000000   1.000000000000000   1.000000000000000   1.000000000000000   1.000000000000000   
PATCH 13 
2 1 
13 2 
0.000000000000000   0.000000000000000   0.000000000000000   0.250000000000000   0.250000000000000   0.375000000000000   0.375000000000000   0.500000000000000   0.500000000000000   0.750000000000000   0.750000000000000   0.875000000000000   0.875000000000000   1.000000000000000   1.000000000000000   1.000000000000000   
0.000000000000000   0.000000000000000   1.000000000000000   1.000000000000000   
0.043035211866070   0.044860575117137   0.046685938368203   0.046580589121968   0.046590304117478   0.046600019112989   0.046724798350245   0.047417956300451   0.048111114250656   0.043461946235657   0.048273689394010   0.043582871219704   0.048329160422272   0.043035211866070   0.043905810382811   0.044776408899553   0.045211708157923   0.045647007416294   0.046082306674664   0.046517605933035   0.047388204449776   0.048258802966518   0.048694102224888   0.049129401483259   0.049564700741629   0.050000000000000   
0.004564488200026   0.004007501986864   0.003450515773702   0.003439137971853   0.003437199619879   0.003435261267905   0.003442762365806   0.003374818924924   0.003306875484043   0.002972959533459   0.003366162784018   0.003096744869458   0.003530079306061   0.000000000000000   0.000000000000000   0.000000000000000   0.000000000000000   0.000000000000000   0.000000000000000   0.000000000000000   0.000000000000000   0.000000000000000   0.000000000000000   0.000000000000000   0.000000000000000   0.000000000000000   
1.000000000000000   1.000000000000000   1.000000000000000   0.997540492167586   0.997540492167586   0.997540492167586   1.000000000000000   1.000000000000000   1.000000000000000   0.901576185164758   1.000000000000000   0.901576185164758   1.000000000000000   1.000000000000000   1.000000000000000   1.000000000000000   1.000000000000000   1.000000000000000   1.000000000000000   1.000000000000000   1.000000000000000   1.000000000000000   1.000000000000000   1.000000000000000   1.000000000000000   1.000000000000000   
PATCH 14 
2 1 
13 2 
0.000000000000000   0.000000000000000   0.000000000000000   0.250000000000000   0.250000000000000   0.375000000000000   0.375000000000000   0.500000000000000   0.500000000000000   0.750000000000000   0.750000000000000   0.875000000000000   0.875000000000000   1.000000000000000   1.000000000000000   1.000000000000000   
0.000000000000000   0.000000000000000   1.000000000000000   1.000000000000000   
0.014550000000000   0.014280219310104   0.013885552621739   0.013688219277557   0.013459664433757   0.013231109589958   0.012971333246542   0.012451780559709   0.011807341874407   0.011485122531757   0.011131681689489   0.010778240847221   0.010393578505337   0.018482747463963   0.017924104434938   0.017365461405912   0.017301347002166   0.017290451173463   0.017279555344760   0.017321878091100   0.015589186063584   0.013856494036067   0.011553975358699   0.013683800453194   0.011478741653645   0.013729859871514   
0.000000000000000   0.001374726481288   0.002698473628069   0.003360347201459   0.004009475941223   0.004658604680986   0.005294988587123   0.006567756399397   0.007789544877163   0.008400439116046   0.008998588521302   0.009596737926559   0.010182142498188   0.012056358195291   0.012226820959382   0.012397283723472   0.012362316586404   0.012364356569536   0.012366396552669   0.012405443656002   0.012533903497391   0.012662363338780   0.010664698113336   0.012792167109569   0.010867212266176   0.013003237293301   
1.000000000000000   0.981458371828432   0.972187557742648   0.967552150699756   0.965234447178310   0.962916743656864   0.962916743656864   0.962916743656864   0.972187557742648   0.976822964785540   0.983776075349878   0.990729185914216   1.000000000000000   1.000000000000000   1.000000000000000   1.000000000000000   0.996918488931883   0.996918488931883   0.996918488931883   1.000000000000000   1.000000000000000   1.000000000000000   0.841605264967433   1.000000000000000   0.841605264967433   1.000000000000000   
PATCH 15 
2 1 
4 2 
0.000000000000000   0.000000000000000   0.000000000000000   0.500000000000000   1.000000000000000   1.000000000000000   1.000000000000000   
0.000000000000000   0.000000000000000   1.000000000000000   1.000000000000000   
0.034720221054161   0.034556110841739   0.034202832118168   0.034013899906879   0.016966064064521   0.016784408419968   0.016421097130862   0.016239441486308   
0.034013899906879   0.034202832118168   0.034556110841739   0.034720221054161   0.016239441486308   0.016421097130862   0.016784408419968   0.016966064064521   
1.000000000000000   0.999973603071982   0.999973603071982   1.000000000000000   1.000000000000000   1.000000000000000   1.000000000000000   1.000000000000000   
PATCH 16 
2 2 
4 4 
0.000000000000000   0.000000000000000   0.000000000000000   0.500000000000000   1.000000000000000   1.000000000000000   1.000000000000000   
0.000000000000000   0.000000000000000   0.000000000000000   0.500000000000000   1.000000000000000   1.000000000000000   1.000000000000000   
0.013729859871514   0.014538910919766   0.016157013016270   0.016966064064521   0.013548204226961   0.014357255275213   0.015975357371716   0.016784408419968   0.013184892937854   0.013993943986106   0.015612046082610   0.016421097130862   0.013003237293301   0.013812288341553   0.015430390438056   0.016239441486308   
0.013003237293301   0.013812288341553   0.015430390438056   0.016239441486308   0.013184892937854   0.013993943986106   0.015612046082610   0.016421097130862   0.013548204226961   0.014357255275213   0.015975357371716   0.016784408419968   0.013729859871514   0.014538910919766   0.016157013016270   0.016966064064521   
1.000000000000000   1.000000000000000   1.000000000000000   1.000000000000000   1.000000000000000   1.000000000000000   1.000000000000000   1.000000000000000   1.000000000000000   1.000000000000000   1.000000000000000   1.000000000000000   1.000000000000000   1.000000000000000   1.000000000000000   1.000000000000000   
PATCH 17 
2 1 
4 2 
0.000000000000000   0.000000000000000   0.000000000000000   0.500000000000000   1.000000000000000   1.000000000000000   1.000000000000000   
0.000000000000000   0.000000000000000   1.000000000000000   1.000000000000000   
0.013729859871514   0.013548204226961   0.013184892937854   0.013003237293301   0.010393578505337   0.010340991085800   0.010235273082226   0.010182142498188   
0.013003237293301   0.013184892937854   0.013548204226961   0.013729859871514   0.010182142498188   0.010235273082226   0.010340991085800   0.010393578505337   
1.000000000000000   1.000000000000000   1.000000000000000   1.000000000000000   1.000000000000000   0.999973603071982   0.999973603071982   1.000000000000000   
PATCH 18 
2 1 
4 2 
0.000000000000000   0.000000000000000   0.000000000000000   0.500000000000000   1.000000000000000   1.000000000000000   1.000000000000000   
0.000000000000000   0.000000000000000   1.000000000000000   1.000000000000000   
0.034720221054161   0.034556110841739   0.034202832118168   0.034013899906879   0.038685244377508   0.037197068413715   0.034084833369545   0.032460774289170   
0.034013899906879   0.034202832118168   0.034556110841739   0.034720221054161   0.032460774289170   0.034084833369545   0.037197068413715   0.038685244377508   
1.000000000000000   0.999973603071982   0.999973603071982   1.000000000000000   1.000000000000000   0.998097349045873   0.998097349045873   1.000000000000000   
PATCH 19 
2 1 
4 2 
0.000000000000000   0.000000000000000   0.000000000000000   0.500000000000000   1.000000000000000   1.000000000000000   1.000000000000000   
0.000000000000000   0.000000000000000   1.000000000000000   1.000000000000000   
0.000000000000000   0.002178893568691   0.006520098010365   0.008682408883347   0.000000000000000   0.002200682504378   0.006585298990468   0.008769232972180   
0.050000000000000   0.049904867452294   0.049525061277599   0.049240387650610   0.050500000000000   0.050403916126817   0.050020311890375   0.049732791527117   
1.000000000000000   0.998097349045873   0.998097349045873   1.000000000000000   1.000000000000000   0.998097349045873   0.998097349045873   1.000000000000000   
PATCH 20 
2 1 
4 2 
0.000000000000000   0.000000000000000   0.000000000000000   0.500000000000000   1.000000000000000   1.000000000000000   1.000000000000000   
0.000000000000000   0.000000000000000   1.000000000000000   1.000000000000000   
0.003530079306061   0.004628565543614   0.006825538018721   0.007924024256274   0.000000000000000   0.002178893568691   0.006520098010365   0.008682408883347   
0.048329160422272   0.048195496999644   0.047928170154388   0.047794506731759   0.050000000000000   0.049904867452294   0.049525061277599   0.049240387650610   
1.000000000000000   1.000000000000000   1.000000000000000   1.000000000000000   1.000000000000000   0.998097349045873   0.998097349045873   1.000000000000000   
PATCH 21 
2 1 
13 2 
0.000000000000000   0.000000000000000   0.000000000000000   0.125000000000000   0.125000000000000   0.250000000000000   0.250000000000000   0.500000000000000   0.500000000000000   0.625000000000000   0.625000000000000   0.750000000000000   0.750000000000000   1.000000000000000   1.000000000000000   1.000000000000000   
0.000000000000000   0.000000000000000   1.000000000000000   1.000000000000000   
0.007924024256274   0.007328554637993   0.008062898457883   0.007422175079799   0.008095298871768   0.007765999655943   0.007436700440117   0.007310961014945   0.007311995939473   0.007313030864000   0.007440840138226   0.007512183518745   0.007583526899263   0.008682408883347   0.009214726804819   0.009631319663534   0.010176157108081   0.010670440989605   0.011709741860073   0.012757250036393   0.013289764351599   0.013831709285077   0.014377677235199   0.014914514849926   0.015977996505200   0.017024153617527   
0.047794506731759   0.043709247013525   0.047711818325768   0.043577494862750   0.047553471776901   0.046039194776782   0.044524917776663   0.043779540100246   0.043754322646698   0.043729105193149   0.044424047962470   0.044190240406865   0.043956432851260   0.049240387650610   0.049122375608591   0.048424513155279   0.048398649128774   0.048135982039731   0.047855918668510   0.047610705300679   0.047517338390020   0.047452150485464   0.047393969372037   0.047299370922439   0.047068053371795   0.046773477649483   
1.000000000000000   0.914728729057205   1.000000000000000   0.914728729057205   1.000000000000000   1.000000000000000   1.000000000000000   0.983813212091142   0.983813212091142   0.983813212091142   1.000000000000000   1.000000000000000   1.000000000000000   1.000000000000000   0.999524337261468   0.999167590207569   0.998810843153671   0.998573011784405   0.998097349045873   0.998097349045873   0.998097349045873   0.998216264730506   0.998335180415139   0.998573011784404   0.999048674522936   1.000000000000000   
PATCH 22 
2 2 
13 4 
0.000000000000000   0.000000000000000   0.000000000000000   0.250000000000000   0.250000000000000   0.375000000000000   0.375000000000000   0.500000000000000   0.500000000000000   0.750000000000000   0.750000000000000   0.875000000000000   0.875000000000000   1.000000000000000   1.000000000000000   1.000000000000000   
0.000000000000000   0.000000000000000   0.000000000000000   0.500000000000000   1.000000000000000   1.000000000000000   1.000000000000000   
0.004564488200026   0.004007501986864   0.003450515773702   0.003439137971853   0.003437199619879   0.003435261267905   0.003442762365806   0.003374818924924   0.003306875484043   0.002972959533459   0.003366162784018   0.003096744869458   0.003530079306061   0.005319247874835   0.004883672369834   0.004448096864833   0.004407611194890   0.004405898699777   0.004404186204665   0.004441246884384   0.004472614107679   0.004503981330974   0.004085263420044   0.004540346702484   0.004154697311592   0.004628565543614   0.006828767224454   0.006636013135775   0.006443259047095   0.006344557640963   0.006343296859574   0.006342036078185   0.006438215921540   0.006668204473188   0.006898193024837   0.006309871193214   0.006888714539416   0.006270602195859   0.006825538018721   0.007583526899263   0.007512183518745   0.007440840138226   0.007313030864000   0.007311995939473   0.007310961014945   0.007436700440117   0.007765999655943   0.008095298871768   0.007422175079799   0.008062898457883   0.007328554637993   0.007924024256274   
0.043035211866070   0.044860575117137   0.046685938368203   0.046580589121968   0.046590304117478   0.046600019112989   0.046724798350245   0.047417956300451   0.048111114250656   0.043461946235657   0.048273689394010   0.043582871219704   0.048329160422272   0.043265517112368   0.044692991439569   0.046120465766770   0.045867718139763   0.045881308749783   0.045894899359803   0.046174828206850   0.047073265919534   0.047971703632218   0.043490833392430   0.048133221626950   0.043614465168159   0.048195496999644   0.043726127604963   0.044357824084433   0.044989520563903   0.044441976175354   0.044463318014393   0.044484659853432   0.045074887920059   0.046383885157699   0.047692882395340   0.043548607705977   0.047852286092828   0.043677653065070   0.047928170154388   0.043956432851260   0.044190240406865   0.044424047962470   0.043729105193149   0.043754322646698   0.043779540100246   0.044524917776663   0.046039194776782   0.047553471776901   0.043577494862750   0.047711818325768   0.043709247013525   0.047794506731759   
1.000000000000000   1.000000000000000   1.000000000000000   0.997540492167586   0.997540492167586   0.997540492167586   1.000000000000000   1.000000000000000   1.000000000000000   0.901576185164758   1.000000000000000   0.901576185164758   1.000000000000000   1.000000000000000   1.000000000000000   1.000000000000000   0.994108672148475   0.994108672148475   0.994108672148475   1.000000000000000   1.000000000000000   1.000000000000000   0.904864321137870   1.000000000000000   0.904864321137870   1.000000000000000   1.000000000000000   1.000000000000000   1.000000000000000   0.987245032110253   0.987245032110253   0.987245032110253   1.000000000000000   1.000000000000000   1.000000000000000   0.911440593084093   1.000000000000000   0.911440593084093   1.000000000000000   1.000000000000000   1.000000000000000   1.000000000000000   0.983813212091142   0.983813212091142   0.983813212091142   1.000000000000000   1.000000000000000   1.000000000000000   0.914728729057205   1.000000000000000   0.914728729057205   1.000000000000000   
PATCH 23 
2 1 
13 2 
0.000000000000000   0.000000000000000   0.000000000000000   0.125000000000000   0.125000000000000   0.250000000000000   0.250000000000000   0.500000000000000   0.500000000000000   0.625000000000000   0.625000000000000   0.750000000000000   0.750000000000000   1.000000000000000   1.000000000000000   1.000000000000000   
0.000000000000000   0.000000000000000   1.000000000000000   1.000000000000000   
0.008682408883347   0.009214726804819   0.009631319663534   0.010176157108081   0.010670440989605   0.011709741860073   0.012757250036393   0.013289764351599   0.013831709285077   0.014377677235199   0.014914514849926   0.015977996505200   0.017024153617527   0.008769232972180   0.009306874072867   0.009842960902535   0.010379047732203   0.010913580290852   0.011982645408149   0.013045493441370   0.013576917457981   0.014106787203572   0.014636656949163   0.015164972423735   0.016221603372879   0.017272017237946   
0.049240387650610   0.049122375608591   0.048424513155279   0.048398649128774   0.048135982039731   0.047855918668510   0.047610705300679   0.047517338390020   0.047452150485464   0.047393969372037   0.047299370922439   0.047068053371795   0.046773477649483   0.049732791527117   0.049613599364677   0.049488606583825   0.049363613802972   0.049232820403708   0.048971233605179   0.048686444333000   0.048544049696911   0.048395854442409   0.048247659187908   0.048093663314994   0.047785671569166   0.047454477349688   
1.000000000000000   0.999524337261468   0.999167590207569   0.998810843153671   0.998573011784405   0.998097349045873   0.998097349045873   0.998097349045873   0.998216264730506   0.998335180415139   0.998573011784404   0.999048674522936   1.000000000000000   1.000000000000000   0.999524337261468   0.999167590207569   0.998810843153671   0.998573011784405   0.998097349045873   0.998097349045873   0.998097349045873   0.998216264730506   0.998335180415139   0.998573011784404   0.999048674522936   1.000000000000000   
PATCH 24 
2 1 
6 2 
0.000000000000000   0.000000000000000   0.000000000000000   0.250000000000000   0.500000000000000   0.750000000000000   1.000000000000000   1.000000000000000   1.000000000000000   
0.000000000000000   0.000000000000000   1.000000000000000   1.000000000000000   
0.017024153617527   0.018067028747928   0.020079672225480   0.021944787660394   0.023980893713636   0.024996793745537   0.017272017237946   0.018289568482936   0.020304367573183   0.022298863263696   0.024273055554476   0.025250000000000   
0.046773477649483   0.046460716244070   0.045635812575847   0.044498461882651   0.043710320384178   0.043295716793591   0.047454477349688   0.047032993823604   0.046146485990198   0.045216437375554   0.044242847979673   0.043734282891114   
1.000000000000000   0.999048674522936   0.998097349045873   0.998097349045873   0.999048674522936   1.000000000000000   1.000000000000000   0.999048674522936   0.998097349045873   0.998097349045873   0.999048674522936   1.000000000000000   
PATCH 25 
2 1 
6 2 
0.000000000000000   0.000000000000000   0.000000000000000   0.250000000000000   0.500000000000000   0.750000000000000   1.000000000000000   1.000000000000000   1.000000000000000   
0.000000000000000   0.000000000000000   1.000000000000000   1.000000000000000   
0.017024153617527   0.018067028747928   0.020079672225480   0.021944787660394   0.023980893713636   0.024996793745537   0.007583526899263   0.008520010648671   0.010392978147487   0.012265945646303   0.014138913145120   0.015075396894528   
0.046773477649483   0.046460716244070   0.045635812575847   0.044498461882651   0.043710320384178   0.043295716793591   0.043956432851260   0.040887374800997   0.034749258700470   0.028611142599943   0.022473026499417   0.019403968449153   
1.000000000000000   0.999048674522936   0.998097349045873   0.998097349045873   0.999048674522936   1.000000000000000   1.000000000000000   1.000000000000000   1.000000000000000   1.000000000000000   1.000000000000000   1.000000000000000   
PATCH 26 
2 1 
13 2 
0.000000000000000   0.000000000000000   0.000000000000000   0.250000000000000   0.250000000000000   0.375000000000000   0.375000000000000   0.500000000000000   0.500000000000000   0.750000000000000   0.750000000000000   0.875000000000000   0.875000000000000   1.000000000000000   1.000000000000000   1.000000000000000   
0.000000000000000   0.000000000000000   1.000000000000000   1.000000000000000   
0.024996793745537   0.026304563385819   0.027583718509507   0.028206425003080   0.028802347194551   0.029408413255113   0.030085268189132   0.031020688384124   0.031739778779836   0.032303406799391   0.032842940576132   0.033438593976869   0.034013899906879   0.015075396894528   0.015227011311729   0.015378625728930   0.015265294330860   0.015273242048642   0.015281189766425   0.015410416600060   0.015833969262378   0.016257521924695   0.014298249920213   0.014293729810616   0.014289209701020   0.016239441486308   
0.043295716793591   0.042425539718564   0.041518016955217   0.041039654052527   0.040525859734124   0.040029128763976   0.039627798485420   0.038295316291352   0.036755326332875   0.036240659301701   0.035700227384513   0.035222028781200   0.034720221054161   0.019403968449153   0.018907095494399   0.018410222539645   0.018251719129487   0.018236146401903   0.018220573674319   0.018347931629310   0.017788039233450   0.017228146837590   0.015057533956675   0.014992013263408   0.014926492570141   0.016966064064521   
1.000000000000000   0.998025598108982   0.997038397163473   0.996544796690718   0.996297996454341   0.996051196217964   0.996051196217964   0.996051196217964   0.997038397163473   0.997531997636227   0.998272398345359   0.999012799054491   1.000000000000000   1.000000000000000   1.000000000000000   1.000000000000000   0.992298789802788   0.992298789802788   0.992298789802788   1.000000000000000   1.000000000000000   1.000000000000000   0.877047986436497   0.877047986436497   0.877047986436497   1.000000000000000   
PATCH 27 
2 2 
6 4 
0.000000000000000   0.000000000000000   0.000000000000000   0.250000000000000   0.500000000000000   0.750000000000000   1.000000000000000   1.000000000000000   1.000000000000000   
0.000000000000000   0.000000000000000   0.000000000000000   0.500000000000000   1.000000000000000   1.000000000000000   1.000000000000000   
0.012056358195291   0.011119874445883   0.009246906947067   0.007373939448251   0.005500971949434   0.004564488200026   0.012811117870100   0.011874634120692   0.010001666621876   0.008128699123060   0.006255731624244   0.005319247874835   0.014320637219718   0.013384153470310   0.011511185971494   0.009638218472678   0.007765250973862   0.006828767224454   0.015075396894528   0.014138913145120   0.012265945646303   0.010392978147487   0.008520010648671   0.007583526899263   
0.018482747463963   0.021551805514227   0.027689921614753   0.033828037715280   0.039966153815807   0.043035211866070   0.018713052710261   0.021782110760524   0.027920226861051   0.034058342961578   0.040196459062104   0.043265517112368   0.019173663202856   0.022242721253119   0.028380837353646   0.034518953454173   0.040657069554699   0.043726127604963   0.019403968449153   0.022473026499417   0.028611142599943   0.034749258700470   0.040887374800997   0.043956432851260   
1.000000000000000   1.000000000000000   1.000000000000000   1.000000000000000   1.000000000000000   1.000000000000000   1.000000000000000   1.000000000000000   1.000000000000000   1.000000000000000   1.000000000000000   1.000000000000000   1.000000000000000   1.000000000000000   1.000000000000000   1.000000000000000   1.000000000000000   1.000000000000000   1.000000000000000   1.000000000000000   1.000000000000000   1.000000000000000   1.000000000000000   1.000000000000000   
PATCH 28 
2 2 
13 4 
0.000000000000000   0.000000000000000   0.000000000000000   0.250000000000000   0.250000000000000   0.375000000000000   0.375000000000000   0.500000000000000   0.500000000000000   0.750000000000000   0.750000000000000   0.875000000000000   0.875000000000000   1.000000000000000   1.000000000000000   1.000000000000000   
0.000000000000000   0.000000000000000   0.000000000000000   0.500000000000000   1.000000000000000   1.000000000000000   1.000000000000000   
0.012056358195291   0.012226820959382   0.012397283723472   0.012362316586404   0.012364356569536   0.012366396552669   0.012405443656002   0.012533903497391   0.012662363338780   0.010664698113336   0.012792167109569   0.010867212266176   0.013003237293301   0.012811117870100   0.012976868547468   0.013142619224837   0.013088061022518   0.013091577939313   0.013095094856108   0.013156686892016   0.013358919938638   0.013561152985259   0.011573086065056   0.013167557784831   0.011722711624887   0.013812288341553   0.014320637219718   0.014476963723642   0.014633290227566   0.014539549894746   0.014546020678866   0.014552491462986   0.014659173364046   0.015008952821131   0.015358732278216   0.013389861968494   0.013918339135355   0.013433710342309   0.015430390438056   0.015075396894528   0.015227011311729   0.015378625728930   0.015265294330860   0.015273242048642   0.015281189766425   0.015410416600060   0.015833969262378   0.016257521924695   0.014298249920213   0.014293729810616   0.014289209701020   0.016239441486308   
0.018482747463963   0.017924104434938   0.017365461405912   0.017301347002166   0.017290451173463   0.017279555344760   0.017321878091100   0.015589186063584   0.013856494036067   0.011553975358699   0.013683800453194   0.011478741653645   0.013729859871514   0.018713052710261   0.018169852199803   0.017626651689345   0.017538940033996   0.017526874980573   0.017514809927150   0.017578391475653   0.016138899356050   0.014699407236448   0.012429865008193   0.014010853655748   0.012340679382769   0.014538910919766   0.019173663202856   0.018661347729534   0.018149032256212   0.018014126097657   0.017999722594793   0.017985319091929   0.018091418244758   0.017238325940984   0.016385233637209   0.014181644307181   0.014664960060855   0.014064554841017   0.016157013016270   0.019403968449153   0.018907095494399   0.018410222539645   0.018251719129487   0.018236146401903   0.018220573674319   0.018347931629310   0.017788039233450   0.017228146837590   0.015057533956675   0.014992013263408   0.014926492570141   0.016966064064521   
1.000000000000000   1.000000000000000   1.000000000000000   0.996918488931883   0.996918488931883   0.996918488931883   1.000000000000000   1.000000000000000   1.000000000000000   0.841605264967433   1.000000000000000   0.841605264967433   1.000000000000000   1.000000000000000   1.000000000000000   1.000000000000000   0.995763564149609   0.995763564149609   0.995763564149609   1.000000000000000   1.000000000000000   1.000000000000000   0.850465945334699   0.969261996609124   0.850465945334699   1.000000000000000   1.000000000000000   1.000000000000000   1.000000000000000   0.993453714585062   0.993453714585062   0.993453714585062   1.000000000000000   1.000000000000000   1.000000000000000   0.868187306069231   0.907785989827373   0.868187306069231   1.000000000000000   1.000000000000000   1.000000000000000   1.000000000000000   0.992298789802788   0.992298789802788   0.992298789802788   1.000000000000000   1.000000000000000   1.000000000000000   0.877047986436497   0.877047986436497   0.877047986436497   1.000000000000000   
PATCH 29 
2 1 
13 2 
0.000000000000000   0.000000000000000   0.000000000000000   0.250000000000000   0.250000000000000   0.375000000000000   0.375000000000000   0.500000000000000   0.500000000000000   0.750000000000000   0.750000000000000   0.875000000000000   0.875000000000000   1.000000000000000   1.000000000000000   1.000000000000000   
0.000000000000000   0.000000000000000   1.000000000000000   1.000000000000000   
0.024996793745537   0.026304563385819   0.027583718509507   0.028206425003080   0.028802347194551   0.029408413255113   0.030085268189132   0.031020688384124   0.031739778779836   0.032303406799391   0.032842940576132   0.033438593976869   0.034013899906879   0.025250000000000   0.026178902508932   0.027094027156471   0.027551589480241   0.028005707338662   0.028459825197083   0.028910498590156   0.029811845376303   0.030699414301056   0.031143198763433   0.031583538760461   0.032023878757490   0.032460774289170   
0.043295716793591   0.042425539718564   0.041518016955217   0.041039654052527   0.040525859734124   0.040029128763976   0.039627798485420   0.038295316291352   0.036755326332875   0.036240659301701   0.035700227384513   0.035222028781200   0.034720221054161   0.043734282891114   0.043142506727484   0.042531053738569   0.042225327244111   0.041914681543332   0.041604035842553   0.041288470935453   0.040657341121252   0.040006534481766   0.039681131162023   0.039350808635958   0.039020486109894   0.038685244377508   
1.000000000000000   0.998025598108982   0.997038397163473   0.996544796690718   0.996297996454341   0.996051196217964   0.996051196217964   0.996051196217964   0.997038397163473   0.997531997636227   0.998272398345359   0.999012799054491   1.000000000000000   1.000000000000000   0.999048674522937   0.998573011784405   0.998335180415139   0.998216264730506   0.998097349045873   0.998097349045873   0.998097349045873   0.998573011784405   0.998810843153671   0.999167590207569   0.999524337261468   1.000000000000000   
PATCH 30 
2 1 
6 2 
0.000000000000000   0.000000000000000   0.000000000000000   0.250000000000000   0.500000000000000   0.750000000000000   1.000000000000000   1.000000000000000   1.000000000000000   
0.000000000000000   0.000000000000000   1.000000000000000   1.000000000000000   
0.012056358195291   0.011119874445883   0.009246906947067   0.007373939448251   0.005500971949434   0.004564488200026   0.000000000000000   0.000000000000000   0.000000000000000   0.000000000000000   0.000000000000000   0.000000000000000   
0.018482747463963   0.021551805514227   0.027689921614753   0.033828037715280   0.039966153815807   0.043035211866070   0.014550000000000   0.018110651483259   0.025231954449776   0.032353257416294   0.039474560382811   0.043035211866070   
1.000000000000000   1.000000000000000   1.000000000000000   1.000000000000000   1.000000000000000   1.000000000000000   1.000000000000000   1.000000000000000   1.000000000000000   1.000000000000000   1.000000000000000   1.000000000000000   
PATCH 31 
2 1 
13 2 
0.000000000000000   0.000000000000000   0.000000000000000   0.250000000000000   0.250000000000000   0.375000000000000   0.375000000000000   0.500000000000000   0.500000000000000   0.750000000000000   0.750000000000000   0.875000000000000   0.875000000000000   1.000000000000000   1.000000000000000   1.000000000000000   
0.000000000000000   0.000000000000000   1.000000000000000   1.000000000000000   
0.004564488200026   0.004007501986864   0.003450515773702   0.003439137971853   0.003437199619879   0.003435261267905   0.003442762365806   0.003374818924924   0.003306875484043   0.002972959533459   0.003366162784018   0.003096744869458   0.003530079306061   0.000000000000000   0.000000000000000   0.000000000000000   0.000000000000000   0.000000000000000   0.000000000000000   0.000000000000000   0.000000000000000   0.000000000000000   0.000000000000000   0.000000000000000   0.000000000000000   0.000000000000000   
0.043035211866070   0.044860575117137   0.046685938368203   0.046580589121968   0.046590304117478   0.046600019112989   0.046724798350245   0.047417956300451   0.048111114250656   0.043461946235657   0.048273689394010   0.043582871219704   0.048329160422272   0.043035211866070   0.043905810382811   0.044776408899553   0.045211708157923   0.045647007416294   0.046082306674664   0.046517605933035   0.047388204449776   0.048258802966518   0.048694102224888   0.049129401483259   0.049564700741629   0.050000000000000   
1.000000000000000   1.000000000000000   1.000000000000000   0.997540492167586   0.997540492167586   0.997540492167586   1.000000000000000   1.000000000000000   1.000000000000000   0.901576185164758   1.000000000000000   0.901576185164758   1.000000000000000   1.000000000000000   1.000000000000000   1.000000000000000   1.000000000000000   1.000000000000000   1.000000000000000   1.000000000000000   1.000000000000000   1.000000000000000   1.000000000000000   1.000000000000000   1.000000000000000   1.000000000000000   
PATCH 32 
2 1 
13 2 
0.000000000000000   0.000000000000000   0.000000000000000   0.250000000000000   0.250000000000000   0.375000000000000   0.375000000000000   0.500000000000000   0.500000000000000   0.750000000000000   0.750000000000000   0.875000000000000   0.875000000000000   1.000000000000000   1.000000000000000   1.000000000000000   
0.000000000000000   0.000000000000000   1.000000000000000   1.000000000000000   
0.000000000000000   0.001374726481288   0.002698473628069   0.003360347201459   0.004009475941223   0.004658604680986   0.005294988587123   0.006567756399397   0.007789544877163   0.008400439116046   0.008998588521302   0.009596737926559   0.010182142498188   0.012056358195291   0.012226820959382   0.012397283723472   0.012362316586404   0.012364356569536   0.012366396552669   0.012405443656002   0.012533903497391   0.012662363338780   0.010664698113336   0.012792167109569   0.010867212266176   0.013003237293301   
0.014550000000000   0.014280219310104   0.013885552621739   0.013688219277557   0.013459664433757   0.013231109589958   0.012971333246542   0.012451780559709   0.011807341874407   0.011485122531757   0.011131681689489   0.010778240847221   0.010393578505337   0.018482747463963   0.017924104434938   0.017365461405912   0.017301347002166   0.017290451173463   0.017279555344760   0.017321878091100   0.015589186063584   0.013856494036067   0.011553975358699   0.013683800453194   0.011478741653645   0.013729859871514   
1.000000000000000   0.981458371828432   0.972187557742648   0.967552150699756   0.965234447178310   0.962916743656864   0.962916743656864   0.962916743656864   0.972187557742648   0.976822964785540   0.983776075349878   0.990729185914216   1.000000000000000   1.000000000000000   1.000000000000000   1.000000000000000   0.996918488931883   0.996918488931883   0.996918488931883   1.000000000000000   1.000000000000000   1.000000000000000   0.841605264967433   1.000000000000000   0.841605264967433   1.000000000000000   
INTERFACE 1 
1 2 
5 1 
1 
INTERFACE 2 
1 3 
2 4 
1 
INTERFACE 3 
2 1 
13 2 
1 
INTERFACE 4 
2 2 
3 1 
1 
INTERFACE 5 
2 3 
4 2 
1 
INTERFACE 6 
3 2 
7 1 
-1 
INTERFACE 7 
3 3 
4 4 
-1 
INTERFACE 8 
3 4 
5 3 
1 
INTERFACE 9 
4 1 
9 2 
1 
INTERFACE 10 
4 3 
13 3 
1 
INTERFACE 11 
5 2 
6 1 
1 
INTERFACE 12 
6 2 
11 1 
1 
INTERFACE 13 
6 3 
7 3 
1 
INTERFACE 14 
7 2 
8 1 
1 
INTERFACE 15 
7 4 
9 4 
-1 
INTERFACE 16 
8 2 
15 1 
1 
INTERFACE 17 
8 3 
11 3 
1 
INTERFACE 18 
8 4 
10 4 
1 
INTERFACE 19 
9 1 
10 1 
1 
INTERFACE 20 
9 3 
12 3 
1 
INTERFACE 21 
10 2 
16 3 
1 
INTERFACE 22 
10 3 
14 4 
1 
INTERFACE 23 
11 2 
18 1 
1 
INTERFACE 24 
12 1 
14 1 
-1 
INTERFACE 25 
12 2 
13 1 
1 
INTERFACE 26 
14 2 
17 1 
-1 
INTERFACE 27 
15 2 
26 2 
1 
INTERFACE 28 
15 3 
18 3 
1 
INTERFACE 29 
15 4 
16 2 
1 
INTERFACE 30 
16 1 
17 3 
1 
INTERFACE 31 
16 4 
28 2 
1 
INTERFACE 32 
17 2 
32 2 
-1 
INTERFACE 33 
18 2 
29 2 
1 
INTERFACE 34 
19 2 
23 1 
1 
INTERFACE 35 
19 3 
20 4 
1 
INTERFACE 36 
20 1 
31 2 
1 
INTERFACE 37 
20 2 
21 1 
1 
INTERFACE 38 
20 3 
22 2 
1 
INTERFACE 39 
21 2 
25 1 
-1 
INTERFACE 40 
21 3 
22 4 
-1 
INTERFACE 41 
21 4 
23 3 
1 
INTERFACE 42 
22 1 
27 2 
1 
INTERFACE 43 
22 3 
31 3 
1 
INTERFACE 44 
23 2 
24 1 
1 
INTERFACE 45 
24 2 
29 1 
1 
INTERFACE 46 
24 3 
25 3 
1 
INTERFACE 47 
25 2 
26 1 
1 
INTERFACE 48 
25 4 
27 4 
-1 
INTERFACE 49 
26 3 
29 3 
1 
INTERFACE 50 
26 4 
28 4 
1 
INTERFACE 51 
27 1 
28 1 
1 
INTERFACE 52 
27 3 
30 3 
1 
INTERFACE 53 
28 3 
32 4 
1 
INTERFACE 54 
30 1 
32 1 
-1 
INTERFACE 55 
30 2 
31 1 
1 
BOUNDARY 1 
1 
1 1 
BOUNDARY 2 
1 
1 4 
BOUNDARY 3 
1 
5 4 
BOUNDARY 4 
1 
6 4 
BOUNDARY 5 
1 
11 4 
BOUNDARY 6 
1 
12 4 
BOUNDARY 7 
1 
13 4 
BOUNDARY 8 
1 
14 3 
BOUNDARY 9 
1 
17 4 
BOUNDARY 10 
1 
18 4 
BOUNDARY 11 
1 
19 1 
BOUNDARY 12 
1 
19 4 
BOUNDARY 13 
1 
23 4 
BOUNDARY 14 
1 
24 4 
BOUNDARY 15 
1 
29 4 
BOUNDARY 16 
1 
30 4 
BOUNDARY 17 
1 
31 4 
BOUNDARY 18 
1 
32 3 
