# nurbs mesh v.2.1
#
# 14-Jul-2024
#
2 2 32 55 0 
PATCH 1 
2 1 
4 2 
0.000000000000000   0.000000000000000   0.000000000000000   0.500000000000000   1.000000000000000   1.000000000000000   1.000000000000000   
0.000000000000000   0.000000000000000   1.000000000000000   1.000000000000000   
0.050000000000000   0.049904867452294   0.049525061277599   0.049240387650610   0.050500000000000   0.050403916126817   0.050020311890375   0.049732791527117   
0.000000000000000   0.002178893568691   0.006520098010365   0.008682408883347   0.000000000000000   0.002200682504378   0.006585298990468   0.008769232972180   
1.000000000000000   0.998097349045873   0.998097349045873   1.000000000000000   1.000000000000000   0.998097349045873   0.998097349045873   1.000000000000000   
PATCH 2 
2 1 
4 2 
0.000000000000000   0.000000000000000   0.000000000000000   0.500000000000000   1.000000000000000   1.000000000000000   1.000000000000000   
0.000000000000000   0.000000000000000   1.000000000000000   1.000000000000000   
0.048314166633462   0.048187689470743   0.047934735145304   0.047808257982585   0.050000000000000   0.049904867452294   0.049525061277599   0.049240387650610   
0.003647170079057   0.004718524320512   0.006861232803423   0.007932587044878   0.000000000000000   0.002178893568691   0.006520098010365   0.008682408883347   
1.000000000000000   1.000000000000000   1.000000000000000   1.000000000000000   1.000000000000000   0.998097349045873   0.998097349045873   1.000000000000000   
PATCH 3 
2 1 
13 2 
0.000000000000000   0.000000000000000   0.000000000000000   0.125000000000000   0.125000000000000   0.250000000000000   0.250000000000000   0.500000000000000   0.500000000000000   0.625000000000000   0.625000000000000   0.750000000000000   0.750000000000000   1.000000000000000   1.000000000000000   1.000000000000000   
0.000000000000000   0.000000000000000   1.000000000000000   1.000000000000000   
0.047808257982585   0.043760045566117   0.047726704993682   0.043629583307428   0.047569376032314   0.046253660312491   0.044937944592667   0.044190590188851   0.044165465190638   0.044140340192424   0.044837444599813   0.044603563682385   0.044369682764957   0.049240387650610   0.049122375608591   0.048304997264629   0.048260625979556   0.048061932225902   0.047731357099401   0.047483154062438   0.047383953687340   0.047325588271126   0.047281214500238   0.047223366440606   0.046984508566183   0.046672314979869   
0.007932587044878   0.007342351379237   0.008071296934004   0.007436536953492   0.008105044841419   0.007834647817815   0.007564250794210   0.007437534769789   0.007438833043380   0.007440131316972   0.007569443888577   0.007643317885717   0.007717191882858   0.008682408883347   0.009214726804819   0.009607548732807   0.010147136768128   0.010654026155312   0.011679263209563   0.012723072785113   0.013252458994716   0.013794817980104   0.014343471339916   0.014890548992646   0.015949635897177   0.016987333416969   
1.000000000000000   0.915521288187744   1.000000000000000   0.915521288187744   1.000000000000000   1.000000000000000   1.000000000000000   0.983917579512715   0.983917579512715   0.983917579512715   1.000000000000000   1.000000000000000   1.000000000000000   1.000000000000000   0.999524337261468   0.999167590207569   0.998810843153671   0.998573011784405   0.998097349045873   0.998097349045873   0.998097349045873   0.998216264730506   0.998335180415139   0.998573011784404   0.999048674522936   1.000000000000000   
PATCH 4 
2 2 
13 4 
0.000000000000000   0.000000000000000   0.000000000000000   0.250000000000000   0.250000000000000   0.375000000000000   0.375000000000000   0.500000000000000   0.500000000000000   0.750000000000000   0.750000000000000   0.875000000000000   0.875000000000000   1.000000000000000   1.000000000000000   1.000000000000000   
0.000000000000000   0.000000000000000   0.000000000000000   0.500000000000000   1.000000000000000   1.000000000000000   1.000000000000000   
0.043407121820833   0.045189312536866   0.046971503252899   0.046859193124451   0.046869162368858   0.046879131613264   0.047011380230524   0.047553282163290   0.048095184096055   0.043443921393634   0.048258060691429   0.043565375915248   0.048314166633462   0.043647762056864   0.045042875323246   0.046437988589627   0.046179479891445   0.046193238074303   0.046206996257161   0.046493021321060   0.047228376700590   0.047963732080120   0.043490336872083   0.048125221766992   0.043614043327965   0.048187689470743   0.044129042528926   0.044750000896005   0.045370959263085   0.044820053425431   0.044841389485193   0.044862725544954   0.045456303502131   0.046578565775190   0.047700828048250   0.043583167828979   0.047859543918119   0.043711378153400   0.047934735145304   0.044369682764957   0.044603563682385   0.044837444599813   0.044140340192424   0.044165465190638   0.044190590188851   0.044937944592667   0.046253660312491   0.047569376032314   0.043629583307428   0.047726704993682   0.043760045566117   0.047808257982585   
0.004669778105253   0.004106852521979   0.003543926938706   0.003531654661015   0.003529592608717   0.003527530556418   0.003535678729512   0.003480220067216   0.003424761404920   0.003078610743226   0.003483402799738   0.003201965506760   0.003647170079057   0.005431631549654   0.004990968862914   0.004550306176173   0.004508773825004   0.004506902717383   0.004505031609761   0.004542821745687   0.004568827004866   0.004594832264045   0.004168092295793   0.004630376333304   0.004237061974880   0.004718524320512   0.006955338438457   0.006759201544783   0.006563064651109   0.006463012152983   0.006461522934714   0.006460033716446   0.006557107778035   0.006746040880165   0.006934973982294   0.006347055400926   0.006924323400437   0.006307254911118   0.006861232803423   0.007717191882858   0.007643317885717   0.007569443888577   0.007440131316972   0.007438833043380   0.007437534769789   0.007564250794210   0.007834647817815   0.008105044841419   0.007436536953492   0.008071296934004   0.007342351379237   0.007932587044878   
1.000000000000000   1.000000000000000   1.000000000000000   0.997402304635882   0.997402304635882   0.997402304635882   1.000000000000000   1.000000000000000   1.000000000000000   0.901500143833338   1.000000000000000   0.901500143833338   1.000000000000000   1.000000000000000   1.000000000000000   1.000000000000000   0.994031123355090   0.994031123355090   0.994031123355090   1.000000000000000   1.000000000000000   1.000000000000000   0.905005429921940   1.000000000000000   0.905005429921940   1.000000000000000   1.000000000000000   1.000000000000000   1.000000000000000   0.987288760793507   0.987288760793507   0.987288760793507   1.000000000000000   1.000000000000000   1.000000000000000   0.912016002099143   1.000000000000000   0.912016002099143   1.000000000000000   1.000000000000000   1.000000000000000   1.000000000000000   0.983917579512715   0.983917579512715   0.983917579512715   1.000000000000000   1.000000000000000   1.000000000000000   0.915521288187744   1.000000000000000   0.915521288187744   1.000000000000000   
PATCH 5 
2 1 
13 2 
0.000000000000000   0.000000000000000   0.000000000000000   0.125000000000000   0.125000000000000   0.250000000000000   0.250000000000000   0.500000000000000   0.500000000000000   0.625000000000000   0.625000000000000   0.750000000000000   0.750000000000000   1.000000000000000   1.000000000000000   1.000000000000000   
0.000000000000000   0.000000000000000   1.000000000000000   1.000000000000000   
0.049240387650610   0.049122375608591   0.048304997264629   0.048260625979556   0.048061932225902   0.047731357099401   0.047483154062438   0.047383953687340   0.047325588271126   0.047281214500238   0.047223366440606   0.046984508566183   0.046672314979869   0.049732791527117   0.049613599364677   0.049488606583825   0.049363613802972   0.049232820403708   0.048971233605179   0.048686444333000   0.048544049696911   0.048395854442409   0.048247659187908   0.048093663314994   0.047785671569166   0.047454477349688   
0.008682408883347   0.009214726804819   0.009607548732807   0.010147136768128   0.010654026155312   0.011679263209563   0.012723072785113   0.013252458994716   0.013794817980104   0.014343471339916   0.014890548992646   0.015949635897177   0.016987333416969   0.008769232972180   0.009306874072867   0.009842960902535   0.010379047732203   0.010913580290852   0.011982645408149   0.013045493441370   0.013576917457981   0.014106787203572   0.014636656949163   0.015164972423735   0.016221603372879   0.017272017237946   
1.000000000000000   0.999524337261468   0.999167590207569   0.998810843153671   0.998573011784405   0.998097349045873   0.998097349045873   0.998097349045873   0.998216264730506   0.998335180415139   0.998573011784404   0.999048674522936   1.000000000000000   1.000000000000000   0.999524337261468   0.999167590207569   0.998810843153671   0.998573011784405   0.998097349045873   0.998097349045873   0.998097349045873   0.998216264730506   0.998335180415139   0.998573011784404   0.999048674522936   1.000000000000000   
PATCH 6 
2 1 
6 2 
0.000000000000000   0.000000000000000   0.000000000000000   0.250000000000000   0.500000000000000   0.750000000000000   1.000000000000000   1.000000000000000   1.000000000000000   
0.000000000000000   0.000000000000000   1.000000000000000   1.000000000000000   
0.046672314979869   0.046391462482306   0.045560504145818   0.044492435876167   0.043691307321025   0.043294906250822   0.047454477349688   0.047032993823604   0.046146485990198   0.045216437375554   0.044242847979673   0.043734282891114   
0.016987333416969   0.018040098261146   0.020046536657042   0.021941815885030   0.023970462533022   0.024996325778451   0.017272017237946   0.018289568482936   0.020304367573183   0.022298863263696   0.024273055554476   0.025250000000000   
1.000000000000000   0.999048674522936   0.998097349045873   0.998097349045873   0.999048674522936   1.000000000000000   1.000000000000000   0.999048674522936   0.998097349045873   0.998097349045873   0.999048674522936   1.000000000000000   
PATCH 7 
2 1 
6 2 
0.000000000000000   0.000000000000000   0.000000000000000   0.250000000000000   0.500000000000000   0.750000000000000   1.000000000000000   1.000000000000000   1.000000000000000   
0.000000000000000   0.000000000000000   1.000000000000000   1.000000000000000   
0.046672314979869   0.046391462482306   0.045560504145818   0.044492435876167   0.043691307321025   0.043294906250822   0.044369682764957   0.041299097059386   0.035157925648242   0.029016754237098   0.022875582825954   0.019804997120382   
0.016987333416969   0.018040098261146   0.020046536657042   0.021941815885030   0.023970462533022   0.024996325778451   0.007717191882858   0.008687071948864   0.010626832080876   0.012566592212888   0.014506352344900   0.015476232410906   
1.000000000000000   0.999048674522936   0.998097349045873   0.998097349045873   0.999048674522936   1.000000000000000   1.000000000000000   1.000000000000000   1.000000000000000   1.000000000000000   1.000000000000000   1.000000000000000   
PATCH 8 
2 1 
13 2 
0.000000000000000   0.000000000000000   0.000000000000000   0.250000000000000   0.250000000000000   0.375000000000000   0.375000000000000   0.500000000000000   0.500000000000000   0.750000000000000   0.750000000000000   0.875000000000000   0.875000000000000   1.000000000000000   1.000000000000000   1.000000000000000   
0.000000000000000   0.000000000000000   1.000000000000000   1.000000000000000   
0.043294906250822   0.042424381891450   0.041518613533237   0.041047678202626   0.040553088547074   0.040048280815670   0.039634742022093   0.038316794725829   0.036829889441688   0.036266788238733   0.035704088898781   0.035223556238811   0.034720952537178   0.019804997120382   0.019314749232242   0.018824501344103   0.018678059197370   0.018663278424107   0.018648497650845   0.018765378251052   0.018197307913932   0.017629237576812   0.015432692510030   0.015367496703006   0.015302300895982   0.017368454348716   
0.024996325778451   0.026303880644103   0.027584186445094   0.028212030549712   0.028821809249016   0.029422614025117   0.030090689911613   0.031038282778270   0.031804415235660   0.032326970356226   0.032846792632925   0.033440369822502   0.034014969492056   0.015476232410906   0.015631082885603   0.015785933360301   0.015681404796812   0.015688963789275   0.015696522781738   0.015816169330155   0.016238697804682   0.016661226279209   0.014673876835433   0.014669113021066   0.014664349206699   0.016642171021741   
1.000000000000000   0.998025522893310   0.997038284339965   0.996544665063293   0.996297855424956   0.996051045786620   0.996051045786620   0.996051045786620   0.997038284339965   0.997531903616637   0.998272332531646   0.999012761446655   1.000000000000000   1.000000000000000   1.000000000000000   1.000000000000000   0.993061618225774   0.993061618225774   0.993061618225774   1.000000000000000   1.000000000000000   1.000000000000000   0.878378541250563   0.878378541250563   0.878378541250563   1.000000000000000   
PATCH 9 
2 2 
6 4 
0.000000000000000   0.000000000000000   0.000000000000000   0.250000000000000   0.500000000000000   0.750000000000000   1.000000000000000   1.000000000000000   1.000000000000000   
0.000000000000000   0.000000000000000   0.000000000000000   0.500000000000000   1.000000000000000   1.000000000000000   1.000000000000000   
0.018842436176257   0.021913021881829   0.028054193292973   0.034195364704117   0.040336536115261   0.043407121820833   0.019083076412288   0.022153662117860   0.028294833529004   0.034436004940148   0.040577176351292   0.043647762056864   0.019564356884351   0.022634942589923   0.028776114001066   0.034917285412210   0.041058456823354   0.044129042528926   0.019804997120382   0.022875582825954   0.029016754237098   0.035157925648242   0.041299097059386   0.044369682764957   
0.012428818633301   0.011458938567295   0.009519178435283   0.007579418303271   0.005639658171259   0.004669778105253   0.013190672077702   0.012220792011696   0.010281031879684   0.008341271747672   0.006401511615660   0.005431631549654   0.014714378966504   0.013744498900498   0.011804738768486   0.009864978636474   0.007925218504463   0.006955338438457   0.015476232410906   0.014506352344900   0.012566592212888   0.010626832080876   0.008687071948864   0.007717191882858   
1.000000000000000   1.000000000000000   1.000000000000000   1.000000000000000   1.000000000000000   1.000000000000000   1.000000000000000   1.000000000000000   1.000000000000000   1.000000000000000   1.000000000000000   1.000000000000000   1.000000000000000   1.000000000000000   1.000000000000000   1.000000000000000   1.000000000000000   1.000000000000000   1.000000000000000   1.000000000000000   1.000000000000000   1.000000000000000   1.000000000000000   1.000000000000000   
PATCH 10 
2 2 
13 4 
0.000000000000000   0.000000000000000   0.000000000000000   0.250000000000000   0.250000000000000   0.375000000000000   0.375000000000000   0.500000000000000   0.500000000000000   0.750000000000000   0.750000000000000   0.875000000000000   0.875000000000000   1.000000000000000   1.000000000000000   1.000000000000000   
0.000000000000000   0.000000000000000   0.000000000000000   0.500000000000000   1.000000000000000   1.000000000000000   1.000000000000000   
0.018842436176257   0.018350193413733   0.017857950651208   0.017755800909865   0.017741928139263   0.017728055368661   0.017802459568799   0.015922535327138   0.014042611085478   0.011612008615349   0.013861687396796   0.011530143821084   0.013905937425639   0.019083076412288   0.018591332368360   0.018099588324432   0.017986365481741   0.017972265710474   0.017958165939207   0.018043189239362   0.016491228473837   0.014939267708311   0.012567179589019   0.014238139723349   0.012473183089808   0.014771566656408   0.019564356884351   0.019073610277615   0.018582863670879   0.018447494625494   0.018432940852896   0.018418387080299   0.018524648580489   0.017628614767234   0.016732580953979   0.014477521536360   0.014991044376453   0.014359261627257   0.016502825117947   0.019804997120382   0.019314749232242   0.018824501344103   0.018678059197370   0.018663278424107   0.018648497650845   0.018765378251052   0.018197307913932   0.017629237576812   0.015432692510030   0.015367496703006   0.015302300895982   0.017368454348716   
0.012428818633301   0.012584299212183   0.012739779791064   0.012680709329693   0.012683017093930   0.012685324858166   0.012749010848012   0.012793649974966   0.012838289101921   0.010719406283001   0.012963894752392   0.010923877102474   0.013179654098664   0.013190672077702   0.013345995130538   0.013501318183373   0.013430883196472   0.013434503767766   0.013438124339059   0.013515800468547   0.013654911932395   0.013794023396243   0.011708023921109   0.013390199319561   0.011858995128531   0.014045283329434   0.014714378966504   0.014869386967248   0.015024394967992   0.014931230930032   0.014937477115439   0.014943723300845   0.015049379709619   0.015377435847253   0.015705491984887   0.013685259197325   0.014242808453898   0.013729231180643   0.015776541790972   0.015476232410906   0.015631082885603   0.015785933360301   0.015681404796812   0.015688963789275   0.015696522781738   0.015816169330155   0.016238697804682   0.016661226279209   0.014673876835433   0.014669113021066   0.014664349206699   0.016642171021741   
1.000000000000000   1.000000000000000   1.000000000000000   0.995030818738613   0.995030818738613   0.995030818738613   1.000000000000000   1.000000000000000   1.000000000000000   0.834752356404352   1.000000000000000   0.834752356404352   1.000000000000000   1.000000000000000   1.000000000000000   1.000000000000000   0.994538518610403   0.994538518610403   0.994538518610403   1.000000000000000   1.000000000000000   1.000000000000000   0.845658902615905   0.969594635312641   0.845658902615905   1.000000000000000   1.000000000000000   1.000000000000000   1.000000000000000   0.993553918353984   0.993553918353984   0.993553918353984   1.000000000000000   1.000000000000000   1.000000000000000   0.867471995039010   0.908783905937923   0.867471995039010   1.000000000000000   1.000000000000000   1.000000000000000   1.000000000000000   0.993061618225774   0.993061618225774   0.993061618225774   1.000000000000000   1.000000000000000   1.000000000000000   0.878378541250563   0.878378541250563   0.878378541250563   1.000000000000000   
PATCH 11 
2 1 
13 2 
0.000000000000000   0.000000000000000   0.000000000000000   0.250000000000000   0.250000000000000   0.375000000000000   0.375000000000000   0.500000000000000   0.500000000000000   0.750000000000000   0.750000000000000   0.875000000000000   0.875000000000000   1.000000000000000   1.000000000000000   1.000000000000000   
0.000000000000000   0.000000000000000   1.000000000000000   1.000000000000000   
0.043294906250822   0.042424381891450   0.041518613533237   0.041047678202626   0.040553088547074   0.040048280815670   0.039634742022093   0.038316794725829   0.036829889441688   0.036266788238733   0.035704088898781   0.035223556238811   0.034720952537178   0.043734282891114   0.043142506727484   0.042531053738569   0.042225327244111   0.041914681543332   0.041604035842553   0.041288470935453   0.040657341121252   0.040006534481766   0.039681131162023   0.039350808635958   0.039020486109894   0.038685244377508   
0.024996325778451   0.026303880644103   0.027584186445094   0.028212030549712   0.028821809249016   0.029422614025117   0.030090689911613   0.031038282778270   0.031804415235660   0.032326970356226   0.032846792632925   0.033440369822502   0.034014969492056   0.025250000000000   0.026178902508932   0.027094027156471   0.027551589480241   0.028005707338662   0.028459825197083   0.028910498590156   0.029811845376303   0.030699414301056   0.031143198763433   0.031583538760461   0.032023878757490   0.032460774289170   
1.000000000000000   0.998025522893310   0.997038284339965   0.996544665063293   0.996297855424956   0.996051045786620   0.996051045786620   0.996051045786620   0.997038284339965   0.997531903616637   0.998272332531646   0.999012761446655   1.000000000000000   1.000000000000000   0.999048674522937   0.998573011784405   0.998335180415139   0.998216264730506   0.998097349045873   0.998097349045873   0.998097349045873   0.998573011784405   0.998810843153671   0.999167590207569   0.999524337261468   1.000000000000000   
PATCH 12 
2 1 
6 2 
0.000000000000000   0.000000000000000   0.000000000000000   0.250000000000000   0.500000000000000   0.750000000000000   1.000000000000000   1.000000000000000   1.000000000000000   
0.000000000000000   0.000000000000000   1.000000000000000   1.000000000000000   
0.018842436176257   0.021913021881829   0.028054193292973   0.034195364704117   0.040336536115261   0.043407121820833   0.014550000000000   0.018157140227604   0.025371420682812   0.032585701138021   0.039799981593229   0.043407121820833   
0.012428818633301   0.011458938567295   0.009519178435283   0.007579418303271   0.005639658171259   0.004669778105253   -0.000000000000000   0.000000000000000   0.000000000000000   0.000000000000000   0.000000000000000   0.000000000000000   
1.000000000000000   1.000000000000000   1.000000000000000   1.000000000000000   1.000000000000000   1.000000000000000   1.000000000000000   1.000000000000000   1.000000000000000   1.000000000000000   1.000000000000000   1.000000000000000   
PATCH 13 
2 1 
13 2 
0.000000000000000   0.000000000000000   0.000000000000000   0.250000000000000   0.250000000000000   0.375000000000000   0.375000000000000   0.500000000000000   0.500000000000000   0.750000000000000   0.750000000000000   0.875000000000000   0.875000000000000   1.000000000000000   1.000000000000000   1.000000000000000   
0.000000000000000   0.000000000000000   1.000000000000000   1.000000000000000   
0.043407121820833   0.045189312536866   0.046971503252899   0.046859193124451   0.046869162368858   0.046879131613264   0.047011380230524   0.047553282163290   0.048095184096055   0.043443921393634   0.048258060691429   0.043565375915248   0.048314166633462   0.043407121820833   0.044231231593229   0.045055341365625   0.045467396251823   0.045879451138021   0.046291506024219   0.046703560910416   0.047527670682812   0.048351780455208   0.048763835341406   0.049175890227604   0.049587945113802   0.050000000000000   
0.004669778105253   0.004106852521979   0.003543926938706   0.003531654661015   0.003529592608717   0.003527530556418   0.003535678729512   0.003480220067216   0.003424761404920   0.003078610743226   0.003483402799738   0.003201965506760   0.003647170079057   0.000000000000000   0.000000000000000   0.000000000000000   0.000000000000000   0.000000000000000   0.000000000000000   0.000000000000000   0.000000000000000   0.000000000000000   0.000000000000000   0.000000000000000   0.000000000000000   0.000000000000000   
1.000000000000000   1.000000000000000   1.000000000000000   0.997402304635882   0.997402304635882   0.997402304635882   1.000000000000000   1.000000000000000   1.000000000000000   0.901500143833338   1.000000000000000   0.901500143833338   1.000000000000000   1.000000000000000   1.000000000000000   1.000000000000000   1.000000000000000   1.000000000000000   1.000000000000000   1.000000000000000   1.000000000000000   1.000000000000000   1.000000000000000   1.000000000000000   1.000000000000000   1.000000000000000   
PATCH 14 
2 1 
13 2 
0.000000000000000   0.000000000000000   0.000000000000000   0.250000000000000   0.250000000000000   0.375000000000000   0.375000000000000   0.500000000000000   0.500000000000000   0.750000000000000   0.750000000000000   0.875000000000000   0.875000000000000   1.000000000000000   1.000000000000000   1.000000000000000   
0.000000000000000   0.000000000000000   1.000000000000000   1.000000000000000   
0.014550000000000   0.014280216012654   0.013885544622677   0.013688208927688   0.013459651382041   0.013231093836395   0.012971314440091   0.012451755647482   0.011807309452242   0.011485086354622   0.011131641406344   0.010778196458066   0.010393529659130   0.018842436176257   0.018350193413733   0.017857950651208   0.017755800909865   0.017741928139263   0.017728055368661   0.017802459568799   0.015922535327138   0.014042611085478   0.011612008615349   0.013861687396796   0.011530143821084   0.013905937425639   
-0.000000000000000   0.001374734559147   0.002698488861125   0.003360366012114   0.004009498098810   0.004658630185507   0.005295017207911   0.006567791252719   0.007789585040357   0.008400481934177   0.008998633763703   0.009596785593230   0.010182192358465   0.012428818633301   0.012584299212183   0.012739779791064   0.012680709329693   0.012683017093930   0.012685324858166   0.012749010848012   0.012793649974966   0.012838289101921   0.010719406283001   0.012963894752392   0.010923877102474   0.013179654098664   
1.000000000000000   0.981458145199585   0.972187217799377   0.967551754099274   0.965234022249222   0.962916290399170   0.962916290399170   0.962916290399170   0.972187217799377   0.976822681499481   0.983775877049637   0.990729072599792   1.000000000000000   1.000000000000000   1.000000000000000   1.000000000000000   0.995030818738613   0.995030818738613   0.995030818738613   1.000000000000000   1.000000000000000   1.000000000000000   0.834752356404352   1.000000000000000   0.834752356404352   1.000000000000000   
PATCH 15 
2 1 
4 2 
0.000000000000000   0.000000000000000   0.000000000000000   0.500000000000000   1.000000000000000   1.000000000000000   1.000000000000000   
0.000000000000000   0.000000000000000   1.000000000000000   1.000000000000000   
0.034720952537178   0.034558984206254   0.034205853377996   0.034014969492056   0.017368454348716   0.017186883516972   0.016823741853485   0.016642171021741   
0.034014969492056   0.034205853377996   0.034558984206254   0.034720952537178   0.016642171021741   0.016823741853485   0.017186883516972   0.017368454348716   
1.000000000000000   0.999973627713087   0.999973627713087   1.000000000000000   1.000000000000000   1.000000000000000   1.000000000000000   1.000000000000000   
PATCH 16 
2 2 
4 4 
0.000000000000000   0.000000000000000   0.000000000000000   0.500000000000000   1.000000000000000   1.000000000000000   1.000000000000000   
0.000000000000000   0.000000000000000   0.000000000000000   0.500000000000000   1.000000000000000   1.000000000000000   1.000000000000000   
0.013905937425639   0.014771566656408   0.016502825117947   0.017368454348716   0.013724366593896   0.014589995824665   0.016321254286203   0.017186883516972   0.013361224930408   0.014226854161177   0.015958112622716   0.016823741853485   0.013179654098664   0.014045283329434   0.015776541790972   0.016642171021741   
0.013179654098664   0.014045283329434   0.015776541790972   0.016642171021741   0.013361224930408   0.014226854161177   0.015958112622716   0.016823741853485   0.013724366593896   0.014589995824665   0.016321254286203   0.017186883516972   0.013905937425639   0.014771566656408   0.016502825117947   0.017368454348716   
1.000000000000000   1.000000000000000   1.000000000000000   1.000000000000000   1.000000000000000   1.000000000000000   1.000000000000000   1.000000000000000   1.000000000000000   1.000000000000000   1.000000000000000   1.000000000000000   1.000000000000000   1.000000000000000   1.000000000000000   1.000000000000000   
PATCH 17 
2 1 
4 2 
0.000000000000000   0.000000000000000   0.000000000000000   0.500000000000000   1.000000000000000   1.000000000000000   1.000000000000000   
0.000000000000000   0.000000000000000   1.000000000000000   1.000000000000000   
0.013905937425639   0.013724366593896   0.013361224930408   0.013179654098664   0.010393529659130   0.010340966662697   0.010235298012364   0.010182192358465   
0.013179654098664   0.013361224930408   0.013724366593896   0.013905937425639   0.010182192358465   0.010235298012364   0.010340966662697   0.010393529659130   
1.000000000000000   1.000000000000000   1.000000000000000   1.000000000000000   1.000000000000000   0.999973627713087   0.999973627713087   1.000000000000000   
PATCH 18 
2 1 
4 2 
0.000000000000000   0.000000000000000   0.000000000000000   0.500000000000000   1.000000000000000   1.000000000000000   1.000000000000000   
0.000000000000000   0.000000000000000   1.000000000000000   1.000000000000000   
0.034720952537178   0.034558984206254   0.034205853377996   0.034014969492056   0.038685244377508   0.037197068413715   0.034084833369545   0.032460774289170   
0.034014969492056   0.034205853377996   0.034558984206254   0.034720952537178   0.032460774289170   0.034084833369545   0.037197068413715   0.038685244377508   
1.000000000000000   0.999973627713087   0.999973627713087   1.000000000000000   1.000000000000000   0.998097349045873   0.998097349045873   1.000000000000000   
PATCH 19 
2 1 
4 2 
0.000000000000000   0.000000000000000   0.000000000000000   0.500000000000000   1.000000000000000   1.000000000000000   1.000000000000000   
0.000000000000000   0.000000000000000   1.000000000000000   1.000000000000000   
0.000000000000000   0.002178893568691   0.006520098010365   0.008682408883347   0.000000000000000   0.002200682504378   0.006585298990468   0.008769232972180   
0.050000000000000   0.049904867452294   0.049525061277599   0.049240387650610   0.050500000000000   0.050403916126817   0.050020311890375   0.049732791527117   
1.000000000000000   0.998097349045873   0.998097349045873   1.000000000000000   1.000000000000000   0.998097349045873   0.998097349045873   1.000000000000000   
PATCH 20 
2 1 
4 2 
0.000000000000000   0.000000000000000   0.000000000000000   0.500000000000000   1.000000000000000   1.000000000000000   1.000000000000000   
0.000000000000000   0.000000000000000   1.000000000000000   1.000000000000000   
0.003647170079057   0.004718524320512   0.006861232803423   0.007932587044878   0.000000000000000   0.002178893568691   0.006520098010365   0.008682408883347   
0.048314166633462   0.048187689470743   0.047934735145304   0.047808257982585   0.050000000000000   0.049904867452294   0.049525061277599   0.049240387650610   
1.000000000000000   1.000000000000000   1.000000000000000   1.000000000000000   1.000000000000000   0.998097349045873   0.998097349045873   1.000000000000000   
PATCH 21 
2 1 
13 2 
0.000000000000000   0.000000000000000   0.000000000000000   0.125000000000000   0.125000000000000   0.250000000000000   0.250000000000000   0.500000000000000   0.500000000000000   0.625000000000000   0.625000000000000   0.750000000000000   0.750000000000000   1.000000000000000   1.000000000000000   1.000000000000000   
0.000000000000000   0.000000000000000   1.000000000000000   1.000000000000000   
0.007932587044878   0.007342351379237   0.008071296934004   0.007436536953492   0.008105044841419   0.007834647817815   0.007564250794210   0.007437534769789   0.007438833043380   0.007440131316972   0.007569443888577   0.007643317885717   0.007717191882858   0.008682408883347   0.009214726804819   0.009607548732807   0.010147136768128   0.010654026155312   0.011679263209563   0.012723072785113   0.013252458994716   0.013794817980104   0.014343471339916   0.014890548992646   0.015949635897177   0.016987333416969   
0.047808257982585   0.043760045566117   0.047726704993682   0.043629583307428   0.047569376032314   0.046253660312491   0.044937944592667   0.044190590188851   0.044165465190638   0.044140340192424   0.044837444599813   0.044603563682385   0.044369682764957   0.049240387650610   0.049122375608591   0.048304997264629   0.048260625979556   0.048061932225902   0.047731357099401   0.047483154062438   0.047383953687340   0.047325588271126   0.047281214500238   0.047223366440606   0.046984508566183   0.046672314979869   
1.000000000000000   0.915521288187744   1.000000000000000   0.915521288187744   1.000000000000000   1.000000000000000   1.000000000000000   0.983917579512715   0.983917579512715   0.983917579512715   1.000000000000000   1.000000000000000   1.000000000000000   1.000000000000000   0.999524337261468   0.999167590207569   0.998810843153671   0.998573011784405   0.998097349045873   0.998097349045873   0.998097349045873   0.998216264730506   0.998335180415139   0.998573011784404   0.999048674522936   1.000000000000000   
PATCH 22 
2 2 
13 4 
0.000000000000000   0.000000000000000   0.000000000000000   0.250000000000000   0.250000000000000   0.375000000000000   0.375000000000000   0.500000000000000   0.500000000000000   0.750000000000000   0.750000000000000   0.875000000000000   0.875000000000000   1.000000000000000   1.000000000000000   1.000000000000000   
0.000000000000000   0.000000000000000   0.000000000000000   0.500000000000000   1.000000000000000   1.000000000000000   1.000000000000000   
0.004669778105253   0.004106852521979   0.003543926938706   0.003531654661015   0.003529592608717   0.003527530556418   0.003535678729512   0.003480220067216   0.003424761404920   0.003078610743226   0.003483402799738   0.003201965506760   0.003647170079057   0.005431631549654   0.004990968862914   0.004550306176173   0.004508773825004   0.004506902717383   0.004505031609761   0.004542821745687   0.004568827004866   0.004594832264045   0.004168092295793   0.004630376333304   0.004237061974880   0.004718524320512   0.006955338438457   0.006759201544783   0.006563064651109   0.006463012152983   0.006461522934714   0.006460033716446   0.006557107778035   0.006746040880165   0.006934973982294   0.006347055400926   0.006924323400437   0.006307254911118   0.006861232803423   0.007717191882858   0.007643317885717   0.007569443888577   0.007440131316972   0.007438833043380   0.007437534769789   0.007564250794210   0.007834647817815   0.008105044841419   0.007436536953492   0.008071296934004   0.007342351379237   0.007932587044878   
0.043407121820833   0.045189312536866   0.046971503252899   0.046859193124451   0.046869162368858   0.046879131613264   0.047011380230524   0.047553282163290   0.048095184096055   0.043443921393634   0.048258060691429   0.043565375915248   0.048314166633462   0.043647762056864   0.045042875323246   0.046437988589627   0.046179479891445   0.046193238074303   0.046206996257161   0.046493021321060   0.047228376700590   0.047963732080120   0.043490336872083   0.048125221766992   0.043614043327965   0.048187689470743   0.044129042528926   0.044750000896005   0.045370959263085   0.044820053425431   0.044841389485193   0.044862725544954   0.045456303502131   0.046578565775190   0.047700828048250   0.043583167828979   0.047859543918119   0.043711378153400   0.047934735145304   0.044369682764957   0.044603563682385   0.044837444599813   0.044140340192424   0.044165465190638   0.044190590188851   0.044937944592667   0.046253660312491   0.047569376032314   0.043629583307428   0.047726704993682   0.043760045566117   0.047808257982585   
1.000000000000000   1.000000000000000   1.000000000000000   0.997402304635882   0.997402304635882   0.997402304635882   1.000000000000000   1.000000000000000   1.000000000000000   0.901500143833338   1.000000000000000   0.901500143833338   1.000000000000000   1.000000000000000   1.000000000000000   1.000000000000000   0.994031123355090   0.994031123355090   0.994031123355090   1.000000000000000   1.000000000000000   1.000000000000000   0.905005429921940   1.000000000000000   0.905005429921940   1.000000000000000   1.000000000000000   1.000000000000000   1.000000000000000   0.987288760793507   0.987288760793507   0.987288760793507   1.000000000000000   1.000000000000000   1.000000000000000   0.912016002099143   1.000000000000000   0.912016002099143   1.000000000000000   1.000000000000000   1.000000000000000   1.000000000000000   0.983917579512715   0.983917579512715   0.983917579512715   1.000000000000000   1.000000000000000   1.000000000000000   0.915521288187744   1.000000000000000   0.915521288187744   1.000000000000000   
PATCH 23 
2 1 
13 2 
0.000000000000000   0.000000000000000   0.000000000000000   0.125000000000000   0.125000000000000   0.250000000000000   0.250000000000000   0.500000000000000   0.500000000000000   0.625000000000000   0.625000000000000   0.750000000000000   0.750000000000000   1.000000000000000   1.000000000000000   1.000000000000000   
0.000000000000000   0.000000000000000   1.000000000000000   1.000000000000000   
0.008682408883347   0.009214726804819   0.009607548732807   0.010147136768128   0.010654026155312   0.011679263209563   0.012723072785113   0.013252458994716   0.013794817980104   0.014343471339916   0.014890548992646   0.015949635897177   0.016987333416969   0.008769232972180   0.009306874072867   0.009842960902535   0.010379047732203   0.010913580290852   0.011982645408149   0.013045493441370   0.013576917457981   0.014106787203572   0.014636656949163   0.015164972423735   0.016221603372879   0.017272017237946   
0.049240387650610   0.049122375608591   0.048304997264629   0.048260625979556   0.048061932225902   0.047731357099401   0.047483154062438   0.047383953687340   0.047325588271126   0.047281214500238   0.047223366440606   0.046984508566183   0.046672314979869   0.049732791527117   0.049613599364677   0.049488606583825   0.049363613802972   0.049232820403708   0.048971233605179   0.048686444333000   0.048544049696911   0.048395854442409   0.048247659187908   0.048093663314994   0.047785671569166   0.047454477349688   
1.000000000000000   0.999524337261468   0.999167590207569   0.998810843153671   0.998573011784405   0.998097349045873   0.998097349045873   0.998097349045873   0.998216264730506   0.998335180415139   0.998573011784404   0.999048674522936   1.000000000000000   1.000000000000000   0.999524337261468   0.999167590207569   0.998810843153671   0.998573011784405   0.998097349045873   0.998097349045873   0.998097349045873   0.998216264730506   0.998335180415139   0.998573011784404   0.999048674522936   1.000000000000000   
PATCH 24 
2 1 
6 2 
0.000000000000000   0.000000000000000   0.000000000000000   0.250000000000000   0.500000000000000   0.750000000000000   1.000000000000000   1.000000000000000   1.000000000000000   
0.000000000000000   0.000000000000000   1.000000000000000   1.000000000000000   
0.016987333416969   0.018040098261146   0.020046536657042   0.021941815885030   0.023970462533022   0.024996325778451   0.017272017237946   0.018289568482936   0.020304367573183   0.022298863263696   0.024273055554476   0.025250000000000   
0.046672314979869   0.046391462482306   0.045560504145818   0.044492435876167   0.043691307321025   0.043294906250822   0.047454477349688   0.047032993823604   0.046146485990198   0.045216437375554   0.044242847979673   0.043734282891114   
1.000000000000000   0.999048674522936   0.998097349045873   0.998097349045873   0.999048674522936   1.000000000000000   1.000000000000000   0.999048674522936   0.998097349045873   0.998097349045873   0.999048674522936   1.000000000000000   
PATCH 25 
2 1 
6 2 
0.000000000000000   0.000000000000000   0.000000000000000   0.250000000000000   0.500000000000000   0.750000000000000   1.000000000000000   1.000000000000000   1.000000000000000   
0.000000000000000   0.000000000000000   1.000000000000000   1.000000000000000   
0.016987333416969   0.018040098261146   0.020046536657042   0.021941815885030   0.023970462533022   0.024996325778451   0.007717191882858   0.008687071948864   0.010626832080876   0.012566592212888   0.014506352344900   0.015476232410906   
0.046672314979869   0.046391462482306   0.045560504145818   0.044492435876167   0.043691307321025   0.043294906250822   0.044369682764957   0.041299097059386   0.035157925648242   0.029016754237098   0.022875582825954   0.019804997120382   
1.000000000000000   0.999048674522936   0.998097349045873   0.998097349045873   0.999048674522936   1.000000000000000   1.000000000000000   1.000000000000000   1.000000000000000   1.000000000000000   1.000000000000000   1.000000000000000   
PATCH 26 
2 1 
13 2 
0.000000000000000   0.000000000000000   0.000000000000000   0.250000000000000   0.250000000000000   0.375000000000000   0.375000000000000   0.500000000000000   0.500000000000000   0.750000000000000   0.750000000000000   0.875000000000000   0.875000000000000   1.000000000000000   1.000000000000000   1.000000000000000   
0.000000000000000   0.000000000000000   1.000000000000000   1.000000000000000   
0.024996325778451   0.026303880644103   0.027584186445094   0.028212030549712   0.028821809249016   0.029422614025117   0.030090689911613   0.031038282778270   0.031804415235660   0.032326970356226   0.032846792632925   0.033440369822502   0.034014969492056   0.015476232410906   0.015631082885603   0.015785933360301   0.015681404796812   0.015688963789275   0.015696522781738   0.015816169330155   0.016238697804682   0.016661226279209   0.014673876835433   0.014669113021066   0.014664349206699   0.016642171021741   
0.043294906250822   0.042424381891450   0.041518613533237   0.041047678202626   0.040553088547074   0.040048280815670   0.039634742022093   0.038316794725829   0.036829889441688   0.036266788238733   0.035704088898781   0.035223556238811   0.034720952537178   0.019804997120382   0.019314749232242   0.018824501344103   0.018678059197370   0.018663278424107   0.018648497650845   0.018765378251052   0.018197307913932   0.017629237576812   0.015432692510030   0.015367496703006   0.015302300895982   0.017368454348716   
1.000000000000000   0.998025522893310   0.997038284339965   0.996544665063293   0.996297855424956   0.996051045786620   0.996051045786620   0.996051045786620   0.997038284339965   0.997531903616637   0.998272332531646   0.999012761446655   1.000000000000000   1.000000000000000   1.000000000000000   1.000000000000000   0.993061618225774   0.993061618225774   0.993061618225774   1.000000000000000   1.000000000000000   1.000000000000000   0.878378541250563   0.878378541250563   0.878378541250563   1.000000000000000   
PATCH 27 
2 2 
6 4 
0.000000000000000   0.000000000000000   0.000000000000000   0.250000000000000   0.500000000000000   0.750000000000000   1.000000000000000   1.000000000000000   1.000000000000000   
0.000000000000000   0.000000000000000   0.000000000000000   0.500000000000000   1.000000000000000   1.000000000000000   1.000000000000000   
0.012428818633301   0.011458938567295   0.009519178435283   0.007579418303271   0.005639658171259   0.004669778105253   0.013190672077702   0.012220792011696   0.010281031879684   0.008341271747672   0.006401511615660   0.005431631549654   0.014714378966504   0.013744498900498   0.011804738768486   0.009864978636474   0.007925218504463   0.006955338438457   0.015476232410906   0.014506352344900   0.012566592212888   0.010626832080876   0.008687071948864   0.007717191882858   
0.018842436176257   0.021913021881829   0.028054193292973   0.034195364704117   0.040336536115261   0.043407121820833   0.019083076412288   0.022153662117860   0.028294833529004   0.034436004940148   0.040577176351292   0.043647762056864   0.019564356884351   0.022634942589923   0.028776114001066   0.034917285412210   0.041058456823354   0.044129042528926   0.019804997120382   0.022875582825954   0.029016754237098   0.035157925648242   0.041299097059386   0.044369682764957   
1.000000000000000   1.000000000000000   1.000000000000000   1.000000000000000   1.000000000000000   1.000000000000000   1.000000000000000   1.000000000000000   1.000000000000000   1.000000000000000   1.000000000000000   1.000000000000000   1.000000000000000   1.000000000000000   1.000000000000000   1.000000000000000   1.000000000000000   1.000000000000000   1.000000000000000   1.000000000000000   1.000000000000000   1.000000000000000   1.000000000000000   1.000000000000000   
PATCH 28 
2 2 
13 4 
0.000000000000000   0.000000000000000   0.000000000000000   0.250000000000000   0.250000000000000   0.375000000000000   0.375000000000000   0.500000000000000   0.500000000000000   0.750000000000000   0.750000000000000   0.875000000000000   0.875000000000000   1.000000000000000   1.000000000000000   1.000000000000000   
0.000000000000000   0.000000000000000   0.000000000000000   0.500000000000000   1.000000000000000   1.000000000000000   1.000000000000000   
0.012428818633301   0.012584299212183   0.012739779791064   0.012680709329693   0.012683017093930   0.012685324858166   0.012749010848012   0.012793649974966   0.012838289101921   0.010719406283001   0.012963894752392   0.010923877102474   0.013179654098664   0.013190672077702   0.013345995130538   0.013501318183373   0.013430883196472   0.013434503767766   0.013438124339059   0.013515800468547   0.013654911932395   0.013794023396243   0.011708023921109   0.013390199319561   0.011858995128531   0.014045283329434   0.014714378966504   0.014869386967248   0.015024394967992   0.014931230930032   0.014937477115439   0.014943723300845   0.015049379709619   0.015377435847253   0.015705491984887   0.013685259197325   0.014242808453898   0.013729231180643   0.015776541790972   0.015476232410906   0.015631082885603   0.015785933360301   0.015681404796812   0.015688963789275   0.015696522781738   0.015816169330155   0.016238697804682   0.016661226279209   0.014673876835433   0.014669113021066   0.014664349206699   0.016642171021741   
0.018842436176257   0.018350193413733   0.017857950651208   0.017755800909865   0.017741928139263   0.017728055368661   0.017802459568799   0.015922535327138   0.014042611085478   0.011612008615349   0.013861687396796   0.011530143821084   0.013905937425639   0.019083076412288   0.018591332368360   0.018099588324432   0.017986365481741   0.017972265710474   0.017958165939207   0.018043189239362   0.016491228473837   0.014939267708311   0.012567179589019   0.014238139723349   0.012473183089808   0.014771566656408   0.019564356884351   0.019073610277615   0.018582863670879   0.018447494625494   0.018432940852896   0.018418387080299   0.018524648580489   0.017628614767234   0.016732580953979   0.014477521536360   0.014991044376453   0.014359261627257   0.016502825117947   0.019804997120382   0.019314749232242   0.018824501344103   0.018678059197370   0.018663278424107   0.018648497650845   0.018765378251052   0.018197307913932   0.017629237576812   0.015432692510030   0.015367496703006   0.015302300895982   0.017368454348716   
1.000000000000000   1.000000000000000   1.000000000000000   0.995030818738613   0.995030818738613   0.995030818738613   1.000000000000000   1.000000000000000   1.000000000000000   0.834752356404352   1.000000000000000   0.834752356404352   1.000000000000000   1.000000000000000   1.000000000000000   1.000000000000000   0.994538518610403   0.994538518610403   0.994538518610403   1.000000000000000   1.000000000000000   1.000000000000000   0.845658902615905   0.969594635312641   0.845658902615905   1.000000000000000   1.000000000000000   1.000000000000000   1.000000000000000   0.993553918353984   0.993553918353984   0.993553918353984   1.000000000000000   1.000000000000000   1.000000000000000   0.867471995039010   0.908783905937923   0.867471995039010   1.000000000000000   1.000000000000000   1.000000000000000   1.000000000000000   0.993061618225774   0.993061618225774   0.993061618225774   1.000000000000000   1.000000000000000   1.000000000000000   0.878378541250563   0.878378541250563   0.878378541250563   1.000000000000000   
PATCH 29 
2 1 
13 2 
0.000000000000000   0.000000000000000   0.000000000000000   0.250000000000000   0.250000000000000   0.375000000000000   0.375000000000000   0.500000000000000   0.500000000000000   0.750000000000000   0.750000000000000   0.875000000000000   0.875000000000000   1.000000000000000   1.000000000000000   1.000000000000000   
0.000000000000000   0.000000000000000   1.000000000000000   1.000000000000000   
0.024996325778451   0.026303880644103   0.027584186445094   0.028212030549712   0.028821809249016   0.029422614025117   0.030090689911613   0.031038282778270   0.031804415235660   0.032326970356226   0.032846792632925   0.033440369822502   0.034014969492056   0.025250000000000   0.026178902508932   0.027094027156471   0.027551589480241   0.028005707338662   0.028459825197083   0.028910498590156   0.029811845376303   0.030699414301056   0.031143198763433   0.031583538760461   0.032023878757490   0.032460774289170   
0.043294906250822   0.042424381891450   0.041518613533237   0.041047678202626   0.040553088547074   0.040048280815670   0.039634742022093   0.038316794725829   0.036829889441688   0.036266788238733   0.035704088898781   0.035223556238811   0.034720952537178   0.043734282891114   0.043142506727484   0.042531053738569   0.042225327244111   0.041914681543332   0.041604035842553   0.041288470935453   0.040657341121252   0.040006534481766   0.039681131162023   0.039350808635958   0.039020486109894   0.038685244377508   
1.000000000000000   0.998025522893310   0.997038284339965   0.996544665063293   0.996297855424956   0.996051045786620   0.996051045786620   0.996051045786620   0.997038284339965   0.997531903616637   0.998272332531646   0.999012761446655   1.000000000000000   1.000000000000000   0.999048674522937   0.998573011784405   0.998335180415139   0.998216264730506   0.998097349045873   0.998097349045873   0.998097349045873   0.998573011784405   0.998810843153671   0.999167590207569   0.999524337261468   1.000000000000000   
PATCH 30 
2 1 
6 2 
0.000000000000000   0.000000000000000   0.000000000000000   0.250000000000000   0.500000000000000   0.750000000000000   1.000000000000000   1.000000000000000   1.000000000000000   
0.000000000000000   0.000000000000000   1.000000000000000   1.000000000000000   
0.012428818633301   0.011458938567295   0.009519178435283   0.007579418303271   0.005639658171259   0.004669778105253   0.000000000000000   0.000000000000000   0.000000000000000   0.000000000000000   0.000000000000000   0.000000000000000   
0.018842436176257   0.021913021881829   0.028054193292973   0.034195364704117   0.040336536115261   0.043407121820833   0.014550000000000   0.018157140227604   0.025371420682812   0.032585701138021   0.039799981593229   0.043407121820833   
1.000000000000000   1.000000000000000   1.000000000000000   1.000000000000000   1.000000000000000   1.000000000000000   1.000000000000000   1.000000000000000   1.000000000000000   1.000000000000000   1.000000000000000   1.000000000000000   
PATCH 31 
2 1 
13 2 
0.000000000000000   0.000000000000000   0.000000000000000   0.250000000000000   0.250000000000000   0.375000000000000   0.375000000000000   0.500000000000000   0.500000000000000   0.750000000000000   0.750000000000000   0.875000000000000   0.875000000000000   1.000000000000000   1.000000000000000   1.000000000000000   
0.000000000000000   0.000000000000000   1.000000000000000   1.000000000000000   
0.004669778105253   0.004106852521979   0.003543926938706   0.003531654661015   0.003529592608717   0.003527530556418   0.003535678729512   0.003480220067216   0.003424761404920   0.003078610743226   0.003483402799738   0.003201965506760   0.003647170079057   0.000000000000000   0.000000000000000   0.000000000000000   0.000000000000000   0.000000000000000   0.000000000000000   0.000000000000000   0.000000000000000   0.000000000000000   0.000000000000000   0.000000000000000   0.000000000000000   0.000000000000000   
0.043407121820833   0.045189312536866   0.046971503252899   0.046859193124451   0.046869162368858   0.046879131613264   0.047011380230524   0.047553282163290   0.048095184096055   0.043443921393634   0.048258060691429   0.043565375915248   0.048314166633462   0.043407121820833   0.044231231593229   0.045055341365625   0.045467396251823   0.045879451138021   0.046291506024219   0.046703560910416   0.047527670682812   0.048351780455208   0.048763835341406   0.049175890227604   0.049587945113802   0.050000000000000   
1.000000000000000   1.000000000000000   1.000000000000000   0.997402304635882   0.997402304635882   0.997402304635882   1.000000000000000   1.000000000000000   1.000000000000000   0.901500143833338   1.000000000000000   0.901500143833338   1.000000000000000   1.000000000000000   1.000000000000000   1.000000000000000   1.000000000000000   1.000000000000000   1.000000000000000   1.000000000000000   1.000000000000000   1.000000000000000   1.000000000000000   1.000000000000000   1.000000000000000   1.000000000000000   
PATCH 32 
2 1 
13 2 
0.000000000000000   0.000000000000000   0.000000000000000   0.250000000000000   0.250000000000000   0.375000000000000   0.375000000000000   0.500000000000000   0.500000000000000   0.750000000000000   0.750000000000000   0.875000000000000   0.875000000000000   1.000000000000000   1.000000000000000   1.000000000000000   
0.000000000000000   0.000000000000000   1.000000000000000   1.000000000000000   
0.000000000000000   0.001374734559147   0.002698488861125   0.003360366012114   0.004009498098810   0.004658630185507   0.005295017207911   0.006567791252719   0.007789585040357   0.008400481934177   0.008998633763703   0.009596785593230   0.010182192358465   0.012428818633301   0.012584299212183   0.012739779791064   0.012680709329693   0.012683017093930   0.012685324858166   0.012749010848012   0.012793649974966   0.012838289101921   0.010719406283001   0.012963894752392   0.010923877102474   0.013179654098664   
0.014550000000000   0.014280216012654   0.013885544622677   0.013688208927688   0.013459651382041   0.013231093836395   0.012971314440091   0.012451755647482   0.011807309452242   0.011485086354622   0.011131641406344   0.010778196458066   0.010393529659130   0.018842436176257   0.018350193413733   0.017857950651208   0.017755800909865   0.017741928139263   0.017728055368661   0.017802459568799   0.015922535327138   0.014042611085478   0.011612008615349   0.013861687396796   0.011530143821084   0.013905937425639   
1.000000000000000   0.981458145199585   0.972187217799377   0.967551754099274   0.965234022249222   0.962916290399170   0.962916290399170   0.962916290399170   0.972187217799377   0.976822681499481   0.983775877049637   0.990729072599792   1.000000000000000   1.000000000000000   1.000000000000000   1.000000000000000   0.995030818738613   0.995030818738613   0.995030818738613   1.000000000000000   1.000000000000000   1.000000000000000   0.834752356404352   1.000000000000000   0.834752356404352   1.000000000000000   
INTERFACE 1 
1 2 
5 1 
1 
INTERFACE 2 
1 3 
2 4 
1 
INTERFACE 3 
2 1 
13 2 
1 
INTERFACE 4 
2 2 
3 1 
1 
INTERFACE 5 
2 3 
4 2 
1 
INTERFACE 6 
3 2 
7 1 
-1 
INTERFACE 7 
3 3 
4 4 
-1 
INTERFACE 8 
3 4 
5 3 
1 
INTERFACE 9 
4 1 
9 2 
1 
INTERFACE 10 
4 3 
13 3 
1 
INTERFACE 11 
5 2 
6 1 
1 
INTERFACE 12 
6 2 
11 1 
1 
INTERFACE 13 
6 3 
7 3 
1 
INTERFACE 14 
7 2 
8 1 
1 
INTERFACE 15 
7 4 
9 4 
-1 
INTERFACE 16 
8 2 
15 1 
1 
INTERFACE 17 
8 3 
11 3 
1 
INTERFACE 18 
8 4 
10 4 
1 
INTERFACE 19 
9 1 
10 1 
1 
INTERFACE 20 
9 3 
12 3 
1 
INTERFACE 21 
10 2 
16 3 
1 
INTERFACE 22 
10 3 
14 4 
1 
INTERFACE 23 
11 2 
18 1 
1 
INTERFACE 24 
12 1 
14 1 
-1 
INTERFACE 25 
12 2 
13 1 
1 
INTERFACE 26 
14 2 
17 1 
-1 
INTERFACE 27 
15 2 
26 2 
1 
INTERFACE 28 
15 3 
18 3 
1 
INTERFACE 29 
15 4 
16 2 
1 
INTERFACE 30 
16 1 
17 3 
1 
INTERFACE 31 
16 4 
28 2 
1 
INTERFACE 32 
17 2 
32 2 
-1 
INTERFACE 33 
18 2 
29 2 
1 
INTERFACE 34 
19 2 
23 1 
1 
INTERFACE 35 
19 3 
20 4 
1 
INTERFACE 36 
20 1 
31 2 
1 
INTERFACE 37 
20 2 
21 1 
1 
INTERFACE 38 
20 3 
22 2 
1 
INTERFACE 39 
21 2 
25 1 
-1 
INTERFACE 40 
21 3 
22 4 
-1 
INTERFACE 41 
21 4 
23 3 
1 
INTERFACE 42 
22 1 
27 2 
1 
INTERFACE 43 
22 3 
31 3 
1 
INTERFACE 44 
23 2 
24 1 
1 
INTERFACE 45 
24 2 
29 1 
1 
INTERFACE 46 
24 3 
25 3 
1 
INTERFACE 47 
25 2 
26 1 
1 
INTERFACE 48 
25 4 
27 4 
-1 
INTERFACE 49 
26 3 
29 3 
1 
INTERFACE 50 
26 4 
28 4 
1 
INTERFACE 51 
27 1 
28 1 
1 
INTERFACE 52 
27 3 
30 3 
1 
INTERFACE 53 
28 3 
32 4 
1 
INTERFACE 54 
30 1 
32 1 
-1 
INTERFACE 55 
30 2 
31 1 
1 
BOUNDARY 1 
1 
1 1 
BOUNDARY 2 
1 
1 4 
BOUNDARY 3 
1 
5 4 
BOUNDARY 4 
1 
6 4 
BOUNDARY 5 
1 
11 4 
BOUNDARY 6 
1 
12 4 
BOUNDARY 7 
1 
13 4 
BOUNDARY 8 
1 
14 3 
BOUNDARY 9 
1 
17 4 
BOUNDARY 10 
1 
18 4 
BOUNDARY 11 
1 
19 1 
BOUNDARY 12 
1 
19 4 
BOUNDARY 13 
1 
23 4 
BOUNDARY 14 
1 
24 4 
BOUNDARY 15 
1 
29 4 
BOUNDARY 16 
1 
30 4 
BOUNDARY 17 
1 
31 4 
BOUNDARY 18 
1 
32 3 
