# nurbs mesh v.2.1
#
# 14-Jul-2024
#
2 2 32 55 0 
PATCH 1 
2 1 
4 2 
0.000000000000000   0.000000000000000   0.000000000000000   0.500000000000000   1.000000000000000   1.000000000000000   1.000000000000000   
0.000000000000000   0.000000000000000   1.000000000000000   1.000000000000000   
0.050000000000000   0.049904867452294   0.049525061277599   0.049240387650610   0.050500000000000   0.050403916126817   0.050020311890375   0.049732791527117   
0.000000000000000   0.002178893568691   0.006520098010365   0.008682408883347   0.000000000000000   0.002200682504378   0.006585298990468   0.008769232972180   
1.000000000000000   0.998097349045873   0.998097349045873   1.000000000000000   1.000000000000000   0.998097349045873   0.998097349045873   1.000000000000000   
PATCH 2 
2 1 
4 2 
0.000000000000000   0.000000000000000   0.000000000000000   0.500000000000000   1.000000000000000   1.000000000000000   1.000000000000000   
0.000000000000000   0.000000000000000   1.000000000000000   1.000000000000000   
0.048322993729769   0.048196045415095   0.047942148785748   0.047815200471075   0.050000000000000   0.049904867452294   0.049525061277599   0.049240387650610   
0.003308785732688   0.004447362051822   0.006724514690089   0.007863091009223   0.000000000000000   0.002178893568691   0.006520098010365   0.008682408883347   
1.000000000000000   1.000000000000000   1.000000000000000   1.000000000000000   1.000000000000000   0.998097349045873   0.998097349045873   1.000000000000000   
PATCH 3 
2 1 
13 2 
0.000000000000000   0.000000000000000   0.000000000000000   0.125000000000000   0.125000000000000   0.250000000000000   0.250000000000000   0.500000000000000   0.500000000000000   0.625000000000000   0.625000000000000   0.750000000000000   0.750000000000000   1.000000000000000   1.000000000000000   1.000000000000000   
0.000000000000000   0.000000000000000   1.000000000000000   1.000000000000000   
0.047815200471075   0.043442551459962   0.047729145434843   0.043304646251887   0.047564559269742   0.045562910107765   0.043561260945789   0.042810715906383   0.042785115713813   0.042759515521242   0.043458860175507   0.043222457218879   0.042986054262252   0.049240387650610   0.049122375608591   0.048463004643688   0.048477544545687   0.048239752480041   0.047998795299519   0.047800808089610   0.047663939882875   0.047580733128569   0.047502951096019   0.047413450830357   0.047149430185254   0.046868634184017   
0.007863091009223   0.007228497304271   0.008006143018571   0.007322579716151   0.008034084759692   0.007496532769545   0.006958980779398   0.006836389938584   0.006836300888449   0.006836211838313   0.006958624578856   0.007020351667685   0.007082078756514   0.008682408883347   0.009214726804819   0.009638975369396   0.010192745425567   0.010693444080285   0.011744701976053   0.012808187925166   0.013330766212386   0.013869189519805   0.014410738489041   0.014950486712712   0.016005621153935   0.017058787763694   
1.000000000000000   0.908744509476617   1.000000000000000   0.908744509476617   1.000000000000000   1.000000000000000   1.000000000000000   0.983337930707577   0.983337930707577   0.983337930707577   1.000000000000000   1.000000000000000   1.000000000000000   1.000000000000000   0.999524337261468   0.999167590207569   0.998810843153671   0.998573011784405   0.998097349045873   0.998097349045873   0.998097349045873   0.998216264730506   0.998335180415139   0.998573011784404   0.999048674522936   1.000000000000000   
PATCH 4 
2 2 
13 4 
0.000000000000000   0.000000000000000   0.000000000000000   0.250000000000000   0.250000000000000   0.375000000000000   0.375000000000000   0.500000000000000   0.500000000000000   0.750000000000000   0.750000000000000   0.875000000000000   0.875000000000000   1.000000000000000   1.000000000000000   1.000000000000000   
0.000000000000000   0.000000000000000   0.000000000000000   0.500000000000000   1.000000000000000   1.000000000000000   1.000000000000000   
0.042235191454585   0.044086838799008   0.045938486143432   0.045847214399847   0.045856427555067   0.045865640710286   0.045975338764308   0.047042944468124   0.048110550171941   0.043662394194187   0.048268627381056   0.043779664522480   0.048322993729769   0.042422907156502   0.043870743403976   0.045318579651450   0.045075289680196   0.045088599594753   0.045101909509310   0.045371819309678   0.046672935878035   0.047974052446391   0.043572957208612   0.048133756894503   0.043695386256850   0.048196045415095   0.042798338560335   0.043438552613912   0.044078766667488   0.043531440240894   0.043552943674126   0.043574447107359   0.044164780400419   0.045932918697855   0.047701056995292   0.043394083237462   0.047864015921396   0.043526829725591   0.047942148785748   0.042986054262252   0.043222457218879   0.043458860175507   0.042759515521242   0.042785115713813   0.042810715906383   0.043561260945789   0.045562910107765   0.047564559269742   0.043304646251887   0.047729145434843   0.043442551459962   0.047815200471075   
0.004206417663124   0.003722934707835   0.003239451752546   0.003230020131931   0.003228515177431   0.003227010222930   0.003233431934543   0.003160261797226   0.003087091659909   0.002790448583069   0.003148247011056   0.002912825260250   0.003308785732688   0.004925332936472   0.004547288947798   0.004169244959123   0.004131568058527   0.004130461605185   0.004129355151844   0.004164819145757   0.004244329540306   0.004323839934855   0.003923481366340   0.004362721012935   0.003991743271255   0.004447362051822   0.006363163483166   0.006195997427722   0.006028831372278   0.005934663911718   0.005934354460694   0.005934045009671   0.006027593568184   0.006412465026465   0.006797336484746   0.006189546932881   0.006791669016692   0.006149579293266   0.006724514690089   0.007082078756514   0.007020351667685   0.006958624578856   0.006836211838313   0.006836300888449   0.006836389938584   0.006958980779398   0.007496532769545   0.008034084759692   0.007322579716151   0.008006143018571   0.007228497304271   0.007863091009223   
1.000000000000000   1.000000000000000   1.000000000000000   0.997816554637823   0.997816554637823   0.997816554637823   1.000000000000000   1.000000000000000   1.000000000000000   0.905785636147844   1.000000000000000   0.905785636147844   1.000000000000000   1.000000000000000   1.000000000000000   1.000000000000000   0.994196898655261   0.994196898655261   0.994196898655261   1.000000000000000   1.000000000000000   1.000000000000000   0.906525354480037   1.000000000000000   0.906525354480037   1.000000000000000   1.000000000000000   1.000000000000000   1.000000000000000   0.986957586690138   0.986957586690138   0.986957586690138   1.000000000000000   1.000000000000000   1.000000000000000   0.908004791144423   1.000000000000000   0.908004791144423   1.000000000000000   1.000000000000000   1.000000000000000   1.000000000000000   0.983337930707577   0.983337930707577   0.983337930707577   1.000000000000000   1.000000000000000   1.000000000000000   0.908744509476617   1.000000000000000   0.908744509476617   1.000000000000000   
PATCH 5 
2 1 
13 2 
0.000000000000000   0.000000000000000   0.000000000000000   0.125000000000000   0.125000000000000   0.250000000000000   0.250000000000000   0.500000000000000   0.500000000000000   0.625000000000000   0.625000000000000   0.750000000000000   0.750000000000000   1.000000000000000   1.000000000000000   1.000000000000000   
0.000000000000000   0.000000000000000   1.000000000000000   1.000000000000000   
0.049240387650610   0.049122375608591   0.048463004643688   0.048477544545687   0.048239752480041   0.047998795299519   0.047800808089610   0.047663939882875   0.047580733128569   0.047502951096019   0.047413450830357   0.047149430185254   0.046868634184017   0.049732791527117   0.049613599364677   0.049488606583825   0.049363613802972   0.049232820403708   0.048971233605179   0.048686444333000   0.048544049696911   0.048395854442409   0.048247659187908   0.048093663314994   0.047785671569166   0.047454477349688   
0.008682408883347   0.009214726804819   0.009638975369396   0.010192745425567   0.010693444080285   0.011744701976053   0.012808187925166   0.013330766212386   0.013869189519805   0.014410738489041   0.014950486712712   0.016005621153935   0.017058787763694   0.008769232972180   0.009306874072867   0.009842960902535   0.010379047732203   0.010913580290852   0.011982645408149   0.013045493441370   0.013576917457981   0.014106787203572   0.014636656949163   0.015164972423735   0.016221603372879   0.017272017237946   
1.000000000000000   0.999524337261468   0.999167590207569   0.998810843153671   0.998573011784405   0.998097349045873   0.998097349045873   0.998097349045873   0.998216264730506   0.998335180415139   0.998573011784404   0.999048674522936   1.000000000000000   1.000000000000000   0.999524337261468   0.999167590207569   0.998810843153671   0.998573011784405   0.998097349045873   0.998097349045873   0.998097349045873   0.998216264730506   0.998335180415139   0.998573011784404   0.999048674522936   1.000000000000000   
PATCH 6 
2 1 
6 2 
0.000000000000000   0.000000000000000   0.000000000000000   0.250000000000000   0.500000000000000   0.750000000000000   1.000000000000000   1.000000000000000   1.000000000000000   
0.000000000000000   0.000000000000000   1.000000000000000   1.000000000000000   
0.046868634184017   0.046547038627932   0.045677628011058   0.044602500112595   0.043709071998132   0.043293802759090   0.047454477349688   0.047032993823604   0.046146485990198   0.045216437375554   0.044242847979673   0.043734282891114   
0.017058787763694   0.018100596654687   0.020098070938806   0.021996094981323   0.023980208808725   0.024995688677203   0.017272017237946   0.018289568482936   0.020304367573183   0.022298863263696   0.024273055554476   0.025250000000000   
1.000000000000000   0.999048674522936   0.998097349045873   0.998097349045873   0.999048674522936   1.000000000000000   1.000000000000000   0.999048674522936   0.998097349045873   0.998097349045873   0.999048674522936   1.000000000000000   
PATCH 7 
2 1 
6 2 
0.000000000000000   0.000000000000000   0.000000000000000   0.250000000000000   0.500000000000000   0.750000000000000   1.000000000000000   1.000000000000000   1.000000000000000   
0.000000000000000   0.000000000000000   1.000000000000000   1.000000000000000   
0.046868634184017   0.046547038627932   0.045677628011058   0.044602500112595   0.043709071998132   0.043293802759090   0.042986054262252   0.039856739181415   0.033598109019741   0.027339478858067   0.021080848696393   0.017951533615556   
0.017058787763694   0.018100596654687   0.020098070938806   0.021996094981323   0.023980208808725   0.024995688677203   0.007082078756514   0.007899173063305   0.009533361676889   0.011167550290472   0.012801738904055   0.013618833210847   
1.000000000000000   0.999048674522936   0.998097349045873   0.998097349045873   0.999048674522936   1.000000000000000   1.000000000000000   1.000000000000000   1.000000000000000   1.000000000000000   1.000000000000000   1.000000000000000   
PATCH 8 
2 1 
13 2 
0.000000000000000   0.000000000000000   0.000000000000000   0.250000000000000   0.250000000000000   0.375000000000000   0.375000000000000   0.500000000000000   0.500000000000000   0.750000000000000   0.750000000000000   0.875000000000000   0.875000000000000   1.000000000000000   1.000000000000000   1.000000000000000   
0.000000000000000   0.000000000000000   1.000000000000000   1.000000000000000   
0.043293802759090   0.042422885844948   0.041517260732322   0.041031497801517   0.040506510514462   0.040045541360482   0.039649263111464   0.038349639709109   0.036852930994122   0.036275088607184   0.035702614493973   0.035218034075725   0.034713037888204   0.017951533615556   0.017528892820213   0.017106252024871   0.016914901787578   0.016896987617592   0.016879073447605   0.017034595344925   0.016417540738713   0.015800486132501   0.013780571001729   0.013714669524226   0.013648768046724   0.015536880222490   
0.024995688677203   0.026302904272238   0.027583188238248   0.028200784109177   0.028788552981595   0.029420421193391   0.030101505821339   0.031064620470394   0.031823980985859   0.032334004386518   0.032845037612562   0.033434693705999   0.034006746086802   0.013618833210847   0.013729188793066   0.013839544375285   0.013705398532112   0.013714192047908   0.013722985563704   0.013874718438469   0.014350880337729   0.014827042236989   0.013020974465330   0.013016745294461   0.013012516123593   0.014810125553516   
1.000000000000000   0.998025627394546   0.997038441091818   0.996544847940455   0.996298051364773   0.996051254789091   0.996051254789091   0.996051254789091   0.997038441091819   0.997532034243182   0.998272423970227   0.999012813697273   1.000000000000000   1.000000000000000   1.000000000000000   1.000000000000000   0.989942766903536   0.989942766903536   0.989942766903536   1.000000000000000   1.000000000000000   1.000000000000000   0.875470018002337   0.875470018002337   0.875470018002337   1.000000000000000   
PATCH 9 
2 2 
6 4 
0.000000000000000   0.000000000000000   0.000000000000000   0.250000000000000   0.500000000000000   0.750000000000000   1.000000000000000   1.000000000000000   1.000000000000000   
0.000000000000000   0.000000000000000   0.000000000000000   0.500000000000000   1.000000000000000   1.000000000000000   1.000000000000000   
0.017200670807889   0.020329985888726   0.026588616050400   0.032847246212074   0.039105876373748   0.042235191454585   0.017388386509806   0.020517701590643   0.026776331752317   0.033034961913991   0.039293592075665   0.042422907156502   0.017763817913639   0.020893132994476   0.027151763156150   0.033410393317824   0.039669023479498   0.042798338560335   0.017951533615556   0.021080848696393   0.027339478858067   0.033598109019741   0.039856739181415   0.042986054262252   
0.010743172117458   0.009926077810666   0.008291889197083   0.006657700583499   0.005023511969916   0.004206417663124   0.011462087390805   0.010644993084014   0.009010804470430   0.007376615856847   0.005742427243263   0.004925332936472   0.012899917937500   0.012082823630708   0.010448635017125   0.008814446403541   0.007180257789958   0.006363163483166   0.013618833210847   0.012801738904055   0.011167550290472   0.009533361676889   0.007899173063305   0.007082078756514   
1.000000000000000   1.000000000000000   1.000000000000000   1.000000000000000   1.000000000000000   1.000000000000000   1.000000000000000   1.000000000000000   1.000000000000000   1.000000000000000   1.000000000000000   1.000000000000000   1.000000000000000   1.000000000000000   1.000000000000000   1.000000000000000   1.000000000000000   1.000000000000000   1.000000000000000   1.000000000000000   1.000000000000000   1.000000000000000   1.000000000000000   1.000000000000000   
PATCH 10 
2 2 
13 4 
0.000000000000000   0.000000000000000   0.000000000000000   0.250000000000000   0.250000000000000   0.375000000000000   0.375000000000000   0.500000000000000   0.500000000000000   0.750000000000000   0.750000000000000   0.875000000000000   0.875000000000000   1.000000000000000   1.000000000000000   1.000000000000000   
0.000000000000000   0.000000000000000   0.000000000000000   0.500000000000000   1.000000000000000   1.000000000000000   1.000000000000000   
0.017200670807889   0.016588653968111   0.015976637128332   0.015951006914683   0.015944479047031   0.015937951179378   0.015950525657722   0.014621325613989   0.013292125570257   0.011636418408136   0.013172597026090   0.011599693359448   0.013227343558457   0.017388386509806   0.016823713681136   0.016259040852467   0.016191980632907   0.016182606189671   0.016173231746435   0.016221543079523   0.015070379395170   0.013919215710818   0.012172456556534   0.013308115150624   0.012111962031267   0.013804727724465   0.017763817913639   0.017293833107188   0.016823848300736   0.016673928069355   0.016658860474952   0.016643792880549   0.016763577923124   0.015968486957532   0.015173395991940   0.013244532853331   0.013579151399692   0.013136499374905   0.014959496056482   0.017951533615556   0.017528892820213   0.017106252024871   0.016914901787578   0.016896987617592   0.016879073447605   0.017034595344925   0.016417540738713   0.015800486132501   0.013780571001729   0.013714669524226   0.013648768046724   0.015536880222490   
0.010743172117458   0.010902975608805   0.011062779100153   0.011051385806417   0.011053580494450   0.011055775182482   0.011071557852283   0.011622996017383   0.012174434182482   0.010773807640772   0.012320203967178   0.010958705379536   0.012500588889482   0.011462087390805   0.011609528904870   0.011756970418936   0.011714888987841   0.011718733382814   0.011722577777788   0.011772347998830   0.012304967097469   0.012837586196108   0.011335599346912   0.012494339298999   0.011472158065550   0.013077973055491   0.012899917937500   0.013022635497001   0.013145353056502   0.013041895350688   0.013049039159543   0.013056182968398   0.013173928291922   0.013668909257642   0.014163890223362   0.012459182759190   0.012842609962640   0.012499063437579   0.014232741387507   0.013618833210847   0.013729188793066   0.013839544375285   0.013705398532112   0.013714192047908   0.013722985563704   0.013874718438469   0.014350880337729   0.014827042236989   0.013020974465330   0.013016745294461   0.013012516123593   0.014810125553516   
1.000000000000000   1.000000000000000   1.000000000000000   0.998812847878606   0.998812847878606   0.998812847878606   1.000000000000000   1.000000000000000   1.000000000000000   0.881986738133802   1.000000000000000   0.881986738133802   1.000000000000000   1.000000000000000   1.000000000000000   1.000000000000000   0.996595327634839   0.996595327634839   0.996595327634839   1.000000000000000   1.000000000000000   1.000000000000000   0.880357558100936   0.968867504500584   0.880357558100936   1.000000000000000   1.000000000000000   1.000000000000000   1.000000000000000   0.992160287147304   0.992160287147304   0.992160287147304   1.000000000000000   1.000000000000000   1.000000000000000   0.877099198035203   0.906602513501753   0.877099198035203   1.000000000000000   1.000000000000000   1.000000000000000   1.000000000000000   0.989942766903536   0.989942766903536   0.989942766903536   1.000000000000000   1.000000000000000   1.000000000000000   0.875470018002337   0.875470018002337   0.875470018002337   1.000000000000000   
PATCH 11 
2 1 
13 2 
0.000000000000000   0.000000000000000   0.000000000000000   0.250000000000000   0.250000000000000   0.375000000000000   0.375000000000000   0.500000000000000   0.500000000000000   0.750000000000000   0.750000000000000   0.875000000000000   0.875000000000000   1.000000000000000   1.000000000000000   1.000000000000000   
0.000000000000000   0.000000000000000   1.000000000000000   1.000000000000000   
0.043293802759090   0.042422885844948   0.041517260732322   0.041031497801517   0.040506510514462   0.040045541360482   0.039649263111464   0.038349639709109   0.036852930994122   0.036275088607184   0.035702614493973   0.035218034075725   0.034713037888204   0.043734282891114   0.043142506727484   0.042531053738569   0.042225327244111   0.041914681543332   0.041604035842553   0.041288470935453   0.040657341121252   0.040006534481766   0.039681131162023   0.039350808635958   0.039020486109894   0.038685244377508   
0.024995688677203   0.026302904272238   0.027583188238248   0.028200784109177   0.028788552981595   0.029420421193391   0.030101505821339   0.031064620470394   0.031823980985859   0.032334004386518   0.032845037612562   0.033434693705999   0.034006746086802   0.025250000000000   0.026178902508932   0.027094027156471   0.027551589480241   0.028005707338662   0.028459825197083   0.028910498590156   0.029811845376303   0.030699414301056   0.031143198763433   0.031583538760461   0.032023878757490   0.032460774289170   
1.000000000000000   0.998025627394546   0.997038441091818   0.996544847940455   0.996298051364773   0.996051254789091   0.996051254789091   0.996051254789091   0.997038441091819   0.997532034243182   0.998272423970227   0.999012813697273   1.000000000000000   1.000000000000000   0.999048674522937   0.998573011784405   0.998335180415139   0.998216264730506   0.998097349045873   0.998097349045873   0.998097349045873   0.998573011784405   0.998810843153671   0.999167590207569   0.999524337261468   1.000000000000000   
PATCH 12 
2 1 
6 2 
0.000000000000000   0.000000000000000   0.000000000000000   0.250000000000000   0.500000000000000   0.750000000000000   1.000000000000000   1.000000000000000   1.000000000000000   
0.000000000000000   0.000000000000000   1.000000000000000   1.000000000000000   
0.017200670807889   0.020329985888726   0.026588616050400   0.032847246212074   0.039105876373748   0.042235191454585   0.014550000000000   0.018010648931823   0.024931946795469   0.031853244659116   0.038774542522762   0.042235191454585   
0.010743172117458   0.009926077810666   0.008291889197083   0.006657700583499   0.005023511969916   0.004206417663124   0.000000000000000   0.000000000000000   0.000000000000000   0.000000000000000   0.000000000000000   0.000000000000000   
1.000000000000000   1.000000000000000   1.000000000000000   1.000000000000000   1.000000000000000   1.000000000000000   1.000000000000000   1.000000000000000   1.000000000000000   1.000000000000000   1.000000000000000   1.000000000000000   
PATCH 13 
2 1 
13 2 
0.000000000000000   0.000000000000000   0.000000000000000   0.250000000000000   0.250000000000000   0.375000000000000   0.375000000000000   0.500000000000000   0.500000000000000   0.750000000000000   0.750000000000000   0.875000000000000   0.875000000000000   1.000000000000000   1.000000000000000   1.000000000000000   
0.000000000000000   0.000000000000000   1.000000000000000   1.000000000000000   
0.042235191454585   0.044086838799008   0.045938486143432   0.045847214399847   0.045856427555067   0.045865640710286   0.045975338764308   0.047042944468124   0.048110550171941   0.043662394194187   0.048268627381056   0.043779664522480   0.048322993729769   0.042235191454585   0.043205792522762   0.044176393590939   0.044661694125027   0.045146994659116   0.045632295193204   0.046117595727293   0.047088196795469   0.048058797863646   0.048544098397735   0.049029398931823   0.049514699465912   0.050000000000000   
0.004206417663124   0.003722934707835   0.003239451752546   0.003230020131931   0.003228515177431   0.003227010222930   0.003233431934543   0.003160261797226   0.003087091659909   0.002790448583069   0.003148247011056   0.002912825260250   0.003308785732688   0.000000000000000   0.000000000000000   0.000000000000000   0.000000000000000   0.000000000000000   0.000000000000000   0.000000000000000   0.000000000000000   0.000000000000000   0.000000000000000   0.000000000000000   0.000000000000000   0.000000000000000   
1.000000000000000   1.000000000000000   1.000000000000000   0.997816554637823   0.997816554637823   0.997816554637823   1.000000000000000   1.000000000000000   1.000000000000000   0.905785636147844   1.000000000000000   0.905785636147844   1.000000000000000   1.000000000000000   1.000000000000000   1.000000000000000   1.000000000000000   1.000000000000000   1.000000000000000   1.000000000000000   1.000000000000000   1.000000000000000   1.000000000000000   1.000000000000000   1.000000000000000   1.000000000000000   
PATCH 14 
2 1 
13 2 
0.000000000000000   0.000000000000000   0.000000000000000   0.250000000000000   0.250000000000000   0.375000000000000   0.375000000000000   0.500000000000000   0.500000000000000   0.750000000000000   0.750000000000000   0.875000000000000   0.875000000000000   1.000000000000000   1.000000000000000   1.000000000000000   
0.000000000000000   0.000000000000000   1.000000000000000   1.000000000000000   
0.014550000000000   0.014280220593992   0.013885555736240   0.013688223307363   0.013459669515550   0.013231115723738   0.012971340568989   0.012451790259490   0.011807354498247   0.011485136617625   0.011131697374067   0.010778258130509   0.010393597524015   0.017200670807889   0.016588653968111   0.015976637128332   0.015951006914683   0.015944479047031   0.015937951179378   0.015950525657722   0.014621325613989   0.013292125570257   0.011636418408136   0.013172597026090   0.011599693359448   0.013227343558457   
0.000000000000000   0.001374723336093   0.002698467696924   0.003360339877339   0.004009467313939   0.004658594750538   0.005294977443322   0.006567742828890   0.007789529239196   0.008400422444348   0.008998570905685   0.009596719367022   0.010182123084543   0.010743172117458   0.010902975608805   0.011062779100153   0.011051385806417   0.011053580494450   0.011055775182482   0.011071557852283   0.011622996017383   0.012174434182482   0.010773807640772   0.012320203967178   0.010958705379536   0.012500588889482   
1.000000000000000   0.981458460068206   0.972187690102309   0.967552305119361   0.965234612627887   0.962916920136412   0.962916920136412   0.962916920136412   0.972187690102309   0.976823075085258   0.983776152559680   0.990729230034103   1.000000000000000   1.000000000000000   1.000000000000000   1.000000000000000   0.998812847878606   0.998812847878606   0.998812847878606   1.000000000000000   1.000000000000000   1.000000000000000   0.881986738133802   1.000000000000000   0.881986738133802   1.000000000000000   
PATCH 15 
2 1 
4 2 
0.000000000000000   0.000000000000000   0.000000000000000   0.500000000000000   1.000000000000000   1.000000000000000   1.000000000000000   
0.000000000000000   0.000000000000000   1.000000000000000   1.000000000000000   
0.034713037888204   0.034549914315147   0.034196640166634   0.034006746086802   0.015536880222490   0.015355191555247   0.014991814220759   0.014810125553516   
0.034006746086802   0.034196640166634   0.034549914315147   0.034713037888204   0.014810125553516   0.014991814220759   0.015355191555247   0.015536880222490   
1.000000000000000   0.999973593474617   0.999973593474617   1.000000000000000   1.000000000000000   1.000000000000000   1.000000000000000   1.000000000000000   
PATCH 16 
2 2 
4 4 
0.000000000000000   0.000000000000000   0.000000000000000   0.500000000000000   1.000000000000000   1.000000000000000   1.000000000000000   
0.000000000000000   0.000000000000000   0.000000000000000   0.500000000000000   1.000000000000000   1.000000000000000   1.000000000000000   
0.013227343558457   0.013804727724465   0.014959496056482   0.015536880222490   0.013045654891213   0.013623039057222   0.014777807389238   0.015355191555247   0.012682277556726   0.013259661722734   0.014414430054751   0.014991814220759   0.012500588889482   0.013077973055491   0.014232741387507   0.014810125553516   
0.012500588889482   0.013077973055491   0.014232741387507   0.014810125553516   0.012682277556726   0.013259661722734   0.014414430054751   0.014991814220759   0.013045654891213   0.013623039057222   0.014777807389238   0.015355191555247   0.013227343558457   0.013804727724465   0.014959496056482   0.015536880222490   
1.000000000000000   1.000000000000000   1.000000000000000   1.000000000000000   1.000000000000000   1.000000000000000   1.000000000000000   1.000000000000000   1.000000000000000   1.000000000000000   1.000000000000000   1.000000000000000   1.000000000000000   1.000000000000000   1.000000000000000   1.000000000000000   
PATCH 17 
2 1 
4 2 
0.000000000000000   0.000000000000000   0.000000000000000   0.500000000000000   1.000000000000000   1.000000000000000   1.000000000000000   
0.000000000000000   0.000000000000000   1.000000000000000   1.000000000000000   
0.013227343558457   0.013045654891213   0.012682277556726   0.012500588889482   0.010393597524015   0.010341000595140   0.010235263375404   0.010182123084543   
0.012500588889482   0.012682277556726   0.013045654891213   0.013227343558457   0.010182123084543   0.010235263375404   0.010341000595140   0.010393597524015   
1.000000000000000   1.000000000000000   1.000000000000000   1.000000000000000   1.000000000000000   0.999973593474617   0.999973593474617   1.000000000000000   
PATCH 18 
2 1 
4 2 
0.000000000000000   0.000000000000000   0.000000000000000   0.500000000000000   1.000000000000000   1.000000000000000   1.000000000000000   
0.000000000000000   0.000000000000000   1.000000000000000   1.000000000000000   
0.034713037888204   0.034549914315147   0.034196640166634   0.034006746086802   0.038685244377508   0.037197068413715   0.034084833369545   0.032460774289170   
0.034006746086802   0.034196640166634   0.034549914315147   0.034713037888204   0.032460774289170   0.034084833369545   0.037197068413715   0.038685244377508   
1.000000000000000   0.999973593474617   0.999973593474617   1.000000000000000   1.000000000000000   0.998097349045873   0.998097349045873   1.000000000000000   
PATCH 19 
2 1 
4 2 
0.000000000000000   0.000000000000000   0.000000000000000   0.500000000000000   1.000000000000000   1.000000000000000   1.000000000000000   
0.000000000000000   0.000000000000000   1.000000000000000   1.000000000000000   
0.000000000000000   0.002178893568691   0.006520098010365   0.008682408883347   0.000000000000000   0.002200682504378   0.006585298990468   0.008769232972180   
0.050000000000000   0.049904867452294   0.049525061277599   0.049240387650610   0.050500000000000   0.050403916126817   0.050020311890375   0.049732791527117   
1.000000000000000   0.998097349045873   0.998097349045873   1.000000000000000   1.000000000000000   0.998097349045873   0.998097349045873   1.000000000000000   
PATCH 20 
2 1 
4 2 
0.000000000000000   0.000000000000000   0.000000000000000   0.500000000000000   1.000000000000000   1.000000000000000   1.000000000000000   
0.000000000000000   0.000000000000000   1.000000000000000   1.000000000000000   
0.003308785732688   0.004447362051822   0.006724514690089   0.007863091009223   0.000000000000000   0.002178893568691   0.006520098010365   0.008682408883347   
0.048322993729769   0.048196045415095   0.047942148785748   0.047815200471075   0.050000000000000   0.049904867452294   0.049525061277599   0.049240387650610   
1.000000000000000   1.000000000000000   1.000000000000000   1.000000000000000   1.000000000000000   0.998097349045873   0.998097349045873   1.000000000000000   
PATCH 21 
2 1 
13 2 
0.000000000000000   0.000000000000000   0.000000000000000   0.125000000000000   0.125000000000000   0.250000000000000   0.250000000000000   0.500000000000000   0.500000000000000   0.625000000000000   0.625000000000000   0.750000000000000   0.750000000000000   1.000000000000000   1.000000000000000   1.000000000000000   
0.000000000000000   0.000000000000000   1.000000000000000   1.000000000000000   
0.007863091009223   0.007228497304271   0.008006143018571   0.007322579716151   0.008034084759692   0.007496532769545   0.006958980779398   0.006836389938584   0.006836300888449   0.006836211838313   0.006958624578856   0.007020351667685   0.007082078756514   0.008682408883347   0.009214726804819   0.009638975369396   0.010192745425567   0.010693444080285   0.011744701976053   0.012808187925166   0.013330766212386   0.013869189519805   0.014410738489041   0.014950486712712   0.016005621153935   0.017058787763694   
0.047815200471075   0.043442551459962   0.047729145434843   0.043304646251887   0.047564559269742   0.045562910107765   0.043561260945789   0.042810715906383   0.042785115713813   0.042759515521242   0.043458860175507   0.043222457218879   0.042986054262252   0.049240387650610   0.049122375608591   0.048463004643688   0.048477544545687   0.048239752480041   0.047998795299519   0.047800808089610   0.047663939882875   0.047580733128569   0.047502951096019   0.047413450830357   0.047149430185254   0.046868634184017   
1.000000000000000   0.908744509476617   1.000000000000000   0.908744509476617   1.000000000000000   1.000000000000000   1.000000000000000   0.983337930707577   0.983337930707577   0.983337930707577   1.000000000000000   1.000000000000000   1.000000000000000   1.000000000000000   0.999524337261468   0.999167590207569   0.998810843153671   0.998573011784405   0.998097349045873   0.998097349045873   0.998097349045873   0.998216264730506   0.998335180415139   0.998573011784404   0.999048674522936   1.000000000000000   
PATCH 22 
2 2 
13 4 
0.000000000000000   0.000000000000000   0.000000000000000   0.250000000000000   0.250000000000000   0.375000000000000   0.375000000000000   0.500000000000000   0.500000000000000   0.750000000000000   0.750000000000000   0.875000000000000   0.875000000000000   1.000000000000000   1.000000000000000   1.000000000000000   
0.000000000000000   0.000000000000000   0.000000000000000   0.500000000000000   1.000000000000000   1.000000000000000   1.000000000000000   
0.004206417663124   0.003722934707835   0.003239451752546   0.003230020131931   0.003228515177431   0.003227010222930   0.003233431934543   0.003160261797226   0.003087091659909   0.002790448583069   0.003148247011056   0.002912825260250   0.003308785732688   0.004925332936472   0.004547288947798   0.004169244959123   0.004131568058527   0.004130461605185   0.004129355151844   0.004164819145757   0.004244329540306   0.004323839934855   0.003923481366340   0.004362721012935   0.003991743271255   0.004447362051822   0.006363163483166   0.006195997427722   0.006028831372278   0.005934663911718   0.005934354460694   0.005934045009671   0.006027593568184   0.006412465026465   0.006797336484746   0.006189546932881   0.006791669016692   0.006149579293266   0.006724514690089   0.007082078756514   0.007020351667685   0.006958624578856   0.006836211838313   0.006836300888449   0.006836389938584   0.006958980779398   0.007496532769545   0.008034084759692   0.007322579716151   0.008006143018571   0.007228497304271   0.007863091009223   
0.042235191454585   0.044086838799008   0.045938486143432   0.045847214399847   0.045856427555067   0.045865640710286   0.045975338764308   0.047042944468124   0.048110550171941   0.043662394194187   0.048268627381056   0.043779664522480   0.048322993729769   0.042422907156502   0.043870743403976   0.045318579651450   0.045075289680196   0.045088599594753   0.045101909509310   0.045371819309678   0.046672935878035   0.047974052446391   0.043572957208612   0.048133756894503   0.043695386256850   0.048196045415095   0.042798338560335   0.043438552613912   0.044078766667488   0.043531440240894   0.043552943674126   0.043574447107359   0.044164780400419   0.045932918697855   0.047701056995292   0.043394083237462   0.047864015921396   0.043526829725591   0.047942148785748   0.042986054262252   0.043222457218879   0.043458860175507   0.042759515521242   0.042785115713813   0.042810715906383   0.043561260945789   0.045562910107765   0.047564559269742   0.043304646251887   0.047729145434843   0.043442551459962   0.047815200471075   
1.000000000000000   1.000000000000000   1.000000000000000   0.997816554637823   0.997816554637823   0.997816554637823   1.000000000000000   1.000000000000000   1.000000000000000   0.905785636147844   1.000000000000000   0.905785636147844   1.000000000000000   1.000000000000000   1.000000000000000   1.000000000000000   0.994196898655261   0.994196898655261   0.994196898655261   1.000000000000000   1.000000000000000   1.000000000000000   0.906525354480037   1.000000000000000   0.906525354480037   1.000000000000000   1.000000000000000   1.000000000000000   1.000000000000000   0.986957586690138   0.986957586690138   0.986957586690138   1.000000000000000   1.000000000000000   1.000000000000000   0.908004791144423   1.000000000000000   0.908004791144423   1.000000000000000   1.000000000000000   1.000000000000000   1.000000000000000   0.983337930707577   0.983337930707577   0.983337930707577   1.000000000000000   1.000000000000000   1.000000000000000   0.908744509476617   1.000000000000000   0.908744509476617   1.000000000000000   
PATCH 23 
2 1 
13 2 
0.000000000000000   0.000000000000000   0.000000000000000   0.125000000000000   0.125000000000000   0.250000000000000   0.250000000000000   0.500000000000000   0.500000000000000   0.625000000000000   0.625000000000000   0.750000000000000   0.750000000000000   1.000000000000000   1.000000000000000   1.000000000000000   
0.000000000000000   0.000000000000000   1.000000000000000   1.000000000000000   
0.008682408883347   0.009214726804819   0.009638975369396   0.010192745425567   0.010693444080285   0.011744701976053   0.012808187925166   0.013330766212386   0.013869189519805   0.014410738489041   0.014950486712712   0.016005621153935   0.017058787763694   0.008769232972180   0.009306874072867   0.009842960902535   0.010379047732203   0.010913580290852   0.011982645408149   0.013045493441370   0.013576917457981   0.014106787203572   0.014636656949163   0.015164972423735   0.016221603372879   0.017272017237946   
0.049240387650610   0.049122375608591   0.048463004643688   0.048477544545687   0.048239752480041   0.047998795299519   0.047800808089610   0.047663939882875   0.047580733128569   0.047502951096019   0.047413450830357   0.047149430185254   0.046868634184017   0.049732791527117   0.049613599364677   0.049488606583825   0.049363613802972   0.049232820403708   0.048971233605179   0.048686444333000   0.048544049696911   0.048395854442409   0.048247659187908   0.048093663314994   0.047785671569166   0.047454477349688   
1.000000000000000   0.999524337261468   0.999167590207569   0.998810843153671   0.998573011784405   0.998097349045873   0.998097349045873   0.998097349045873   0.998216264730506   0.998335180415139   0.998573011784404   0.999048674522936   1.000000000000000   1.000000000000000   0.999524337261468   0.999167590207569   0.998810843153671   0.998573011784405   0.998097349045873   0.998097349045873   0.998097349045873   0.998216264730506   0.998335180415139   0.998573011784404   0.999048674522936   1.000000000000000   
PATCH 24 
2 1 
6 2 
0.000000000000000   0.000000000000000   0.000000000000000   0.250000000000000   0.500000000000000   0.750000000000000   1.000000000000000   1.000000000000000   1.000000000000000   
0.000000000000000   0.000000000000000   1.000000000000000   1.000000000000000   
0.017058787763694   0.018100596654687   0.020098070938806   0.021996094981323   0.023980208808725   0.024995688677203   0.017272017237946   0.018289568482936   0.020304367573183   0.022298863263696   0.024273055554476   0.025250000000000   
0.046868634184017   0.046547038627932   0.045677628011058   0.044602500112595   0.043709071998132   0.043293802759090   0.047454477349688   0.047032993823604   0.046146485990198   0.045216437375554   0.044242847979673   0.043734282891114   
1.000000000000000   0.999048674522936   0.998097349045873   0.998097349045873   0.999048674522936   1.000000000000000   1.000000000000000   0.999048674522936   0.998097349045873   0.998097349045873   0.999048674522936   1.000000000000000   
PATCH 25 
2 1 
6 2 
0.000000000000000   0.000000000000000   0.000000000000000   0.250000000000000   0.500000000000000   0.750000000000000   1.000000000000000   1.000000000000000   1.000000000000000   
0.000000000000000   0.000000000000000   1.000000000000000   1.000000000000000   
0.017058787763694   0.018100596654687   0.020098070938806   0.021996094981323   0.023980208808725   0.024995688677203   0.007082078756514   0.007899173063305   0.009533361676889   0.011167550290472   0.012801738904055   0.013618833210847   
0.046868634184017   0.046547038627932   0.045677628011058   0.044602500112595   0.043709071998132   0.043293802759090   0.042986054262252   0.039856739181415   0.033598109019741   0.027339478858067   0.021080848696393   0.017951533615556   
1.000000000000000   0.999048674522936   0.998097349045873   0.998097349045873   0.999048674522936   1.000000000000000   1.000000000000000   1.000000000000000   1.000000000000000   1.000000000000000   1.000000000000000   1.000000000000000   
PATCH 26 
2 1 
13 2 
0.000000000000000   0.000000000000000   0.000000000000000   0.250000000000000   0.250000000000000   0.375000000000000   0.375000000000000   0.500000000000000   0.500000000000000   0.750000000000000   0.750000000000000   0.875000000000000   0.875000000000000   1.000000000000000   1.000000000000000   1.000000000000000   
0.000000000000000   0.000000000000000   1.000000000000000   1.000000000000000   
0.024995688677203   0.026302904272238   0.027583188238248   0.028200784109177   0.028788552981595   0.029420421193391   0.030101505821339   0.031064620470394   0.031823980985859   0.032334004386518   0.032845037612562   0.033434693705999   0.034006746086802   0.013618833210847   0.013729188793066   0.013839544375285   0.013705398532112   0.013714192047908   0.013722985563704   0.013874718438469   0.014350880337729   0.014827042236989   0.013020974465330   0.013016745294461   0.013012516123593   0.014810125553516   
0.043293802759090   0.042422885844948   0.041517260732322   0.041031497801517   0.040506510514462   0.040045541360482   0.039649263111464   0.038349639709109   0.036852930994122   0.036275088607184   0.035702614493973   0.035218034075725   0.034713037888204   0.017951533615556   0.017528892820213   0.017106252024871   0.016914901787578   0.016896987617592   0.016879073447605   0.017034595344925   0.016417540738713   0.015800486132501   0.013780571001729   0.013714669524226   0.013648768046724   0.015536880222490   
1.000000000000000   0.998025627394546   0.997038441091818   0.996544847940455   0.996298051364773   0.996051254789091   0.996051254789091   0.996051254789091   0.997038441091819   0.997532034243182   0.998272423970227   0.999012813697273   1.000000000000000   1.000000000000000   1.000000000000000   1.000000000000000   0.989942766903536   0.989942766903536   0.989942766903536   1.000000000000000   1.000000000000000   1.000000000000000   0.875470018002337   0.875470018002337   0.875470018002337   1.000000000000000   
PATCH 27 
2 2 
6 4 
0.000000000000000   0.000000000000000   0.000000000000000   0.250000000000000   0.500000000000000   0.750000000000000   1.000000000000000   1.000000000000000   1.000000000000000   
0.000000000000000   0.000000000000000   0.000000000000000   0.500000000000000   1.000000000000000   1.000000000000000   1.000000000000000   
0.010743172117458   0.009926077810666   0.008291889197083   0.006657700583499   0.005023511969916   0.004206417663124   0.011462087390805   0.010644993084014   0.009010804470430   0.007376615856847   0.005742427243263   0.004925332936472   0.012899917937500   0.012082823630708   0.010448635017125   0.008814446403541   0.007180257789958   0.006363163483166   0.013618833210847   0.012801738904055   0.011167550290472   0.009533361676889   0.007899173063305   0.007082078756514   
0.017200670807889   0.020329985888726   0.026588616050400   0.032847246212074   0.039105876373748   0.042235191454585   0.017388386509806   0.020517701590643   0.026776331752317   0.033034961913991   0.039293592075665   0.042422907156502   0.017763817913639   0.020893132994476   0.027151763156150   0.033410393317824   0.039669023479498   0.042798338560335   0.017951533615556   0.021080848696393   0.027339478858067   0.033598109019741   0.039856739181415   0.042986054262252   
1.000000000000000   1.000000000000000   1.000000000000000   1.000000000000000   1.000000000000000   1.000000000000000   1.000000000000000   1.000000000000000   1.000000000000000   1.000000000000000   1.000000000000000   1.000000000000000   1.000000000000000   1.000000000000000   1.000000000000000   1.000000000000000   1.000000000000000   1.000000000000000   1.000000000000000   1.000000000000000   1.000000000000000   1.000000000000000   1.000000000000000   1.000000000000000   
PATCH 28 
2 2 
13 4 
0.000000000000000   0.000000000000000   0.000000000000000   0.250000000000000   0.250000000000000   0.375000000000000   0.375000000000000   0.500000000000000   0.500000000000000   0.750000000000000   0.750000000000000   0.875000000000000   0.875000000000000   1.000000000000000   1.000000000000000   1.000000000000000   
0.000000000000000   0.000000000000000   0.000000000000000   0.500000000000000   1.000000000000000   1.000000000000000   1.000000000000000   
0.010743172117458   0.010902975608805   0.011062779100153   0.011051385806417   0.011053580494450   0.011055775182482   0.011071557852284   0.011622996017383   0.012174434182482   0.010773807640772   0.012320203967178   0.010958705379536   0.012500588889482   0.011462087390805   0.011609528904870   0.011756970418936   0.011714888987841   0.011718733382814   0.011722577777788   0.011772347998830   0.012304967097469   0.012837586196108   0.011335599346912   0.012494339298999   0.011472158065550   0.013077973055491   0.012899917937500   0.013022635497001   0.013145353056502   0.013041895350688   0.013049039159543   0.013056182968398   0.013173928291922   0.013668909257642   0.014163890223362   0.012459182759190   0.012842609962640   0.012499063437579   0.014232741387507   0.013618833210847   0.013729188793066   0.013839544375285   0.013705398532112   0.013714192047908   0.013722985563704   0.013874718438469   0.014350880337729   0.014827042236989   0.013020974465330   0.013016745294461   0.013012516123593   0.014810125553516   
0.017200670807889   0.016588653968111   0.015976637128332   0.015951006914683   0.015944479047031   0.015937951179378   0.015950525657722   0.014621325613989   0.013292125570257   0.011636418408136   0.013172597026090   0.011599693359448   0.013227343558457   0.017388386509806   0.016823713681136   0.016259040852467   0.016191980632907   0.016182606189671   0.016173231746435   0.016221543079523   0.015070379395170   0.013919215710818   0.012172456556534   0.013308115150624   0.012111962031267   0.013804727724465   0.017763817913639   0.017293833107188   0.016823848300736   0.016673928069355   0.016658860474952   0.016643792880549   0.016763577923124   0.015968486957532   0.015173395991940   0.013244532853331   0.013579151399692   0.013136499374905   0.014959496056482   0.017951533615556   0.017528892820213   0.017106252024871   0.016914901787578   0.016896987617592   0.016879073447605   0.017034595344925   0.016417540738713   0.015800486132501   0.013780571001729   0.013714669524226   0.013648768046724   0.015536880222490   
1.000000000000000   1.000000000000000   1.000000000000000   0.998812847878606   0.998812847878606   0.998812847878606   1.000000000000000   1.000000000000000   1.000000000000000   0.881986738133802   1.000000000000000   0.881986738133802   1.000000000000000   1.000000000000000   1.000000000000000   1.000000000000000   0.996595327634839   0.996595327634839   0.996595327634839   1.000000000000000   1.000000000000000   1.000000000000000   0.880357558100936   0.968867504500584   0.880357558100936   1.000000000000000   1.000000000000000   1.000000000000000   1.000000000000000   0.992160287147304   0.992160287147304   0.992160287147304   1.000000000000000   1.000000000000000   1.000000000000000   0.877099198035203   0.906602513501753   0.877099198035203   1.000000000000000   1.000000000000000   1.000000000000000   1.000000000000000   0.989942766903536   0.989942766903536   0.989942766903536   1.000000000000000   1.000000000000000   1.000000000000000   0.875470018002337   0.875470018002337   0.875470018002337   1.000000000000000   
PATCH 29 
2 1 
13 2 
0.000000000000000   0.000000000000000   0.000000000000000   0.250000000000000   0.250000000000000   0.375000000000000   0.375000000000000   0.500000000000000   0.500000000000000   0.750000000000000   0.750000000000000   0.875000000000000   0.875000000000000   1.000000000000000   1.000000000000000   1.000000000000000   
0.000000000000000   0.000000000000000   1.000000000000000   1.000000000000000   
0.024995688677203   0.026302904272238   0.027583188238248   0.028200784109177   0.028788552981595   0.029420421193391   0.030101505821339   0.031064620470394   0.031823980985859   0.032334004386518   0.032845037612562   0.033434693705999   0.034006746086802   0.025250000000000   0.026178902508932   0.027094027156471   0.027551589480241   0.028005707338662   0.028459825197083   0.028910498590156   0.029811845376303   0.030699414301056   0.031143198763433   0.031583538760461   0.032023878757490   0.032460774289170   
0.043293802759090   0.042422885844948   0.041517260732322   0.041031497801517   0.040506510514462   0.040045541360482   0.039649263111464   0.038349639709109   0.036852930994122   0.036275088607184   0.035702614493973   0.035218034075725   0.034713037888204   0.043734282891114   0.043142506727484   0.042531053738569   0.042225327244111   0.041914681543332   0.041604035842553   0.041288470935453   0.040657341121252   0.040006534481766   0.039681131162023   0.039350808635958   0.039020486109894   0.038685244377508   
1.000000000000000   0.998025627394546   0.997038441091818   0.996544847940455   0.996298051364773   0.996051254789091   0.996051254789091   0.996051254789091   0.997038441091819   0.997532034243182   0.998272423970227   0.999012813697273   1.000000000000000   1.000000000000000   0.999048674522937   0.998573011784405   0.998335180415139   0.998216264730506   0.998097349045873   0.998097349045873   0.998097349045873   0.998573011784405   0.998810843153671   0.999167590207569   0.999524337261468   1.000000000000000   
PATCH 30 
2 1 
6 2 
0.000000000000000   0.000000000000000   0.000000000000000   0.250000000000000   0.500000000000000   0.750000000000000   1.000000000000000   1.000000000000000   1.000000000000000   
0.000000000000000   0.000000000000000   1.000000000000000   1.000000000000000   
0.010743172117458   0.009926077810666   0.008291889197083   0.006657700583499   0.005023511969916   0.004206417663124   0.000000000000000   0.000000000000000   0.000000000000000   0.000000000000000   0.000000000000000   0.000000000000000   
0.017200670807889   0.020329985888726   0.026588616050400   0.032847246212074   0.039105876373748   0.042235191454585   0.014550000000000   0.018010648931823   0.024931946795469   0.031853244659116   0.038774542522762   0.042235191454585   
1.000000000000000   1.000000000000000   1.000000000000000   1.000000000000000   1.000000000000000   1.000000000000000   1.000000000000000   1.000000000000000   1.000000000000000   1.000000000000000   1.000000000000000   1.000000000000000   
PATCH 31 
2 1 
13 2 
0.000000000000000   0.000000000000000   0.000000000000000   0.250000000000000   0.250000000000000   0.375000000000000   0.375000000000000   0.500000000000000   0.500000000000000   0.750000000000000   0.750000000000000   0.875000000000000   0.875000000000000   1.000000000000000   1.000000000000000   1.000000000000000   
0.000000000000000   0.000000000000000   1.000000000000000   1.000000000000000   
0.004206417663124   0.003722934707835   0.003239451752546   0.003230020131931   0.003228515177431   0.003227010222930   0.003233431934543   0.003160261797226   0.003087091659909   0.002790448583069   0.003148247011056   0.002912825260250   0.003308785732688   0.000000000000000   0.000000000000000   0.000000000000000   0.000000000000000   0.000000000000000   0.000000000000000   0.000000000000000   0.000000000000000   0.000000000000000   0.000000000000000   0.000000000000000   0.000000000000000   0.000000000000000   
0.042235191454585   0.044086838799008   0.045938486143432   0.045847214399847   0.045856427555067   0.045865640710286   0.045975338764308   0.047042944468124   0.048110550171941   0.043662394194187   0.048268627381056   0.043779664522480   0.048322993729769   0.042235191454585   0.043205792522762   0.044176393590939   0.044661694125027   0.045146994659116   0.045632295193204   0.046117595727293   0.047088196795469   0.048058797863646   0.048544098397735   0.049029398931823   0.049514699465912   0.050000000000000   
1.000000000000000   1.000000000000000   1.000000000000000   0.997816554637823   0.997816554637823   0.997816554637823   1.000000000000000   1.000000000000000   1.000000000000000   0.905785636147844   1.000000000000000   0.905785636147844   1.000000000000000   1.000000000000000   1.000000000000000   1.000000000000000   1.000000000000000   1.000000000000000   1.000000000000000   1.000000000000000   1.000000000000000   1.000000000000000   1.000000000000000   1.000000000000000   1.000000000000000   1.000000000000000   
PATCH 32 
2 1 
13 2 
0.000000000000000   0.000000000000000   0.000000000000000   0.250000000000000   0.250000000000000   0.375000000000000   0.375000000000000   0.500000000000000   0.500000000000000   0.750000000000000   0.750000000000000   0.875000000000000   0.875000000000000   1.000000000000000   1.000000000000000   1.000000000000000   
0.000000000000000   0.000000000000000   1.000000000000000   1.000000000000000   
0.000000000000000   0.001374723336093   0.002698467696924   0.003360339877339   0.004009467313939   0.004658594750538   0.005294977443322   0.006567742828890   0.007789529239196   0.008400422444348   0.008998570905685   0.009596719367022   0.010182123084543   0.010743172117458   0.010902975608805   0.011062779100153   0.011051385806417   0.011053580494450   0.011055775182482   0.011071557852284   0.011622996017383   0.012174434182482   0.010773807640772   0.012320203967178   0.010958705379536   0.012500588889482   
0.014550000000000   0.014280220593992   0.013885555736240   0.013688223307363   0.013459669515550   0.013231115723738   0.012971340568989   0.012451790259490   0.011807354498247   0.011485136617625   0.011131697374067   0.010778258130509   0.010393597524015   0.017200670807889   0.016588653968111   0.015976637128332   0.015951006914683   0.015944479047031   0.015937951179378   0.015950525657722   0.014621325613989   0.013292125570257   0.011636418408136   0.013172597026090   0.011599693359448   0.013227343558457   
1.000000000000000   0.981458460068206   0.972187690102309   0.967552305119361   0.965234612627887   0.962916920136412   0.962916920136412   0.962916920136412   0.972187690102309   0.976823075085258   0.983776152559680   0.990729230034103   1.000000000000000   1.000000000000000   1.000000000000000   1.000000000000000   0.998812847878606   0.998812847878606   0.998812847878606   1.000000000000000   1.000000000000000   1.000000000000000   0.881986738133802   1.000000000000000   0.881986738133802   1.000000000000000   
INTERFACE 1 
1 2 
5 1 
1 
INTERFACE 2 
1 3 
2 4 
1 
INTERFACE 3 
2 1 
13 2 
1 
INTERFACE 4 
2 2 
3 1 
1 
INTERFACE 5 
2 3 
4 2 
1 
INTERFACE 6 
3 2 
7 1 
-1 
INTERFACE 7 
3 3 
4 4 
-1 
INTERFACE 8 
3 4 
5 3 
1 
INTERFACE 9 
4 1 
9 2 
1 
INTERFACE 10 
4 3 
13 3 
1 
INTERFACE 11 
5 2 
6 1 
1 
INTERFACE 12 
6 2 
11 1 
1 
INTERFACE 13 
6 3 
7 3 
1 
INTERFACE 14 
7 2 
8 1 
1 
INTERFACE 15 
7 4 
9 4 
-1 
INTERFACE 16 
8 2 
15 1 
1 
INTERFACE 17 
8 3 
11 3 
1 
INTERFACE 18 
8 4 
10 4 
1 
INTERFACE 19 
9 1 
10 1 
1 
INTERFACE 20 
9 3 
12 3 
1 
INTERFACE 21 
10 2 
16 3 
1 
INTERFACE 22 
10 3 
14 4 
1 
INTERFACE 23 
11 2 
18 1 
1 
INTERFACE 24 
12 1 
14 1 
-1 
INTERFACE 25 
12 2 
13 1 
1 
INTERFACE 26 
14 2 
17 1 
-1 
INTERFACE 27 
15 2 
26 2 
1 
INTERFACE 28 
15 3 
18 3 
1 
INTERFACE 29 
15 4 
16 2 
1 
INTERFACE 30 
16 1 
17 3 
1 
INTERFACE 31 
16 4 
28 2 
1 
INTERFACE 32 
17 2 
32 2 
-1 
INTERFACE 33 
18 2 
29 2 
1 
INTERFACE 34 
19 2 
23 1 
1 
INTERFACE 35 
19 3 
20 4 
1 
INTERFACE 36 
20 1 
31 2 
1 
INTERFACE 37 
20 2 
21 1 
1 
INTERFACE 38 
20 3 
22 2 
1 
INTERFACE 39 
21 2 
25 1 
-1 
INTERFACE 40 
21 3 
22 4 
-1 
INTERFACE 41 
21 4 
23 3 
1 
INTERFACE 42 
22 1 
27 2 
1 
INTERFACE 43 
22 3 
31 3 
1 
INTERFACE 44 
23 2 
24 1 
1 
INTERFACE 45 
24 2 
29 1 
1 
INTERFACE 46 
24 3 
25 3 
1 
INTERFACE 47 
25 2 
26 1 
1 
INTERFACE 48 
25 4 
27 4 
-1 
INTERFACE 49 
26 3 
29 3 
1 
INTERFACE 50 
26 4 
28 4 
1 
INTERFACE 51 
27 1 
28 1 
1 
INTERFACE 52 
27 3 
30 3 
1 
INTERFACE 53 
28 3 
32 4 
1 
INTERFACE 54 
30 1 
32 1 
-1 
INTERFACE 55 
30 2 
31 1 
1 
BOUNDARY 1 
1 
1 1 
BOUNDARY 2 
1 
1 4 
BOUNDARY 3 
1 
5 4 
BOUNDARY 4 
1 
6 4 
BOUNDARY 5 
1 
11 4 
BOUNDARY 6 
1 
12 4 
BOUNDARY 7 
1 
13 4 
BOUNDARY 8 
1 
14 3 
BOUNDARY 9 
1 
17 4 
BOUNDARY 10 
1 
18 4 
BOUNDARY 11 
1 
19 1 
BOUNDARY 12 
1 
19 4 
BOUNDARY 13 
1 
23 4 
BOUNDARY 14 
1 
24 4 
BOUNDARY 15 
1 
29 4 
BOUNDARY 16 
1 
30 4 
BOUNDARY 17 
1 
31 4 
BOUNDARY 18 
1 
32 3 
