# nurbs mesh v.2.1
#
# 14-Jul-2024
#
2 2 32 55 0 
PATCH 1 
2 1 
4 2 
0.000000000000000   0.000000000000000   0.000000000000000   0.500000000000000   1.000000000000000   1.000000000000000   1.000000000000000   
0.000000000000000   0.000000000000000   1.000000000000000   1.000000000000000   
0.050000000000000   0.049904867452294   0.049525061277599   0.049240387650610   0.050500000000000   0.050403916126817   0.050020311890375   0.049732791527117   
0.000000000000000   0.002178893568691   0.006520098010365   0.008682408883347   0.000000000000000   0.002200682504378   0.006585298990468   0.008769232972180   
1.000000000000000   0.998097349045873   0.998097349045873   1.000000000000000   1.000000000000000   0.998097349045873   0.998097349045873   1.000000000000000   
PATCH 2 
2 1 
4 2 
0.000000000000000   0.000000000000000   0.000000000000000   0.500000000000000   1.000000000000000   1.000000000000000   1.000000000000000   
0.000000000000000   0.000000000000000   1.000000000000000   1.000000000000000   
0.048020304752926   0.047546659175766   0.046599368021444   0.046125722444284   0.050000000000000   0.049904867452294   0.049525061277599   0.049240387650610   
0.003815660445176   0.004293873869587   0.005250300718408   0.005728514142819   0.000000000000000   0.002178893568691   0.006520098010365   0.008682408883347   
1.000000000000000   1.000000000000000   1.000000000000000   1.000000000000000   1.000000000000000   0.998097349045873   0.998097349045873   1.000000000000000   
PATCH 3 
2 1 
13 2 
0.000000000000000   0.000000000000000   0.000000000000000   0.125000000000000   0.125000000000000   0.250000000000000   0.250000000000000   0.500000000000000   0.500000000000000   0.625000000000000   0.625000000000000   0.750000000000000   0.750000000000000   1.000000000000000   1.000000000000000   1.000000000000000   
0.000000000000000   0.000000000000000   1.000000000000000   1.000000000000000   
0.046125722444284   0.045423059441581   0.045402373027995   0.045381686614409   0.046042976789940   0.045445092718712   0.044847208647484   0.044722997097224   0.044713707787808   0.044704418478392   0.044810051409820   0.044445893740996   0.044081736072173   0.049240387650610   0.049122375608591   0.048413352667034   0.048398822025682   0.048010585357128   0.048018639233768   0.047968717713634   0.047677010094887   0.047654257066977   0.047528451754288   0.047530521357439   0.047217148061492   0.046897777801957   
0.005728514142819   0.005660558480304   0.005673120760177   0.005685683040050   0.005778763262313   0.005964563645033   0.006150364027753   0.006137647867347   0.006141601989557   0.006145556111767   0.006166180516593   0.006366809055608   0.006567437594622   0.008682408883347   0.009214726804819   0.009629099915252   0.010176193460875   0.010642643947864   0.011749557537371   0.012853179173325   0.013334421720955   0.013890620829685   0.014418474499312   0.014987401582416   0.016028609060006   0.017069395173142   
1.000000000000000   0.985135584587832   0.985135584587832   0.985135584587832   1.000000000000000   1.000000000000000   1.000000000000000   0.997445314786547   0.997445314786547   0.997445314786547   1.000000000000000   1.000000000000000   1.000000000000000   1.000000000000000   0.999524337261468   0.999167590207569   0.998810843153671   0.998573011784405   0.998097349045873   0.998097349045873   0.998097349045873   0.998216264730506   0.998335180415139   0.998573011784404   0.999048674522936   1.000000000000000   
PATCH 4 
2 2 
13 4 
0.000000000000000   0.000000000000000   0.000000000000000   0.250000000000000   0.250000000000000   0.375000000000000   0.375000000000000   0.500000000000000   0.500000000000000   0.750000000000000   0.750000000000000   0.875000000000000   0.875000000000000   1.000000000000000   1.000000000000000   1.000000000000000   
0.000000000000000   0.000000000000000   0.000000000000000   0.500000000000000   1.000000000000000   1.000000000000000   1.000000000000000   
0.042478938930872   0.043137134335982   0.043795329741091   0.042694883513889   0.042726049083768   0.042757214653648   0.043919992020610   0.045913175352173   0.047906358683735   0.040881505630564   0.048067769494049   0.040948438749365   0.048020304752926   0.042879638216197   0.043464324187235   0.044049010158273   0.043197267255015   0.043222963759778   0.043248660264542   0.044151796177328   0.045796154693807   0.047440513210286   0.042006550876525   0.047401420377536   0.042067093922419   0.047546659175766   0.043681036786848   0.044118703889743   0.044556370992637   0.044202034737267   0.044216793111798   0.044231551486330   0.044615404490765   0.045562113377077   0.046508822263389   0.044256641368448   0.046068722144508   0.044304404268527   0.046599368021444   0.044081736072173   0.044445893740996   0.044810051409820   0.044704418478392   0.044713707787808   0.044722997097224   0.044847208647484   0.045445092718712   0.046042976789940   0.045381686614409   0.045402373027995   0.045423059441581   0.046125722444284   
0.003658226006684   0.003295600710504   0.002932975414324   0.002842130822394   0.002836422072070   0.002830713321746   0.002910140413029   0.003193525540106   0.003476910667182   0.002974299503675   0.003611155572954   0.003173284684077   0.003815660445176   0.004385528903669   0.004063402796780   0.003741276689891   0.003667987144737   0.003662717051442   0.003657446958146   0.003720196316710   0.003886285066337   0.004052373815965   0.003652145387769   0.004126646869760   0.003795103133134   0.004293873869587   0.005840134697638   0.005599006969332   0.005357879241026   0.005319699789423   0.005315307010185   0.005310914230947   0.005340308124072   0.005271804118801   0.005203300113530   0.005007837155957   0.005157629463371   0.005038740031247   0.005250300718408   0.006567437594622   0.006366809055608   0.006166180516593   0.006145556111767   0.006141601989557   0.006137647867347   0.006150364027753   0.005964563645033   0.005778763262313   0.005685683040050   0.005673120760177   0.005660558480304   0.005728514142819   
1.000000000000000   1.000000000000000   1.000000000000000   0.974239323122023   0.974239323122023   0.974239323122023   1.000000000000000   1.000000000000000   1.000000000000000   0.851193484129304   1.000000000000000   0.851193484129304   1.000000000000000   1.000000000000000   1.000000000000000   1.000000000000000   0.980040821038154   0.980040821038154   0.980040821038154   1.000000000000000   1.000000000000000   1.000000000000000   0.884679009243936   0.996283896146958   0.884679009243936   1.000000000000000   1.000000000000000   1.000000000000000   1.000000000000000   0.991643816870416   0.991643816870416   0.991643816870416   1.000000000000000   1.000000000000000   1.000000000000000   0.951650059473200   0.988851688440874   0.951650059473200   1.000000000000000   1.000000000000000   1.000000000000000   1.000000000000000   0.997445314786547   0.997445314786547   0.997445314786547   1.000000000000000   1.000000000000000   1.000000000000000   0.985135584587832   0.985135584587832   0.985135584587832   1.000000000000000   
PATCH 5 
2 1 
13 2 
0.000000000000000   0.000000000000000   0.000000000000000   0.125000000000000   0.125000000000000   0.250000000000000   0.250000000000000   0.500000000000000   0.500000000000000   0.625000000000000   0.625000000000000   0.750000000000000   0.750000000000000   1.000000000000000   1.000000000000000   1.000000000000000   
0.000000000000000   0.000000000000000   1.000000000000000   1.000000000000000   
0.049240387650610   0.049122375608591   0.048413352667034   0.048398822025682   0.048010585357128   0.048018639233768   0.047968717713634   0.047677010094887   0.047654257066977   0.047528451754288   0.047530521357439   0.047217148061492   0.046897777801957   0.049732791527117   0.049613599364677   0.049488606583825   0.049363613802972   0.049232820403708   0.048971233605179   0.048686444333000   0.048544049696911   0.048395854442409   0.048247659187908   0.048093663314994   0.047785671569166   0.047454477349688   
0.008682408883347   0.009214726804819   0.009629099915252   0.010176193460875   0.010642643947864   0.011749557537371   0.012853179173325   0.013334421720955   0.013890620829685   0.014418474499312   0.014987401582416   0.016028609060006   0.017069395173142   0.008769232972180   0.009306874072867   0.009842960902535   0.010379047732203   0.010913580290852   0.011982645408149   0.013045493441370   0.013576917457981   0.014106787203572   0.014636656949163   0.015164972423735   0.016221603372879   0.017272017237946   
1.000000000000000   0.999524337261468   0.999167590207569   0.998810843153671   0.998573011784405   0.998097349045873   0.998097349045873   0.998097349045873   0.998216264730506   0.998335180415139   0.998573011784404   0.999048674522936   1.000000000000000   1.000000000000000   0.999524337261468   0.999167590207569   0.998810843153671   0.998573011784405   0.998097349045873   0.998097349045873   0.998097349045873   0.998216264730506   0.998335180415139   0.998573011784404   0.999048674522936   1.000000000000000   
PATCH 6 
2 1 
6 2 
0.000000000000000   0.000000000000000   0.000000000000000   0.250000000000000   0.500000000000000   0.750000000000000   1.000000000000000   1.000000000000000   1.000000000000000   
0.000000000000000   0.000000000000000   1.000000000000000   1.000000000000000   
0.046897777801957   0.046276729435055   0.044518954300978   0.044417406407686   0.043476864392800   0.043198538935438   0.047454477349688   0.047032993823604   0.046146485990198   0.045216437375554   0.044242847979673   0.043734282891114   
0.017069395173142   0.017995482391427   0.019588256672302   0.021904814476792   0.023852812215563   0.024940688082974   0.017272017237946   0.018289568482936   0.020304367573183   0.022298863263696   0.024273055554476   0.025250000000000   
1.000000000000000   0.999048674522936   0.998097349045873   0.998097349045873   0.999048674522936   1.000000000000000   1.000000000000000   0.999048674522936   0.998097349045873   0.998097349045873   0.999048674522936   1.000000000000000   
PATCH 7 
2 1 
6 2 
0.000000000000000   0.000000000000000   0.000000000000000   0.250000000000000   0.500000000000000   0.750000000000000   1.000000000000000   1.000000000000000   1.000000000000000   
0.000000000000000   0.000000000000000   1.000000000000000   1.000000000000000   
0.046897777801957   0.046276729435055   0.044518954300978   0.044417406407686   0.043476864392800   0.043198538935438   0.044081736072173   0.041439904703466   0.036156241966052   0.030872579228638   0.025588916491224   0.022947085122517   
0.017069395173142   0.017995482391427   0.019588256672302   0.021904814476792   0.023852812215563   0.024940688082974   0.006567437594622   0.008022924635551   0.010933898717407   0.013844872799264   0.016755846881121   0.018211333922049   
1.000000000000000   0.999048674522936   0.998097349045873   0.998097349045873   0.999048674522936   1.000000000000000   1.000000000000000   1.000000000000000   1.000000000000000   1.000000000000000   1.000000000000000   1.000000000000000   
PATCH 8 
2 1 
13 2 
0.000000000000000   0.000000000000000   0.000000000000000   0.250000000000000   0.250000000000000   0.375000000000000   0.375000000000000   0.500000000000000   0.500000000000000   0.750000000000000   0.750000000000000   0.875000000000000   0.875000000000000   1.000000000000000   1.000000000000000   1.000000000000000   
0.000000000000000   0.000000000000000   1.000000000000000   1.000000000000000   
0.043198538935438   0.042283191337199   0.041460503396492   0.040950454399855   0.040510609011030   0.039909358320801   0.039291875303805   0.038518044715300   0.037664139259043   0.037097748958213   0.036621290297074   0.036055456707943   0.035559938130957   0.022947085122517   0.022443578140267   0.021940071158016   0.021771918811068   0.021756178588703   0.021740438366338   0.021877110268557   0.020968275299361   0.020059440330164   0.018894764380230   0.018851021772032   0.018807279163833   0.019884469897370   
0.024940688082974   0.026204325392649   0.027521047423290   0.028114244724174   0.028754018794503   0.029276327842456   0.029779439436867   0.031135662753451   0.032443601500498   0.032978599830183   0.033593197839812   0.034124431695549   0.034722308593806   0.018211333922049   0.018488735385429   0.018766136848810   0.018642846196881   0.018648344288654   0.018653842380427   0.018788129215901   0.018942773338190   0.019097417460478   0.018039386682923   0.018025450504290   0.018011514325657   0.019041672745947   
1.000000000000000   0.998051270896500   0.997076906344751   0.996589724068875   0.996346132930938   0.996102541793001   0.996102541793001   0.996102541793001   0.997076906344750   0.997564088620625   0.998294862034438   0.999025635448250   1.000000000000000   1.000000000000000   1.000000000000000   1.000000000000000   0.993001429682678   0.993001429682678   0.993001429682678   1.000000000000000   1.000000000000000   1.000000000000000   0.944194978390919   0.944194978390919   0.944194978390919   1.000000000000000   
PATCH 9 
2 2 
6 4 
0.000000000000000   0.000000000000000   0.000000000000000   0.250000000000000   0.500000000000000   0.750000000000000   1.000000000000000   1.000000000000000   1.000000000000000   
0.000000000000000   0.000000000000000   0.000000000000000   0.500000000000000   1.000000000000000   1.000000000000000   1.000000000000000   
0.021344287981216   0.023986119349923   0.029269782087337   0.034553444824751   0.039837107562165   0.042478938930872   0.021744987266541   0.024386818635248   0.029670481372662   0.034954144110076   0.040237806847490   0.042879638216197   0.022546385837192   0.025188217205899   0.030471879943313   0.035755542680727   0.041039205418141   0.043681036786848   0.022947085122517   0.025588916491224   0.030872579228638   0.036156241966052   0.041439904703466   0.044081736072173   
0.015302122334111   0.013846635293183   0.010935661211326   0.008024687129469   0.005113713047612   0.003658226006684   0.016029425231096   0.014573938190167   0.011662964108310   0.008751990026454   0.005841015944597   0.004385528903669   0.017484031025065   0.016028543984136   0.013117569902280   0.010206595820423   0.007295621738566   0.005840134697638   0.018211333922049   0.016755846881121   0.013844872799264   0.010933898717407   0.008022924635551   0.006567437594622   
1.000000000000000   1.000000000000000   1.000000000000000   1.000000000000000   1.000000000000000   1.000000000000000   1.000000000000000   1.000000000000000   1.000000000000000   1.000000000000000   1.000000000000000   1.000000000000000   1.000000000000000   1.000000000000000   1.000000000000000   1.000000000000000   1.000000000000000   1.000000000000000   1.000000000000000   1.000000000000000   1.000000000000000   1.000000000000000   1.000000000000000   1.000000000000000   
PATCH 10 
2 2 
13 4 
0.000000000000000   0.000000000000000   0.000000000000000   0.250000000000000   0.250000000000000   0.375000000000000   0.375000000000000   0.500000000000000   0.500000000000000   0.750000000000000   0.750000000000000   0.875000000000000   0.875000000000000   1.000000000000000   1.000000000000000   1.000000000000000   
0.000000000000000   0.000000000000000   0.000000000000000   0.500000000000000   1.000000000000000   1.000000000000000   1.000000000000000   
0.021344287981216   0.020839472696575   0.020334657411935   0.020205394753319   0.020191253425018   0.020177112096718   0.020278092098732   0.018983364891455   0.017688637684179   0.015082233905723   0.017537057617333   0.015023121406424   0.017587160980754   0.021744987266541   0.021240499057498   0.020736010848455   0.020597025767756   0.020582484715940   0.020567943664123   0.020677846641188   0.019479592493432   0.018281338345675   0.016035366524350   0.017865548656008   0.015969160845776   0.018161488209908   0.022546385837192   0.022042551779344   0.021538717721496   0.021380287796631   0.021364947297782   0.021349606798933   0.021477355726101   0.020472047697384   0.019466739668668   0.017941631761603   0.018522530733357   0.017861239724481   0.019310142668216   0.022947085122517   0.022443578140267   0.021940071158016   0.021771918811068   0.021756178588703   0.021740438366338   0.021877110268557   0.020968275299361   0.020059440330164   0.018894764380230   0.018851021772032   0.018807279163833   0.019884469897370   
0.015302122334111   0.015580244591860   0.015858366849609   0.015775120983572   0.015780320174898   0.015785519366223   0.015879163614912   0.016143067809513   0.016406972004115   0.014103180312052   0.016545337944107   0.014299718762340   0.016744363829331   0.016029425231096   0.016307367290253   0.016585309349409   0.016492052286899   0.016497326203337   0.016502600119774   0.016606405015159   0.016842994191682   0.017079583368206   0.015087231904769   0.016915366084153   0.015227667653169   0.017318691058485   0.017484031025065   0.017761612687037   0.018039194349009   0.017925914893554   0.017931338260215   0.017936761626876   0.018060887815654   0.018242846956021   0.018424806096387   0.017055335090205   0.017655422364244   0.017083565434828   0.018467345516793   0.018211333922049   0.018488735385429   0.018766136848810   0.018642846196881   0.018648344288654   0.018653842380427   0.018788129215901   0.018942773338190   0.019097417460478   0.018039386682923   0.018025450504290   0.018011514325657   0.019041672745947   
1.000000000000000   1.000000000000000   1.000000000000000   0.994292202129744   0.994292202129744   0.994292202129744   1.000000000000000   1.000000000000000   1.000000000000000   0.858335416609233   1.000000000000000   0.858335416609233   1.000000000000000   1.000000000000000   1.000000000000000   1.000000000000000   0.993969509017977   0.993969509017977   0.993969509017977   1.000000000000000   1.000000000000000   1.000000000000000   0.879800307054655   0.986048744597730   0.879800307054655   1.000000000000000   1.000000000000000   1.000000000000000   1.000000000000000   0.993324122794444   0.993324122794444   0.993324122794444   1.000000000000000   1.000000000000000   1.000000000000000   0.922730087945497   0.958146233793189   0.922730087945497   1.000000000000000   1.000000000000000   1.000000000000000   1.000000000000000   0.993001429682678   0.993001429682678   0.993001429682678   1.000000000000000   1.000000000000000   1.000000000000000   0.944194978390919   0.944194978390919   0.944194978390919   1.000000000000000   
PATCH 11 
2 1 
13 2 
0.000000000000000   0.000000000000000   0.000000000000000   0.250000000000000   0.250000000000000   0.375000000000000   0.375000000000000   0.500000000000000   0.500000000000000   0.750000000000000   0.750000000000000   0.875000000000000   0.875000000000000   1.000000000000000   1.000000000000000   1.000000000000000   
0.000000000000000   0.000000000000000   1.000000000000000   1.000000000000000   
0.043198538935438   0.042283191337199   0.041460503396492   0.040950454399855   0.040510609011030   0.039909358320801   0.039291875303805   0.038518044715300   0.037664139259043   0.037097748958213   0.036621290297074   0.036055456707943   0.035559938130957   0.043734282891114   0.043142506727484   0.042531053738569   0.042225327244111   0.041914681543332   0.041604035842553   0.041288470935453   0.040657341121252   0.040006534481766   0.039681131162023   0.039350808635958   0.039020486109894   0.038685244377508   
0.024940688082974   0.026204325392649   0.027521047423290   0.028114244724174   0.028754018794503   0.029276327842456   0.029779439436867   0.031135662753451   0.032443601500498   0.032978599830183   0.033593197839812   0.034124431695549   0.034722308593806   0.025250000000000   0.026178902508932   0.027094027156471   0.027551589480241   0.028005707338662   0.028459825197083   0.028910498590156   0.029811845376303   0.030699414301056   0.031143198763433   0.031583538760461   0.032023878757490   0.032460774289170   
1.000000000000000   0.998051270896500   0.997076906344751   0.996589724068875   0.996346132930938   0.996102541793001   0.996102541793001   0.996102541793001   0.997076906344750   0.997564088620625   0.998294862034438   0.999025635448250   1.000000000000000   1.000000000000000   0.999048674522937   0.998573011784405   0.998335180415139   0.998216264730506   0.998097349045873   0.998097349045873   0.998097349045873   0.998573011784405   0.998810843153671   0.999167590207569   0.999524337261468   1.000000000000000   
PATCH 12 
2 1 
6 2 
0.000000000000000   0.000000000000000   0.000000000000000   0.250000000000000   0.500000000000000   0.750000000000000   1.000000000000000   1.000000000000000   1.000000000000000   
0.000000000000000   0.000000000000000   1.000000000000000   1.000000000000000   
0.021344287981216   0.023986119349923   0.029269782087337   0.034553444824751   0.039837107562165   0.042478938930872   0.014550000000000   0.018041117366359   0.025023352099077   0.032005586831795   0.038987821564513   0.042478938930872   
0.015302122334111   0.013846635293183   0.010935661211326   0.008024687129469   0.005113713047612   0.003658226006684   0.000000000000000   0.000000000000000   0.000000000000000   0.000000000000000   0.000000000000000   0.000000000000000   
1.000000000000000   1.000000000000000   1.000000000000000   1.000000000000000   1.000000000000000   1.000000000000000   1.000000000000000   1.000000000000000   1.000000000000000   1.000000000000000   1.000000000000000   1.000000000000000   
PATCH 13 
2 1 
13 2 
0.000000000000000   0.000000000000000   0.000000000000000   0.250000000000000   0.250000000000000   0.375000000000000   0.375000000000000   0.500000000000000   0.500000000000000   0.750000000000000   0.750000000000000   0.875000000000000   0.875000000000000   1.000000000000000   1.000000000000000   1.000000000000000   
0.000000000000000   0.000000000000000   1.000000000000000   1.000000000000000   
0.042478938930872   0.043137134335982   0.043795329741091   0.042694883513889   0.042726049083768   0.042757214653648   0.043919992020610   0.045913175352173   0.047906358683735   0.040881505630564   0.048067769494049   0.040948438749365   0.048020304752926   0.042478938930872   0.043419071564513   0.044359204198154   0.044829270514975   0.045299336831795   0.045769403148616   0.046239469465436   0.047179602099077   0.048119734732718   0.048589801049539   0.049059867366359   0.049529933683180   0.050000000000000   
0.003658226006684   0.003295600710504   0.002932975414324   0.002842130822394   0.002836422072070   0.002830713321746   0.002910140413029   0.003193525540106   0.003476910667182   0.002974299503675   0.003611155572954   0.003173284684077   0.003815660445176   0.000000000000000   0.000000000000000   0.000000000000000   0.000000000000000   0.000000000000000   0.000000000000000   0.000000000000000   0.000000000000000   0.000000000000000   0.000000000000000   0.000000000000000   0.000000000000000   0.000000000000000   
1.000000000000000   1.000000000000000   1.000000000000000   0.974239323122023   0.974239323122023   0.974239323122023   1.000000000000000   1.000000000000000   1.000000000000000   0.851193484129304   1.000000000000000   0.851193484129304   1.000000000000000   1.000000000000000   1.000000000000000   1.000000000000000   1.000000000000000   1.000000000000000   1.000000000000000   1.000000000000000   1.000000000000000   1.000000000000000   1.000000000000000   1.000000000000000   1.000000000000000   1.000000000000000   
PATCH 14 
2 1 
13 2 
0.000000000000000   0.000000000000000   0.000000000000000   0.250000000000000   0.250000000000000   0.375000000000000   0.375000000000000   0.500000000000000   0.500000000000000   0.750000000000000   0.750000000000000   0.875000000000000   0.875000000000000   1.000000000000000   1.000000000000000   1.000000000000000   
0.000000000000000   0.000000000000000   1.000000000000000   1.000000000000000   
0.014550000000000   0.014281347342581   0.013888289215605   0.013691760152118   0.013464129721241   0.013236499290364   0.012977767492098   0.012460303895566   0.011818434829477   0.011497500296433   0.011145464395999   0.010793428495566   0.010410291227743   0.021344287981216   0.020839472696575   0.020334657411935   0.020205394753319   0.020191253425018   0.020177112096718   0.020278092098732   0.018983364891455   0.017688637684179   0.015082233905723   0.017537057617333   0.015023121406424   0.017587160980754   
0.000000000000000   0.001371959850865   0.002693255693509   0.003353903614831   0.004001885534098   0.004649867453365   0.005285183370576   0.006555815204999   0.007775783031202   0.008385766944303   0.008983084855349   0.009580402766395   0.010165054675385   0.015302122334111   0.015580244591860   0.015858366849609   0.015775120983572   0.015780320174898   0.015785519366223   0.015879163614912   0.016143067809513   0.016406972004115   0.014103180312052   0.016545337944107   0.014299718762340   0.016744363829331   
1.000000000000000   0.981535899833740   0.972303849750610   0.967687824709045   0.965379812188262   0.963071799667480   0.963071799667480   0.963071799667480   0.972303849750610   0.976919874792175   0.983843912354522   0.990767949916870   1.000000000000000   1.000000000000000   1.000000000000000   1.000000000000000   0.994292202129744   0.994292202129744   0.994292202129744   1.000000000000000   1.000000000000000   1.000000000000000   0.858335416609233   1.000000000000000   0.858335416609233   1.000000000000000   
PATCH 15 
2 1 
4 2 
0.000000000000000   0.000000000000000   0.000000000000000   0.500000000000000   1.000000000000000   1.000000000000000   1.000000000000000   
0.000000000000000   0.000000000000000   1.000000000000000   1.000000000000000   
0.035559938130957   0.035339988870920   0.034921315489830   0.034722308593806   0.019884469897370   0.019673770609515   0.019252372033803   0.019041672745947   
0.034722308593806   0.034921315489830   0.035339988870920   0.035559938130957   0.019041672745947   0.019252372033803   0.019673770609515   0.019884469897370   
1.000000000000000   0.999964488431650   0.999964488431650   1.000000000000000   1.000000000000000   1.000000000000000   1.000000000000000   1.000000000000000   
PATCH 16 
2 2 
4 4 
0.000000000000000   0.000000000000000   0.000000000000000   0.500000000000000   1.000000000000000   1.000000000000000   1.000000000000000   
0.000000000000000   0.000000000000000   0.000000000000000   0.500000000000000   1.000000000000000   1.000000000000000   1.000000000000000   
0.017587160980754   0.018161488209908   0.019310142668216   0.019884469897370   0.017376461692898   0.017950788922052   0.019099443380361   0.019673770609515   0.016955063117186   0.017529390346341   0.018678044804649   0.019252372033803   0.016744363829331   0.017318691058485   0.018467345516793   0.019041672745947   
0.016744363829331   0.017318691058485   0.018467345516793   0.019041672745947   0.016955063117186   0.017529390346341   0.018678044804649   0.019252372033803   0.017376461692898   0.017950788922052   0.019099443380360   0.019673770609515   0.017587160980754   0.018161488209908   0.019310142668216   0.019884469897370   
1.000000000000000   1.000000000000000   1.000000000000000   1.000000000000000   1.000000000000000   1.000000000000000   1.000000000000000   1.000000000000000   1.000000000000000   1.000000000000000   1.000000000000000   1.000000000000000   1.000000000000000   1.000000000000000   1.000000000000000   1.000000000000000   
PATCH 17 
2 1 
4 2 
0.000000000000000   0.000000000000000   0.000000000000000   0.500000000000000   1.000000000000000   1.000000000000000   1.000000000000000   
0.000000000000000   0.000000000000000   1.000000000000000   1.000000000000000   
0.017587160980754   0.017376461692898   0.016955063117186   0.016744363829331   0.010410291227743   0.010349347447004   0.010226729170825   0.010165054675385   
0.016744363829331   0.016955063117186   0.017376461692898   0.017587160980754   0.010165054675385   0.010226729170825   0.010349347447004   0.010410291227743   
1.000000000000000   1.000000000000000   1.000000000000000   1.000000000000000   1.000000000000000   0.999964488431650   0.999964488431650   1.000000000000000   
PATCH 18 
2 1 
4 2 
0.000000000000000   0.000000000000000   0.000000000000000   0.500000000000000   1.000000000000000   1.000000000000000   1.000000000000000   
0.000000000000000   0.000000000000000   1.000000000000000   1.000000000000000   
0.035559938130957   0.035339988870920   0.034921315489830   0.034722308593806   0.038685244377508   0.037197068413715   0.034084833369545   0.032460774289170   
0.034722308593806   0.034921315489830   0.035339988870920   0.035559938130957   0.032460774289170   0.034084833369545   0.037197068413715   0.038685244377508   
1.000000000000000   0.999964488431650   0.999964488431650   1.000000000000000   1.000000000000000   0.998097349045873   0.998097349045873   1.000000000000000   
PATCH 19 
2 1 
4 2 
0.000000000000000   0.000000000000000   0.000000000000000   0.500000000000000   1.000000000000000   1.000000000000000   1.000000000000000   
0.000000000000000   0.000000000000000   1.000000000000000   1.000000000000000   
0.000000000000000   0.002178893568691   0.006520098010365   0.008682408883347   0.000000000000000   0.002200682504378   0.006585298990468   0.008769232972180   
0.050000000000000   0.049904867452294   0.049525061277599   0.049240387650610   0.050500000000000   0.050403916126817   0.050020311890375   0.049732791527117   
1.000000000000000   0.998097349045873   0.998097349045873   1.000000000000000   1.000000000000000   0.998097349045873   0.998097349045873   1.000000000000000   
PATCH 20 
2 1 
4 2 
0.000000000000000   0.000000000000000   0.000000000000000   0.500000000000000   1.000000000000000   1.000000000000000   1.000000000000000   
0.000000000000000   0.000000000000000   1.000000000000000   1.000000000000000   
0.003815660445176   0.004293873869587   0.005250300718408   0.005728514142819   0.000000000000000   0.002178893568691   0.006520098010365   0.008682408883347   
0.048020304752926   0.047546659175766   0.046599368021444   0.046125722444284   0.050000000000000   0.049904867452294   0.049525061277599   0.049240387650610   
1.000000000000000   1.000000000000000   1.000000000000000   1.000000000000000   1.000000000000000   0.998097349045873   0.998097349045873   1.000000000000000   
PATCH 21 
2 1 
13 2 
0.000000000000000   0.000000000000000   0.000000000000000   0.125000000000000   0.125000000000000   0.250000000000000   0.250000000000000   0.500000000000000   0.500000000000000   0.625000000000000   0.625000000000000   0.750000000000000   0.750000000000000   1.000000000000000   1.000000000000000   1.000000000000000   
0.000000000000000   0.000000000000000   1.000000000000000   1.000000000000000   
0.005728514142819   0.005660558480304   0.005673120760177   0.005685683040050   0.005778763262313   0.005964563645033   0.006150364027753   0.006137647867347   0.006141601989557   0.006145556111767   0.006166180516593   0.006366809055608   0.006567437594622   0.008682408883347   0.009214726804819   0.009629099915252   0.010176193460875   0.010642643947864   0.011749557537371   0.012853179173325   0.013334421720955   0.013890620829685   0.014418474499312   0.014987401582416   0.016028609060006   0.017069395173142   
0.046125722444284   0.045423059441581   0.045402373027995   0.045381686614409   0.046042976789940   0.045445092718712   0.044847208647484   0.044722997097224   0.044713707787808   0.044704418478392   0.044810051409820   0.044445893740996   0.044081736072173   0.049240387650610   0.049122375608591   0.048413352667034   0.048398822025682   0.048010585357128   0.048018639233768   0.047968717713634   0.047677010094887   0.047654257066977   0.047528451754288   0.047530521357439   0.047217148061492   0.046897777801957   
1.000000000000000   0.985135584587832   0.985135584587832   0.985135584587832   1.000000000000000   1.000000000000000   1.000000000000000   0.997445314786547   0.997445314786547   0.997445314786547   1.000000000000000   1.000000000000000   1.000000000000000   1.000000000000000   0.999524337261468   0.999167590207569   0.998810843153671   0.998573011784405   0.998097349045873   0.998097349045873   0.998097349045873   0.998216264730506   0.998335180415139   0.998573011784404   0.999048674522936   1.000000000000000   
PATCH 22 
2 2 
13 4 
0.000000000000000   0.000000000000000   0.000000000000000   0.250000000000000   0.250000000000000   0.375000000000000   0.375000000000000   0.500000000000000   0.500000000000000   0.750000000000000   0.750000000000000   0.875000000000000   0.875000000000000   1.000000000000000   1.000000000000000   1.000000000000000   
0.000000000000000   0.000000000000000   0.000000000000000   0.500000000000000   1.000000000000000   1.000000000000000   1.000000000000000   
0.003658226006684   0.003295600710504   0.002932975414324   0.002842130822394   0.002836422072070   0.002830713321746   0.002910140413029   0.003193525540106   0.003476910667182   0.002974299503675   0.003611155572954   0.003173284684077   0.003815660445176   0.004385528903669   0.004063402796780   0.003741276689891   0.003667987144737   0.003662717051442   0.003657446958146   0.003720196316710   0.003886285066337   0.004052373815965   0.003652145387769   0.004126646869760   0.003795103133134   0.004293873869587   0.005840134697638   0.005599006969332   0.005357879241026   0.005319699789423   0.005315307010185   0.005310914230947   0.005340308124072   0.005271804118801   0.005203300113530   0.005007837155957   0.005157629463371   0.005038740031247   0.005250300718408   0.006567437594622   0.006366809055608   0.006166180516593   0.006145556111767   0.006141601989557   0.006137647867347   0.006150364027753   0.005964563645033   0.005778763262313   0.005685683040050   0.005673120760177   0.005660558480304   0.005728514142819   
0.042478938930872   0.043137134335982   0.043795329741091   0.042694883513889   0.042726049083768   0.042757214653648   0.043919992020610   0.045913175352173   0.047906358683735   0.040881505630564   0.048067769494049   0.040948438749365   0.048020304752926   0.042879638216197   0.043464324187235   0.044049010158273   0.043197267255015   0.043222963759778   0.043248660264542   0.044151796177328   0.045796154693807   0.047440513210286   0.042006550876525   0.047401420377536   0.042067093922419   0.047546659175766   0.043681036786848   0.044118703889743   0.044556370992637   0.044202034737267   0.044216793111798   0.044231551486330   0.044615404490765   0.045562113377077   0.046508822263389   0.044256641368448   0.046068722144508   0.044304404268527   0.046599368021444   0.044081736072173   0.044445893740996   0.044810051409820   0.044704418478392   0.044713707787808   0.044722997097224   0.044847208647484   0.045445092718712   0.046042976789940   0.045381686614409   0.045402373027995   0.045423059441581   0.046125722444284   
1.000000000000000   1.000000000000000   1.000000000000000   0.974239323122023   0.974239323122023   0.974239323122023   1.000000000000000   1.000000000000000   1.000000000000000   0.851193484129304   1.000000000000000   0.851193484129304   1.000000000000000   1.000000000000000   1.000000000000000   1.000000000000000   0.980040821038154   0.980040821038154   0.980040821038154   1.000000000000000   1.000000000000000   1.000000000000000   0.884679009243936   0.996283896146958   0.884679009243936   1.000000000000000   1.000000000000000   1.000000000000000   1.000000000000000   0.991643816870416   0.991643816870416   0.991643816870416   1.000000000000000   1.000000000000000   1.000000000000000   0.951650059473200   0.988851688440874   0.951650059473200   1.000000000000000   1.000000000000000   1.000000000000000   1.000000000000000   0.997445314786547   0.997445314786547   0.997445314786547   1.000000000000000   1.000000000000000   1.000000000000000   0.985135584587832   0.985135584587832   0.985135584587832   1.000000000000000   
PATCH 23 
2 1 
13 2 
0.000000000000000   0.000000000000000   0.000000000000000   0.125000000000000   0.125000000000000   0.250000000000000   0.250000000000000   0.500000000000000   0.500000000000000   0.625000000000000   0.625000000000000   0.750000000000000   0.750000000000000   1.000000000000000   1.000000000000000   1.000000000000000   
0.000000000000000   0.000000000000000   1.000000000000000   1.000000000000000   
0.008682408883347   0.009214726804819   0.009629099915252   0.010176193460875   0.010642643947864   0.011749557537371   0.012853179173325   0.013334421720955   0.013890620829685   0.014418474499312   0.014987401582416   0.016028609060006   0.017069395173142   0.008769232972180   0.009306874072867   0.009842960902535   0.010379047732203   0.010913580290852   0.011982645408149   0.013045493441370   0.013576917457981   0.014106787203572   0.014636656949163   0.015164972423735   0.016221603372879   0.017272017237946   
0.049240387650610   0.049122375608591   0.048413352667034   0.048398822025682   0.048010585357128   0.048018639233768   0.047968717713634   0.047677010094887   0.047654257066977   0.047528451754288   0.047530521357439   0.047217148061492   0.046897777801957   0.049732791527117   0.049613599364677   0.049488606583825   0.049363613802972   0.049232820403708   0.048971233605179   0.048686444333000   0.048544049696911   0.048395854442409   0.048247659187908   0.048093663314994   0.047785671569166   0.047454477349688   
1.000000000000000   0.999524337261468   0.999167590207569   0.998810843153671   0.998573011784405   0.998097349045873   0.998097349045873   0.998097349045873   0.998216264730506   0.998335180415139   0.998573011784404   0.999048674522936   1.000000000000000   1.000000000000000   0.999524337261468   0.999167590207569   0.998810843153671   0.998573011784405   0.998097349045873   0.998097349045873   0.998097349045873   0.998216264730506   0.998335180415139   0.998573011784404   0.999048674522936   1.000000000000000   
PATCH 24 
2 1 
6 2 
0.000000000000000   0.000000000000000   0.000000000000000   0.250000000000000   0.500000000000000   0.750000000000000   1.000000000000000   1.000000000000000   1.000000000000000   
0.000000000000000   0.000000000000000   1.000000000000000   1.000000000000000   
0.017069395173142   0.017995482391427   0.019588256672302   0.021904814476792   0.023852812215563   0.024940688082974   0.017272017237946   0.018289568482936   0.020304367573183   0.022298863263696   0.024273055554476   0.025250000000000   
0.046897777801957   0.046276729435055   0.044518954300978   0.044417406407686   0.043476864392800   0.043198538935438   0.047454477349688   0.047032993823604   0.046146485990198   0.045216437375554   0.044242847979673   0.043734282891114   
1.000000000000000   0.999048674522936   0.998097349045873   0.998097349045873   0.999048674522936   1.000000000000000   1.000000000000000   0.999048674522936   0.998097349045873   0.998097349045873   0.999048674522936   1.000000000000000   
PATCH 25 
2 1 
6 2 
0.000000000000000   0.000000000000000   0.000000000000000   0.250000000000000   0.500000000000000   0.750000000000000   1.000000000000000   1.000000000000000   1.000000000000000   
0.000000000000000   0.000000000000000   1.000000000000000   1.000000000000000   
0.017069395173142   0.017995482391427   0.019588256672302   0.021904814476792   0.023852812215563   0.024940688082974   0.006567437594622   0.008022924635551   0.010933898717407   0.013844872799264   0.016755846881121   0.018211333922049   
0.046897777801957   0.046276729435055   0.044518954300978   0.044417406407686   0.043476864392800   0.043198538935438   0.044081736072173   0.041439904703466   0.036156241966052   0.030872579228638   0.025588916491224   0.022947085122517   
1.000000000000000   0.999048674522936   0.998097349045873   0.998097349045873   0.999048674522936   1.000000000000000   1.000000000000000   1.000000000000000   1.000000000000000   1.000000000000000   1.000000000000000   1.000000000000000   
PATCH 26 
2 1 
13 2 
0.000000000000000   0.000000000000000   0.000000000000000   0.250000000000000   0.250000000000000   0.375000000000000   0.375000000000000   0.500000000000000   0.500000000000000   0.750000000000000   0.750000000000000   0.875000000000000   0.875000000000000   1.000000000000000   1.000000000000000   1.000000000000000   
0.000000000000000   0.000000000000000   1.000000000000000   1.000000000000000   
0.024940688082974   0.026204325392649   0.027521047423290   0.028114244724174   0.028754018794503   0.029276327842456   0.029779439436867   0.031135662753451   0.032443601500498   0.032978599830183   0.033593197839812   0.034124431695549   0.034722308593806   0.018211333922049   0.018488735385429   0.018766136848810   0.018642846196881   0.018648344288654   0.018653842380427   0.018788129215901   0.018942773338190   0.019097417460478   0.018039386682923   0.018025450504290   0.018011514325657   0.019041672745947   
0.043198538935438   0.042283191337199   0.041460503396492   0.040950454399855   0.040510609011030   0.039909358320801   0.039291875303805   0.038518044715300   0.037664139259043   0.037097748958213   0.036621290297074   0.036055456707943   0.035559938130957   0.022947085122517   0.022443578140267   0.021940071158016   0.021771918811068   0.021756178588703   0.021740438366338   0.021877110268557   0.020968275299361   0.020059440330164   0.018894764380230   0.018851021772032   0.018807279163833   0.019884469897370   
1.000000000000000   0.998051270896500   0.997076906344751   0.996589724068875   0.996346132930938   0.996102541793001   0.996102541793001   0.996102541793001   0.997076906344750   0.997564088620625   0.998294862034438   0.999025635448250   1.000000000000000   1.000000000000000   1.000000000000000   1.000000000000000   0.993001429682678   0.993001429682678   0.993001429682678   1.000000000000000   1.000000000000000   1.000000000000000   0.944194978390919   0.944194978390919   0.944194978390919   1.000000000000000   
PATCH 27 
2 2 
6 4 
0.000000000000000   0.000000000000000   0.000000000000000   0.250000000000000   0.500000000000000   0.750000000000000   1.000000000000000   1.000000000000000   1.000000000000000   
0.000000000000000   0.000000000000000   0.000000000000000   0.500000000000000   1.000000000000000   1.000000000000000   1.000000000000000   
0.015302122334111   0.013846635293183   0.010935661211326   0.008024687129469   0.005113713047612   0.003658226006684   0.016029425231096   0.014573938190167   0.011662964108310   0.008751990026454   0.005841015944597   0.004385528903669   0.017484031025065   0.016028543984136   0.013117569902280   0.010206595820423   0.007295621738566   0.005840134697638   0.018211333922049   0.016755846881121   0.013844872799264   0.010933898717407   0.008022924635551   0.006567437594622   
0.021344287981216   0.023986119349923   0.029269782087337   0.034553444824751   0.039837107562165   0.042478938930872   0.021744987266541   0.024386818635248   0.029670481372662   0.034954144110076   0.040237806847490   0.042879638216197   0.022546385837192   0.025188217205899   0.030471879943313   0.035755542680727   0.041039205418141   0.043681036786848   0.022947085122517   0.025588916491224   0.030872579228638   0.036156241966052   0.041439904703466   0.044081736072173   
1.000000000000000   1.000000000000000   1.000000000000000   1.000000000000000   1.000000000000000   1.000000000000000   1.000000000000000   1.000000000000000   1.000000000000000   1.000000000000000   1.000000000000000   1.000000000000000   1.000000000000000   1.000000000000000   1.000000000000000   1.000000000000000   1.000000000000000   1.000000000000000   1.000000000000000   1.000000000000000   1.000000000000000   1.000000000000000   1.000000000000000   1.000000000000000   
PATCH 28 
2 2 
13 4 
0.000000000000000   0.000000000000000   0.000000000000000   0.250000000000000   0.250000000000000   0.375000000000000   0.375000000000000   0.500000000000000   0.500000000000000   0.750000000000000   0.750000000000000   0.875000000000000   0.875000000000000   1.000000000000000   1.000000000000000   1.000000000000000   
0.000000000000000   0.000000000000000   0.000000000000000   0.500000000000000   1.000000000000000   1.000000000000000   1.000000000000000   
0.015302122334111   0.015580244591860   0.015858366849609   0.015775120983572   0.015780320174898   0.015785519366223   0.015879163614912   0.016143067809513   0.016406972004115   0.014103180312052   0.016545337944107   0.014299718762340   0.016744363829331   0.016029425231096   0.016307367290253   0.016585309349409   0.016492052286899   0.016497326203337   0.016502600119774   0.016606405015159   0.016842994191682   0.017079583368206   0.015087231904769   0.016915366084153   0.015227667653169   0.017318691058485   0.017484031025065   0.017761612687037   0.018039194349009   0.017925914893554   0.017931338260215   0.017936761626876   0.018060887815654   0.018242846956021   0.018424806096387   0.017055335090205   0.017655422364244   0.017083565434828   0.018467345516793   0.018211333922049   0.018488735385429   0.018766136848810   0.018642846196881   0.018648344288654   0.018653842380427   0.018788129215901   0.018942773338190   0.019097417460478   0.018039386682923   0.018025450504290   0.018011514325657   0.019041672745947   
0.021344287981216   0.020839472696575   0.020334657411935   0.020205394753319   0.020191253425018   0.020177112096718   0.020278092098732   0.018983364891455   0.017688637684179   0.015082233905723   0.017537057617333   0.015023121406424   0.017587160980754   0.021744987266541   0.021240499057498   0.020736010848455   0.020597025767756   0.020582484715940   0.020567943664123   0.020677846641188   0.019479592493432   0.018281338345675   0.016035366524350   0.017865548656008   0.015969160845776   0.018161488209908   0.022546385837192   0.022042551779344   0.021538717721496   0.021380287796631   0.021364947297782   0.021349606798933   0.021477355726101   0.020472047697384   0.019466739668668   0.017941631761603   0.018522530733357   0.017861239724481   0.019310142668216   0.022947085122517   0.022443578140267   0.021940071158016   0.021771918811068   0.021756178588703   0.021740438366338   0.021877110268557   0.020968275299361   0.020059440330164   0.018894764380230   0.018851021772032   0.018807279163833   0.019884469897370   
1.000000000000000   1.000000000000000   1.000000000000000   0.994292202129744   0.994292202129744   0.994292202129744   1.000000000000000   1.000000000000000   1.000000000000000   0.858335416609233   1.000000000000000   0.858335416609233   1.000000000000000   1.000000000000000   1.000000000000000   1.000000000000000   0.993969509017977   0.993969509017977   0.993969509017977   1.000000000000000   1.000000000000000   1.000000000000000   0.879800307054655   0.986048744597730   0.879800307054655   1.000000000000000   1.000000000000000   1.000000000000000   1.000000000000000   0.993324122794444   0.993324122794444   0.993324122794444   1.000000000000000   1.000000000000000   1.000000000000000   0.922730087945497   0.958146233793189   0.922730087945497   1.000000000000000   1.000000000000000   1.000000000000000   1.000000000000000   0.993001429682678   0.993001429682678   0.993001429682678   1.000000000000000   1.000000000000000   1.000000000000000   0.944194978390919   0.944194978390919   0.944194978390919   1.000000000000000   
PATCH 29 
2 1 
13 2 
0.000000000000000   0.000000000000000   0.000000000000000   0.250000000000000   0.250000000000000   0.375000000000000   0.375000000000000   0.500000000000000   0.500000000000000   0.750000000000000   0.750000000000000   0.875000000000000   0.875000000000000   1.000000000000000   1.000000000000000   1.000000000000000   
0.000000000000000   0.000000000000000   1.000000000000000   1.000000000000000   
0.024940688082974   0.026204325392649   0.027521047423290   0.028114244724174   0.028754018794503   0.029276327842456   0.029779439436867   0.031135662753451   0.032443601500498   0.032978599830183   0.033593197839812   0.034124431695549   0.034722308593806   0.025250000000000   0.026178902508932   0.027094027156471   0.027551589480241   0.028005707338662   0.028459825197083   0.028910498590156   0.029811845376303   0.030699414301056   0.031143198763433   0.031583538760461   0.032023878757490   0.032460774289170   
0.043198538935438   0.042283191337199   0.041460503396492   0.040950454399855   0.040510609011030   0.039909358320801   0.039291875303805   0.038518044715300   0.037664139259043   0.037097748958213   0.036621290297074   0.036055456707943   0.035559938130957   0.043734282891114   0.043142506727484   0.042531053738569   0.042225327244111   0.041914681543332   0.041604035842553   0.041288470935453   0.040657341121252   0.040006534481766   0.039681131162023   0.039350808635958   0.039020486109894   0.038685244377508   
1.000000000000000   0.998051270896500   0.997076906344751   0.996589724068875   0.996346132930938   0.996102541793001   0.996102541793001   0.996102541793001   0.997076906344750   0.997564088620625   0.998294862034438   0.999025635448250   1.000000000000000   1.000000000000000   0.999048674522937   0.998573011784405   0.998335180415139   0.998216264730506   0.998097349045873   0.998097349045873   0.998097349045873   0.998573011784405   0.998810843153671   0.999167590207569   0.999524337261468   1.000000000000000   
PATCH 30 
2 1 
6 2 
0.000000000000000   0.000000000000000   0.000000000000000   0.250000000000000   0.500000000000000   0.750000000000000   1.000000000000000   1.000000000000000   1.000000000000000   
0.000000000000000   0.000000000000000   1.000000000000000   1.000000000000000   
0.015302122334111   0.013846635293183   0.010935661211326   0.008024687129469   0.005113713047612   0.003658226006684   0.000000000000000   0.000000000000000   0.000000000000000   0.000000000000000   0.000000000000000   0.000000000000000   
0.021344287981216   0.023986119349923   0.029269782087337   0.034553444824751   0.039837107562165   0.042478938930872   0.014550000000000   0.018041117366359   0.025023352099077   0.032005586831795   0.038987821564513   0.042478938930872   
1.000000000000000   1.000000000000000   1.000000000000000   1.000000000000000   1.000000000000000   1.000000000000000   1.000000000000000   1.000000000000000   1.000000000000000   1.000000000000000   1.000000000000000   1.000000000000000   
PATCH 31 
2 1 
13 2 
0.000000000000000   0.000000000000000   0.000000000000000   0.250000000000000   0.250000000000000   0.375000000000000   0.375000000000000   0.500000000000000   0.500000000000000   0.750000000000000   0.750000000000000   0.875000000000000   0.875000000000000   1.000000000000000   1.000000000000000   1.000000000000000   
0.000000000000000   0.000000000000000   1.000000000000000   1.000000000000000   
0.003658226006684   0.003295600710504   0.002932975414324   0.002842130822394   0.002836422072070   0.002830713321746   0.002910140413029   0.003193525540106   0.003476910667182   0.002974299503675   0.003611155572954   0.003173284684077   0.003815660445176   0.000000000000000   0.000000000000000   0.000000000000000   0.000000000000000   0.000000000000000   0.000000000000000   0.000000000000000   0.000000000000000   0.000000000000000   0.000000000000000   0.000000000000000   0.000000000000000   0.000000000000000   
0.042478938930872   0.043137134335982   0.043795329741091   0.042694883513889   0.042726049083768   0.042757214653648   0.043919992020610   0.045913175352173   0.047906358683735   0.040881505630564   0.048067769494049   0.040948438749365   0.048020304752926   0.042478938930872   0.043419071564513   0.044359204198154   0.044829270514975   0.045299336831795   0.045769403148616   0.046239469465436   0.047179602099077   0.048119734732718   0.048589801049539   0.049059867366359   0.049529933683180   0.050000000000000   
1.000000000000000   1.000000000000000   1.000000000000000   0.974239323122023   0.974239323122023   0.974239323122023   1.000000000000000   1.000000000000000   1.000000000000000   0.851193484129304   1.000000000000000   0.851193484129304   1.000000000000000   1.000000000000000   1.000000000000000   1.000000000000000   1.000000000000000   1.000000000000000   1.000000000000000   1.000000000000000   1.000000000000000   1.000000000000000   1.000000000000000   1.000000000000000   1.000000000000000   1.000000000000000   
PATCH 32 
2 1 
13 2 
0.000000000000000   0.000000000000000   0.000000000000000   0.250000000000000   0.250000000000000   0.375000000000000   0.375000000000000   0.500000000000000   0.500000000000000   0.750000000000000   0.750000000000000   0.875000000000000   0.875000000000000   1.000000000000000   1.000000000000000   1.000000000000000   
0.000000000000000   0.000000000000000   1.000000000000000   1.000000000000000   
0.000000000000000   0.001371959850865   0.002693255693509   0.003353903614831   0.004001885534098   0.004649867453365   0.005285183370576   0.006555815204999   0.007775783031202   0.008385766944303   0.008983084855349   0.009580402766395   0.010165054675385   0.015302122334111   0.015580244591860   0.015858366849609   0.015775120983572   0.015780320174898   0.015785519366223   0.015879163614912   0.016143067809513   0.016406972004115   0.014103180312052   0.016545337944107   0.014299718762340   0.016744363829331   
0.014550000000000   0.014281347342581   0.013888289215605   0.013691760152118   0.013464129721241   0.013236499290364   0.012977767492098   0.012460303895566   0.011818434829477   0.011497500296433   0.011145464395999   0.010793428495566   0.010410291227743   0.021344287981216   0.020839472696575   0.020334657411935   0.020205394753319   0.020191253425018   0.020177112096718   0.020278092098732   0.018983364891455   0.017688637684179   0.015082233905723   0.017537057617333   0.015023121406424   0.017587160980754   
1.000000000000000   0.981535899833740   0.972303849750610   0.967687824709045   0.965379812188262   0.963071799667480   0.963071799667480   0.963071799667480   0.972303849750610   0.976919874792175   0.983843912354522   0.990767949916870   1.000000000000000   1.000000000000000   1.000000000000000   1.000000000000000   0.994292202129744   0.994292202129744   0.994292202129744   1.000000000000000   1.000000000000000   1.000000000000000   0.858335416609233   1.000000000000000   0.858335416609233   1.000000000000000   
INTERFACE 1 
1 2 
5 1 
1 
INTERFACE 2 
1 3 
2 4 
1 
INTERFACE 3 
2 1 
13 2 
1 
INTERFACE 4 
2 2 
3 1 
1 
INTERFACE 5 
2 3 
4 2 
1 
INTERFACE 6 
3 2 
7 1 
-1 
INTERFACE 7 
3 3 
4 4 
-1 
INTERFACE 8 
3 4 
5 3 
1 
INTERFACE 9 
4 1 
9 2 
1 
INTERFACE 10 
4 3 
13 3 
1 
INTERFACE 11 
5 2 
6 1 
1 
INTERFACE 12 
6 2 
11 1 
1 
INTERFACE 13 
6 3 
7 3 
1 
INTERFACE 14 
7 2 
8 1 
1 
INTERFACE 15 
7 4 
9 4 
-1 
INTERFACE 16 
8 2 
15 1 
1 
INTERFACE 17 
8 3 
11 3 
1 
INTERFACE 18 
8 4 
10 4 
1 
INTERFACE 19 
9 1 
10 1 
1 
INTERFACE 20 
9 3 
12 3 
1 
INTERFACE 21 
10 2 
16 3 
1 
INTERFACE 22 
10 3 
14 4 
1 
INTERFACE 23 
11 2 
18 1 
1 
INTERFACE 24 
12 1 
14 1 
-1 
INTERFACE 25 
12 2 
13 1 
1 
INTERFACE 26 
14 2 
17 1 
-1 
INTERFACE 27 
15 2 
26 2 
1 
INTERFACE 28 
15 3 
18 3 
1 
INTERFACE 29 
15 4 
16 2 
1 
INTERFACE 30 
16 1 
17 3 
1 
INTERFACE 31 
16 4 
28 2 
1 
INTERFACE 32 
17 2 
32 2 
-1 
INTERFACE 33 
18 2 
29 2 
1 
INTERFACE 34 
19 2 
23 1 
1 
INTERFACE 35 
19 3 
20 4 
1 
INTERFACE 36 
20 1 
31 2 
1 
INTERFACE 37 
20 2 
21 1 
1 
INTERFACE 38 
20 3 
22 2 
1 
INTERFACE 39 
21 2 
25 1 
-1 
INTERFACE 40 
21 3 
22 4 
-1 
INTERFACE 41 
21 4 
23 3 
1 
INTERFACE 42 
22 1 
27 2 
1 
INTERFACE 43 
22 3 
31 3 
1 
INTERFACE 44 
23 2 
24 1 
1 
INTERFACE 45 
24 2 
29 1 
1 
INTERFACE 46 
24 3 
25 3 
1 
INTERFACE 47 
25 2 
26 1 
1 
INTERFACE 48 
25 4 
27 4 
-1 
INTERFACE 49 
26 3 
29 3 
1 
INTERFACE 50 
26 4 
28 4 
1 
INTERFACE 51 
27 1 
28 1 
1 
INTERFACE 52 
27 3 
30 3 
1 
INTERFACE 53 
28 3 
32 4 
1 
INTERFACE 54 
30 1 
32 1 
-1 
INTERFACE 55 
30 2 
31 1 
1 
BOUNDARY 1 
1 
1 1 
BOUNDARY 2 
1 
1 4 
BOUNDARY 3 
1 
5 4 
BOUNDARY 4 
1 
6 4 
BOUNDARY 5 
1 
11 4 
BOUNDARY 6 
1 
12 4 
BOUNDARY 7 
1 
13 4 
BOUNDARY 8 
1 
14 3 
BOUNDARY 9 
1 
17 4 
BOUNDARY 10 
1 
18 4 
BOUNDARY 11 
1 
19 1 
BOUNDARY 12 
1 
19 4 
BOUNDARY 13 
1 
23 4 
BOUNDARY 14 
1 
24 4 
BOUNDARY 15 
1 
29 4 
BOUNDARY 16 
1 
30 4 
BOUNDARY 17 
1 
31 4 
BOUNDARY 18 
1 
32 3 
