# nurbs mesh v.2.1
#
# 14-Jul-2024
#
2 2 32 55 0 
PATCH 1 
2 1 
4 2 
0.000000000000000   0.000000000000000   0.000000000000000   0.500000000000000   1.000000000000000   1.000000000000000   1.000000000000000   
0.000000000000000   0.000000000000000   1.000000000000000   1.000000000000000   
0.050000000000000   0.049904867452294   0.049525061277599   0.049240387650610   0.050500000000000   0.050403916126817   0.050020311890375   0.049732791527117   
0.000000000000000   0.002178893568691   0.006520098010365   0.008682408883347   0.000000000000000   0.002200682504378   0.006585298990468   0.008769232972180   
1.000000000000000   0.998097349045873   0.998097349045873   1.000000000000000   1.000000000000000   0.998097349045873   0.998097349045873   1.000000000000000   
PATCH 2 
2 1 
4 2 
0.000000000000000   0.000000000000000   0.000000000000000   0.500000000000000   1.000000000000000   1.000000000000000   1.000000000000000   
0.000000000000000   0.000000000000000   1.000000000000000   1.000000000000000   
0.048327715710618   0.048206697088628   0.047964659844649   0.047843641222659   0.050000000000000   0.049904867452294   0.049525061277599   0.049240387650610   
0.003468174276751   0.004561198573366   0.006747247166597   0.007840271463213   0.000000000000000   0.002178893568691   0.006520098010365   0.008682408883347   
1.000000000000000   1.000000000000000   1.000000000000000   1.000000000000000   1.000000000000000   0.998097349045873   0.998097349045873   1.000000000000000   
PATCH 3 
2 1 
13 2 
0.000000000000000   0.000000000000000   0.000000000000000   0.125000000000000   0.125000000000000   0.250000000000000   0.250000000000000   0.500000000000000   0.500000000000000   0.625000000000000   0.625000000000000   0.750000000000000   0.750000000000000   1.000000000000000   1.000000000000000   1.000000000000000   
0.000000000000000   0.000000000000000   1.000000000000000   1.000000000000000   
0.047843641222659   0.043313100194984   0.047755137195002   0.043171498418026   0.047587200270703   0.045540070361685   0.043492940452667   0.042730757557792   0.042704949010592   0.042679140463392   0.043389706263866   0.043167851867989   0.042945997472113   0.049240387650610   0.049122375608591   0.048472153606128   0.048537478858877   0.048307463807782   0.048074006705457   0.047861408215313   0.047717193566886   0.047614418119879   0.047539461388184   0.047449018659032   0.047202992546701   0.046871495007030   
0.007840271463213   0.007183723108865   0.007985109511057   0.007277317765642   0.008009771475131   0.007393463968986   0.006777156462842   0.006654800620953   0.006653993640280   0.006653186659608   0.006773928540153   0.006825853867065   0.006877779193978   0.008682408883347   0.009214726804819   0.009640795038322   0.010205347037351   0.010708453844215   0.011763105261853   0.012824425679909   0.013345660331782   0.013879008274114   0.014421814438227   0.014961702018511   0.016023803746218   0.017059829018116   
1.000000000000000   0.905500472753975   1.000000000000000   0.905500472753975   1.000000000000000   1.000000000000000   1.000000000000000   0.983044192430008   0.983044192430008   0.983044192430008   1.000000000000000   1.000000000000000   1.000000000000000   1.000000000000000   0.999524337261468   0.999167590207569   0.998810843153671   0.998573011784405   0.998097349045873   0.998097349045873   0.998097349045873   0.998216264730506   0.998335180415139   0.998573011784404   0.999048674522936   1.000000000000000   
PATCH 4 
2 2 
13 4 
0.000000000000000   0.000000000000000   0.000000000000000   0.250000000000000   0.250000000000000   0.375000000000000   0.375000000000000   0.500000000000000   0.500000000000000   0.750000000000000   0.750000000000000   0.875000000000000   0.875000000000000   1.000000000000000   1.000000000000000   1.000000000000000   
0.000000000000000   0.000000000000000   0.000000000000000   0.500000000000000   1.000000000000000   1.000000000000000   1.000000000000000   
0.042331246559391   0.044253793669922   0.046176340780454   0.046093998098221   0.046102778654131   0.046111559210041   0.046211463004094   0.047164968564982   0.048118474125869   0.043754611334886   0.048274390532000   0.043869887429131   0.048327715710618   0.042484934287571   0.043982308219439   0.045479682151307   0.045240283689514   0.045253321243246   0.045266358796979   0.045531832366237   0.046758744014157   0.047985655662078   0.043608833105671   0.048144577197751   0.043730690620594   0.048206697088628   0.042792309743932   0.043439337318473   0.044086364893013   0.043532854872099   0.043554406421477   0.043575957970854   0.044172571090523   0.045946294912509   0.047720018734495   0.043317276647241   0.047884950529251   0.043452297003521   0.047964659844649   0.042945997472113   0.043167851867989   0.043389706263866   0.042679140463392   0.042704949010592   0.042730757557792   0.043492940452667   0.045540070361685   0.047587200270703   0.043171498418026   0.047755137195002   0.043313100194984   0.047843641222659   
0.004251215232482   0.003801240433362   0.003351265634241   0.003342641757221   0.003341394451463   0.003340147145706   0.003346276411212   0.003296357445306   0.003246438479401   0.002941970133710   0.003308901133449   0.003064129582577   0.003468174276751   0.004907856222856   0.004557393791787   0.004206931360719   0.004170277982818   0.004169544248668   0.004168810514518   0.004203996424119   0.004320634076226   0.004437271728333   0.004025807041693   0.004477953227851   0.004094027964149   0.004561198573366   0.006221138203604   0.006069700508639   0.005918262813675   0.005825550434011   0.005825843843076   0.005826137252141   0.005919436449934   0.006369187338066   0.006818938226198   0.006193480857659   0.006816057416655   0.006153824727293   0.006747247166597   0.006877779193978   0.006825853867065   0.006773928540153   0.006653186659608   0.006653993640280   0.006654800620953   0.006777156462842   0.007393463968986   0.008009771475131   0.007277317765642   0.007985109511057   0.007183723108865   0.007840271463213   
1.000000000000000   1.000000000000000   1.000000000000000   0.998029769849642   0.998029769849642   0.998029769849642   1.000000000000000   1.000000000000000   1.000000000000000   0.907567115797482   1.000000000000000   0.907567115797482   1.000000000000000   1.000000000000000   1.000000000000000   1.000000000000000   0.994283375494733   0.994283375494733   0.994283375494733   1.000000000000000   1.000000000000000   1.000000000000000   0.907050455036605   1.000000000000000   0.907050455036605   1.000000000000000   1.000000000000000   1.000000000000000   1.000000000000000   0.986790586784917   0.986790586784917   0.986790586784917   1.000000000000000   1.000000000000000   1.000000000000000   0.906017133514852   1.000000000000000   0.906017133514852   1.000000000000000   1.000000000000000   1.000000000000000   1.000000000000000   0.983044192430008   0.983044192430008   0.983044192430008   1.000000000000000   1.000000000000000   1.000000000000000   0.905500472753975   1.000000000000000   0.905500472753975   1.000000000000000   
PATCH 5 
2 1 
13 2 
0.000000000000000   0.000000000000000   0.000000000000000   0.125000000000000   0.125000000000000   0.250000000000000   0.250000000000000   0.500000000000000   0.500000000000000   0.625000000000000   0.625000000000000   0.750000000000000   0.750000000000000   1.000000000000000   1.000000000000000   1.000000000000000   
0.000000000000000   0.000000000000000   1.000000000000000   1.000000000000000   
0.049240387650610   0.049122375608591   0.048472153606128   0.048537478858877   0.048307463807782   0.048074006705457   0.047861408215313   0.047717193566886   0.047614418119879   0.047539461388184   0.047449018659032   0.047202992546701   0.046871495007030   0.049732791527117   0.049613599364677   0.049488606583825   0.049363613802972   0.049232820403708   0.048971233605179   0.048686444333000   0.048544049696911   0.048395854442409   0.048247659187908   0.048093663314994   0.047785671569166   0.047454477349688   
0.008682408883347   0.009214726804819   0.009640795038322   0.010205347037351   0.010708453844215   0.011763105261853   0.012824425679909   0.013345660331782   0.013879008274114   0.014421814438227   0.014961702018511   0.016023803746218   0.017059829018116   0.008769232972180   0.009306874072867   0.009842960902535   0.010379047732203   0.010913580290852   0.011982645408149   0.013045493441370   0.013576917457981   0.014106787203572   0.014636656949163   0.015164972423735   0.016221603372879   0.017272017237946   
1.000000000000000   0.999524337261468   0.999167590207569   0.998810843153671   0.998573011784405   0.998097349045873   0.998097349045873   0.998097349045873   0.998216264730506   0.998335180415139   0.998573011784404   0.999048674522936   1.000000000000000   1.000000000000000   0.999524337261468   0.999167590207569   0.998810843153671   0.998573011784405   0.998097349045873   0.998097349045873   0.998097349045873   0.998216264730506   0.998335180415139   0.998573011784404   0.999048674522936   1.000000000000000   
PATCH 6 
2 1 
6 2 
0.000000000000000   0.000000000000000   0.000000000000000   0.250000000000000   0.500000000000000   0.750000000000000   1.000000000000000   1.000000000000000   1.000000000000000   
0.000000000000000   0.000000000000000   1.000000000000000   1.000000000000000   
0.046871495007030   0.046563636740643   0.045687996827216   0.044607444676109   0.043702163457689   0.043299617082808   0.047454477349688   0.047032993823604   0.046146485990198   0.045216437375554   0.044242847979673   0.043734282891114   
0.017059829018116   0.018107051109197   0.020102633198533   0.021998533434065   0.023976418560276   0.024999045578567   0.017272017237946   0.018289568482936   0.020304367573183   0.022298863263696   0.024273055554476   0.025250000000000   
1.000000000000000   0.999048674522936   0.998097349045873   0.998097349045873   0.999048674522936   1.000000000000000   1.000000000000000   0.999048674522936   0.998097349045873   0.998097349045873   0.999048674522936   1.000000000000000   
PATCH 7 
2 1 
6 2 
0.000000000000000   0.000000000000000   0.000000000000000   0.250000000000000   0.500000000000000   0.750000000000000   1.000000000000000   1.000000000000000   1.000000000000000   
0.000000000000000   0.000000000000000   1.000000000000000   1.000000000000000   
0.046871495007030   0.046563636740643   0.045687996827216   0.044607444676109   0.043702163457689   0.043299617082808   0.042945997472113   0.039724371454689   0.033281119419840   0.026837867384992   0.020394615350144   0.017172989332720   
0.017059829018116   0.018107051109197   0.020102633198533   0.021998533434065   0.023976418560276   0.024999045578567   0.006877779193978   0.007631805200462   0.009139857213430   0.010647909226398   0.012155961239366   0.012909987245850   
1.000000000000000   0.999048674522936   0.998097349045873   0.998097349045873   0.999048674522936   1.000000000000000   1.000000000000000   1.000000000000000   1.000000000000000   1.000000000000000   1.000000000000000   1.000000000000000   
PATCH 8 
2 1 
13 2 
0.000000000000000   0.000000000000000   0.000000000000000   0.250000000000000   0.250000000000000   0.375000000000000   0.375000000000000   0.500000000000000   0.500000000000000   0.750000000000000   0.750000000000000   0.875000000000000   0.875000000000000   1.000000000000000   1.000000000000000   1.000000000000000   
0.000000000000000   0.000000000000000   1.000000000000000   1.000000000000000   
0.043299617082808   0.042428996151478   0.041520188315926   0.041057576110571   0.040537883296932   0.040107105064055   0.039659970688209   0.038428496807131   0.036801109466368   0.036198844779637   0.035642768320042   0.035155773396801   0.034653760976548   0.017172989332720   0.016901693793578   0.016630398254436   0.016402833377417   0.016382942147657   0.016363050917897   0.016550833335397   0.015853966664827   0.015157099994257   0.013170167682150   0.013103526482677   0.013036885283204   0.014890535196364   
0.024999045578567   0.026308278998021   0.027588365609563   0.028222793201746   0.028815801812963   0.029471501830184   0.030116408713585   0.031137122379100   0.031789682496962   0.032277491172904   0.032802468961625   0.033389170133607   0.033963392510604   0.012909987245850   0.012973484340438   0.013036981435026   0.012880515130268   0.012890196944757   0.012899878759246   0.013075708692981   0.013634700395319   0.014193692097657   0.012423565281872   0.012419918121804   0.012416270961736   0.014179103457386   
1.000000000000000   0.998022228729648   0.997033343094472   0.996538900276884   0.996291678868090   0.996044457459296   0.996044457459296   0.996044457459296   0.997033343094472   0.997527785912060   0.998269450138442   0.999011114364824   1.000000000000000   1.000000000000000   1.000000000000000   1.000000000000000   0.987611562794852   0.987611562794852   0.987611562794852   1.000000000000000   1.000000000000000   1.000000000000000   0.872345563831955   0.872345563831955   0.872345563831955   1.000000000000000   
PATCH 9 
2 2 
6 4 
0.000000000000000   0.000000000000000   0.000000000000000   0.250000000000000   0.500000000000000   0.750000000000000   1.000000000000000   1.000000000000000   1.000000000000000   
0.000000000000000   0.000000000000000   0.000000000000000   0.500000000000000   1.000000000000000   1.000000000000000   1.000000000000000   
0.016558238419997   0.019779864437422   0.026223116472270   0.032666368507118   0.039109620541966   0.042331246559391   0.016711926148178   0.019933552165602   0.026376804200450   0.032820056235299   0.039263308270147   0.042484934287571   0.017019301604539   0.020240927621963   0.026684179656812   0.033127431691660   0.039570683726508   0.042792309743932   0.017172989332720   0.020394615350144   0.026837867384992   0.033281119419840   0.039724371454689   0.042945997472113   
0.010283423284354   0.009529397277870   0.008021345264902   0.006513293251934   0.005005241238966   0.004251215232482   0.010940064274728   0.010186038268244   0.008677986255276   0.007169934242308   0.005661882229340   0.004907856222856   0.012253346255476   0.011499320248992   0.009991268236024   0.008483216223056   0.006975164210088   0.006221138203604   0.012909987245850   0.012155961239366   0.010647909226398   0.009139857213430   0.007631805200462   0.006877779193978   
1.000000000000000   1.000000000000000   1.000000000000000   1.000000000000000   1.000000000000000   1.000000000000000   1.000000000000000   1.000000000000000   1.000000000000000   1.000000000000000   1.000000000000000   1.000000000000000   1.000000000000000   1.000000000000000   1.000000000000000   1.000000000000000   1.000000000000000   1.000000000000000   1.000000000000000   1.000000000000000   1.000000000000000   1.000000000000000   1.000000000000000   1.000000000000000   
PATCH 10 
2 2 
13 4 
0.000000000000000   0.000000000000000   0.000000000000000   0.250000000000000   0.250000000000000   0.375000000000000   0.375000000000000   0.500000000000000   0.500000000000000   0.750000000000000   0.750000000000000   0.875000000000000   0.875000000000000   1.000000000000000   1.000000000000000   1.000000000000000   
0.000000000000000   0.000000000000000   0.000000000000000   0.500000000000000   1.000000000000000   1.000000000000000   1.000000000000000   
0.016558238419997   0.015722979818848   0.014887721217698   0.014740282018548   0.014723307560184   0.014706333101820   0.014819823384243   0.013911051711083   0.013002280037924   0.011703802548630   0.012916584607654   0.011688372005473   0.012974335037759   0.016711926148178   0.016017658312530   0.015323390476883   0.015155919858265   0.015138216207052   0.015120512555839   0.015252575872031   0.014396780449519   0.013540985027007   0.012070393832010   0.012963320076410   0.012025500324906   0.013453385077410   0.017019301604539   0.016607015299895   0.016194728995252   0.015987195537699   0.015968033500789   0.015948871463878   0.016118080847608   0.015368237926391   0.014618395005174   0.012803576398770   0.013056791013921   0.012699756963771   0.014411485156713   0.017172989332720   0.016901693793578   0.016630398254436   0.016402833377417   0.016382942147657   0.016363050917897   0.016550833335397   0.015853966664827   0.015157099994257   0.013170167682150   0.013103526482677   0.013036885283204   0.014890535196364   
0.010283423284354   0.010478916710344   0.010674410136335   0.010585886067716   0.010593397638063   0.010600909208410   0.010704456417723   0.011330623693595   0.011956790969467   0.010875136246592   0.012103299546509   0.011044163961047   0.012262903298780   0.010940064274728   0.011102558617868   0.011265052961008   0.011159543333354   0.011167597464737   0.011175651596119   0.011297269486537   0.011906642869026   0.012516016251515   0.011262243505412   0.012182454190333   0.011387190711219   0.012741953338432   0.012253346255476   0.012349842432914   0.012446338610353   0.012306857864630   0.012315997118084   0.012325136371537   0.012482895624167   0.013058681219888   0.013634466815610   0.012036458023052   0.012340763477981   0.012073244211564   0.013700053417734   0.012909987245850   0.012973484340438   0.013036981435026   0.012880515130268   0.012890196944757   0.012899878759246   0.013075708692981   0.013634700395319   0.014193692097657   0.012423565281872   0.012419918121804   0.012416270961736   0.014179103457386   
1.000000000000000   1.000000000000000   1.000000000000000   0.991310596114489   0.991310596114489   0.991310596114489   1.000000000000000   1.000000000000000   1.000000000000000   0.905509283787011   1.000000000000000   0.905509283787011   1.000000000000000   1.000000000000000   1.000000000000000   1.000000000000000   0.990385837784579   0.990385837784579   0.990385837784579   1.000000000000000   1.000000000000000   1.000000000000000   0.897218353798247   0.968086390957989   0.897218353798247   1.000000000000000   1.000000000000000   1.000000000000000   1.000000000000000   0.988536321124761   0.988536321124761   0.988536321124761   1.000000000000000   1.000000000000000   1.000000000000000   0.880636493820719   0.904259172873966   0.880636493820719   1.000000000000000   1.000000000000000   1.000000000000000   1.000000000000000   0.987611562794852   0.987611562794852   0.987611562794852   1.000000000000000   1.000000000000000   1.000000000000000   0.872345563831955   0.872345563831955   0.872345563831955   1.000000000000000   
PATCH 11 
2 1 
13 2 
0.000000000000000   0.000000000000000   0.000000000000000   0.250000000000000   0.250000000000000   0.375000000000000   0.375000000000000   0.500000000000000   0.500000000000000   0.750000000000000   0.750000000000000   0.875000000000000   0.875000000000000   1.000000000000000   1.000000000000000   1.000000000000000   
0.000000000000000   0.000000000000000   1.000000000000000   1.000000000000000   
0.043299617082808   0.042428996151478   0.041520188315926   0.041057576110571   0.040537883296932   0.040107105064055   0.039659970688209   0.038428496807131   0.036801109466368   0.036198844779637   0.035642768320042   0.035155773396801   0.034653760976548   0.043734282891114   0.043142506727484   0.042531053738569   0.042225327244111   0.041914681543332   0.041604035842553   0.041288470935453   0.040657341121252   0.040006534481766   0.039681131162023   0.039350808635958   0.039020486109894   0.038685244377508   
0.024999045578567   0.026308278998021   0.027588365609563   0.028222793201746   0.028815801812963   0.029471501830184   0.030116408713585   0.031137122379100   0.031789682496962   0.032277491172904   0.032802468961625   0.033389170133607   0.033963392510604   0.025250000000000   0.026178902508932   0.027094027156471   0.027551589480241   0.028005707338662   0.028459825197083   0.028910498590156   0.029811845376303   0.030699414301056   0.031143198763433   0.031583538760461   0.032023878757490   0.032460774289170   
1.000000000000000   0.998022228729648   0.997033343094472   0.996538900276884   0.996291678868090   0.996044457459296   0.996044457459296   0.996044457459296   0.997033343094472   0.997527785912060   0.998269450138442   0.999011114364824   1.000000000000000   1.000000000000000   0.999048674522937   0.998573011784405   0.998335180415139   0.998216264730506   0.998097349045873   0.998097349045873   0.998097349045873   0.998573011784405   0.998810843153671   0.999167590207569   0.999524337261468   1.000000000000000   
PATCH 12 
2 1 
6 2 
0.000000000000000   0.000000000000000   0.000000000000000   0.250000000000000   0.500000000000000   0.750000000000000   1.000000000000000   1.000000000000000   1.000000000000000   
0.000000000000000   0.000000000000000   1.000000000000000   1.000000000000000   
0.016558238419997   0.019779864437422   0.026223116472270   0.032666368507118   0.039109620541966   0.042331246559391   0.014550000000000   0.018022655819924   0.024967967459771   0.031913279099619   0.038858590739467   0.042331246559391   
0.010283423284354   0.009529397277870   0.008021345264902   0.006513293251934   0.005005241238966   0.004251215232482   0.000000000000000   0.000000000000000   0.000000000000000   0.000000000000000   0.000000000000000   0.000000000000000   
1.000000000000000   1.000000000000000   1.000000000000000   1.000000000000000   1.000000000000000   1.000000000000000   1.000000000000000   1.000000000000000   1.000000000000000   1.000000000000000   1.000000000000000   1.000000000000000   
PATCH 13 
2 1 
13 2 
0.000000000000000   0.000000000000000   0.000000000000000   0.250000000000000   0.250000000000000   0.375000000000000   0.375000000000000   0.500000000000000   0.500000000000000   0.750000000000000   0.750000000000000   0.875000000000000   0.875000000000000   1.000000000000000   1.000000000000000   1.000000000000000   
0.000000000000000   0.000000000000000   1.000000000000000   1.000000000000000   
0.042331246559391   0.044253793669922   0.046176340780454   0.046093998098221   0.046102778654131   0.046111559210041   0.046211463004094   0.047164968564982   0.048118474125869   0.043754611334886   0.048274390532000   0.043869887429131   0.048327715710618   0.042331246559391   0.043289840739467   0.044248434919543   0.044727732009581   0.045207029099619   0.045686326189657   0.046165623279695   0.047124217459771   0.048082811639848   0.048562108729886   0.049041405819924   0.049520702909962   0.050000000000000   
0.004251215232482   0.003801240433362   0.003351265634241   0.003342641757221   0.003341394451463   0.003340147145706   0.003346276411212   0.003296357445306   0.003246438479401   0.002941970133710   0.003308901133449   0.003064129582577   0.003468174276751   0.000000000000000   0.000000000000000   0.000000000000000   0.000000000000000   0.000000000000000   0.000000000000000   0.000000000000000   0.000000000000000   0.000000000000000   0.000000000000000   0.000000000000000   0.000000000000000   0.000000000000000   
1.000000000000000   1.000000000000000   1.000000000000000   0.998029769849642   0.998029769849642   0.998029769849642   1.000000000000000   1.000000000000000   1.000000000000000   0.907567115797482   1.000000000000000   0.907567115797482   1.000000000000000   1.000000000000000   1.000000000000000   1.000000000000000   1.000000000000000   1.000000000000000   1.000000000000000   1.000000000000000   1.000000000000000   1.000000000000000   1.000000000000000   1.000000000000000   1.000000000000000   1.000000000000000   
PATCH 14 
2 1 
13 2 
0.000000000000000   0.000000000000000   0.000000000000000   0.250000000000000   0.250000000000000   0.375000000000000   0.375000000000000   0.500000000000000   0.500000000000000   0.750000000000000   0.750000000000000   0.875000000000000   0.875000000000000   1.000000000000000   1.000000000000000   1.000000000000000   
0.000000000000000   0.000000000000000   1.000000000000000   1.000000000000000   
0.014550000000000   0.014280071639078   0.013885194399416   0.013687755779586   0.013459079940071   0.013230404100555   0.012970491041355   0.012450664922955   0.011805889925816   0.011483502427247   0.011129877708993   0.010776252990739   0.010391391052800   0.016558238419997   0.015722979818848   0.014887721217698   0.014740282018548   0.014723307560184   0.014706333101820   0.014819823384243   0.013911051711083   0.013002280037924   0.011703802548630   0.012916584607654   0.011688372005473   0.012974335037759   
0.000000000000000   0.001375088181056   0.002699155702478   0.003361189463189   0.004010468058992   0.004659746654795   0.005296270085689   0.006569316947477   0.007791343149632   0.008402356250709   0.009000614186878   0.009598872123047   0.010184374894307   0.010283423284354   0.010478916710344   0.010674410136335   0.010585886067716   0.010593397638063   0.010600909208410   0.010704456417723   0.011330623693595   0.011956790969467   0.010875136246592   0.012103299546509   0.011044163961047   0.012262903298780   
1.000000000000000   0.981448222617019   0.972172333925529   0.967534389579784   0.965215417406911   0.962896445234039   0.962896445234039   0.962896445234039   0.972172333925529   0.976810278271274   0.983767194789892   0.990724111308510   1.000000000000000   1.000000000000000   1.000000000000000   1.000000000000000   0.991310596114489   0.991310596114489   0.991310596114489   1.000000000000000   1.000000000000000   1.000000000000000   0.905509283787011   1.000000000000000   0.905509283787011   1.000000000000000   
PATCH 15 
2 1 
4 2 
0.000000000000000   0.000000000000000   0.000000000000000   0.500000000000000   1.000000000000000   1.000000000000000   1.000000000000000   
0.000000000000000   0.000000000000000   1.000000000000000   1.000000000000000   
0.034653760976548   0.034488966635260   0.034143713033651   0.033963392510604   0.014890535196364   0.014712677261620   0.014356961392130   0.014179103457386   
0.033963392510604   0.034143713033651   0.034488966635260   0.034653760976548   0.014179103457386   0.014356961392130   0.014712677261620   0.014890535196364   
1.000000000000000   0.999974695165172   0.999974695165172   1.000000000000000   1.000000000000000   1.000000000000000   1.000000000000000   1.000000000000000   
PATCH 16 
2 2 
4 4 
0.000000000000000   0.000000000000000   0.000000000000000   0.500000000000000   1.000000000000000   1.000000000000000   1.000000000000000   
0.000000000000000   0.000000000000000   0.000000000000000   0.500000000000000   1.000000000000000   1.000000000000000   1.000000000000000   
0.012974335037759   0.013453385077410   0.014411485156713   0.014890535196364   0.012796477103014   0.013275527142665   0.014233627221968   0.014712677261620   0.012440761233525   0.012919811273176   0.013877911352479   0.014356961392130   0.012262903298780   0.012741953338432   0.013700053417734   0.014179103457386   
0.012262903298780   0.012741953338432   0.013700053417734   0.014179103457386   0.012440761233525   0.012919811273176   0.013877911352479   0.014356961392130   0.012796477103014   0.013275527142665   0.014233627221968   0.014712677261620   0.012974335037759   0.013453385077410   0.014411485156713   0.014890535196364   
1.000000000000000   1.000000000000000   1.000000000000000   1.000000000000000   1.000000000000000   1.000000000000000   1.000000000000000   1.000000000000000   1.000000000000000   1.000000000000000   1.000000000000000   1.000000000000000   1.000000000000000   1.000000000000000   1.000000000000000   1.000000000000000   
PATCH 17 
2 1 
4 2 
0.000000000000000   0.000000000000000   0.000000000000000   0.500000000000000   1.000000000000000   1.000000000000000   1.000000000000000   
0.000000000000000   0.000000000000000   1.000000000000000   1.000000000000000   
0.012974335037759   0.012796477103014   0.012440761233525   0.012262903298780   0.010391391052800   0.010339897359532   0.010236389280286   0.010184374894307   
0.012262903298780   0.012440761233525   0.012796477103014   0.012974335037759   0.010184374894307   0.010236389280286   0.010339897359532   0.010391391052800   
1.000000000000000   1.000000000000000   1.000000000000000   1.000000000000000   1.000000000000000   0.999974695165172   0.999974695165172   1.000000000000000   
PATCH 18 
2 1 
4 2 
0.000000000000000   0.000000000000000   0.000000000000000   0.500000000000000   1.000000000000000   1.000000000000000   1.000000000000000   
0.000000000000000   0.000000000000000   1.000000000000000   1.000000000000000   
0.034653760976548   0.034488966635260   0.034143713033651   0.033963392510604   0.038685244377508   0.037197068413715   0.034084833369545   0.032460774289170   
0.033963392510604   0.034143713033651   0.034488966635260   0.034653760976548   0.032460774289170   0.034084833369545   0.037197068413715   0.038685244377508   
1.000000000000000   0.999974695165172   0.999974695165172   1.000000000000000   1.000000000000000   0.998097349045873   0.998097349045873   1.000000000000000   
PATCH 19 
2 1 
4 2 
0.000000000000000   0.000000000000000   0.000000000000000   0.500000000000000   1.000000000000000   1.000000000000000   1.000000000000000   
0.000000000000000   0.000000000000000   1.000000000000000   1.000000000000000   
0.000000000000000   0.002178893568691   0.006520098010365   0.008682408883347   0.000000000000000   0.002200682504378   0.006585298990468   0.008769232972180   
0.050000000000000   0.049904867452294   0.049525061277599   0.049240387650610   0.050500000000000   0.050403916126817   0.050020311890375   0.049732791527117   
1.000000000000000   0.998097349045873   0.998097349045873   1.000000000000000   1.000000000000000   0.998097349045873   0.998097349045873   1.000000000000000   
PATCH 20 
2 1 
4 2 
0.000000000000000   0.000000000000000   0.000000000000000   0.500000000000000   1.000000000000000   1.000000000000000   1.000000000000000   
0.000000000000000   0.000000000000000   1.000000000000000   1.000000000000000   
0.003468174276751   0.004561198573366   0.006747247166597   0.007840271463213   0.000000000000000   0.002178893568691   0.006520098010365   0.008682408883347   
0.048327715710618   0.048206697088628   0.047964659844649   0.047843641222659   0.050000000000000   0.049904867452294   0.049525061277599   0.049240387650610   
1.000000000000000   1.000000000000000   1.000000000000000   1.000000000000000   1.000000000000000   0.998097349045873   0.998097349045873   1.000000000000000   
PATCH 21 
2 1 
13 2 
0.000000000000000   0.000000000000000   0.000000000000000   0.125000000000000   0.125000000000000   0.250000000000000   0.250000000000000   0.500000000000000   0.500000000000000   0.625000000000000   0.625000000000000   0.750000000000000   0.750000000000000   1.000000000000000   1.000000000000000   1.000000000000000   
0.000000000000000   0.000000000000000   1.000000000000000   1.000000000000000   
0.007840271463213   0.007183723108865   0.007985109511057   0.007277317765642   0.008009771475131   0.007393463968986   0.006777156462842   0.006654800620953   0.006653993640280   0.006653186659608   0.006773928540153   0.006825853867065   0.006877779193978   0.008682408883347   0.009214726804819   0.009640795038322   0.010205347037351   0.010708453844215   0.011763105261853   0.012824425679909   0.013345660331782   0.013879008274114   0.014421814438227   0.014961702018511   0.016023803746218   0.017059829018116   
0.047843641222659   0.043313100194984   0.047755137195002   0.043171498418026   0.047587200270703   0.045540070361685   0.043492940452667   0.042730757557792   0.042704949010592   0.042679140463392   0.043389706263866   0.043167851867989   0.042945997472113   0.049240387650610   0.049122375608591   0.048472153606128   0.048537478858877   0.048307463807782   0.048074006705457   0.047861408215313   0.047717193566886   0.047614418119879   0.047539461388184   0.047449018659032   0.047202992546701   0.046871495007030   
1.000000000000000   0.905500472753975   1.000000000000000   0.905500472753975   1.000000000000000   1.000000000000000   1.000000000000000   0.983044192430008   0.983044192430008   0.983044192430008   1.000000000000000   1.000000000000000   1.000000000000000   1.000000000000000   0.999524337261468   0.999167590207569   0.998810843153671   0.998573011784405   0.998097349045873   0.998097349045873   0.998097349045873   0.998216264730506   0.998335180415139   0.998573011784404   0.999048674522936   1.000000000000000   
PATCH 22 
2 2 
13 4 
0.000000000000000   0.000000000000000   0.000000000000000   0.250000000000000   0.250000000000000   0.375000000000000   0.375000000000000   0.500000000000000   0.500000000000000   0.750000000000000   0.750000000000000   0.875000000000000   0.875000000000000   1.000000000000000   1.000000000000000   1.000000000000000   
0.000000000000000   0.000000000000000   0.000000000000000   0.500000000000000   1.000000000000000   1.000000000000000   1.000000000000000   
0.004251215232482   0.003801240433362   0.003351265634241   0.003342641757221   0.003341394451463   0.003340147145706   0.003346276411212   0.003296357445306   0.003246438479401   0.002941970133710   0.003308901133449   0.003064129582577   0.003468174276751   0.004907856222856   0.004557393791787   0.004206931360719   0.004170277982818   0.004169544248668   0.004168810514518   0.004203996424119   0.004320634076226   0.004437271728333   0.004025807041693   0.004477953227851   0.004094027964149   0.004561198573366   0.006221138203604   0.006069700508639   0.005918262813675   0.005825550434011   0.005825843843076   0.005826137252141   0.005919436449934   0.006369187338066   0.006818938226198   0.006193480857659   0.006816057416655   0.006153824727293   0.006747247166597   0.006877779193978   0.006825853867065   0.006773928540153   0.006653186659608   0.006653993640280   0.006654800620953   0.006777156462842   0.007393463968986   0.008009771475131   0.007277317765642   0.007985109511057   0.007183723108865   0.007840271463213   
0.042331246559391   0.044253793669922   0.046176340780454   0.046093998098221   0.046102778654131   0.046111559210041   0.046211463004094   0.047164968564982   0.048118474125869   0.043754611334886   0.048274390532000   0.043869887429131   0.048327715710618   0.042484934287571   0.043982308219439   0.045479682151307   0.045240283689514   0.045253321243246   0.045266358796979   0.045531832366237   0.046758744014157   0.047985655662078   0.043608833105671   0.048144577197751   0.043730690620594   0.048206697088628   0.042792309743932   0.043439337318473   0.044086364893013   0.043532854872099   0.043554406421477   0.043575957970854   0.044172571090523   0.045946294912509   0.047720018734495   0.043317276647241   0.047884950529251   0.043452297003521   0.047964659844649   0.042945997472113   0.043167851867989   0.043389706263866   0.042679140463392   0.042704949010592   0.042730757557792   0.043492940452667   0.045540070361685   0.047587200270703   0.043171498418026   0.047755137195002   0.043313100194984   0.047843641222659   
1.000000000000000   1.000000000000000   1.000000000000000   0.998029769849642   0.998029769849642   0.998029769849642   1.000000000000000   1.000000000000000   1.000000000000000   0.907567115797482   1.000000000000000   0.907567115797482   1.000000000000000   1.000000000000000   1.000000000000000   1.000000000000000   0.994283375494733   0.994283375494733   0.994283375494733   1.000000000000000   1.000000000000000   1.000000000000000   0.907050455036605   1.000000000000000   0.907050455036605   1.000000000000000   1.000000000000000   1.000000000000000   1.000000000000000   0.986790586784917   0.986790586784917   0.986790586784917   1.000000000000000   1.000000000000000   1.000000000000000   0.906017133514852   1.000000000000000   0.906017133514852   1.000000000000000   1.000000000000000   1.000000000000000   1.000000000000000   0.983044192430008   0.983044192430008   0.983044192430008   1.000000000000000   1.000000000000000   1.000000000000000   0.905500472753975   1.000000000000000   0.905500472753975   1.000000000000000   
PATCH 23 
2 1 
13 2 
0.000000000000000   0.000000000000000   0.000000000000000   0.125000000000000   0.125000000000000   0.250000000000000   0.250000000000000   0.500000000000000   0.500000000000000   0.625000000000000   0.625000000000000   0.750000000000000   0.750000000000000   1.000000000000000   1.000000000000000   1.000000000000000   
0.000000000000000   0.000000000000000   1.000000000000000   1.000000000000000   
0.008682408883347   0.009214726804819   0.009640795038322   0.010205347037351   0.010708453844215   0.011763105261853   0.012824425679909   0.013345660331782   0.013879008274114   0.014421814438227   0.014961702018511   0.016023803746218   0.017059829018116   0.008769232972180   0.009306874072867   0.009842960902535   0.010379047732203   0.010913580290852   0.011982645408149   0.013045493441370   0.013576917457981   0.014106787203572   0.014636656949163   0.015164972423735   0.016221603372879   0.017272017237946   
0.049240387650610   0.049122375608591   0.048472153606128   0.048537478858877   0.048307463807782   0.048074006705457   0.047861408215313   0.047717193566886   0.047614418119879   0.047539461388184   0.047449018659032   0.047202992546701   0.046871495007030   0.049732791527117   0.049613599364677   0.049488606583825   0.049363613802972   0.049232820403708   0.048971233605179   0.048686444333000   0.048544049696911   0.048395854442409   0.048247659187908   0.048093663314994   0.047785671569166   0.047454477349688   
1.000000000000000   0.999524337261468   0.999167590207569   0.998810843153671   0.998573011784405   0.998097349045873   0.998097349045873   0.998097349045873   0.998216264730506   0.998335180415139   0.998573011784404   0.999048674522936   1.000000000000000   1.000000000000000   0.999524337261468   0.999167590207569   0.998810843153671   0.998573011784405   0.998097349045873   0.998097349045873   0.998097349045873   0.998216264730506   0.998335180415139   0.998573011784404   0.999048674522936   1.000000000000000   
PATCH 24 
2 1 
6 2 
0.000000000000000   0.000000000000000   0.000000000000000   0.250000000000000   0.500000000000000   0.750000000000000   1.000000000000000   1.000000000000000   1.000000000000000   
0.000000000000000   0.000000000000000   1.000000000000000   1.000000000000000   
0.017059829018116   0.018107051109197   0.020102633198533   0.021998533434065   0.023976418560276   0.024999045578567   0.017272017237946   0.018289568482936   0.020304367573183   0.022298863263696   0.024273055554476   0.025250000000000   
0.046871495007030   0.046563636740643   0.045687996827216   0.044607444676109   0.043702163457689   0.043299617082808   0.047454477349688   0.047032993823604   0.046146485990198   0.045216437375554   0.044242847979673   0.043734282891114   
1.000000000000000   0.999048674522936   0.998097349045873   0.998097349045873   0.999048674522936   1.000000000000000   1.000000000000000   0.999048674522936   0.998097349045873   0.998097349045873   0.999048674522936   1.000000000000000   
PATCH 25 
2 1 
6 2 
0.000000000000000   0.000000000000000   0.000000000000000   0.250000000000000   0.500000000000000   0.750000000000000   1.000000000000000   1.000000000000000   1.000000000000000   
0.000000000000000   0.000000000000000   1.000000000000000   1.000000000000000   
0.017059829018116   0.018107051109197   0.020102633198533   0.021998533434065   0.023976418560276   0.024999045578567   0.006877779193978   0.007631805200462   0.009139857213430   0.010647909226398   0.012155961239366   0.012909987245850   
0.046871495007030   0.046563636740643   0.045687996827216   0.044607444676109   0.043702163457689   0.043299617082808   0.042945997472113   0.039724371454689   0.033281119419840   0.026837867384992   0.020394615350144   0.017172989332720   
1.000000000000000   0.999048674522936   0.998097349045873   0.998097349045873   0.999048674522936   1.000000000000000   1.000000000000000   1.000000000000000   1.000000000000000   1.000000000000000   1.000000000000000   1.000000000000000   
PATCH 26 
2 1 
13 2 
0.000000000000000   0.000000000000000   0.000000000000000   0.250000000000000   0.250000000000000   0.375000000000000   0.375000000000000   0.500000000000000   0.500000000000000   0.750000000000000   0.750000000000000   0.875000000000000   0.875000000000000   1.000000000000000   1.000000000000000   1.000000000000000   
0.000000000000000   0.000000000000000   1.000000000000000   1.000000000000000   
0.024999045578567   0.026308278998021   0.027588365609563   0.028222793201746   0.028815801812963   0.029471501830185   0.030116408713585   0.031137122379100   0.031789682496962   0.032277491172904   0.032802468961625   0.033389170133607   0.033963392510604   0.012909987245850   0.012973484340438   0.013036981435026   0.012880515130268   0.012890196944757   0.012899878759246   0.013075708692981   0.013634700395319   0.014193692097657   0.012423565281872   0.012419918121804   0.012416270961736   0.014179103457386   
0.043299617082808   0.042428996151478   0.041520188315926   0.041057576110571   0.040537883296932   0.040107105064055   0.039659970688209   0.038428496807131   0.036801109466368   0.036198844779637   0.035642768320042   0.035155773396801   0.034653760976548   0.017172989332720   0.016901693793578   0.016630398254436   0.016402833377417   0.016382942147657   0.016363050917897   0.016550833335397   0.015853966664827   0.015157099994257   0.013170167682150   0.013103526482677   0.013036885283204   0.014890535196364   
1.000000000000000   0.998022228729648   0.997033343094472   0.996538900276884   0.996291678868090   0.996044457459296   0.996044457459296   0.996044457459296   0.997033343094472   0.997527785912060   0.998269450138442   0.999011114364824   1.000000000000000   1.000000000000000   1.000000000000000   1.000000000000000   0.987611562794852   0.987611562794852   0.987611562794852   1.000000000000000   1.000000000000000   1.000000000000000   0.872345563831955   0.872345563831955   0.872345563831955   1.000000000000000   
PATCH 27 
2 2 
6 4 
0.000000000000000   0.000000000000000   0.000000000000000   0.250000000000000   0.500000000000000   0.750000000000000   1.000000000000000   1.000000000000000   1.000000000000000   
0.000000000000000   0.000000000000000   0.000000000000000   0.500000000000000   1.000000000000000   1.000000000000000   1.000000000000000   
0.010283423284354   0.009529397277870   0.008021345264902   0.006513293251934   0.005005241238966   0.004251215232482   0.010940064274728   0.010186038268244   0.008677986255276   0.007169934242308   0.005661882229340   0.004907856222856   0.012253346255476   0.011499320248992   0.009991268236024   0.008483216223056   0.006975164210088   0.006221138203604   0.012909987245850   0.012155961239366   0.010647909226398   0.009139857213430   0.007631805200462   0.006877779193978   
0.016558238419997   0.019779864437422   0.026223116472270   0.032666368507118   0.039109620541966   0.042331246559391   0.016711926148178   0.019933552165602   0.026376804200450   0.032820056235299   0.039263308270147   0.042484934287571   0.017019301604539   0.020240927621963   0.026684179656812   0.033127431691660   0.039570683726508   0.042792309743932   0.017172989332720   0.020394615350144   0.026837867384992   0.033281119419840   0.039724371454689   0.042945997472113   
1.000000000000000   1.000000000000000   1.000000000000000   1.000000000000000   1.000000000000000   1.000000000000000   1.000000000000000   1.000000000000000   1.000000000000000   1.000000000000000   1.000000000000000   1.000000000000000   1.000000000000000   1.000000000000000   1.000000000000000   1.000000000000000   1.000000000000000   1.000000000000000   1.000000000000000   1.000000000000000   1.000000000000000   1.000000000000000   1.000000000000000   1.000000000000000   
PATCH 28 
2 2 
13 4 
0.000000000000000   0.000000000000000   0.000000000000000   0.250000000000000   0.250000000000000   0.375000000000000   0.375000000000000   0.500000000000000   0.500000000000000   0.750000000000000   0.750000000000000   0.875000000000000   0.875000000000000   1.000000000000000   1.000000000000000   1.000000000000000   
0.000000000000000   0.000000000000000   0.000000000000000   0.500000000000000   1.000000000000000   1.000000000000000   1.000000000000000   
0.010283423284354   0.010478916710344   0.010674410136335   0.010585886067716   0.010593397638063   0.010600909208410   0.010704456417723   0.011330623693595   0.011956790969467   0.010875136246592   0.012103299546509   0.011044163961047   0.012262903298780   0.010940064274728   0.011102558617868   0.011265052961008   0.011159543333354   0.011167597464737   0.011175651596119   0.011297269486537   0.011906642869026   0.012516016251515   0.011262243505412   0.012182454190333   0.011387190711219   0.012741953338432   0.012253346255476   0.012349842432914   0.012446338610353   0.012306857864630   0.012315997118084   0.012325136371537   0.012482895624167   0.013058681219888   0.013634466815610   0.012036458023052   0.012340763477981   0.012073244211564   0.013700053417734   0.012909987245850   0.012973484340438   0.013036981435026   0.012880515130268   0.012890196944757   0.012899878759246   0.013075708692981   0.013634700395319   0.014193692097657   0.012423565281872   0.012419918121804   0.012416270961736   0.014179103457386   
0.016558238419997   0.015722979818848   0.014887721217698   0.014740282018548   0.014723307560184   0.014706333101820   0.014819823384243   0.013911051711083   0.013002280037924   0.011703802548630   0.012916584607654   0.011688372005473   0.012974335037759   0.016711926148178   0.016017658312530   0.015323390476883   0.015155919858265   0.015138216207052   0.015120512555839   0.015252575872031   0.014396780449519   0.013540985027007   0.012070393832010   0.012963320076410   0.012025500324906   0.013453385077410   0.017019301604539   0.016607015299895   0.016194728995252   0.015987195537699   0.015968033500789   0.015948871463878   0.016118080847608   0.015368237926391   0.014618395005174   0.012803576398770   0.013056791013921   0.012699756963771   0.014411485156713   0.017172989332720   0.016901693793578   0.016630398254436   0.016402833377417   0.016382942147657   0.016363050917897   0.016550833335397   0.015853966664827   0.015157099994257   0.013170167682150   0.013103526482677   0.013036885283204   0.014890535196364   
1.000000000000000   1.000000000000000   1.000000000000000   0.991310596114489   0.991310596114489   0.991310596114489   1.000000000000000   1.000000000000000   1.000000000000000   0.905509283787011   1.000000000000000   0.905509283787011   1.000000000000000   1.000000000000000   1.000000000000000   1.000000000000000   0.990385837784579   0.990385837784579   0.990385837784579   1.000000000000000   1.000000000000000   1.000000000000000   0.897218353798247   0.968086390957989   0.897218353798247   1.000000000000000   1.000000000000000   1.000000000000000   1.000000000000000   0.988536321124761   0.988536321124761   0.988536321124761   1.000000000000000   1.000000000000000   1.000000000000000   0.880636493820719   0.904259172873966   0.880636493820719   1.000000000000000   1.000000000000000   1.000000000000000   1.000000000000000   0.987611562794852   0.987611562794852   0.987611562794852   1.000000000000000   1.000000000000000   1.000000000000000   0.872345563831955   0.872345563831955   0.872345563831955   1.000000000000000   
PATCH 29 
2 1 
13 2 
0.000000000000000   0.000000000000000   0.000000000000000   0.250000000000000   0.250000000000000   0.375000000000000   0.375000000000000   0.500000000000000   0.500000000000000   0.750000000000000   0.750000000000000   0.875000000000000   0.875000000000000   1.000000000000000   1.000000000000000   1.000000000000000   
0.000000000000000   0.000000000000000   1.000000000000000   1.000000000000000   
0.024999045578567   0.026308278998021   0.027588365609563   0.028222793201746   0.028815801812963   0.029471501830185   0.030116408713585   0.031137122379100   0.031789682496962   0.032277491172904   0.032802468961625   0.033389170133607   0.033963392510604   0.025250000000000   0.026178902508932   0.027094027156471   0.027551589480241   0.028005707338662   0.028459825197083   0.028910498590156   0.029811845376303   0.030699414301056   0.031143198763433   0.031583538760461   0.032023878757490   0.032460774289170   
0.043299617082808   0.042428996151478   0.041520188315926   0.041057576110571   0.040537883296932   0.040107105064055   0.039659970688209   0.038428496807131   0.036801109466368   0.036198844779637   0.035642768320042   0.035155773396801   0.034653760976548   0.043734282891114   0.043142506727484   0.042531053738569   0.042225327244111   0.041914681543332   0.041604035842553   0.041288470935453   0.040657341121252   0.040006534481766   0.039681131162023   0.039350808635958   0.039020486109894   0.038685244377508   
1.000000000000000   0.998022228729648   0.997033343094472   0.996538900276884   0.996291678868090   0.996044457459296   0.996044457459296   0.996044457459296   0.997033343094472   0.997527785912060   0.998269450138442   0.999011114364824   1.000000000000000   1.000000000000000   0.999048674522937   0.998573011784405   0.998335180415139   0.998216264730506   0.998097349045873   0.998097349045873   0.998097349045873   0.998573011784405   0.998810843153671   0.999167590207569   0.999524337261468   1.000000000000000   
PATCH 30 
2 1 
6 2 
0.000000000000000   0.000000000000000   0.000000000000000   0.250000000000000   0.500000000000000   0.750000000000000   1.000000000000000   1.000000000000000   1.000000000000000   
0.000000000000000   0.000000000000000   1.000000000000000   1.000000000000000   
0.010283423284354   0.009529397277870   0.008021345264902   0.006513293251934   0.005005241238966   0.004251215232482   0.000000000000000   0.000000000000000   0.000000000000000   0.000000000000000   0.000000000000000   0.000000000000000   
0.016558238419997   0.019779864437422   0.026223116472270   0.032666368507118   0.039109620541966   0.042331246559391   0.014550000000000   0.018022655819924   0.024967967459771   0.031913279099619   0.038858590739467   0.042331246559391   
1.000000000000000   1.000000000000000   1.000000000000000   1.000000000000000   1.000000000000000   1.000000000000000   1.000000000000000   1.000000000000000   1.000000000000000   1.000000000000000   1.000000000000000   1.000000000000000   
PATCH 31 
2 1 
13 2 
0.000000000000000   0.000000000000000   0.000000000000000   0.250000000000000   0.250000000000000   0.375000000000000   0.375000000000000   0.500000000000000   0.500000000000000   0.750000000000000   0.750000000000000   0.875000000000000   0.875000000000000   1.000000000000000   1.000000000000000   1.000000000000000   
0.000000000000000   0.000000000000000   1.000000000000000   1.000000000000000   
0.004251215232482   0.003801240433362   0.003351265634241   0.003342641757221   0.003341394451463   0.003340147145706   0.003346276411212   0.003296357445306   0.003246438479401   0.002941970133710   0.003308901133449   0.003064129582577   0.003468174276751   0.000000000000000   0.000000000000000   0.000000000000000   0.000000000000000   0.000000000000000   0.000000000000000   0.000000000000000   0.000000000000000   0.000000000000000   0.000000000000000   0.000000000000000   0.000000000000000   0.000000000000000   
0.042331246559391   0.044253793669922   0.046176340780454   0.046093998098221   0.046102778654131   0.046111559210041   0.046211463004094   0.047164968564982   0.048118474125869   0.043754611334886   0.048274390532000   0.043869887429131   0.048327715710618   0.042331246559391   0.043289840739467   0.044248434919543   0.044727732009581   0.045207029099619   0.045686326189657   0.046165623279695   0.047124217459771   0.048082811639848   0.048562108729886   0.049041405819924   0.049520702909962   0.050000000000000   
1.000000000000000   1.000000000000000   1.000000000000000   0.998029769849642   0.998029769849642   0.998029769849642   1.000000000000000   1.000000000000000   1.000000000000000   0.907567115797482   1.000000000000000   0.907567115797482   1.000000000000000   1.000000000000000   1.000000000000000   1.000000000000000   1.000000000000000   1.000000000000000   1.000000000000000   1.000000000000000   1.000000000000000   1.000000000000000   1.000000000000000   1.000000000000000   1.000000000000000   1.000000000000000   
PATCH 32 
2 1 
13 2 
0.000000000000000   0.000000000000000   0.000000000000000   0.250000000000000   0.250000000000000   0.375000000000000   0.375000000000000   0.500000000000000   0.500000000000000   0.750000000000000   0.750000000000000   0.875000000000000   0.875000000000000   1.000000000000000   1.000000000000000   1.000000000000000   
0.000000000000000   0.000000000000000   1.000000000000000   1.000000000000000   
0.000000000000000   0.001375088181056   0.002699155702478   0.003361189463189   0.004010468058992   0.004659746654795   0.005296270085689   0.006569316947477   0.007791343149632   0.008402356250709   0.009000614186878   0.009598872123047   0.010184374894307   0.010283423284354   0.010478916710344   0.010674410136335   0.010585886067716   0.010593397638063   0.010600909208410   0.010704456417723   0.011330623693595   0.011956790969467   0.010875136246592   0.012103299546509   0.011044163961047   0.012262903298780   
0.014550000000000   0.014280071639078   0.013885194399416   0.013687755779586   0.013459079940071   0.013230404100555   0.012970491041355   0.012450664922955   0.011805889925816   0.011483502427247   0.011129877708993   0.010776252990739   0.010391391052800   0.016558238419997   0.015722979818848   0.014887721217698   0.014740282018548   0.014723307560184   0.014706333101820   0.014819823384243   0.013911051711083   0.013002280037924   0.011703802548630   0.012916584607654   0.011688372005473   0.012974335037759   
1.000000000000000   0.981448222617019   0.972172333925529   0.967534389579784   0.965215417406911   0.962896445234039   0.962896445234039   0.962896445234039   0.972172333925529   0.976810278271274   0.983767194789892   0.990724111308510   1.000000000000000   1.000000000000000   1.000000000000000   1.000000000000000   0.991310596114489   0.991310596114489   0.991310596114489   1.000000000000000   1.000000000000000   1.000000000000000   0.905509283787011   1.000000000000000   0.905509283787011   1.000000000000000   
INTERFACE 1 
1 2 
5 1 
1 
INTERFACE 2 
1 3 
2 4 
1 
INTERFACE 3 
2 1 
13 2 
1 
INTERFACE 4 
2 2 
3 1 
1 
INTERFACE 5 
2 3 
4 2 
1 
INTERFACE 6 
3 2 
7 1 
-1 
INTERFACE 7 
3 3 
4 4 
-1 
INTERFACE 8 
3 4 
5 3 
1 
INTERFACE 9 
4 1 
9 2 
1 
INTERFACE 10 
4 3 
13 3 
1 
INTERFACE 11 
5 2 
6 1 
1 
INTERFACE 12 
6 2 
11 1 
1 
INTERFACE 13 
6 3 
7 3 
1 
INTERFACE 14 
7 2 
8 1 
1 
INTERFACE 15 
7 4 
9 4 
-1 
INTERFACE 16 
8 2 
15 1 
1 
INTERFACE 17 
8 3 
11 3 
1 
INTERFACE 18 
8 4 
10 4 
1 
INTERFACE 19 
9 1 
10 1 
1 
INTERFACE 20 
9 3 
12 3 
1 
INTERFACE 21 
10 2 
16 3 
1 
INTERFACE 22 
10 3 
14 4 
1 
INTERFACE 23 
11 2 
18 1 
1 
INTERFACE 24 
12 1 
14 1 
-1 
INTERFACE 25 
12 2 
13 1 
1 
INTERFACE 26 
14 2 
17 1 
-1 
INTERFACE 27 
15 2 
26 2 
1 
INTERFACE 28 
15 3 
18 3 
1 
INTERFACE 29 
15 4 
16 2 
1 
INTERFACE 30 
16 1 
17 3 
1 
INTERFACE 31 
16 4 
28 2 
1 
INTERFACE 32 
17 2 
32 2 
-1 
INTERFACE 33 
18 2 
29 2 
1 
INTERFACE 34 
19 2 
23 1 
1 
INTERFACE 35 
19 3 
20 4 
1 
INTERFACE 36 
20 1 
31 2 
1 
INTERFACE 37 
20 2 
21 1 
1 
INTERFACE 38 
20 3 
22 2 
1 
INTERFACE 39 
21 2 
25 1 
-1 
INTERFACE 40 
21 3 
22 4 
-1 
INTERFACE 41 
21 4 
23 3 
1 
INTERFACE 42 
22 1 
27 2 
1 
INTERFACE 43 
22 3 
31 3 
1 
INTERFACE 44 
23 2 
24 1 
1 
INTERFACE 45 
24 2 
29 1 
1 
INTERFACE 46 
24 3 
25 3 
1 
INTERFACE 47 
25 2 
26 1 
1 
INTERFACE 48 
25 4 
27 4 
-1 
INTERFACE 49 
26 3 
29 3 
1 
INTERFACE 50 
26 4 
28 4 
1 
INTERFACE 51 
27 1 
28 1 
1 
INTERFACE 52 
27 3 
30 3 
1 
INTERFACE 53 
28 3 
32 4 
1 
INTERFACE 54 
30 1 
32 1 
-1 
INTERFACE 55 
30 2 
31 1 
1 
BOUNDARY 1 
1 
1 1 
BOUNDARY 2 
1 
1 4 
BOUNDARY 3 
1 
5 4 
BOUNDARY 4 
1 
6 4 
BOUNDARY 5 
1 
11 4 
BOUNDARY 6 
1 
12 4 
BOUNDARY 7 
1 
13 4 
BOUNDARY 8 
1 
14 3 
BOUNDARY 9 
1 
17 4 
BOUNDARY 10 
1 
18 4 
BOUNDARY 11 
1 
19 1 
BOUNDARY 12 
1 
19 4 
BOUNDARY 13 
1 
23 4 
BOUNDARY 14 
1 
24 4 
BOUNDARY 15 
1 
29 4 
BOUNDARY 16 
1 
30 4 
BOUNDARY 17 
1 
31 4 
BOUNDARY 18 
1 
32 3 
