# nurbs mesh v.2.1
#
# 14-Jul-2024
#
2 2 32 55 0 
PATCH 1 
2 1 
4 2 
0.000000000000000   0.000000000000000   0.000000000000000   0.500000000000000   1.000000000000000   1.000000000000000   1.000000000000000   
0.000000000000000   0.000000000000000   1.000000000000000   1.000000000000000   
0.050000000000000   0.049904867452294   0.049525061277599   0.049240387650610   0.050500000000000   0.050403916126817   0.050020311890375   0.049732791527117   
0.000000000000000   0.002178893568691   0.006520098010365   0.008682408883347   0.000000000000000   0.002200682504378   0.006585298990468   0.008769232972180   
1.000000000000000   0.998097349045873   0.998097349045873   1.000000000000000   1.000000000000000   0.998097349045873   0.998097349045873   1.000000000000000   
PATCH 2 
2 1 
4 2 
0.000000000000000   0.000000000000000   0.000000000000000   0.500000000000000   1.000000000000000   1.000000000000000   1.000000000000000   
0.000000000000000   0.000000000000000   1.000000000000000   1.000000000000000   
0.048217072871612   0.048092398894706   0.047843050940896   0.047718376963990   0.050000000000000   0.049904867452294   0.049525061277599   0.049240387650610   
0.003733112572136   0.004722017955251   0.006699828721479   0.007688734104594   0.000000000000000   0.002178893568691   0.006520098010365   0.008682408883347   
1.000000000000000   1.000000000000000   1.000000000000000   1.000000000000000   1.000000000000000   0.998097349045873   0.998097349045873   1.000000000000000   
PATCH 3 
2 1 
13 2 
0.000000000000000   0.000000000000000   0.000000000000000   0.125000000000000   0.125000000000000   0.250000000000000   0.250000000000000   0.500000000000000   0.500000000000000   0.625000000000000   0.625000000000000   0.750000000000000   0.750000000000000   1.000000000000000   1.000000000000000   1.000000000000000   
0.000000000000000   0.000000000000000   1.000000000000000   1.000000000000000   
0.047718376963990   0.041152037130787   0.041098747826098   0.041045458521410   0.047505219745236   0.046819009685603   0.046132799625970   0.045484604377926   0.045461775121320   0.045438945864715   0.046041482599548   0.045737562427875   0.045433642256203   0.049240387650610   0.049122375608591   0.048050658387253   0.048258427210063   0.048115744643058   0.047815686906880   0.047578270759665   0.047436749613302   0.047313463180834   0.047259833489682   0.047243979079319   0.046994860516269   0.046672929393665   
0.007688734104594   0.006700423604789   0.006744033721520   0.006787643838251   0.007863174571518   0.007812504654731   0.007761834737943   0.007654953141972   0.007658628837852   0.007662304533732   0.007776537521463   0.007902526348705   0.008028515175946   0.008682408883347   0.009214726804819   0.009556962389832   0.010146674461345   0.010665954907930   0.011699897653623   0.012748559227322   0.013267225087232   0.013791283667701   0.014336985087069   0.014897048603532   0.015953150030659   0.016987557045302   
1.000000000000000   0.862574396658795   0.862574396658795   0.862574396658795   1.000000000000000   1.000000000000000   1.000000000000000   0.986449234315425   0.986449234315425   0.986449234315425   1.000000000000000   1.000000000000000   1.000000000000000   1.000000000000000   0.999524337261468   0.999167590207569   0.998810843153671   0.998573011784405   0.998097349045873   0.998097349045873   0.998097349045873   0.998216264730506   0.998335180415139   0.998573011784404   0.999048674522936   1.000000000000000   
PATCH 4 
2 2 
13 4 
0.000000000000000   0.000000000000000   0.000000000000000   0.250000000000000   0.250000000000000   0.375000000000000   0.375000000000000   0.500000000000000   0.500000000000000   0.750000000000000   0.750000000000000   0.875000000000000   0.875000000000000   1.000000000000000   1.000000000000000   1.000000000000000   
0.000000000000000   0.000000000000000   0.000000000000000   0.500000000000000   1.000000000000000   1.000000000000000   1.000000000000000   
0.044048479310329   0.045218974993205   0.046389470676081   0.046192221784295   0.046205190819704   0.046218159855112   0.046441346817715   0.047217638744646   0.047993930671577   0.043197832835479   0.048160173090958   0.043322042064745   0.048217072871612   0.044394770046798   0.045348621851873   0.046302473656948   0.046003902804400   0.046019336895108   0.046034770985816   0.046364210019779   0.047117981479885   0.047871752939992   0.042659739256961   0.046394816774743   0.042779540831255   0.048092398894706   0.045087351519734   0.045607915569208   0.046128479618681   0.045627264844610   0.045647629045916   0.045667993247222   0.046209936423906   0.046918666950364   0.047627397476821   0.041583552099927   0.042864104142313   0.041694538364276   0.047843050940896   0.045433642256203   0.045737562427875   0.046041482599548   0.045438945864715   0.045461775121320   0.045484604377926   0.046132799625970   0.046819009685603   0.047505219745236   0.041045458521410   0.041098747826098   0.041152037130787   0.047718376963990   
0.004687116025541   0.004201891969616   0.003716667913691   0.003694734723338   0.003691306446697   0.003687878170056   0.003702954807127   0.003606291780152   0.003509628753177   0.003141667648845   0.003566782914253   0.003266067035882   0.003733112572136   0.005522465813142   0.005127050564388   0.004731635315634   0.004686627175936   0.004683137044486   0.004679646913035   0.004717674789831   0.004657844998797   0.004598015207763   0.004053161696197   0.004361095616070   0.004124656178109   0.004722017955251   0.007193165388345   0.006977367753932   0.006761570119520   0.006670412081133   0.006666798240063   0.006663184398993   0.006747114755239   0.006760951436086   0.006774788116933   0.005876149790900   0.005949721019703   0.005841834462562   0.006699828721479   0.008028515175946   0.007902526348705   0.007776537521463   0.007662304533732   0.007658628837852   0.007654953141972   0.007761834737943   0.007812504654731   0.007863174571518   0.006787643838251   0.006744033721520   0.006700423604789   0.007688734104594   
1.000000000000000   1.000000000000000   1.000000000000000   0.995480853309368   0.995480853309368   0.995480853309368   1.000000000000000   1.000000000000000   1.000000000000000   0.898251286771920   1.000000000000000   0.898251286771920   1.000000000000000   1.000000000000000   1.000000000000000   1.000000000000000   0.993222948560882   0.993222948560882   0.993222948560882   1.000000000000000   1.000000000000000   1.000000000000000   0.889332064243639   0.965643599164699   0.889332064243639   1.000000000000000   1.000000000000000   1.000000000000000   1.000000000000000   0.988707139063911   0.988707139063911   0.988707139063911   1.000000000000000   1.000000000000000   1.000000000000000   0.871493619187076   0.896930797494096   0.871493619187076   1.000000000000000   1.000000000000000   1.000000000000000   1.000000000000000   0.986449234315425   0.986449234315425   0.986449234315425   1.000000000000000   1.000000000000000   1.000000000000000   0.862574396658795   0.862574396658795   0.862574396658795   1.000000000000000   
PATCH 5 
2 1 
13 2 
0.000000000000000   0.000000000000000   0.000000000000000   0.125000000000000   0.125000000000000   0.250000000000000   0.250000000000000   0.500000000000000   0.500000000000000   0.625000000000000   0.625000000000000   0.750000000000000   0.750000000000000   1.000000000000000   1.000000000000000   1.000000000000000   
0.000000000000000   0.000000000000000   1.000000000000000   1.000000000000000   
0.049240387650610   0.049122375608591   0.048050658387253   0.048258427210063   0.048115744643058   0.047815686906880   0.047578270759665   0.047436749613302   0.047313463180834   0.047259833489682   0.047243979079319   0.046994860516269   0.046672929393665   0.049732791527117   0.049613599364677   0.049488606583825   0.049363613802972   0.049232820403708   0.048971233605179   0.048686444333000   0.048544049696911   0.048395854442409   0.048247659187908   0.048093663314994   0.047785671569166   0.047454477349688   
0.008682408883347   0.009214726804819   0.009556962389832   0.010146674461345   0.010665954907930   0.011699897653623   0.012748559227322   0.013267225087232   0.013791283667701   0.014336985087069   0.014897048603532   0.015953150030659   0.016987557045302   0.008769232972180   0.009306874072867   0.009842960902535   0.010379047732203   0.010913580290852   0.011982645408149   0.013045493441370   0.013576917457981   0.014106787203572   0.014636656949163   0.015164972423735   0.016221603372879   0.017272017237946   
1.000000000000000   0.999524337261468   0.999167590207569   0.998810843153671   0.998573011784405   0.998097349045873   0.998097349045873   0.998097349045873   0.998216264730506   0.998335180415139   0.998573011784404   0.999048674522936   1.000000000000000   1.000000000000000   0.999524337261468   0.999167590207569   0.998810843153671   0.998573011784405   0.998097349045873   0.998097349045873   0.998097349045873   0.998216264730506   0.998335180415139   0.998573011784404   0.999048674522936   1.000000000000000   
PATCH 6 
2 1 
6 2 
0.000000000000000   0.000000000000000   0.000000000000000   0.250000000000000   0.500000000000000   0.750000000000000   1.000000000000000   1.000000000000000   1.000000000000000   
0.000000000000000   0.000000000000000   1.000000000000000   1.000000000000000   
0.046672929393665   0.046424865205792   0.045490068400846   0.044553846031170   0.043548678934657   0.043253314946457   0.047454477349688   0.047032993823604   0.046146485990198   0.045216437375554   0.044242847979673   0.043734282891114   
0.016987557045302   0.018053087470402   0.020015545060922   0.021972100815221   0.023892211993013   0.024972313027681   0.017272017237946   0.018289568482936   0.020304367573183   0.022298863263696   0.024273055554476   0.025250000000000   
1.000000000000000   0.999048674522936   0.998097349045873   0.998097349045873   0.999048674522936   1.000000000000000   1.000000000000000   0.999048674522936   0.998097349045873   0.998097349045873   0.999048674522936   1.000000000000000   
PATCH 7 
2 1 
6 2 
0.000000000000000   0.000000000000000   0.000000000000000   0.250000000000000   0.500000000000000   0.750000000000000   1.000000000000000   1.000000000000000   1.000000000000000   
0.000000000000000   0.000000000000000   1.000000000000000   1.000000000000000   
0.046672929393665   0.046424865205792   0.045490068400846   0.044553846031170   0.043548678934657   0.043253314946457   0.045433642256203   0.042536201335508   0.036741319494119   0.030946437652729   0.025151555811340   0.022254114890646   
0.016987557045302   0.018053087470402   0.020015545060922   0.021972100815221   0.023892211993013   0.024972313027681   0.008028515175946   0.009229637107373   0.011631880970228   0.014034124833082   0.016436368695936   0.017637490627364   
1.000000000000000   0.999048674522936   0.998097349045873   0.998097349045873   0.999048674522936   1.000000000000000   1.000000000000000   1.000000000000000   1.000000000000000   1.000000000000000   1.000000000000000   1.000000000000000   
PATCH 8 
2 1 
13 2 
0.000000000000000   0.000000000000000   0.000000000000000   0.250000000000000   0.250000000000000   0.375000000000000   0.375000000000000   0.500000000000000   0.500000000000000   0.750000000000000   0.750000000000000   0.875000000000000   0.875000000000000   1.000000000000000   1.000000000000000   1.000000000000000   
0.000000000000000   0.000000000000000   1.000000000000000   1.000000000000000   
0.043253314946457   0.042388395767875   0.041501255352132   0.040976829831652   0.040533079174637   0.040051214141794   0.039611079992765   0.038319293144352   0.036963476573920   0.036475791758959   0.035892357365720   0.035399341658343   0.034882594619599   0.022254114890646   0.021671941459191   0.021089768027737   0.021089334256535   0.021088978061804   0.021088621867073   0.021088343248813   0.020373753765876   0.019659164282938   0.017971576050179   0.017917429637183   0.017863283224188   0.019442578630957   
0.024972313027681   0.026275378542055   0.027560035136108   0.028147411214551   0.028788251919460   0.029401949874280   0.030046307618180   0.031006719985343   0.031878771133612   0.032468216909216   0.032970880595965   0.033553836892698   0.034115474363091   0.017637490627364   0.017878828171615   0.018120165715867   0.018120246002234   0.018120392056894   0.018120538111554   0.018120749934506   0.018410552859525   0.018700355784543   0.017164538582108   0.017153559317032   0.017142580051957   0.018656438724241   
1.000000000000000   0.998038771541961   0.997058157312941   0.996567850198432   0.996322696641177   0.996077543083922   0.996077543083922   0.996077543083922   0.997058157312941   0.997548464427451   0.998283925099216   0.999019385770980   1.000000000000000   1.000000000000000   1.000000000000000   1.000000000000000   0.999996294820023   0.999996294820023   0.999996294820023   1.000000000000000   1.000000000000000   1.000000000000000   0.916761973377228   0.916761973377228   0.916761973377228   1.000000000000000   
PATCH 9 
2 2 
6 4 
0.000000000000000   0.000000000000000   0.000000000000000   0.250000000000000   0.500000000000000   0.750000000000000   1.000000000000000   1.000000000000000   1.000000000000000   
0.000000000000000   0.000000000000000   0.000000000000000   0.500000000000000   1.000000000000000   1.000000000000000   1.000000000000000   
0.020868951944772   0.023766392865467   0.029561274706856   0.035356156548245   0.041151038389635   0.044048479310329   0.021215242681241   0.024112683601935   0.029907565443324   0.035702447284714   0.041497329126103   0.044394770046798   0.021907824154177   0.024805265074872   0.030600146916261   0.036395028757650   0.042189910599040   0.045087351519734   0.022254114890646   0.025151555811340   0.030946437652729   0.036741319494119   0.042536201335508   0.045433642256203   
0.014296091476959   0.013094969545532   0.010692725682677   0.008290481819823   0.005888237956968   0.004687116025541   0.015131441264560   0.013930319333133   0.011528075470279   0.009125831607424   0.006723587744570   0.005522465813142   0.016802140839763   0.015601018908335   0.013198775045481   0.010796531182626   0.008394287319772   0.007193165388345   0.017637490627364   0.016436368695936   0.014034124833082   0.011631880970228   0.009229637107373   0.008028515175946   
1.000000000000000   1.000000000000000   1.000000000000000   1.000000000000000   1.000000000000000   1.000000000000000   1.000000000000000   1.000000000000000   1.000000000000000   1.000000000000000   1.000000000000000   1.000000000000000   1.000000000000000   1.000000000000000   1.000000000000000   1.000000000000000   1.000000000000000   1.000000000000000   1.000000000000000   1.000000000000000   1.000000000000000   1.000000000000000   1.000000000000000   1.000000000000000   
PATCH 10 
2 2 
13 4 
0.000000000000000   0.000000000000000   0.000000000000000   0.250000000000000   0.250000000000000   0.375000000000000   0.375000000000000   0.500000000000000   0.500000000000000   0.750000000000000   0.750000000000000   0.875000000000000   0.875000000000000   1.000000000000000   1.000000000000000   1.000000000000000   
0.000000000000000   0.000000000000000   0.000000000000000   0.500000000000000   1.000000000000000   1.000000000000000   1.000000000000000   
0.020868951944772   0.020326540844753   0.019784129744733   0.019680470549672   0.019667371966886   0.019654273384100   0.019731735413590   0.018069847836818   0.016407960260046   0.013807534298559   0.016243080683772   0.013738409008226   0.016290733647334   0.021215242681241   0.020662890998362   0.020110539315484   0.020032686476388   0.020022773490616   0.020012860504844   0.020070887372396   0.018645824319083   0.017220761265769   0.014848544736464   0.016661667922125   0.014769627562216   0.017078694893240   0.021907824154177   0.021335591305582   0.020763358456986   0.020737118329819   0.020733576538074   0.020730034746330   0.020749191290008   0.019797777283611   0.018846363277215   0.016930565612274   0.017498842398831   0.016832064670197   0.018654617385051   0.022254114890646   0.021671941459191   0.021089768027737   0.021089334256535   0.021088978061804   0.021088621867073   0.021088343248813   0.020373753765876   0.019659164282938   0.017971576050179   0.017917429637183   0.017863283224188   0.019442578630957   
0.014296091476959   0.014520945714169   0.014745799951379   0.014683050886702   0.014686495122753   0.014689939358805   0.014759576895585   0.014962109068930   0.015164641242276   0.012871357963457   0.015297973445797   0.013071818546626   0.015504593740619   0.015131441264560   0.015360416328530   0.015589391392501   0.015542349665585   0.015544969356288   0.015547589046992   0.015599870155315   0.015824220016579   0.016048569877843   0.013944653118120   0.015761869913606   0.014089508922959   0.016292554986524   0.016802140839763   0.017039357557254   0.017276574274745   0.017260947223351   0.017261917823359   0.017262888423366   0.017280456674776   0.017548441911876   0.017816427148976   0.016091243427445   0.016689662849224   0.016124889675624   0.017868477478336   0.017637490627364   0.017878828171615   0.018120165715867   0.018120246002234   0.018120392056894   0.018120538111554   0.018120749934506   0.018410552859525   0.018700355784543   0.017164538582108   0.017153559317032   0.017142580051957   0.018656438724241   
1.000000000000000   1.000000000000000   1.000000000000000   0.995392883654686   0.995392883654686   0.995392883654686   1.000000000000000   1.000000000000000   1.000000000000000   0.847928537789772   1.000000000000000   0.847928537789772   1.000000000000000   1.000000000000000   1.000000000000000   1.000000000000000   0.996543736446020   0.996543736446020   0.996543736446020   1.000000000000000   1.000000000000000   1.000000000000000   0.865136896686636   0.979190493344307   0.865136896686636   1.000000000000000   1.000000000000000   1.000000000000000   1.000000000000000   0.998845442028689   0.998845442028689   0.998845442028689   1.000000000000000   1.000000000000000   1.000000000000000   0.899553614480364   0.937571480032921   0.899553614480364   1.000000000000000   1.000000000000000   1.000000000000000   1.000000000000000   0.999996294820023   0.999996294820023   0.999996294820023   1.000000000000000   1.000000000000000   1.000000000000000   0.916761973377228   0.916761973377228   0.916761973377228   1.000000000000000   
PATCH 11 
2 1 
13 2 
0.000000000000000   0.000000000000000   0.000000000000000   0.250000000000000   0.250000000000000   0.375000000000000   0.375000000000000   0.500000000000000   0.500000000000000   0.750000000000000   0.750000000000000   0.875000000000000   0.875000000000000   1.000000000000000   1.000000000000000   1.000000000000000   
0.000000000000000   0.000000000000000   1.000000000000000   1.000000000000000   
0.043253314946457   0.042388395767875   0.041501255352132   0.040976829831652   0.040533079174637   0.040051214141794   0.039611079992765   0.038319293144352   0.036963476573920   0.036475791758959   0.035892357365720   0.035399341658343   0.034882594619599   0.043734282891114   0.043142506727484   0.042531053738569   0.042225327244111   0.041914681543332   0.041604035842553   0.041288470935453   0.040657341121252   0.040006534481766   0.039681131162023   0.039350808635958   0.039020486109894   0.038685244377508   
0.024972313027681   0.026275378542055   0.027560035136108   0.028147411214551   0.028788251919460   0.029401949874280   0.030046307618180   0.031006719985343   0.031878771133612   0.032468216909216   0.032970880595965   0.033553836892698   0.034115474363091   0.025250000000000   0.026178902508932   0.027094027156471   0.027551589480241   0.028005707338662   0.028459825197083   0.028910498590156   0.029811845376303   0.030699414301056   0.031143198763433   0.031583538760461   0.032023878757490   0.032460774289170   
1.000000000000000   0.998038771541961   0.997058157312941   0.996567850198432   0.996322696641177   0.996077543083922   0.996077543083922   0.996077543083922   0.997058157312941   0.997548464427451   0.998283925099216   0.999019385770980   1.000000000000000   1.000000000000000   0.999048674522937   0.998573011784405   0.998335180415139   0.998216264730506   0.998097349045873   0.998097349045873   0.998097349045873   0.998573011784405   0.998810843153671   0.999167590207569   0.999524337261468   1.000000000000000   
PATCH 12 
2 1 
6 2 
0.000000000000000   0.000000000000000   0.000000000000000   0.250000000000000   0.500000000000000   0.750000000000000   1.000000000000000   1.000000000000000   1.000000000000000   
0.000000000000000   0.000000000000000   1.000000000000000   1.000000000000000   
0.020868951944772   0.023766392865467   0.029561274706856   0.035356156548245   0.041151038389635   0.044048479310329   0.014550000000000   0.018237309913791   0.025611929741373   0.032986549568956   0.040361169396538   0.044048479310329   
0.014296091476959   0.013094969545532   0.010692725682677   0.008290481819823   0.005888237956968   0.004687116025541   -0.000000000000000   0.000000000000000   0.000000000000000   0.000000000000000   0.000000000000000   0.000000000000000   
1.000000000000000   1.000000000000000   1.000000000000000   1.000000000000000   1.000000000000000   1.000000000000000   1.000000000000000   1.000000000000000   1.000000000000000   1.000000000000000   1.000000000000000   1.000000000000000   
PATCH 13 
2 1 
13 2 
0.000000000000000   0.000000000000000   0.000000000000000   0.250000000000000   0.250000000000000   0.375000000000000   0.375000000000000   0.500000000000000   0.500000000000000   0.750000000000000   0.750000000000000   0.875000000000000   0.875000000000000   1.000000000000000   1.000000000000000   1.000000000000000   
0.000000000000000   0.000000000000000   1.000000000000000   1.000000000000000   
0.044048479310329   0.045218974993205   0.046389470676081   0.046192221784295   0.046205190819704   0.046218159855112   0.046441346817715   0.047217638744646   0.047993930671577   0.043197832835479   0.048160173090958   0.043322042064745   0.048217072871612   0.044048479310329   0.044792419396538   0.045536359482747   0.045908329525851   0.046280299568956   0.046652269612060   0.047024239655165   0.047768179741373   0.048512119827582   0.048884089870687   0.049256059913791   0.049628029956896   0.050000000000000   
0.004687116025541   0.004201891969616   0.003716667913691   0.003694734723338   0.003691306446697   0.003687878170056   0.003702954807127   0.003606291780152   0.003509628753177   0.003141667648845   0.003566782914253   0.003266067035882   0.003733112572136   0.000000000000000   0.000000000000000   0.000000000000000   0.000000000000000   0.000000000000000   0.000000000000000   0.000000000000000   0.000000000000000   0.000000000000000   0.000000000000000   0.000000000000000   0.000000000000000   0.000000000000000   
1.000000000000000   1.000000000000000   1.000000000000000   0.995480853309368   0.995480853309368   0.995480853309368   1.000000000000000   1.000000000000000   1.000000000000000   0.898251286771920   1.000000000000000   0.898251286771920   1.000000000000000   1.000000000000000   1.000000000000000   1.000000000000000   1.000000000000000   1.000000000000000   1.000000000000000   1.000000000000000   1.000000000000000   1.000000000000000   1.000000000000000   1.000000000000000   1.000000000000000   1.000000000000000   
PATCH 14 
2 1 
13 2 
0.000000000000000   0.000000000000000   0.000000000000000   0.250000000000000   0.250000000000000   0.375000000000000   0.375000000000000   0.500000000000000   0.500000000000000   0.750000000000000   0.750000000000000   0.875000000000000   0.875000000000000   1.000000000000000   1.000000000000000   1.000000000000000   
0.000000000000000   0.000000000000000   1.000000000000000   1.000000000000000   
0.014550000000000   0.014280797500796   0.013886955262034   0.013690034142653   0.013461953088383   0.013233872034113   0.012974631044954   0.012456149066635   0.011813027348760   0.011491466489822   0.011138745695995   0.010786024902167   0.010402144173451   0.020868951944772   0.020326540844753   0.019784129744733   0.019680470549672   0.019667371966886   0.019654273384100   0.019731735413590   0.018069847836818   0.016407960260046   0.013807534298559   0.016243080683772   0.013738409008226   0.016290733647334   
-0.000000000000000   0.001373309213591   0.002695800795226   0.003357046586044   0.004005587968872   0.004654129351701   0.005289966326541   0.006561640276220   0.007782496593943   0.008392924752805   0.008990648503678   0.009588372254550   0.010173391597434   0.014296091476959   0.014520945714169   0.014745799951379   0.014683050886702   0.014686495122753   0.014689939358805   0.014759576895585   0.014962109068930   0.015164641242276   0.012871357963457   0.015297973445797   0.013071818546626   0.015504593740619   
1.000000000000000   0.981498110020317   0.972247165030475   0.967621692535555   0.965308956288094   0.962996220040634   0.962996220040634   0.962996220040634   0.972247165030475   0.976872637525396   0.983810846267777   0.990749055010158   1.000000000000000   1.000000000000000   1.000000000000000   1.000000000000000   0.995392883654686   0.995392883654686   0.995392883654686   1.000000000000000   1.000000000000000   1.000000000000000   0.847928537789772   1.000000000000000   0.847928537789772   1.000000000000000   
PATCH 15 
2 1 
4 2 
0.000000000000000   0.000000000000000   0.000000000000000   0.500000000000000   1.000000000000000   1.000000000000000   1.000000000000000   
0.000000000000000   0.000000000000000   1.000000000000000   1.000000000000000   
0.034882594619599   0.034711208957422   0.034327435354625   0.034115474363091   0.019442578630957   0.019246043654278   0.018852973700920   0.018656438724241   
0.034115474363091   0.034327435354625   0.034711208957422   0.034882594619599   0.018656438724241   0.018852973700920   0.019246043654278   0.019442578630957   
1.000000000000000   0.999969102066636   0.999969102066636   1.000000000000000   1.000000000000000   1.000000000000000   1.000000000000000   1.000000000000000   
PATCH 16 
2 2 
4 4 
0.000000000000000   0.000000000000000   0.000000000000000   0.500000000000000   1.000000000000000   1.000000000000000   1.000000000000000   
0.000000000000000   0.000000000000000   0.000000000000000   0.500000000000000   1.000000000000000   1.000000000000000   1.000000000000000   
0.016290733647334   0.017078694893240   0.018654617385051   0.019442578630957   0.016094198670655   0.016882159916561   0.018458082408372   0.019246043654278   0.015701128717297   0.016489089963203   0.018065012455015   0.018852973700920   0.015504593740619   0.016292554986524   0.017868477478336   0.018656438724241   
0.015504593740619   0.016292554986524   0.017868477478336   0.018656438724241   0.015701128717297   0.016489089963203   0.018065012455015   0.018852973700920   0.016094198670655   0.016882159916561   0.018458082408372   0.019246043654278   0.016290733647334   0.017078694893240   0.018654617385051   0.019442578630957   
1.000000000000000   1.000000000000000   1.000000000000000   1.000000000000000   1.000000000000000   1.000000000000000   1.000000000000000   1.000000000000000   1.000000000000000   1.000000000000000   1.000000000000000   1.000000000000000   1.000000000000000   1.000000000000000   1.000000000000000   1.000000000000000   
PATCH 17 
2 1 
4 2 
0.000000000000000   0.000000000000000   0.000000000000000   0.500000000000000   1.000000000000000   1.000000000000000   1.000000000000000   
0.000000000000000   0.000000000000000   1.000000000000000   1.000000000000000   
0.016290733647334   0.016094198670655   0.015701128717297   0.015504593740619   0.010402144173451   0.010345273919858   0.010230897631849   0.010173391597434   
0.015504593740619   0.015701128717297   0.016094198670655   0.016290733647334   0.010173391597434   0.010230897631849   0.010345273919858   0.010402144173451   
1.000000000000000   1.000000000000000   1.000000000000000   1.000000000000000   1.000000000000000   0.999969102066636   0.999969102066636   1.000000000000000   
PATCH 18 
2 1 
4 2 
0.000000000000000   0.000000000000000   0.000000000000000   0.500000000000000   1.000000000000000   1.000000000000000   1.000000000000000   
0.000000000000000   0.000000000000000   1.000000000000000   1.000000000000000   
0.034882594619599   0.034711208957422   0.034327435354625   0.034115474363091   0.038685244377508   0.037197068413715   0.034084833369545   0.032460774289170   
0.034115474363091   0.034327435354625   0.034711208957422   0.034882594619599   0.032460774289170   0.034084833369545   0.037197068413715   0.038685244377508   
1.000000000000000   0.999969102066636   0.999969102066636   1.000000000000000   1.000000000000000   0.998097349045873   0.998097349045873   1.000000000000000   
PATCH 19 
2 1 
4 2 
0.000000000000000   0.000000000000000   0.000000000000000   0.500000000000000   1.000000000000000   1.000000000000000   1.000000000000000   
0.000000000000000   0.000000000000000   1.000000000000000   1.000000000000000   
0.000000000000000   0.002178893568691   0.006520098010365   0.008682408883347   0.000000000000000   0.002200682504378   0.006585298990468   0.008769232972180   
0.050000000000000   0.049904867452294   0.049525061277599   0.049240387650610   0.050500000000000   0.050403916126817   0.050020311890375   0.049732791527117   
1.000000000000000   0.998097349045873   0.998097349045873   1.000000000000000   1.000000000000000   0.998097349045873   0.998097349045873   1.000000000000000   
PATCH 20 
2 1 
4 2 
0.000000000000000   0.000000000000000   0.000000000000000   0.500000000000000   1.000000000000000   1.000000000000000   1.000000000000000   
0.000000000000000   0.000000000000000   1.000000000000000   1.000000000000000   
0.003733112572136   0.004722017955251   0.006699828721479   0.007688734104594   0.000000000000000   0.002178893568691   0.006520098010365   0.008682408883347   
0.048217072871612   0.048092398894706   0.047843050940896   0.047718376963990   0.050000000000000   0.049904867452294   0.049525061277599   0.049240387650610   
1.000000000000000   1.000000000000000   1.000000000000000   1.000000000000000   1.000000000000000   0.998097349045873   0.998097349045873   1.000000000000000   
PATCH 21 
2 1 
13 2 
0.000000000000000   0.000000000000000   0.000000000000000   0.125000000000000   0.125000000000000   0.250000000000000   0.250000000000000   0.500000000000000   0.500000000000000   0.625000000000000   0.625000000000000   0.750000000000000   0.750000000000000   1.000000000000000   1.000000000000000   1.000000000000000   
0.000000000000000   0.000000000000000   1.000000000000000   1.000000000000000   
0.007688734104594   0.006700423604789   0.006744033721520   0.006787643838251   0.007863174571518   0.007812504654731   0.007761834737943   0.007654953141972   0.007658628837852   0.007662304533732   0.007776537521463   0.007902526348705   0.008028515175946   0.008682408883347   0.009214726804819   0.009556962389832   0.010146674461345   0.010665954907930   0.011699897653623   0.012748559227322   0.013267225087232   0.013791283667701   0.014336985087069   0.014897048603532   0.015953150030659   0.016987557045302   
0.047718376963990   0.041152037130787   0.041098747826098   0.041045458521410   0.047505219745236   0.046819009685603   0.046132799625970   0.045484604377926   0.045461775121320   0.045438945864715   0.046041482599548   0.045737562427875   0.045433642256203   0.049240387650610   0.049122375608591   0.048050658387253   0.048258427210063   0.048115744643058   0.047815686906880   0.047578270759665   0.047436749613302   0.047313463180834   0.047259833489682   0.047243979079319   0.046994860516269   0.046672929393665   
1.000000000000000   0.862574396658795   0.862574396658795   0.862574396658795   1.000000000000000   1.000000000000000   1.000000000000000   0.986449234315425   0.986449234315425   0.986449234315425   1.000000000000000   1.000000000000000   1.000000000000000   1.000000000000000   0.999524337261468   0.999167590207569   0.998810843153671   0.998573011784405   0.998097349045873   0.998097349045873   0.998097349045873   0.998216264730506   0.998335180415139   0.998573011784404   0.999048674522936   1.000000000000000   
PATCH 22 
2 2 
13 4 
0.000000000000000   0.000000000000000   0.000000000000000   0.250000000000000   0.250000000000000   0.375000000000000   0.375000000000000   0.500000000000000   0.500000000000000   0.750000000000000   0.750000000000000   0.875000000000000   0.875000000000000   1.000000000000000   1.000000000000000   1.000000000000000   
0.000000000000000   0.000000000000000   0.000000000000000   0.500000000000000   1.000000000000000   1.000000000000000   1.000000000000000   
0.004687116025541   0.004201891969616   0.003716667913691   0.003694734723338   0.003691306446697   0.003687878170056   0.003702954807127   0.003606291780152   0.003509628753177   0.003141667648845   0.003566782914253   0.003266067035882   0.003733112572136   0.005522465813142   0.005127050564388   0.004731635315634   0.004686627175936   0.004683137044486   0.004679646913035   0.004717674789831   0.004657844998797   0.004598015207763   0.004053161696197   0.004361095616070   0.004124656178109   0.004722017955251   0.007193165388345   0.006977367753932   0.006761570119520   0.006670412081133   0.006666798240063   0.006663184398993   0.006747114755239   0.006760951436086   0.006774788116933   0.005876149790900   0.005949721019703   0.005841834462562   0.006699828721479   0.008028515175946   0.007902526348705   0.007776537521463   0.007662304533732   0.007658628837852   0.007654953141972   0.007761834737943   0.007812504654731   0.007863174571518   0.006787643838251   0.006744033721520   0.006700423604789   0.007688734104594   
0.044048479310329   0.045218974993205   0.046389470676081   0.046192221784295   0.046205190819704   0.046218159855112   0.046441346817715   0.047217638744646   0.047993930671577   0.043197832835479   0.048160173090958   0.043322042064745   0.048217072871612   0.044394770046798   0.045348621851873   0.046302473656948   0.046003902804400   0.046019336895108   0.046034770985816   0.046364210019779   0.047117981479885   0.047871752939992   0.042659739256961   0.046394816774743   0.042779540831255   0.048092398894706   0.045087351519734   0.045607915569208   0.046128479618681   0.045627264844610   0.045647629045916   0.045667993247222   0.046209936423906   0.046918666950364   0.047627397476821   0.041583552099927   0.042864104142313   0.041694538364276   0.047843050940896   0.045433642256203   0.045737562427875   0.046041482599548   0.045438945864715   0.045461775121320   0.045484604377926   0.046132799625970   0.046819009685603   0.047505219745236   0.041045458521410   0.041098747826098   0.041152037130787   0.047718376963990   
1.000000000000000   1.000000000000000   1.000000000000000   0.995480853309368   0.995480853309368   0.995480853309368   1.000000000000000   1.000000000000000   1.000000000000000   0.898251286771920   1.000000000000000   0.898251286771920   1.000000000000000   1.000000000000000   1.000000000000000   1.000000000000000   0.993222948560882   0.993222948560882   0.993222948560882   1.000000000000000   1.000000000000000   1.000000000000000   0.889332064243639   0.965643599164699   0.889332064243639   1.000000000000000   1.000000000000000   1.000000000000000   1.000000000000000   0.988707139063911   0.988707139063911   0.988707139063911   1.000000000000000   1.000000000000000   1.000000000000000   0.871493619187076   0.896930797494096   0.871493619187076   1.000000000000000   1.000000000000000   1.000000000000000   1.000000000000000   0.986449234315425   0.986449234315425   0.986449234315425   1.000000000000000   1.000000000000000   1.000000000000000   0.862574396658795   0.862574396658795   0.862574396658795   1.000000000000000   
PATCH 23 
2 1 
13 2 
0.000000000000000   0.000000000000000   0.000000000000000   0.125000000000000   0.125000000000000   0.250000000000000   0.250000000000000   0.500000000000000   0.500000000000000   0.625000000000000   0.625000000000000   0.750000000000000   0.750000000000000   1.000000000000000   1.000000000000000   1.000000000000000   
0.000000000000000   0.000000000000000   1.000000000000000   1.000000000000000   
0.008682408883347   0.009214726804819   0.009556962389832   0.010146674461345   0.010665954907930   0.011699897653623   0.012748559227322   0.013267225087232   0.013791283667701   0.014336985087069   0.014897048603532   0.015953150030659   0.016987557045302   0.008769232972180   0.009306874072867   0.009842960902535   0.010379047732203   0.010913580290852   0.011982645408149   0.013045493441370   0.013576917457981   0.014106787203572   0.014636656949163   0.015164972423735   0.016221603372879   0.017272017237946   
0.049240387650610   0.049122375608591   0.048050658387253   0.048258427210063   0.048115744643058   0.047815686906880   0.047578270759665   0.047436749613302   0.047313463180834   0.047259833489682   0.047243979079319   0.046994860516269   0.046672929393665   0.049732791527117   0.049613599364677   0.049488606583825   0.049363613802972   0.049232820403708   0.048971233605179   0.048686444333000   0.048544049696911   0.048395854442409   0.048247659187908   0.048093663314994   0.047785671569166   0.047454477349688   
1.000000000000000   0.999524337261468   0.999167590207569   0.998810843153671   0.998573011784405   0.998097349045873   0.998097349045873   0.998097349045873   0.998216264730506   0.998335180415139   0.998573011784404   0.999048674522936   1.000000000000000   1.000000000000000   0.999524337261468   0.999167590207569   0.998810843153671   0.998573011784405   0.998097349045873   0.998097349045873   0.998097349045873   0.998216264730506   0.998335180415139   0.998573011784404   0.999048674522936   1.000000000000000   
PATCH 24 
2 1 
6 2 
0.000000000000000   0.000000000000000   0.000000000000000   0.250000000000000   0.500000000000000   0.750000000000000   1.000000000000000   1.000000000000000   1.000000000000000   
0.000000000000000   0.000000000000000   1.000000000000000   1.000000000000000   
0.016987557045302   0.018053087470402   0.020015545060922   0.021972100815221   0.023892211993013   0.024972313027681   0.017272017237946   0.018289568482936   0.020304367573183   0.022298863263696   0.024273055554476   0.025250000000000   
0.046672929393665   0.046424865205792   0.045490068400846   0.044553846031170   0.043548678934657   0.043253314946457   0.047454477349688   0.047032993823604   0.046146485990198   0.045216437375554   0.044242847979673   0.043734282891114   
1.000000000000000   0.999048674522936   0.998097349045873   0.998097349045873   0.999048674522936   1.000000000000000   1.000000000000000   0.999048674522936   0.998097349045873   0.998097349045873   0.999048674522936   1.000000000000000   
PATCH 25 
2 1 
6 2 
0.000000000000000   0.000000000000000   0.000000000000000   0.250000000000000   0.500000000000000   0.750000000000000   1.000000000000000   1.000000000000000   1.000000000000000   
0.000000000000000   0.000000000000000   1.000000000000000   1.000000000000000   
0.016987557045302   0.018053087470402   0.020015545060922   0.021972100815221   0.023892211993013   0.024972313027681   0.008028515175946   0.009229637107373   0.011631880970228   0.014034124833082   0.016436368695936   0.017637490627364   
0.046672929393665   0.046424865205792   0.045490068400846   0.044553846031170   0.043548678934657   0.043253314946457   0.045433642256203   0.042536201335508   0.036741319494119   0.030946437652729   0.025151555811340   0.022254114890646   
1.000000000000000   0.999048674522936   0.998097349045873   0.998097349045873   0.999048674522936   1.000000000000000   1.000000000000000   1.000000000000000   1.000000000000000   1.000000000000000   1.000000000000000   1.000000000000000   
PATCH 26 
2 1 
13 2 
0.000000000000000   0.000000000000000   0.000000000000000   0.250000000000000   0.250000000000000   0.375000000000000   0.375000000000000   0.500000000000000   0.500000000000000   0.750000000000000   0.750000000000000   0.875000000000000   0.875000000000000   1.000000000000000   1.000000000000000   1.000000000000000   
0.000000000000000   0.000000000000000   1.000000000000000   1.000000000000000   
0.024972313027681   0.026275378542055   0.027560035136108   0.028147411214551   0.028788251919460   0.029401949874280   0.030046307618180   0.031006719985343   0.031878771133612   0.032468216909216   0.032970880595965   0.033553836892698   0.034115474363091   0.017637490627364   0.017878828171615   0.018120165715867   0.018120246002234   0.018120392056894   0.018120538111554   0.018120749934506   0.018410552859525   0.018700355784543   0.017164538582108   0.017153559317032   0.017142580051957   0.018656438724241   
0.043253314946457   0.042388395767875   0.041501255352132   0.040976829831652   0.040533079174637   0.040051214141794   0.039611079992765   0.038319293144352   0.036963476573920   0.036475791758959   0.035892357365720   0.035399341658343   0.034882594619599   0.022254114890646   0.021671941459191   0.021089768027737   0.021089334256535   0.021088978061804   0.021088621867073   0.021088343248813   0.020373753765876   0.019659164282938   0.017971576050179   0.017917429637183   0.017863283224188   0.019442578630957   
1.000000000000000   0.998038771541961   0.997058157312941   0.996567850198432   0.996322696641177   0.996077543083922   0.996077543083922   0.996077543083922   0.997058157312941   0.997548464427451   0.998283925099216   0.999019385770980   1.000000000000000   1.000000000000000   1.000000000000000   1.000000000000000   0.999996294820023   0.999996294820023   0.999996294820023   1.000000000000000   1.000000000000000   1.000000000000000   0.916761973377228   0.916761973377228   0.916761973377228   1.000000000000000   
PATCH 27 
2 2 
6 4 
0.000000000000000   0.000000000000000   0.000000000000000   0.250000000000000   0.500000000000000   0.750000000000000   1.000000000000000   1.000000000000000   1.000000000000000   
0.000000000000000   0.000000000000000   0.000000000000000   0.500000000000000   1.000000000000000   1.000000000000000   1.000000000000000   
0.014296091476959   0.013094969545532   0.010692725682677   0.008290481819823   0.005888237956968   0.004687116025541   0.015131441264560   0.013930319333133   0.011528075470279   0.009125831607424   0.006723587744570   0.005522465813142   0.016802140839763   0.015601018908335   0.013198775045481   0.010796531182626   0.008394287319772   0.007193165388345   0.017637490627364   0.016436368695936   0.014034124833082   0.011631880970228   0.009229637107373   0.008028515175946   
0.020868951944772   0.023766392865467   0.029561274706856   0.035356156548245   0.041151038389635   0.044048479310329   0.021215242681241   0.024112683601935   0.029907565443324   0.035702447284714   0.041497329126103   0.044394770046798   0.021907824154177   0.024805265074872   0.030600146916261   0.036395028757650   0.042189910599040   0.045087351519734   0.022254114890646   0.025151555811340   0.030946437652729   0.036741319494119   0.042536201335508   0.045433642256203   
1.000000000000000   1.000000000000000   1.000000000000000   1.000000000000000   1.000000000000000   1.000000000000000   1.000000000000000   1.000000000000000   1.000000000000000   1.000000000000000   1.000000000000000   1.000000000000000   1.000000000000000   1.000000000000000   1.000000000000000   1.000000000000000   1.000000000000000   1.000000000000000   1.000000000000000   1.000000000000000   1.000000000000000   1.000000000000000   1.000000000000000   1.000000000000000   
PATCH 28 
2 2 
13 4 
0.000000000000000   0.000000000000000   0.000000000000000   0.250000000000000   0.250000000000000   0.375000000000000   0.375000000000000   0.500000000000000   0.500000000000000   0.750000000000000   0.750000000000000   0.875000000000000   0.875000000000000   1.000000000000000   1.000000000000000   1.000000000000000   
0.000000000000000   0.000000000000000   0.000000000000000   0.500000000000000   1.000000000000000   1.000000000000000   1.000000000000000   
0.014296091476959   0.014520945714169   0.014745799951379   0.014683050886702   0.014686495122753   0.014689939358805   0.014759576895585   0.014962109068930   0.015164641242276   0.012871357963457   0.015297973445797   0.013071818546626   0.015504593740619   0.015131441264560   0.015360416328530   0.015589391392501   0.015542349665585   0.015544969356288   0.015547589046992   0.015599870155315   0.015824220016579   0.016048569877843   0.013944653118120   0.015761869913606   0.014089508922959   0.016292554986524   0.016802140839763   0.017039357557254   0.017276574274745   0.017260947223351   0.017261917823359   0.017262888423366   0.017280456674776   0.017548441911876   0.017816427148976   0.016091243427445   0.016689662849224   0.016124889675624   0.017868477478336   0.017637490627364   0.017878828171615   0.018120165715867   0.018120246002234   0.018120392056894   0.018120538111554   0.018120749934506   0.018410552859525   0.018700355784543   0.017164538582108   0.017153559317032   0.017142580051957   0.018656438724241   
0.020868951944772   0.020326540844753   0.019784129744733   0.019680470549672   0.019667371966886   0.019654273384100   0.019731735413590   0.018069847836818   0.016407960260046   0.013807534298559   0.016243080683772   0.013738409008226   0.016290733647334   0.021215242681241   0.020662890998362   0.020110539315484   0.020032686476388   0.020022773490616   0.020012860504844   0.020070887372396   0.018645824319083   0.017220761265769   0.014848544736464   0.016661667922125   0.014769627562216   0.017078694893240   0.021907824154177   0.021335591305582   0.020763358456986   0.020737118329819   0.020733576538074   0.020730034746330   0.020749191290008   0.019797777283611   0.018846363277215   0.016930565612274   0.017498842398831   0.016832064670197   0.018654617385051   0.022254114890646   0.021671941459191   0.021089768027737   0.021089334256535   0.021088978061804   0.021088621867073   0.021088343248813   0.020373753765876   0.019659164282938   0.017971576050179   0.017917429637183   0.017863283224188   0.019442578630957   
1.000000000000000   1.000000000000000   1.000000000000000   0.995392883654686   0.995392883654686   0.995392883654686   1.000000000000000   1.000000000000000   1.000000000000000   0.847928537789772   1.000000000000000   0.847928537789772   1.000000000000000   1.000000000000000   1.000000000000000   1.000000000000000   0.996543736446020   0.996543736446020   0.996543736446020   1.000000000000000   1.000000000000000   1.000000000000000   0.865136896686636   0.979190493344307   0.865136896686636   1.000000000000000   1.000000000000000   1.000000000000000   1.000000000000000   0.998845442028689   0.998845442028689   0.998845442028689   1.000000000000000   1.000000000000000   1.000000000000000   0.899553614480364   0.937571480032921   0.899553614480364   1.000000000000000   1.000000000000000   1.000000000000000   1.000000000000000   0.999996294820023   0.999996294820023   0.999996294820023   1.000000000000000   1.000000000000000   1.000000000000000   0.916761973377228   0.916761973377228   0.916761973377228   1.000000000000000   
PATCH 29 
2 1 
13 2 
0.000000000000000   0.000000000000000   0.000000000000000   0.250000000000000   0.250000000000000   0.375000000000000   0.375000000000000   0.500000000000000   0.500000000000000   0.750000000000000   0.750000000000000   0.875000000000000   0.875000000000000   1.000000000000000   1.000000000000000   1.000000000000000   
0.000000000000000   0.000000000000000   1.000000000000000   1.000000000000000   
0.024972313027681   0.026275378542055   0.027560035136108   0.028147411214551   0.028788251919460   0.029401949874280   0.030046307618180   0.031006719985343   0.031878771133612   0.032468216909216   0.032970880595965   0.033553836892698   0.034115474363091   0.025250000000000   0.026178902508932   0.027094027156471   0.027551589480241   0.028005707338662   0.028459825197083   0.028910498590156   0.029811845376303   0.030699414301056   0.031143198763433   0.031583538760461   0.032023878757490   0.032460774289170   
0.043253314946457   0.042388395767875   0.041501255352132   0.040976829831652   0.040533079174637   0.040051214141794   0.039611079992765   0.038319293144352   0.036963476573920   0.036475791758959   0.035892357365720   0.035399341658343   0.034882594619599   0.043734282891114   0.043142506727484   0.042531053738569   0.042225327244111   0.041914681543332   0.041604035842553   0.041288470935453   0.040657341121252   0.040006534481766   0.039681131162023   0.039350808635958   0.039020486109894   0.038685244377508   
1.000000000000000   0.998038771541961   0.997058157312941   0.996567850198432   0.996322696641177   0.996077543083922   0.996077543083922   0.996077543083922   0.997058157312941   0.997548464427451   0.998283925099216   0.999019385770980   1.000000000000000   1.000000000000000   0.999048674522937   0.998573011784405   0.998335180415139   0.998216264730506   0.998097349045873   0.998097349045873   0.998097349045873   0.998573011784405   0.998810843153671   0.999167590207569   0.999524337261468   1.000000000000000   
PATCH 30 
2 1 
6 2 
0.000000000000000   0.000000000000000   0.000000000000000   0.250000000000000   0.500000000000000   0.750000000000000   1.000000000000000   1.000000000000000   1.000000000000000   
0.000000000000000   0.000000000000000   1.000000000000000   1.000000000000000   
0.014296091476959   0.013094969545532   0.010692725682677   0.008290481819823   0.005888237956968   0.004687116025541   0.000000000000000   0.000000000000000   0.000000000000000   0.000000000000000   0.000000000000000   0.000000000000000   
0.020868951944772   0.023766392865467   0.029561274706856   0.035356156548245   0.041151038389635   0.044048479310329   0.014550000000000   0.018237309913791   0.025611929741373   0.032986549568956   0.040361169396538   0.044048479310329   
1.000000000000000   1.000000000000000   1.000000000000000   1.000000000000000   1.000000000000000   1.000000000000000   1.000000000000000   1.000000000000000   1.000000000000000   1.000000000000000   1.000000000000000   1.000000000000000   
PATCH 31 
2 1 
13 2 
0.000000000000000   0.000000000000000   0.000000000000000   0.250000000000000   0.250000000000000   0.375000000000000   0.375000000000000   0.500000000000000   0.500000000000000   0.750000000000000   0.750000000000000   0.875000000000000   0.875000000000000   1.000000000000000   1.000000000000000   1.000000000000000   
0.000000000000000   0.000000000000000   1.000000000000000   1.000000000000000   
0.004687116025541   0.004201891969616   0.003716667913691   0.003694734723338   0.003691306446697   0.003687878170056   0.003702954807127   0.003606291780152   0.003509628753177   0.003141667648845   0.003566782914253   0.003266067035882   0.003733112572136   0.000000000000000   0.000000000000000   0.000000000000000   0.000000000000000   0.000000000000000   0.000000000000000   0.000000000000000   0.000000000000000   0.000000000000000   0.000000000000000   0.000000000000000   0.000000000000000   0.000000000000000   
0.044048479310329   0.045218974993205   0.046389470676081   0.046192221784295   0.046205190819704   0.046218159855112   0.046441346817715   0.047217638744646   0.047993930671577   0.043197832835479   0.048160173090958   0.043322042064745   0.048217072871612   0.044048479310329   0.044792419396538   0.045536359482747   0.045908329525851   0.046280299568956   0.046652269612060   0.047024239655165   0.047768179741373   0.048512119827582   0.048884089870687   0.049256059913791   0.049628029956896   0.050000000000000   
1.000000000000000   1.000000000000000   1.000000000000000   0.995480853309368   0.995480853309368   0.995480853309368   1.000000000000000   1.000000000000000   1.000000000000000   0.898251286771920   1.000000000000000   0.898251286771920   1.000000000000000   1.000000000000000   1.000000000000000   1.000000000000000   1.000000000000000   1.000000000000000   1.000000000000000   1.000000000000000   1.000000000000000   1.000000000000000   1.000000000000000   1.000000000000000   1.000000000000000   1.000000000000000   
PATCH 32 
2 1 
13 2 
0.000000000000000   0.000000000000000   0.000000000000000   0.250000000000000   0.250000000000000   0.375000000000000   0.375000000000000   0.500000000000000   0.500000000000000   0.750000000000000   0.750000000000000   0.875000000000000   0.875000000000000   1.000000000000000   1.000000000000000   1.000000000000000   
0.000000000000000   0.000000000000000   1.000000000000000   1.000000000000000   
0.000000000000000   0.001373309213591   0.002695800795226   0.003357046586044   0.004005587968872   0.004654129351701   0.005289966326541   0.006561640276220   0.007782496593943   0.008392924752805   0.008990648503678   0.009588372254550   0.010173391597434   0.014296091476959   0.014520945714169   0.014745799951379   0.014683050886702   0.014686495122753   0.014689939358805   0.014759576895585   0.014962109068930   0.015164641242276   0.012871357963457   0.015297973445797   0.013071818546626   0.015504593740619   
0.014550000000000   0.014280797500796   0.013886955262034   0.013690034142653   0.013461953088383   0.013233872034113   0.012974631044954   0.012456149066635   0.011813027348760   0.011491466489822   0.011138745695995   0.010786024902167   0.010402144173451   0.020868951944772   0.020326540844753   0.019784129744733   0.019680470549672   0.019667371966886   0.019654273384100   0.019731735413590   0.018069847836818   0.016407960260046   0.013807534298559   0.016243080683772   0.013738409008226   0.016290733647334   
1.000000000000000   0.981498110020317   0.972247165030475   0.967621692535555   0.965308956288094   0.962996220040634   0.962996220040634   0.962996220040634   0.972247165030475   0.976872637525396   0.983810846267777   0.990749055010158   1.000000000000000   1.000000000000000   1.000000000000000   1.000000000000000   0.995392883654686   0.995392883654686   0.995392883654686   1.000000000000000   1.000000000000000   1.000000000000000   0.847928537789772   1.000000000000000   0.847928537789772   1.000000000000000   
INTERFACE 1 
1 2 
5 1 
1 
INTERFACE 2 
1 3 
2 4 
1 
INTERFACE 3 
2 1 
13 2 
1 
INTERFACE 4 
2 2 
3 1 
1 
INTERFACE 5 
2 3 
4 2 
1 
INTERFACE 6 
3 2 
7 1 
-1 
INTERFACE 7 
3 3 
4 4 
-1 
INTERFACE 8 
3 4 
5 3 
1 
INTERFACE 9 
4 1 
9 2 
1 
INTERFACE 10 
4 3 
13 3 
1 
INTERFACE 11 
5 2 
6 1 
1 
INTERFACE 12 
6 2 
11 1 
1 
INTERFACE 13 
6 3 
7 3 
1 
INTERFACE 14 
7 2 
8 1 
1 
INTERFACE 15 
7 4 
9 4 
-1 
INTERFACE 16 
8 2 
15 1 
1 
INTERFACE 17 
8 3 
11 3 
1 
INTERFACE 18 
8 4 
10 4 
1 
INTERFACE 19 
9 1 
10 1 
1 
INTERFACE 20 
9 3 
12 3 
1 
INTERFACE 21 
10 2 
16 3 
1 
INTERFACE 22 
10 3 
14 4 
1 
INTERFACE 23 
11 2 
18 1 
1 
INTERFACE 24 
12 1 
14 1 
-1 
INTERFACE 25 
12 2 
13 1 
1 
INTERFACE 26 
14 2 
17 1 
-1 
INTERFACE 27 
15 2 
26 2 
1 
INTERFACE 28 
15 3 
18 3 
1 
INTERFACE 29 
15 4 
16 2 
1 
INTERFACE 30 
16 1 
17 3 
1 
INTERFACE 31 
16 4 
28 2 
1 
INTERFACE 32 
17 2 
32 2 
-1 
INTERFACE 33 
18 2 
29 2 
1 
INTERFACE 34 
19 2 
23 1 
1 
INTERFACE 35 
19 3 
20 4 
1 
INTERFACE 36 
20 1 
31 2 
1 
INTERFACE 37 
20 2 
21 1 
1 
INTERFACE 38 
20 3 
22 2 
1 
INTERFACE 39 
21 2 
25 1 
-1 
INTERFACE 40 
21 3 
22 4 
-1 
INTERFACE 41 
21 4 
23 3 
1 
INTERFACE 42 
22 1 
27 2 
1 
INTERFACE 43 
22 3 
31 3 
1 
INTERFACE 44 
23 2 
24 1 
1 
INTERFACE 45 
24 2 
29 1 
1 
INTERFACE 46 
24 3 
25 3 
1 
INTERFACE 47 
25 2 
26 1 
1 
INTERFACE 48 
25 4 
27 4 
-1 
INTERFACE 49 
26 3 
29 3 
1 
INTERFACE 50 
26 4 
28 4 
1 
INTERFACE 51 
27 1 
28 1 
1 
INTERFACE 52 
27 3 
30 3 
1 
INTERFACE 53 
28 3 
32 4 
1 
INTERFACE 54 
30 1 
32 1 
-1 
INTERFACE 55 
30 2 
31 1 
1 
BOUNDARY 1 
1 
1 1 
BOUNDARY 2 
1 
1 4 
BOUNDARY 3 
1 
5 4 
BOUNDARY 4 
1 
6 4 
BOUNDARY 5 
1 
11 4 
BOUNDARY 6 
1 
12 4 
BOUNDARY 7 
1 
13 4 
BOUNDARY 8 
1 
14 3 
BOUNDARY 9 
1 
17 4 
BOUNDARY 10 
1 
18 4 
BOUNDARY 11 
1 
19 1 
BOUNDARY 12 
1 
19 4 
BOUNDARY 13 
1 
23 4 
BOUNDARY 14 
1 
24 4 
BOUNDARY 15 
1 
29 4 
BOUNDARY 16 
1 
30 4 
BOUNDARY 17 
1 
31 4 
BOUNDARY 18 
1 
32 3 
