# nurbs mesh v.2.1
#
# 13-Jul-2024
#
2 2 32 55 0 
PATCH 1 
2 1 
4 2 
0.000000000000000   0.000000000000000   0.000000000000000   0.500000000000000   1.000000000000000   1.000000000000000   1.000000000000000   
0.000000000000000   0.000000000000000   1.000000000000000   1.000000000000000   
0.050000000000000   0.049904867452294   0.049525061277599   0.049240387650610   0.050500000000000   0.050403916126817   0.050020311890375   0.049732791527117   
0.000000000000000   0.002178893568691   0.006520098010365   0.008682408883347   0.000000000000000   0.002200682504378   0.006585298990468   0.008769232972180   
1.000000000000000   0.998097349045873   0.998097349045873   1.000000000000000   1.000000000000000   0.998097349045873   0.998097349045873   1.000000000000000   
PATCH 2 
2 1 
4 2 
0.000000000000000   0.000000000000000   0.000000000000000   0.500000000000000   1.000000000000000   1.000000000000000   1.000000000000000   
0.000000000000000   0.000000000000000   1.000000000000000   1.000000000000000   
0.048274932812130   0.047690296150137   0.046521022826150   0.045936386164156   0.050000000000000   0.049904867452294   0.049525061277599   0.049240387650610   
0.001474605505797   0.002774200969569   0.005373391897112   0.006672987360884   0.000000000000000   0.002178893568691   0.006520098010365   0.008682408883347   
1.000000000000000   1.000000000000000   1.000000000000000   1.000000000000000   1.000000000000000   0.998097349045873   0.998097349045873   1.000000000000000   
PATCH 3 
2 1 
13 2 
0.000000000000000   0.000000000000000   0.000000000000000   0.125000000000000   0.125000000000000   0.250000000000000   0.250000000000000   0.500000000000000   0.500000000000000   0.625000000000000   0.625000000000000   0.750000000000000   0.750000000000000   1.000000000000000   1.000000000000000   1.000000000000000   
0.000000000000000   0.000000000000000   1.000000000000000   1.000000000000000   
0.045936386164156   0.042653672221106   0.042611529286682   0.042569386352257   0.045767814426459   0.045354316569277   0.044940818712095   0.044152851001017   0.044128423083463   0.044103995165909   0.044843107041878   0.044657350569934   0.044471594097990   0.049240387650610   0.049122375608591   0.048998620380024   0.048874865151458   0.048745366736344   0.048486369906118   0.048204400329703   0.048063415541496   0.047916687566742   0.047769959591988   0.047617488430687   0.047312546108085   0.046984631039295   
0.006672987360884   0.006246026740458   0.006275394247449   0.006304761754439   0.006790457388847   0.006819102890169   0.006847748391492   0.006733393986811   0.006741771258778   0.006750148530744   0.006881257479358   0.007006055851667   0.007130854223977   0.008682408883347   0.009214726804819   0.009745505844094   0.010276284883369   0.010805525040447   0.011864005354603   0.012916330139971   0.013442492532654   0.013967116043140   0.014491739553627   0.015014824181916   0.016060993438494   0.017101007166283   
1.000000000000000   0.928996579568196   0.928996579568196   0.928996579568196   1.000000000000000   1.000000000000000   1.000000000000000   0.983039805770810   0.983039805770810   0.983039805770810   1.000000000000000   1.000000000000000   1.000000000000000   1.000000000000000   0.999524337261468   0.999167590207569   0.998810843153671   0.998573011784405   0.998097349045873   0.998097349045873   0.998097349045873   0.998216264730506   0.998335180415139   0.998573011784404   0.999048674522936   1.000000000000000   
PATCH 4 
2 2 
13 4 
0.000000000000000   0.000000000000000   0.000000000000000   0.250000000000000   0.250000000000000   0.375000000000000   0.375000000000000   0.500000000000000   0.500000000000000   0.750000000000000   0.750000000000000   0.875000000000000   0.875000000000000   1.000000000000000   1.000000000000000   1.000000000000000   
0.000000000000000   0.000000000000000   0.000000000000000   0.500000000000000   1.000000000000000   1.000000000000000   1.000000000000000   
0.042609751847137   0.044259787051386   0.045909822255635   0.045829062509614   0.045836723709172   0.045844384908730   0.045940467053867   0.046976058544243   0.048011650034618   0.039662121189076   0.048234409791345   0.039821892805321   0.048274932812130   0.043075212409850   0.044359177931023   0.045643143452196   0.045397795673688   0.045409648552745   0.045421501431802   0.045690554968424   0.046570623050501   0.047450691132578   0.040388937479871   0.046828689665179   0.040529837659267   0.047690296150137   0.044006133535277   0.044557959690297   0.045109785845317   0.044535262001835   0.044555498239890   0.044575734477945   0.045190730797538   0.045759752063018   0.046328773328499   0.041842570061462   0.044017249412848   0.041945727367160   0.046521022826150   0.044471594097990   0.044657350569934   0.044843107041878   0.044103995165909   0.044128423083463   0.044152851001017   0.044940818712095   0.045354316569277   0.045767814426459   0.042569386352257   0.042611529286682   0.042653672221106   0.045936386164156   
0.004359590132674   0.003251032753279   0.002142475373885   0.002133488635379   0.002129263693233   0.002125038751087   0.002125575605301   0.001667608425861   0.001209641246421   0.000950826942965   0.001251583251723   0.001111618956661   0.001474605505797   0.005052406155500   0.004189788527876   0.003327170900253   0.003287653609220   0.003282390584619   0.003277127560018   0.003306118801848   0.002955482041938   0.002604845282028   0.002289310645834   0.002507536000654   0.002395220902610   0.002774200969569   0.006438038201151   0.006067300077070   0.005696561952989   0.005595983556903   0.005588644367391   0.005581305177880   0.005667205194944   0.005531229274092   0.005395253353240   0.004966278051571   0.005019441498517   0.004962424794509   0.005373391897112   0.007130854223977   0.007006055851667   0.006881257479358   0.006750148530744   0.006741771258778   0.006733393986811   0.006847748391492   0.006819102890169   0.006790457388847   0.006304761754439   0.006275394247449   0.006246026740458   0.006672987360884   
1.000000000000000   1.000000000000000   1.000000000000000   0.998082721171756   0.998082721171756   0.998082721171756   1.000000000000000   1.000000000000000   1.000000000000000   0.823934762944469   1.000000000000000   0.823934762944469   1.000000000000000   1.000000000000000   1.000000000000000   1.000000000000000   0.994321992321520   0.994321992321520   0.994321992321520   1.000000000000000   1.000000000000000   1.000000000000000   0.850200217100400   0.982249144892049   0.850200217100400   1.000000000000000   1.000000000000000   1.000000000000000   1.000000000000000   0.986800534621047   0.986800534621047   0.986800534621047   1.000000000000000   1.000000000000000   1.000000000000000   0.902731125412264   0.946747434676147   0.902731125412264   1.000000000000000   1.000000000000000   1.000000000000000   1.000000000000000   0.983039805770810   0.983039805770810   0.983039805770810   1.000000000000000   1.000000000000000   1.000000000000000   0.928996579568196   0.928996579568196   0.928996579568196   1.000000000000000   
PATCH 5 
2 1 
13 2 
0.000000000000000   0.000000000000000   0.000000000000000   0.125000000000000   0.125000000000000   0.250000000000000   0.250000000000000   0.500000000000000   0.500000000000000   0.625000000000000   0.625000000000000   0.750000000000000   0.750000000000000   1.000000000000000   1.000000000000000   1.000000000000000   
0.000000000000000   0.000000000000000   1.000000000000000   1.000000000000000   
0.049240387650610   0.049122375608591   0.048998620380024   0.048874865151458   0.048745366736344   0.048486369906118   0.048204400329703   0.048063415541496   0.047916687566742   0.047769959591988   0.047617488430687   0.047312546108085   0.046984631039295   0.049732791527117   0.049613599364677   0.049488606583825   0.049363613802972   0.049232820403708   0.048971233605179   0.048686444333000   0.048544049696911   0.048395854442409   0.048247659187908   0.048093663314994   0.047785671569166   0.047454477349688   
0.008682408883347   0.009214726804819   0.009745505844094   0.010276284883369   0.010805525040447   0.011864005354603   0.012916330139971   0.013442492532654   0.013967116043140   0.014491739553627   0.015014824181916   0.016060993438494   0.017101007166283   0.008769232972180   0.009306874072867   0.009842960902535   0.010379047732203   0.010913580290852   0.011982645408149   0.013045493441370   0.013576917457981   0.014106787203572   0.014636656949163   0.015164972423735   0.016221603372879   0.017272017237946   
1.000000000000000   0.999524337261468   0.999167590207569   0.998810843153671   0.998573011784405   0.998097349045873   0.998097349045873   0.998097349045873   0.998216264730506   0.998335180415139   0.998573011784404   0.999048674522936   1.000000000000000   1.000000000000000   0.999524337261468   0.999167590207569   0.998810843153671   0.998573011784405   0.998097349045873   0.998097349045873   0.998097349045873   0.998216264730506   0.998335180415139   0.998573011784404   0.999048674522936   1.000000000000000   
PATCH 6 
2 1 
6 2 
0.000000000000000   0.000000000000000   0.000000000000000   0.250000000000000   0.500000000000000   0.750000000000000   1.000000000000000   1.000000000000000   1.000000000000000   
0.000000000000000   0.000000000000000   1.000000000000000   1.000000000000000   
0.046984631039295   0.046567320617430   0.045689590089305   0.044768749876786   0.043804799979875   0.043301270189222   0.047454477349688   0.047032993823604   0.046146485990198   0.045216437375554   0.044242847979673   0.043734282891114   
0.017101007166283   0.018108483646471   0.020103334230874   0.022078082439303   0.024032728271759   0.025000000000000   0.017272017237946   0.018289568482936   0.020304367573183   0.022298863263696   0.024273055554476   0.025250000000000   
1.000000000000000   0.999048674522936   0.998097349045873   0.998097349045873   0.999048674522936   1.000000000000000   1.000000000000000   0.999048674522936   0.998097349045873   0.998097349045873   0.999048674522936   1.000000000000000   
PATCH 7 
2 1 
6 2 
0.000000000000000   0.000000000000000   0.000000000000000   0.250000000000000   0.500000000000000   0.750000000000000   1.000000000000000   1.000000000000000   1.000000000000000   
0.000000000000000   0.000000000000000   1.000000000000000   1.000000000000000   
0.046984631039295   0.046567320617430   0.045689590089305   0.044768749876786   0.043804799979875   0.043301270189222   0.044471594097990   0.041997029527049   0.037047900385166   0.032098771243283   0.027149642101400   0.024675077530458   
0.017101007166283   0.018108483646471   0.020103334230874   0.022078082439303   0.024032728271759   0.025000000000000   0.007130854223977   0.008793362277649   0.012118378384993   0.015443394492337   0.018768410599682   0.020430918653354   
1.000000000000000   0.999048674522936   0.998097349045873   0.998097349045873   0.999048674522936   1.000000000000000   1.000000000000000   1.000000000000000   1.000000000000000   1.000000000000000   1.000000000000000   1.000000000000000   
PATCH 8 
2 1 
13 2 
0.000000000000000   0.000000000000000   0.000000000000000   0.250000000000000   0.250000000000000   0.375000000000000   0.375000000000000   0.500000000000000   0.500000000000000   0.750000000000000   0.750000000000000   0.875000000000000   0.875000000000000   1.000000000000000   1.000000000000000   1.000000000000000   
0.000000000000000   0.000000000000000   1.000000000000000   1.000000000000000   
0.043301270189222   0.042430817854141   0.041520971686629   0.041066048602872   0.040601277061008   0.040136505519144   0.039661885519172   0.038712645519227   0.037724011686851   0.037229694770663   0.036725529396366   0.036221364022070   0.035707350189666   0.024675077530458   0.024118024927955   0.023560972325452   0.023559794311745   0.023559063435930   0.023558332560115   0.023558048822191   0.023119117992747   0.022680187163303   0.020106966677057   0.020044458775280   0.019981950873503   0.022430155556195   
0.025000000000000   0.026309805460886   0.027589694925603   0.028229639657962   0.028862105391278   0.029494571124595   0.030119557858869   0.031369531327419   0.032589588799799   0.033199617535990   0.033802167273138   0.034404717010287   0.034999787748393   0.020430918653354   0.020805168106714   0.021179417560075   0.021179499980852   0.021179981779517   0.021180463578182   0.021181344754735   0.021465210498566   0.021749076242397   0.019366247291869   0.019359617653402   0.019352988014936   0.021722557688530   
1.000000000000000   0.998021377909590   0.997032066864385   0.996537411341782   0.996290083580481   0.996042755819179   0.996042755819179   0.996042755819179   0.997032066864385   0.997526722386987   0.998268705670891   0.999010688954795   1.000000000000000   1.000000000000000   1.000000000000000   1.000000000000000   0.999980841897693   0.999980841897693   0.999980841897693   1.000000000000000   1.000000000000000   1.000000000000000   0.888870483234594   0.888870483234594   0.888870483234594   1.000000000000000   
PATCH 9 
2 2 
6 4 
0.000000000000000   0.000000000000000   0.000000000000000   0.250000000000000   0.500000000000000   0.750000000000000   1.000000000000000   1.000000000000000   1.000000000000000   
0.000000000000000   0.000000000000000   0.000000000000000   0.500000000000000   1.000000000000000   1.000000000000000   1.000000000000000   
0.022813235279605   0.025287799850547   0.030236928992430   0.035186058134313   0.040135187276196   0.042609751847137   0.023278695842319   0.025753260413260   0.030702389555143   0.035651518697026   0.040600647838909   0.043075212409850   0.024209616967745   0.026684181538687   0.031633310680569   0.036582439822452   0.041531568964335   0.044006133535277   0.024675077530458   0.027149642101400   0.032098771243283   0.037047900385166   0.041997029527049   0.044471594097990   
0.017659654562051   0.015997146508379   0.012672130401035   0.009347114293691   0.006022098186347   0.004359590132674   0.018352470584877   0.016689962531205   0.013364946423861   0.010039930316516   0.006714914209172   0.005052406155500   0.019738102630528   0.018075594576856   0.014750578469512   0.011425562362168   0.008100546254823   0.006438038201151   0.020430918653354   0.018768410599682   0.015443394492337   0.012118378384993   0.008793362277649   0.007130854223977   
1.000000000000000   1.000000000000000   1.000000000000000   1.000000000000000   1.000000000000000   1.000000000000000   1.000000000000000   1.000000000000000   1.000000000000000   1.000000000000000   1.000000000000000   1.000000000000000   1.000000000000000   1.000000000000000   1.000000000000000   1.000000000000000   1.000000000000000   1.000000000000000   1.000000000000000   1.000000000000000   1.000000000000000   1.000000000000000   1.000000000000000   1.000000000000000   
PATCH 10 
2 2 
13 4 
0.000000000000000   0.000000000000000   0.000000000000000   0.250000000000000   0.250000000000000   0.375000000000000   0.375000000000000   0.500000000000000   0.500000000000000   0.750000000000000   0.750000000000000   0.875000000000000   0.875000000000000   1.000000000000000   1.000000000000000   1.000000000000000   
0.000000000000000   0.000000000000000   0.000000000000000   0.500000000000000   1.000000000000000   1.000000000000000   1.000000000000000   
0.022813235279605   0.022637169502884   0.022461103726163   0.021429558209466   0.021388933098399   0.021348307987332   0.022298603281896   0.020166675424280   0.018034747566664   0.014201664231458   0.017810369967915   0.014080510099416   0.017842359520292   0.023278695842319   0.023007383359152   0.022736070875985   0.021962117235036   0.021931465682782   0.021900814130528   0.022613464666970   0.020904786066397   0.019196107465824   0.015677989842858   0.018368892169757   0.015555870292938   0.018989308529268   0.024209616967745   0.023747811071688   0.023286005175630   0.023027235286175   0.023016530851547   0.023005826416919   0.023243187437117   0.022381007350630   0.021518827264143   0.018630641065657   0.019485936573439   0.018506590679982   0.021283206547219   0.024675077530458   0.024118024927955   0.023560972325452   0.023559794311745   0.023559063435930   0.023558332560115   0.023558048822191   0.023119117992747   0.022680187163303   0.020106966677057   0.020044458775280   0.019981950873503   0.022430155556195   
0.017659654562051   0.017777942351027   0.017896230140003   0.017124552060610   0.017131398129737   0.017138244198864   0.017923614416512   0.017361778860474   0.016799943304435   0.013307843206159   0.016893697651031   0.013518691162316   0.017134761652626   0.018352470584877   0.018534748789949   0.018717026995021   0.018138289040670   0.018143544042182   0.018148799043693   0.018738047001068   0.018387636769997   0.018037226538926   0.014822444227587   0.017510177651624   0.014977265375471   0.018281710661602   0.019738102630528   0.020048361667792   0.020358620705057   0.020165763000791   0.020167835867072   0.020169908733352   0.020366912170179   0.020439352589043   0.020511793007906   0.017851646270442   0.018743137652810   0.017894413801781   0.020575608679554   0.020430918653354   0.020805168106714   0.021179417560075   0.021179499980852   0.021179981779517   0.021180463578182   0.021181344754735   0.021465210498566   0.021749076242397   0.019366247291869   0.019359617653402   0.019352988014936   0.021722557688530   
1.000000000000000   1.000000000000000   1.000000000000000   0.955596633227103   0.955596633227103   0.955596633227103   1.000000000000000   1.000000000000000   1.000000000000000   0.793980540039955   1.000000000000000   0.793980540039955   1.000000000000000   1.000000000000000   1.000000000000000   1.000000000000000   0.966692685394750   0.966692685394750   0.966692685394750   1.000000000000000   1.000000000000000   1.000000000000000   0.817703025838615   0.972217620808649   0.817703025838615   1.000000000000000   1.000000000000000   1.000000000000000   1.000000000000000   0.988884789730045   0.988884789730045   0.988884789730045   1.000000000000000   1.000000000000000   1.000000000000000   0.865147997435935   0.916652862425946   0.865147997435935   1.000000000000000   1.000000000000000   1.000000000000000   1.000000000000000   0.999980841897693   0.999980841897693   0.999980841897693   1.000000000000000   1.000000000000000   1.000000000000000   0.888870483234594   0.888870483234594   0.888870483234594   1.000000000000000   
PATCH 11 
2 1 
13 2 
0.000000000000000   0.000000000000000   0.000000000000000   0.250000000000000   0.250000000000000   0.375000000000000   0.375000000000000   0.500000000000000   0.500000000000000   0.750000000000000   0.750000000000000   0.875000000000000   0.875000000000000   1.000000000000000   1.000000000000000   1.000000000000000   
0.000000000000000   0.000000000000000   1.000000000000000   1.000000000000000   
0.043301270189222   0.042430817854141   0.041520971686629   0.041066048602872   0.040601277061008   0.040136505519144   0.039661885519172   0.038712645519227   0.037724011686851   0.037229694770663   0.036725529396366   0.036221364022070   0.035707350189666   0.043734282891114   0.043142506727484   0.042531053738569   0.042225327244111   0.041914681543332   0.041604035842553   0.041288470935453   0.040657341121252   0.040006534481766   0.039681131162023   0.039350808635958   0.039020486109894   0.038685244377508   
0.025000000000000   0.026309805460886   0.027589694925603   0.028229639657962   0.028862105391278   0.029494571124595   0.030119557858869   0.031369531327419   0.032589588799799   0.033199617535990   0.033802167273138   0.034404717010287   0.034999787748393   0.025250000000000   0.026178902508932   0.027094027156471   0.027551589480241   0.028005707338662   0.028459825197083   0.028910498590156   0.029811845376303   0.030699414301056   0.031143198763433   0.031583538760461   0.032023878757490   0.032460774289170   
1.000000000000000   0.998021377909590   0.997032066864385   0.996537411341782   0.996290083580481   0.996042755819179   0.996042755819179   0.996042755819179   0.997032066864385   0.997526722386987   0.998268705670891   0.999010688954795   1.000000000000000   1.000000000000000   0.999048674522937   0.998573011784405   0.998335180415139   0.998216264730506   0.998097349045873   0.998097349045873   0.998097349045873   0.998573011784405   0.998810843153671   0.999167590207569   0.999524337261468   1.000000000000000   
PATCH 12 
2 1 
6 2 
0.000000000000000   0.000000000000000   0.000000000000000   0.250000000000000   0.500000000000000   0.750000000000000   1.000000000000000   1.000000000000000   1.000000000000000   
0.000000000000000   0.000000000000000   1.000000000000000   1.000000000000000   
0.022813235279605   0.025287799850547   0.030236928992430   0.035186058134313   0.040135187276196   0.042609751847137   0.014550000000000   0.018057468980892   0.025072406942676   0.032087344904461   0.039102282866245   0.042609751847137   
0.017659654562051   0.015997146508379   0.012672130401035   0.009347114293691   0.006022098186347   0.004359590132674   0.000000000000000   0.000000000000000   0.000000000000000   0.000000000000000   0.000000000000000   0.000000000000000   
1.000000000000000   1.000000000000000   1.000000000000000   1.000000000000000   1.000000000000000   1.000000000000000   1.000000000000000   1.000000000000000   1.000000000000000   1.000000000000000   1.000000000000000   1.000000000000000   
PATCH 13 
2 1 
13 2 
0.000000000000000   0.000000000000000   0.000000000000000   0.250000000000000   0.250000000000000   0.375000000000000   0.375000000000000   0.500000000000000   0.500000000000000   0.750000000000000   0.750000000000000   0.875000000000000   0.875000000000000   1.000000000000000   1.000000000000000   1.000000000000000   
0.000000000000000   0.000000000000000   1.000000000000000   1.000000000000000   
0.042609751847137   0.044259787051386   0.045909822255635   0.045829062509614   0.045836723709172   0.045844384908730   0.045940467053867   0.046976058544243   0.048011650034618   0.039662121189076   0.048234409791345   0.039821892805321   0.048274932812130   0.042609751847137   0.043533532866245   0.044457313885353   0.044919204394907   0.045381094904461   0.045842985414015   0.046304875923568   0.047228656942676   0.048152437961784   0.048614328471338   0.049076218980892   0.049538109490446   0.050000000000000   
0.004359590132674   0.003251032753279   0.002142475373885   0.002133488635379   0.002129263693233   0.002125038751087   0.002125575605301   0.001667608425861   0.001209641246421   0.000950826942965   0.001251583251723   0.001111618956661   0.001474605505797   0.000000000000000   0.000000000000000   0.000000000000000   0.000000000000000   0.000000000000000   0.000000000000000   0.000000000000000   0.000000000000000   0.000000000000000   0.000000000000000   0.000000000000000   0.000000000000000   0.000000000000000   
1.000000000000000   1.000000000000000   1.000000000000000   0.998082721171756   0.998082721171756   0.998082721171756   1.000000000000000   1.000000000000000   1.000000000000000   0.823934762944469   1.000000000000000   0.823934762944469   1.000000000000000   1.000000000000000   1.000000000000000   1.000000000000000   1.000000000000000   1.000000000000000   1.000000000000000   1.000000000000000   1.000000000000000   1.000000000000000   1.000000000000000   1.000000000000000   1.000000000000000   1.000000000000000   
PATCH 14 
2 1 
13 2 
0.000000000000000   0.000000000000000   0.000000000000000   0.250000000000000   0.250000000000000   0.375000000000000   0.375000000000000   0.500000000000000   0.500000000000000   0.750000000000000   0.750000000000000   0.875000000000000   0.875000000000000   1.000000000000000   1.000000000000000   1.000000000000000   
0.000000000000000   0.000000000000000   1.000000000000000   1.000000000000000   
0.014550000000000   0.014280034363552   0.013885103976903   0.013687638783578   0.013458932402703   0.013230226021828   0.012970278453403   0.012450383316552   0.011805523429499   0.011483093485973   0.011129422354896   0.010775751223820   0.010390838905193   0.022813235279605   0.022637169502884   0.022461103726163   0.021429558209466   0.021388933098399   0.021348307987332   0.022298603281896   0.020166675424280   0.018034747566664   0.014201664231458   0.017810369967915   0.014080510099416   0.017842359520292   
0.000000000000000   0.001375179464759   0.002699327836813   0.003361402022839   0.004010718435690   0.004660034848540   0.005296593488214   0.006569710767562   0.007791796954204   0.008402840047525   0.009001125367669   0.009599410687814   0.010184938234782   0.017659654562051   0.017777942351027   0.017896230140003   0.017124552060610   0.017131398129737   0.017138244198864   0.017923614416512   0.017361778860474   0.016799943304435   0.013307843206159   0.016893697651031   0.013518691162316   0.017134761652626   
1.000000000000000   0.981445660725237   0.972168491087855   0.967529906269164   0.965210613859818   0.962891321450473   0.962891321450473   0.962891321450473   0.972168491087855   0.976807075906546   0.983764953134582   0.990722830362618   1.000000000000000   1.000000000000000   1.000000000000000   1.000000000000000   0.955596633227103   0.955596633227103   0.955596633227103   1.000000000000000   1.000000000000000   1.000000000000000   0.793980540039955   1.000000000000000   0.793980540039955   1.000000000000000   
PATCH 15 
2 1 
4 2 
0.000000000000000   0.000000000000000   0.000000000000000   0.500000000000000   1.000000000000000   1.000000000000000   1.000000000000000   
0.000000000000000   0.000000000000000   1.000000000000000   1.000000000000000   
0.035707350189666   0.035531344624497   0.035177563403860   0.034999787748393   0.022430155556195   0.022253256089279   0.021899457155446   0.021722557688530   
0.034999787748393   0.035177563403860   0.035531344624497   0.035707350189666   0.021722557688530   0.021899457155446   0.022253256089279   0.022430155556195   
1.000000000000000   0.999974967142941   0.999974967142941   1.000000000000000   1.000000000000000   1.000000000000000   1.000000000000000   1.000000000000000   
PATCH 16 
2 2 
4 4 
0.000000000000000   0.000000000000000   0.000000000000000   0.500000000000000   1.000000000000000   1.000000000000000   1.000000000000000   
0.000000000000000   0.000000000000000   0.000000000000000   0.500000000000000   1.000000000000000   1.000000000000000   1.000000000000000   
0.017842359520292   0.018989308529268   0.021283206547219   0.022430155556195   0.017665460053375   0.018812409062351   0.021106307080303   0.022253256089279   0.017311661119542   0.018458610128518   0.020752508146470   0.021899457155446   0.017134761652626   0.018281710661602   0.020575608679554   0.021722557688530   
0.017134761652626   0.018281710661602   0.020575608679554   0.021722557688530   0.017311661119542   0.018458610128518   0.020752508146470   0.021899457155446   0.017665460053375   0.018812409062351   0.021106307080303   0.022253256089279   0.017842359520292   0.018989308529268   0.021283206547219   0.022430155556195   
1.000000000000000   1.000000000000000   1.000000000000000   1.000000000000000   1.000000000000000   1.000000000000000   1.000000000000000   1.000000000000000   1.000000000000000   1.000000000000000   1.000000000000000   1.000000000000000   1.000000000000000   1.000000000000000   1.000000000000000   1.000000000000000   
PATCH 17 
2 1 
4 2 
0.000000000000000   0.000000000000000   0.000000000000000   0.500000000000000   1.000000000000000   1.000000000000000   1.000000000000000   
0.000000000000000   0.000000000000000   1.000000000000000   1.000000000000000   
0.017842359520292   0.017665460053375   0.017311661119542   0.017134761652626   0.010390838905193   0.010339621285729   0.010236670950523   0.010184938234782   
0.017134761652626   0.017311661119542   0.017665460053375   0.017842359520292   0.010184938234782   0.010236670950523   0.010339621285729   0.010390838905193   
1.000000000000000   1.000000000000000   1.000000000000000   1.000000000000000   1.000000000000000   0.999974967142941   0.999974967142941   1.000000000000000   
PATCH 18 
2 1 
4 2 
0.000000000000000   0.000000000000000   0.000000000000000   0.500000000000000   1.000000000000000   1.000000000000000   1.000000000000000   
0.000000000000000   0.000000000000000   1.000000000000000   1.000000000000000   
0.035707350189666   0.035531344624497   0.035177563403860   0.034999787748393   0.038685244377508   0.037197068413715   0.034084833369545   0.032460774289170   
0.034999787748393   0.035177563403860   0.035531344624497   0.035707350189666   0.032460774289170   0.034084833369545   0.037197068413715   0.038685244377508   
1.000000000000000   0.999974967142941   0.999974967142941   1.000000000000000   1.000000000000000   0.998097349045873   0.998097349045873   1.000000000000000   
PATCH 19 
2 1 
4 2 
0.000000000000000   0.000000000000000   0.000000000000000   0.500000000000000   1.000000000000000   1.000000000000000   1.000000000000000   
0.000000000000000   0.000000000000000   1.000000000000000   1.000000000000000   
0.000000000000000   0.002178893568691   0.006520098010365   0.008682408883347   0.000000000000000   0.002200682504378   0.006585298990468   0.008769232972180   
0.050000000000000   0.049904867452294   0.049525061277599   0.049240387650610   0.050500000000000   0.050403916126817   0.050020311890375   0.049732791527117   
1.000000000000000   0.998097349045873   0.998097349045873   1.000000000000000   1.000000000000000   0.998097349045873   0.998097349045873   1.000000000000000   
PATCH 20 
2 1 
4 2 
0.000000000000000   0.000000000000000   0.000000000000000   0.500000000000000   1.000000000000000   1.000000000000000   1.000000000000000   
0.000000000000000   0.000000000000000   1.000000000000000   1.000000000000000   
0.001474605505797   0.002774200969569   0.005373391897112   0.006672987360884   0.000000000000000   0.002178893568691   0.006520098010365   0.008682408883347   
0.048274932812130   0.047690296150137   0.046521022826150   0.045936386164156   0.050000000000000   0.049904867452294   0.049525061277599   0.049240387650610   
1.000000000000000   1.000000000000000   1.000000000000000   1.000000000000000   1.000000000000000   0.998097349045873   0.998097349045873   1.000000000000000   
PATCH 21 
2 1 
13 2 
0.000000000000000   0.000000000000000   0.000000000000000   0.125000000000000   0.125000000000000   0.250000000000000   0.250000000000000   0.500000000000000   0.500000000000000   0.625000000000000   0.625000000000000   0.750000000000000   0.750000000000000   1.000000000000000   1.000000000000000   1.000000000000000   
0.000000000000000   0.000000000000000   1.000000000000000   1.000000000000000   
0.006672987360884   0.006246026740458   0.006275394247449   0.006304761754439   0.006790457388847   0.006819102890169   0.006847748391492   0.006733393986811   0.006741771258778   0.006750148530744   0.006881257479358   0.007006055851667   0.007130854223977   0.008682408883347   0.009214726804819   0.009745505844094   0.010276284883369   0.010805525040447   0.011864005354603   0.012916330139971   0.013442492532654   0.013967116043140   0.014491739553627   0.015014824181916   0.016060993438494   0.017101007166283   
0.045936386164156   0.042653672221106   0.042611529286682   0.042569386352257   0.045767814426459   0.045354316569277   0.044940818712095   0.044152851001017   0.044128423083463   0.044103995165909   0.044843107041878   0.044657350569934   0.044471594097990   0.049240387650610   0.049122375608591   0.048998620380024   0.048874865151458   0.048745366736344   0.048486369906118   0.048204400329703   0.048063415541496   0.047916687566742   0.047769959591988   0.047617488430687   0.047312546108085   0.046984631039295   
1.000000000000000   0.928996579568196   0.928996579568196   0.928996579568196   1.000000000000000   1.000000000000000   1.000000000000000   0.983039805770810   0.983039805770810   0.983039805770810   1.000000000000000   1.000000000000000   1.000000000000000   1.000000000000000   0.999524337261468   0.999167590207569   0.998810843153671   0.998573011784405   0.998097349045873   0.998097349045873   0.998097349045873   0.998216264730506   0.998335180415139   0.998573011784404   0.999048674522936   1.000000000000000   
PATCH 22 
2 2 
13 4 
0.000000000000000   0.000000000000000   0.000000000000000   0.250000000000000   0.250000000000000   0.375000000000000   0.375000000000000   0.500000000000000   0.500000000000000   0.750000000000000   0.750000000000000   0.875000000000000   0.875000000000000   1.000000000000000   1.000000000000000   1.000000000000000   
0.000000000000000   0.000000000000000   0.000000000000000   0.500000000000000   1.000000000000000   1.000000000000000   1.000000000000000   
0.004359590132674   0.003251032753279   0.002142475373885   0.002133488635379   0.002129263693233   0.002125038751087   0.002125575605301   0.001667608425861   0.001209641246421   0.000950826942965   0.001251583251723   0.001111618956661   0.001474605505797   0.005052406155500   0.004189788527876   0.003327170900253   0.003287653609220   0.003282390584619   0.003277127560018   0.003306118801848   0.002955482041938   0.002604845282028   0.002289310645834   0.002507536000654   0.002395220902610   0.002774200969569   0.006438038201151   0.006067300077070   0.005696561952990   0.005595983556903   0.005588644367391   0.005581305177880   0.005667205194944   0.005531229274092   0.005395253353240   0.004966278051571   0.005019441498517   0.004962424794509   0.005373391897112   0.007130854223977   0.007006055851667   0.006881257479358   0.006750148530744   0.006741771258778   0.006733393986811   0.006847748391492   0.006819102890169   0.006790457388847   0.006304761754439   0.006275394247449   0.006246026740458   0.006672987360884   
0.042609751847137   0.044259787051386   0.045909822255635   0.045829062509614   0.045836723709172   0.045844384908730   0.045940467053867   0.046976058544243   0.048011650034618   0.039662121189076   0.048234409791345   0.039821892805321   0.048274932812130   0.043075212409850   0.044359177931023   0.045643143452196   0.045397795673688   0.045409648552745   0.045421501431802   0.045690554968424   0.046570623050501   0.047450691132578   0.040388937479871   0.046828689665179   0.040529837659267   0.047690296150137   0.044006133535277   0.044557959690297   0.045109785845317   0.044535262001835   0.044555498239890   0.044575734477945   0.045190730797538   0.045759752063018   0.046328773328499   0.041842570061462   0.044017249412848   0.041945727367160   0.046521022826150   0.044471594097990   0.044657350569934   0.044843107041878   0.044103995165909   0.044128423083463   0.044152851001017   0.044940818712095   0.045354316569277   0.045767814426459   0.042569386352257   0.042611529286682   0.042653672221106   0.045936386164156   
1.000000000000000   1.000000000000000   1.000000000000000   0.998082721171756   0.998082721171756   0.998082721171756   1.000000000000000   1.000000000000000   1.000000000000000   0.823934762944469   1.000000000000000   0.823934762944469   1.000000000000000   1.000000000000000   1.000000000000000   1.000000000000000   0.994321992321520   0.994321992321520   0.994321992321520   1.000000000000000   1.000000000000000   1.000000000000000   0.850200217100400   0.982249144892049   0.850200217100400   1.000000000000000   1.000000000000000   1.000000000000000   1.000000000000000   0.986800534621047   0.986800534621047   0.986800534621047   1.000000000000000   1.000000000000000   1.000000000000000   0.902731125412264   0.946747434676147   0.902731125412264   1.000000000000000   1.000000000000000   1.000000000000000   1.000000000000000   0.983039805770810   0.983039805770810   0.983039805770810   1.000000000000000   1.000000000000000   1.000000000000000   0.928996579568196   0.928996579568196   0.928996579568196   1.000000000000000   
PATCH 23 
2 1 
13 2 
0.000000000000000   0.000000000000000   0.000000000000000   0.125000000000000   0.125000000000000   0.250000000000000   0.250000000000000   0.500000000000000   0.500000000000000   0.625000000000000   0.625000000000000   0.750000000000000   0.750000000000000   1.000000000000000   1.000000000000000   1.000000000000000   
0.000000000000000   0.000000000000000   1.000000000000000   1.000000000000000   
0.008682408883347   0.009214726804819   0.009745505844094   0.010276284883369   0.010805525040447   0.011864005354603   0.012916330139971   0.013442492532654   0.013967116043140   0.014491739553627   0.015014824181916   0.016060993438494   0.017101007166283   0.008769232972180   0.009306874072867   0.009842960902535   0.010379047732203   0.010913580290852   0.011982645408149   0.013045493441370   0.013576917457981   0.014106787203572   0.014636656949163   0.015164972423735   0.016221603372879   0.017272017237946   
0.049240387650610   0.049122375608591   0.048998620380024   0.048874865151458   0.048745366736344   0.048486369906118   0.048204400329703   0.048063415541496   0.047916687566742   0.047769959591988   0.047617488430687   0.047312546108085   0.046984631039295   0.049732791527117   0.049613599364677   0.049488606583825   0.049363613802972   0.049232820403708   0.048971233605179   0.048686444333000   0.048544049696911   0.048395854442409   0.048247659187908   0.048093663314994   0.047785671569166   0.047454477349688   
1.000000000000000   0.999524337261468   0.999167590207569   0.998810843153671   0.998573011784405   0.998097349045873   0.998097349045873   0.998097349045873   0.998216264730506   0.998335180415139   0.998573011784404   0.999048674522936   1.000000000000000   1.000000000000000   0.999524337261468   0.999167590207569   0.998810843153671   0.998573011784405   0.998097349045873   0.998097349045873   0.998097349045873   0.998216264730506   0.998335180415139   0.998573011784404   0.999048674522936   1.000000000000000   
PATCH 24 
2 1 
6 2 
0.000000000000000   0.000000000000000   0.000000000000000   0.250000000000000   0.500000000000000   0.750000000000000   1.000000000000000   1.000000000000000   1.000000000000000   
0.000000000000000   0.000000000000000   1.000000000000000   1.000000000000000   
0.017101007166283   0.018108483646471   0.020103334230874   0.022078082439303   0.024032728271759   0.025000000000000   0.017272017237946   0.018289568482936   0.020304367573183   0.022298863263696   0.024273055554476   0.025250000000000   
0.046984631039295   0.046567320617430   0.045689590089305   0.044768749876786   0.043804799979875   0.043301270189222   0.047454477349688   0.047032993823604   0.046146485990198   0.045216437375554   0.044242847979673   0.043734282891114   
1.000000000000000   0.999048674522936   0.998097349045873   0.998097349045873   0.999048674522936   1.000000000000000   1.000000000000000   0.999048674522936   0.998097349045873   0.998097349045873   0.999048674522936   1.000000000000000   
PATCH 25 
2 1 
6 2 
0.000000000000000   0.000000000000000   0.000000000000000   0.250000000000000   0.500000000000000   0.750000000000000   1.000000000000000   1.000000000000000   1.000000000000000   
0.000000000000000   0.000000000000000   1.000000000000000   1.000000000000000   
0.017101007166283   0.018108483646471   0.020103334230874   0.022078082439303   0.024032728271759   0.025000000000000   0.007130854223977   0.008793362277649   0.012118378384993   0.015443394492337   0.018768410599682   0.020430918653354   
0.046984631039295   0.046567320617430   0.045689590089305   0.044768749876786   0.043804799979875   0.043301270189222   0.044471594097990   0.041997029527049   0.037047900385166   0.032098771243283   0.027149642101400   0.024675077530458   
1.000000000000000   0.999048674522936   0.998097349045873   0.998097349045873   0.999048674522936   1.000000000000000   1.000000000000000   1.000000000000000   1.000000000000000   1.000000000000000   1.000000000000000   1.000000000000000   
PATCH 26 
2 1 
13 2 
0.000000000000000   0.000000000000000   0.000000000000000   0.250000000000000   0.250000000000000   0.375000000000000   0.375000000000000   0.500000000000000   0.500000000000000   0.750000000000000   0.750000000000000   0.875000000000000   0.875000000000000   1.000000000000000   1.000000000000000   1.000000000000000   
0.000000000000000   0.000000000000000   1.000000000000000   1.000000000000000   
0.025000000000000   0.026309805460886   0.027589694925603   0.028229639657962   0.028862105391278   0.029494571124595   0.030119557858869   0.031369531327419   0.032589588799799   0.033199617535990   0.033802167273138   0.034404717010287   0.034999787748393   0.020430918653354   0.020805168106714   0.021179417560075   0.021179499980852   0.021179981779517   0.021180463578182   0.021181344754735   0.021465210498566   0.021749076242397   0.019366247291869   0.019359617653402   0.019352988014936   0.021722557688530   
0.043301270189222   0.042430817854141   0.041520971686629   0.041066048602872   0.040601277061008   0.040136505519144   0.039661885519172   0.038712645519227   0.037724011686851   0.037229694770663   0.036725529396366   0.036221364022070   0.035707350189666   0.024675077530458   0.024118024927955   0.023560972325452   0.023559794311745   0.023559063435930   0.023558332560115   0.023558048822191   0.023119117992747   0.022680187163303   0.020106966677057   0.020044458775280   0.019981950873503   0.022430155556195   
1.000000000000000   0.998021377909590   0.997032066864385   0.996537411341782   0.996290083580481   0.996042755819179   0.996042755819179   0.996042755819179   0.997032066864385   0.997526722386987   0.998268705670891   0.999010688954795   1.000000000000000   1.000000000000000   1.000000000000000   1.000000000000000   0.999980841897693   0.999980841897693   0.999980841897693   1.000000000000000   1.000000000000000   1.000000000000000   0.888870483234594   0.888870483234594   0.888870483234594   1.000000000000000   
PATCH 27 
2 2 
6 4 
0.000000000000000   0.000000000000000   0.000000000000000   0.250000000000000   0.500000000000000   0.750000000000000   1.000000000000000   1.000000000000000   1.000000000000000   
0.000000000000000   0.000000000000000   0.000000000000000   0.500000000000000   1.000000000000000   1.000000000000000   1.000000000000000   
0.017659654562051   0.015997146508379   0.012672130401035   0.009347114293691   0.006022098186347   0.004359590132674   0.018352470584877   0.016689962531205   0.013364946423861   0.010039930316516   0.006714914209172   0.005052406155500   0.019738102630528   0.018075594576856   0.014750578469512   0.011425562362168   0.008100546254823   0.006438038201151   0.020430918653354   0.018768410599682   0.015443394492337   0.012118378384993   0.008793362277649   0.007130854223977   
0.022813235279605   0.025287799850547   0.030236928992430   0.035186058134313   0.040135187276196   0.042609751847137   0.023278695842319   0.025753260413260   0.030702389555143   0.035651518697026   0.040600647838909   0.043075212409850   0.024209616967745   0.026684181538687   0.031633310680569   0.036582439822452   0.041531568964335   0.044006133535277   0.024675077530458   0.027149642101400   0.032098771243283   0.037047900385166   0.041997029527049   0.044471594097990   
1.000000000000000   1.000000000000000   1.000000000000000   1.000000000000000   1.000000000000000   1.000000000000000   1.000000000000000   1.000000000000000   1.000000000000000   1.000000000000000   1.000000000000000   1.000000000000000   1.000000000000000   1.000000000000000   1.000000000000000   1.000000000000000   1.000000000000000   1.000000000000000   1.000000000000000   1.000000000000000   1.000000000000000   1.000000000000000   1.000000000000000   1.000000000000000   
PATCH 28 
2 2 
13 4 
0.000000000000000   0.000000000000000   0.000000000000000   0.250000000000000   0.250000000000000   0.375000000000000   0.375000000000000   0.500000000000000   0.500000000000000   0.750000000000000   0.750000000000000   0.875000000000000   0.875000000000000   1.000000000000000   1.000000000000000   1.000000000000000   
0.000000000000000   0.000000000000000   0.000000000000000   0.500000000000000   1.000000000000000   1.000000000000000   1.000000000000000   
0.017659654562051   0.017777942351027   0.017896230140003   0.017124552060610   0.017131398129737   0.017138244198864   0.017923614416512   0.017361778860474   0.016799943304435   0.013307843206159   0.016893697651031   0.013518691162316   0.017134761652626   0.018352470584877   0.018534748789949   0.018717026995021   0.018138289040670   0.018143544042182   0.018148799043693   0.018738047001068   0.018387636769997   0.018037226538926   0.014822444227587   0.017510177651624   0.014977265375471   0.018281710661602   0.019738102630528   0.020048361667792   0.020358620705057   0.020165763000791   0.020167835867072   0.020169908733352   0.020366912170179   0.020439352589043   0.020511793007906   0.017851646270442   0.018743137652810   0.017894413801781   0.020575608679554   0.020430918653354   0.020805168106714   0.021179417560075   0.021179499980852   0.021179981779517   0.021180463578182   0.021181344754735   0.021465210498566   0.021749076242397   0.019366247291869   0.019359617653402   0.019352988014936   0.021722557688530   
0.022813235279605   0.022637169502884   0.022461103726163   0.021429558209466   0.021388933098399   0.021348307987332   0.022298603281896   0.020166675424280   0.018034747566664   0.014201664231458   0.017810369967915   0.014080510099416   0.017842359520292   0.023278695842319   0.023007383359152   0.022736070875985   0.021962117235036   0.021931465682782   0.021900814130528   0.022613464666970   0.020904786066397   0.019196107465824   0.015677989842858   0.018368892169757   0.015555870292938   0.018989308529268   0.024209616967745   0.023747811071688   0.023286005175630   0.023027235286175   0.023016530851547   0.023005826416919   0.023243187437117   0.022381007350630   0.021518827264143   0.018630641065657   0.019485936573439   0.018506590679982   0.021283206547219   0.024675077530458   0.024118024927955   0.023560972325452   0.023559794311745   0.023559063435930   0.023558332560115   0.023558048822191   0.023119117992747   0.022680187163303   0.020106966677057   0.020044458775280   0.019981950873503   0.022430155556195   
1.000000000000000   1.000000000000000   1.000000000000000   0.955596633227103   0.955596633227103   0.955596633227103   1.000000000000000   1.000000000000000   1.000000000000000   0.793980540039955   1.000000000000000   0.793980540039955   1.000000000000000   1.000000000000000   1.000000000000000   1.000000000000000   0.966692685394750   0.966692685394750   0.966692685394750   1.000000000000000   1.000000000000000   1.000000000000000   0.817703025838615   0.972217620808649   0.817703025838615   1.000000000000000   1.000000000000000   1.000000000000000   1.000000000000000   0.988884789730045   0.988884789730045   0.988884789730045   1.000000000000000   1.000000000000000   1.000000000000000   0.865147997435935   0.916652862425946   0.865147997435935   1.000000000000000   1.000000000000000   1.000000000000000   1.000000000000000   0.999980841897693   0.999980841897693   0.999980841897693   1.000000000000000   1.000000000000000   1.000000000000000   0.888870483234594   0.888870483234594   0.888870483234594   1.000000000000000   
PATCH 29 
2 1 
13 2 
0.000000000000000   0.000000000000000   0.000000000000000   0.250000000000000   0.250000000000000   0.375000000000000   0.375000000000000   0.500000000000000   0.500000000000000   0.750000000000000   0.750000000000000   0.875000000000000   0.875000000000000   1.000000000000000   1.000000000000000   1.000000000000000   
0.000000000000000   0.000000000000000   1.000000000000000   1.000000000000000   
0.025000000000000   0.026309805460886   0.027589694925603   0.028229639657962   0.028862105391278   0.029494571124595   0.030119557858869   0.031369531327419   0.032589588799799   0.033199617535990   0.033802167273138   0.034404717010287   0.034999787748393   0.025250000000000   0.026178902508932   0.027094027156471   0.027551589480241   0.028005707338662   0.028459825197083   0.028910498590156   0.029811845376303   0.030699414301056   0.031143198763433   0.031583538760461   0.032023878757490   0.032460774289170   
0.043301270189222   0.042430817854141   0.041520971686629   0.041066048602872   0.040601277061008   0.040136505519144   0.039661885519172   0.038712645519227   0.037724011686851   0.037229694770663   0.036725529396366   0.036221364022070   0.035707350189666   0.043734282891114   0.043142506727484   0.042531053738569   0.042225327244111   0.041914681543332   0.041604035842553   0.041288470935453   0.040657341121252   0.040006534481766   0.039681131162023   0.039350808635958   0.039020486109894   0.038685244377508   
1.000000000000000   0.998021377909590   0.997032066864385   0.996537411341782   0.996290083580481   0.996042755819179   0.996042755819179   0.996042755819179   0.997032066864385   0.997526722386987   0.998268705670891   0.999010688954795   1.000000000000000   1.000000000000000   0.999048674522937   0.998573011784405   0.998335180415139   0.998216264730506   0.998097349045873   0.998097349045873   0.998097349045873   0.998573011784405   0.998810843153671   0.999167590207569   0.999524337261468   1.000000000000000   
PATCH 30 
2 1 
6 2 
0.000000000000000   0.000000000000000   0.000000000000000   0.250000000000000   0.500000000000000   0.750000000000000   1.000000000000000   1.000000000000000   1.000000000000000   
0.000000000000000   0.000000000000000   1.000000000000000   1.000000000000000   
0.017659654562051   0.015997146508379   0.012672130401035   0.009347114293691   0.006022098186347   0.004359590132674   0.000000000000000   0.000000000000000   0.000000000000000   0.000000000000000   0.000000000000000   0.000000000000000   
0.022813235279605   0.025287799850547   0.030236928992430   0.035186058134313   0.040135187276196   0.042609751847137   0.014550000000000   0.018057468980892   0.025072406942676   0.032087344904461   0.039102282866245   0.042609751847137   
1.000000000000000   1.000000000000000   1.000000000000000   1.000000000000000   1.000000000000000   1.000000000000000   1.000000000000000   1.000000000000000   1.000000000000000   1.000000000000000   1.000000000000000   1.000000000000000   
PATCH 31 
2 1 
13 2 
0.000000000000000   0.000000000000000   0.000000000000000   0.250000000000000   0.250000000000000   0.375000000000000   0.375000000000000   0.500000000000000   0.500000000000000   0.750000000000000   0.750000000000000   0.875000000000000   0.875000000000000   1.000000000000000   1.000000000000000   1.000000000000000   
0.000000000000000   0.000000000000000   1.000000000000000   1.000000000000000   
0.004359590132674   0.003251032753279   0.002142475373885   0.002133488635379   0.002129263693233   0.002125038751087   0.002125575605301   0.001667608425861   0.001209641246421   0.000950826942965   0.001251583251723   0.001111618956661   0.001474605505797   0.000000000000000   0.000000000000000   0.000000000000000   0.000000000000000   0.000000000000000   0.000000000000000   0.000000000000000   0.000000000000000   0.000000000000000   0.000000000000000   0.000000000000000   0.000000000000000   0.000000000000000   
0.042609751847137   0.044259787051386   0.045909822255635   0.045829062509614   0.045836723709172   0.045844384908730   0.045940467053867   0.046976058544243   0.048011650034618   0.039662121189076   0.048234409791345   0.039821892805321   0.048274932812130   0.042609751847137   0.043533532866245   0.044457313885353   0.044919204394907   0.045381094904461   0.045842985414015   0.046304875923568   0.047228656942676   0.048152437961784   0.048614328471338   0.049076218980892   0.049538109490446   0.050000000000000   
1.000000000000000   1.000000000000000   1.000000000000000   0.998082721171756   0.998082721171756   0.998082721171756   1.000000000000000   1.000000000000000   1.000000000000000   0.823934762944469   1.000000000000000   0.823934762944469   1.000000000000000   1.000000000000000   1.000000000000000   1.000000000000000   1.000000000000000   1.000000000000000   1.000000000000000   1.000000000000000   1.000000000000000   1.000000000000000   1.000000000000000   1.000000000000000   1.000000000000000   1.000000000000000   
PATCH 32 
2 1 
13 2 
0.000000000000000   0.000000000000000   0.000000000000000   0.250000000000000   0.250000000000000   0.375000000000000   0.375000000000000   0.500000000000000   0.500000000000000   0.750000000000000   0.750000000000000   0.875000000000000   0.875000000000000   1.000000000000000   1.000000000000000   1.000000000000000   
0.000000000000000   0.000000000000000   1.000000000000000   1.000000000000000   
0.000000000000000   0.001375179464759   0.002699327836813   0.003361402022839   0.004010718435690   0.004660034848540   0.005296593488214   0.006569710767562   0.007791796954204   0.008402840047525   0.009001125367669   0.009599410687814   0.010184938234782   0.017659654562051   0.017777942351027   0.017896230140003   0.017124552060610   0.017131398129737   0.017138244198864   0.017923614416512   0.017361778860474   0.016799943304435   0.013307843206159   0.016893697651031   0.013518691162316   0.017134761652626   
0.014550000000000   0.014280034363552   0.013885103976903   0.013687638783578   0.013458932402703   0.013230226021828   0.012970278453403   0.012450383316552   0.011805523429499   0.011483093485973   0.011129422354896   0.010775751223820   0.010390838905193   0.022813235279605   0.022637169502884   0.022461103726163   0.021429558209466   0.021388933098399   0.021348307987332   0.022298603281896   0.020166675424280   0.018034747566664   0.014201664231458   0.017810369967915   0.014080510099416   0.017842359520292   
1.000000000000000   0.981445660725237   0.972168491087855   0.967529906269164   0.965210613859818   0.962891321450473   0.962891321450473   0.962891321450473   0.972168491087855   0.976807075906546   0.983764953134582   0.990722830362618   1.000000000000000   1.000000000000000   1.000000000000000   1.000000000000000   0.955596633227103   0.955596633227103   0.955596633227103   1.000000000000000   1.000000000000000   1.000000000000000   0.793980540039955   1.000000000000000   0.793980540039955   1.000000000000000   
INTERFACE 1 
1 2 
5 1 
1 
INTERFACE 2 
1 3 
2 4 
1 
INTERFACE 3 
2 1 
13 2 
1 
INTERFACE 4 
2 2 
3 1 
1 
INTERFACE 5 
2 3 
4 2 
1 
INTERFACE 6 
3 2 
7 1 
-1 
INTERFACE 7 
3 3 
4 4 
-1 
INTERFACE 8 
3 4 
5 3 
1 
INTERFACE 9 
4 1 
9 2 
1 
INTERFACE 10 
4 3 
13 3 
1 
INTERFACE 11 
5 2 
6 1 
1 
INTERFACE 12 
6 2 
11 1 
1 
INTERFACE 13 
6 3 
7 3 
1 
INTERFACE 14 
7 2 
8 1 
1 
INTERFACE 15 
7 4 
9 4 
-1 
INTERFACE 16 
8 2 
15 1 
1 
INTERFACE 17 
8 3 
11 3 
1 
INTERFACE 18 
8 4 
10 4 
1 
INTERFACE 19 
9 1 
10 1 
1 
INTERFACE 20 
9 3 
12 3 
1 
INTERFACE 21 
10 2 
16 3 
1 
INTERFACE 22 
10 3 
14 4 
1 
INTERFACE 23 
11 2 
18 1 
1 
INTERFACE 24 
12 1 
14 1 
-1 
INTERFACE 25 
12 2 
13 1 
1 
INTERFACE 26 
14 2 
17 1 
-1 
INTERFACE 27 
15 2 
26 2 
1 
INTERFACE 28 
15 3 
18 3 
1 
INTERFACE 29 
15 4 
16 2 
1 
INTERFACE 30 
16 1 
17 3 
1 
INTERFACE 31 
16 4 
28 2 
1 
INTERFACE 32 
17 2 
32 2 
-1 
INTERFACE 33 
18 2 
29 2 
1 
INTERFACE 34 
19 2 
23 1 
1 
INTERFACE 35 
19 3 
20 4 
1 
INTERFACE 36 
20 1 
31 2 
1 
INTERFACE 37 
20 2 
21 1 
1 
INTERFACE 38 
20 3 
22 2 
1 
INTERFACE 39 
21 2 
25 1 
-1 
INTERFACE 40 
21 3 
22 4 
-1 
INTERFACE 41 
21 4 
23 3 
1 
INTERFACE 42 
22 1 
27 2 
1 
INTERFACE 43 
22 3 
31 3 
1 
INTERFACE 44 
23 2 
24 1 
1 
INTERFACE 45 
24 2 
29 1 
1 
INTERFACE 46 
24 3 
25 3 
1 
INTERFACE 47 
25 2 
26 1 
1 
INTERFACE 48 
25 4 
27 4 
-1 
INTERFACE 49 
26 3 
29 3 
1 
INTERFACE 50 
26 4 
28 4 
1 
INTERFACE 51 
27 1 
28 1 
1 
INTERFACE 52 
27 3 
30 3 
1 
INTERFACE 53 
28 3 
32 4 
1 
INTERFACE 54 
30 1 
32 1 
-1 
INTERFACE 55 
30 2 
31 1 
1 
BOUNDARY 1 
1 
1 1 
BOUNDARY 2 
1 
1 4 
BOUNDARY 3 
1 
5 4 
BOUNDARY 4 
1 
6 4 
BOUNDARY 5 
1 
11 4 
BOUNDARY 6 
1 
12 4 
BOUNDARY 7 
1 
13 4 
BOUNDARY 8 
1 
14 3 
BOUNDARY 9 
1 
17 4 
BOUNDARY 10 
1 
18 4 
BOUNDARY 11 
1 
19 1 
BOUNDARY 12 
1 
19 4 
BOUNDARY 13 
1 
23 4 
BOUNDARY 14 
1 
24 4 
BOUNDARY 15 
1 
29 4 
BOUNDARY 16 
1 
30 4 
BOUNDARY 17 
1 
31 4 
BOUNDARY 18 
1 
32 3 
