# nurbs mesh v.2.1
#
# 13-Jul-2024
#
2 2 32 55 0 
PATCH 1 
2 1 
4 2 
0.000000000000000   0.000000000000000   0.000000000000000   0.500000000000000   1.000000000000000   1.000000000000000   1.000000000000000   
0.000000000000000   0.000000000000000   1.000000000000000   1.000000000000000   
0.050000000000000   0.049904867452294   0.049525061277599   0.049240387650610   0.050500000000000   0.050403916126817   0.050020311890375   0.049732791527117   
0.000000000000000   0.002178893568691   0.006520098010365   0.008682408883347   0.000000000000000   0.002200682504378   0.006585298990468   0.008769232972180   
1.000000000000000   0.998097349045873   0.998097349045873   1.000000000000000   1.000000000000000   0.998097349045873   0.998097349045873   1.000000000000000   
PATCH 2 
2 1 
4 2 
0.000000000000000   0.000000000000000   0.000000000000000   0.500000000000000   1.000000000000000   1.000000000000000   1.000000000000000   
0.000000000000000   0.000000000000000   1.000000000000000   1.000000000000000   
0.048275249523237   0.047690559921533   0.046521180718123   0.045936491116419   0.050000000000000   0.049904867452294   0.049525061277599   0.049240387650610   
0.001474054067527   0.002773741551699   0.005373116520044   0.006672804004217   0.000000000000000   0.002178893568691   0.006520098010365   0.008682408883347   
1.000000000000000   1.000000000000000   1.000000000000000   1.000000000000000   1.000000000000000   0.998097349045873   0.998097349045873   1.000000000000000   
PATCH 3 
2 1 
13 2 
0.000000000000000   0.000000000000000   0.000000000000000   0.125000000000000   0.125000000000000   0.250000000000000   0.250000000000000   0.500000000000000   0.500000000000000   0.625000000000000   0.625000000000000   0.750000000000000   0.750000000000000   1.000000000000000   1.000000000000000   1.000000000000000   
0.000000000000000   0.000000000000000   1.000000000000000   1.000000000000000   
0.045936491116419   0.042648668668846   0.042606482529234   0.042564296389621   0.045767746557969   0.045355424329166   0.044943102100364   0.044151663005270   0.044127179581948   0.044102696158626   0.044845168407076   0.044659924656039   0.044474680905002   0.049240387650610   0.049122375608591   0.048998620380024   0.048874865151458   0.048745366736344   0.048486369906118   0.048204400329703   0.048063415541496   0.047916687566742   0.047769959591988   0.047617488430687   0.047312546108085   0.046984631039295   
0.006672804004217   0.006245151225647   0.006274521380465   0.006303891535282   0.006790284623487   0.006818488598647   0.006846692573806   0.006731823341676   0.006740211763077   0.006748600184479   0.006880246259413   0.007004778890555   0.007129311521697   0.008682408883347   0.009214726804819   0.009745505844094   0.010276284883369   0.010805525040447   0.011864005354603   0.012916330139971   0.013442492532654   0.013967116043140   0.014491739553627   0.015014824181916   0.016060993438494   0.017101007166283   
1.000000000000000   0.928885871491338   0.928885871491338   0.928885871491338   1.000000000000000   1.000000000000000   1.000000000000000   0.982964708048867   0.982964708048867   0.982964708048867   1.000000000000000   1.000000000000000   1.000000000000000   1.000000000000000   0.999524337261468   0.999167590207569   0.998810843153671   0.998573011784405   0.998097349045873   0.998097349045873   0.998097349045873   0.998216264730506   0.998335180415139   0.998573011784404   0.999048674522936   1.000000000000000   
PATCH 4 
2 2 
13 4 
0.000000000000000   0.000000000000000   0.000000000000000   0.250000000000000   0.250000000000000   0.375000000000000   0.375000000000000   0.500000000000000   0.500000000000000   0.750000000000000   0.750000000000000   0.875000000000000   0.875000000000000   1.000000000000000   1.000000000000000   1.000000000000000   
0.000000000000000   0.000000000000000   0.000000000000000   0.500000000000000   1.000000000000000   1.000000000000000   1.000000000000000   
0.042614329374250   0.044266818134349   0.045919306894447   0.045839150704545   0.045846781027541   0.045854411350536   0.045949828186429   0.046980811717892   0.048011795249355   0.039655780781925   0.048234661280331   0.039815682552075   0.048275249523237   0.043079417256938   0.044365094764771   0.045650772272604   0.045405037068065   0.045416880666142   0.045428724264219   0.045698146664912   0.046574464870711   0.047450783076509   0.040382909683849   0.046827616592557   0.040523929081268   0.047690559921533   0.044009593022314   0.044561648025617   0.045113703028919   0.044536809795106   0.044557079943346   0.044577350091586   0.045194783621880   0.045761771176348   0.046328758730816   0.041837167487697   0.044013527217008   0.041940422139653   0.046521180718123   0.044474680905002   0.044659924656039   0.044845168407076   0.044102696158626   0.044127179581948   0.044151663005270   0.044943102100364   0.045355424329166   0.045767746557969   0.042564296389621   0.042606482529234   0.042648668668846   0.045936491116419   
0.004362016776184   0.003251108731645   0.002140200687107   0.002131264494460   0.002127050438856   0.002122836383252   0.002123344464690   0.001666254565429   0.001209164666167   0.000950158401546   0.001250964248443   0.001110931212506   0.001474054067527   0.005053840462562   0.004189526271373   0.003325212080183   0.003285598416965   0.003280340769911   0.003275083122858   0.003304181491969   0.002954313073733   0.002604444655497   0.002288591684980   0.002506853531448   0.002394486215792   0.002773741551699   0.006437487835319   0.006066361350828   0.005695234866337   0.005594266261974   0.005586921432022   0.005579576602070   0.005665855546527   0.005530430090342   0.005395004634157   0.004965458251848   0.005018632097459   0.004961596222362   0.005373116520044   0.007129311521697   0.007004778890555   0.006880246259413   0.006748600184479   0.006740211763077   0.006731823341676   0.006846692573806   0.006818488598647   0.006790284623487   0.006303891535282   0.006274521380465   0.006245151225647   0.006672804004217   
1.000000000000000   1.000000000000000   1.000000000000000   0.998096875776935   0.998096875776935   0.998096875776935   1.000000000000000   1.000000000000000   1.000000000000000   0.823800367044424   1.000000000000000   0.823800367044424   1.000000000000000   1.000000000000000   1.000000000000000   1.000000000000000   0.994313833844918   0.994313833844918   0.994313833844918   1.000000000000000   1.000000000000000   1.000000000000000   0.850071743156152   0.982221467872834   0.850071743156152   1.000000000000000   1.000000000000000   1.000000000000000   1.000000000000000   0.986747749980884   0.986747749980884   0.986747749980884   1.000000000000000   1.000000000000000   1.000000000000000   0.902614495379609   0.946664403618503   0.902614495379609   1.000000000000000   1.000000000000000   1.000000000000000   1.000000000000000   0.982964708048867   0.982964708048867   0.982964708048867   1.000000000000000   1.000000000000000   1.000000000000000   0.928885871491338   0.928885871491338   0.928885871491338   1.000000000000000   
PATCH 5 
2 1 
13 2 
0.000000000000000   0.000000000000000   0.000000000000000   0.125000000000000   0.125000000000000   0.250000000000000   0.250000000000000   0.500000000000000   0.500000000000000   0.625000000000000   0.625000000000000   0.750000000000000   0.750000000000000   1.000000000000000   1.000000000000000   1.000000000000000   
0.000000000000000   0.000000000000000   1.000000000000000   1.000000000000000   
0.049240387650610   0.049122375608591   0.048998620380024   0.048874865151458   0.048745366736344   0.048486369906118   0.048204400329703   0.048063415541496   0.047916687566742   0.047769959591988   0.047617488430687   0.047312546108085   0.046984631039295   0.049732791527117   0.049613599364677   0.049488606583825   0.049363613802972   0.049232820403708   0.048971233605179   0.048686444333000   0.048544049696911   0.048395854442409   0.048247659187908   0.048093663314994   0.047785671569166   0.047454477349688   
0.008682408883347   0.009214726804819   0.009745505844094   0.010276284883369   0.010805525040447   0.011864005354603   0.012916330139971   0.013442492532654   0.013967116043140   0.014491739553627   0.015014824181916   0.016060993438494   0.017101007166283   0.008769232972180   0.009306874072867   0.009842960902535   0.010379047732203   0.010913580290852   0.011982645408149   0.013045493441370   0.013576917457981   0.014106787203572   0.014636656949163   0.015164972423735   0.016221603372879   0.017272017237946   
1.000000000000000   0.999524337261468   0.999167590207569   0.998810843153671   0.998573011784405   0.998097349045873   0.998097349045873   0.998097349045873   0.998216264730506   0.998335180415139   0.998573011784404   0.999048674522936   1.000000000000000   1.000000000000000   0.999524337261468   0.999167590207569   0.998810843153671   0.998573011784405   0.998097349045873   0.998097349045873   0.998097349045873   0.998216264730506   0.998335180415139   0.998573011784404   0.999048674522936   1.000000000000000   
PATCH 6 
2 1 
6 2 
0.000000000000000   0.000000000000000   0.000000000000000   0.250000000000000   0.500000000000000   0.750000000000000   1.000000000000000   1.000000000000000   1.000000000000000   
0.000000000000000   0.000000000000000   1.000000000000000   1.000000000000000   
0.046984631039295   0.046567320617430   0.045689590089305   0.044768749876786   0.043804799979875   0.043301270189222   0.047454477349688   0.047032993823604   0.046146485990198   0.045216437375554   0.044242847979673   0.043734282891114   
0.017101007166283   0.018108483646471   0.020103334230874   0.022078082439303   0.024032728271759   0.025000000000000   0.017272017237946   0.018289568482936   0.020304367573183   0.022298863263696   0.024273055554476   0.025250000000000   
1.000000000000000   0.999048674522936   0.998097349045873   0.998097349045873   0.999048674522936   1.000000000000000   1.000000000000000   0.999048674522936   0.998097349045873   0.998097349045873   0.999048674522936   1.000000000000000   
PATCH 7 
2 1 
6 2 
0.000000000000000   0.000000000000000   0.000000000000000   0.250000000000000   0.500000000000000   0.750000000000000   1.000000000000000   1.000000000000000   1.000000000000000   
0.000000000000000   0.000000000000000   1.000000000000000   1.000000000000000   
0.046984631039295   0.046567320617430   0.045689590089305   0.044768749876786   0.043804799979875   0.043301270189222   0.044474680905002   0.042000286793416   0.037051498570244   0.032102710347072   0.027153922123899   0.024679528012313   
0.017101007166283   0.018108483646471   0.020103334230874   0.022078082439303   0.024032728271759   0.025000000000000   0.007129311521697   0.008792756617539   0.012119646809224   0.015446537000908   0.018773427192592   0.020436872288434   
1.000000000000000   0.999048674522936   0.998097349045873   0.998097349045873   0.999048674522936   1.000000000000000   1.000000000000000   1.000000000000000   1.000000000000000   1.000000000000000   1.000000000000000   1.000000000000000   
PATCH 8 
2 1 
13 2 
0.000000000000000   0.000000000000000   0.000000000000000   0.250000000000000   0.250000000000000   0.375000000000000   0.375000000000000   0.500000000000000   0.500000000000000   0.750000000000000   0.750000000000000   0.875000000000000   0.875000000000000   1.000000000000000   1.000000000000000   1.000000000000000   
0.000000000000000   0.000000000000000   1.000000000000000   1.000000000000000   
0.043301270189222   0.042430791888961   0.041520917712397   0.041065980624115   0.040601194566758   0.040136408509401   0.039661773482968   0.038712503430103   0.037723837500935   0.037229504536351   0.036725322602692   0.036221140669033   0.035707109766298   0.024679528012313   0.024121308990416   0.023563089968519   0.023562630497835   0.023562276559574   0.023561922621314   0.023561674215479   0.023127899008912   0.022694123802345   0.020086127819185   0.020023230830798   0.019960333842412   0.022442535848797   
0.025000000000000   0.026309839652103   0.027589761542562   0.028229722487792   0.028862203992610   0.029494685497429   0.030119687561837   0.031369691690652   0.032589778057823   0.033199821241408   0.033802384984583   0.034404948727757   0.035000033030521   0.020436872288434   0.020812142618263   0.021187412948091   0.021187554414872   0.021187790175440   0.021188025936007   0.021188355990361   0.021474640746117   0.021760925501872   0.019345589515025   0.019339214079441   0.019332838643857   0.021735423759537   
1.000000000000000   0.998021270091642   0.997031905137463   0.996537222660373   0.996289881421829   0.996042540183284   0.996042540183284   0.996042540183284   0.997031905137463   0.997526587614552   0.998268611330187   0.999010635045821   1.000000000000000   1.000000000000000   1.000000000000000   1.000000000000000   0.999995478596126   0.999995478596126   0.999995478596126   1.000000000000000   1.000000000000000   1.000000000000000   0.887405558587728   0.887405558587728   0.887405558587728   1.000000000000000   
PATCH 9 
2 2 
6 4 
0.000000000000000   0.000000000000000   0.000000000000000   0.250000000000000   0.500000000000000   0.750000000000000   1.000000000000000   1.000000000000000   1.000000000000000   
0.000000000000000   0.000000000000000   0.000000000000000   0.500000000000000   1.000000000000000   1.000000000000000   1.000000000000000   
0.022819176481561   0.025293570593147   0.030242358816320   0.035191147039492   0.040139935262664   0.042614329374250   0.023284264364249   0.025758658475835   0.030707446699008   0.035656234922180   0.040605023145352   0.043079417256938   0.024214440129625   0.026688834241211   0.031637622464384   0.036586410687556   0.041535198910728   0.044009593022314   0.024679528012313   0.027153922123899   0.032102710347072   0.037051498570244   0.042000286793416   0.044474680905002   
0.017669577542922   0.016006132447079   0.012679242255395   0.009352352063711   0.006025461872026   0.004362016776184   0.018361401229300   0.016697956133458   0.013371065941773   0.010044175750089   0.006717285558404   0.005053840462562   0.019745048602056   0.018081603506214   0.014754713314530   0.011427823122845   0.008100932931161   0.006437487835319   0.020436872288434   0.018773427192592   0.015446537000908   0.012119646809224   0.008792756617539   0.007129311521697   
1.000000000000000   1.000000000000000   1.000000000000000   1.000000000000000   1.000000000000000   1.000000000000000   1.000000000000000   1.000000000000000   1.000000000000000   1.000000000000000   1.000000000000000   1.000000000000000   1.000000000000000   1.000000000000000   1.000000000000000   1.000000000000000   1.000000000000000   1.000000000000000   1.000000000000000   1.000000000000000   1.000000000000000   1.000000000000000   1.000000000000000   1.000000000000000   
PATCH 10 
2 2 
13 4 
0.000000000000000   0.000000000000000   0.000000000000000   0.250000000000000   0.250000000000000   0.375000000000000   0.375000000000000   0.500000000000000   0.500000000000000   0.750000000000000   0.750000000000000   0.875000000000000   0.875000000000000   1.000000000000000   1.000000000000000   1.000000000000000   
0.000000000000000   0.000000000000000   0.000000000000000   0.500000000000000   1.000000000000000   1.000000000000000   1.000000000000000   
0.022819176481561   0.022649550342744   0.022479924203927   0.021429200258641   0.021388202068769   0.021347203878896   0.022315931444438   0.020149795785670   0.017983660126901   0.014140601390258   0.017758212307542   0.014018363029850   0.017789828361525   0.023284264364249   0.023017490004662   0.022750715645075   0.021962557818439   0.021931720691470   0.021900883564501   0.022627367137198   0.020894321591480   0.019161276045762   0.015626982997490   0.018324466938356   0.015503855732990   0.018953005233343   0.024214440129625   0.023753369328498   0.023292298527371   0.023029272938036   0.023018757936873   0.023008242935710   0.023250238522719   0.022383373203101   0.021516507883484   0.018599746211953   0.019456976199984   0.018474841139271   0.021279358976979   0.024679528012313   0.024121308990416   0.023563089968519   0.023562630497835   0.023562276559574   0.023561922621314   0.023561674215479   0.023127899008912   0.022694123802345   0.020086127819185   0.020023230830798   0.019960333842412   0.022442535848797   
0.017669577542922   0.017783611021833   0.017897644500744   0.017111735252586   0.017118492925620   0.017125250598655   0.017924675192883   0.017336479680234   0.016748284167586   0.013246827072496   0.016841005062781   0.013457733845513   0.017082716272265   0.018361401229300   0.018540743920940   0.018720086612581   0.018130690043157   0.018135817238075   0.018140944432993   0.018740595392252   0.018371019946705   0.018001444501158   0.014771517683128   0.017465557316946   0.014926510045099   0.018245893144083   0.019745048602056   0.020055009719155   0.020364970836254   0.020168599624301   0.020170465862985   0.020172332101669   0.020372435790992   0.020440100479646   0.020507765168301   0.017820898904393   0.018714661825276   0.017864062444271   0.020572246887719   0.020436872288434   0.020812142618263   0.021187412948091   0.021187554414872   0.021187790175440   0.021188025936007   0.021188355990361   0.021474640746117   0.021760925501872   0.019345589515025   0.019339214079441   0.019332838643857   0.021735423759537   
1.000000000000000   1.000000000000000   1.000000000000000   0.954793422400454   0.954793422400454   0.954793422400454   1.000000000000000   1.000000000000000   1.000000000000000   0.792843444273609   1.000000000000000   0.792843444273609   1.000000000000000   1.000000000000000   1.000000000000000   1.000000000000000   0.966093936449372   0.966093936449372   0.966093936449372   1.000000000000000   1.000000000000000   1.000000000000000   0.816483972852139   0.971851389646932   0.816483972852139   1.000000000000000   1.000000000000000   1.000000000000000   1.000000000000000   0.988694964547209   0.988694964547209   0.988694964547209   1.000000000000000   1.000000000000000   1.000000000000000   0.863765030009199   0.915554168940796   0.863765030009199   1.000000000000000   1.000000000000000   1.000000000000000   1.000000000000000   0.999995478596126   0.999995478596126   0.999995478596126   1.000000000000000   1.000000000000000   1.000000000000000   0.887405558587728   0.887405558587728   0.887405558587728   1.000000000000000   
PATCH 11 
2 1 
13 2 
0.000000000000000   0.000000000000000   0.000000000000000   0.250000000000000   0.250000000000000   0.375000000000000   0.375000000000000   0.500000000000000   0.500000000000000   0.750000000000000   0.750000000000000   0.875000000000000   0.875000000000000   1.000000000000000   1.000000000000000   1.000000000000000   
0.000000000000000   0.000000000000000   1.000000000000000   1.000000000000000   
0.043301270189222   0.042430791888961   0.041520917712397   0.041065980624115   0.040601194566758   0.040136408509401   0.039661773482968   0.038712503430103   0.037723837500935   0.037229504536351   0.036725322602692   0.036221140669033   0.035707109766298   0.043734282891114   0.043142506727484   0.042531053738569   0.042225327244111   0.041914681543332   0.041604035842553   0.041288470935453   0.040657341121252   0.040006534481766   0.039681131162023   0.039350808635958   0.039020486109894   0.038685244377508   
0.025000000000000   0.026309839652103   0.027589761542562   0.028229722487792   0.028862203992610   0.029494685497429   0.030119687561837   0.031369691690652   0.032589778057823   0.033199821241408   0.033802384984583   0.034404948727757   0.035000033030521   0.025250000000000   0.026178902508932   0.027094027156471   0.027551589480241   0.028005707338662   0.028459825197083   0.028910498590156   0.029811845376303   0.030699414301056   0.031143198763433   0.031583538760461   0.032023878757490   0.032460774289170   
1.000000000000000   0.998021270091642   0.997031905137463   0.996537222660373   0.996289881421829   0.996042540183284   0.996042540183284   0.996042540183284   0.997031905137463   0.997526587614552   0.998268611330187   0.999010635045821   1.000000000000000   1.000000000000000   0.999048674522937   0.998573011784405   0.998335180415139   0.998216264730506   0.998097349045873   0.998097349045873   0.998097349045873   0.998573011784405   0.998810843153671   0.999167590207569   0.999524337261468   1.000000000000000   
PATCH 12 
2 1 
6 2 
0.000000000000000   0.000000000000000   0.000000000000000   0.250000000000000   0.500000000000000   0.750000000000000   1.000000000000000   1.000000000000000   1.000000000000000   
0.000000000000000   0.000000000000000   1.000000000000000   1.000000000000000   
0.022819176481561   0.025293570593147   0.030242358816320   0.035191147039492   0.040139935262664   0.042614329374250   0.014550000000000   0.018058041171781   0.025074123515344   0.032090205858906   0.039106288202469   0.042614329374250   
0.017669577542922   0.016006132447079   0.012679242255395   0.009352352063711   0.006025461872026   0.004362016776184   0.000000000000000   0.000000000000000   0.000000000000000   0.000000000000000   0.000000000000000   0.000000000000000   
1.000000000000000   1.000000000000000   1.000000000000000   1.000000000000000   1.000000000000000   1.000000000000000   1.000000000000000   1.000000000000000   1.000000000000000   1.000000000000000   1.000000000000000   1.000000000000000   
PATCH 13 
2 1 
13 2 
0.000000000000000   0.000000000000000   0.000000000000000   0.250000000000000   0.250000000000000   0.375000000000000   0.375000000000000   0.500000000000000   0.500000000000000   0.750000000000000   0.750000000000000   0.875000000000000   0.875000000000000   1.000000000000000   1.000000000000000   1.000000000000000   
0.000000000000000   0.000000000000000   1.000000000000000   1.000000000000000   
0.042614329374250   0.044266818134349   0.045919306894447   0.045839150704545   0.045846781027541   0.045854411350536   0.045949828186429   0.046980811717892   0.048011795249355   0.039655780781925   0.048234661280331   0.039815682552075   0.048275249523237   0.042614329374250   0.043537538202469   0.044460747030688   0.044922351444797   0.045383955858906   0.045845560273016   0.046307164687125   0.047230373515344   0.048153582343563   0.048615186757672   0.049076791171781   0.049538395585891   0.050000000000000   
0.004362016776184   0.003251108731645   0.002140200687107   0.002131264494460   0.002127050438856   0.002122836383252   0.002123344464690   0.001666254565429   0.001209164666167   0.000950158401546   0.001250964248443   0.001110931212506   0.001474054067527   0.000000000000000   0.000000000000000   0.000000000000000   0.000000000000000   0.000000000000000   0.000000000000000   0.000000000000000   0.000000000000000   0.000000000000000   0.000000000000000   0.000000000000000   0.000000000000000   0.000000000000000   
1.000000000000000   1.000000000000000   1.000000000000000   0.998096875776935   0.998096875776935   0.998096875776935   1.000000000000000   1.000000000000000   1.000000000000000   0.823800367044424   1.000000000000000   0.823800367044424   1.000000000000000   1.000000000000000   1.000000000000000   1.000000000000000   1.000000000000000   1.000000000000000   1.000000000000000   1.000000000000000   1.000000000000000   1.000000000000000   1.000000000000000   1.000000000000000   1.000000000000000   1.000000000000000   
PATCH 14 
2 1 
13 2 
0.000000000000000   0.000000000000000   0.000000000000000   0.250000000000000   0.250000000000000   0.375000000000000   0.375000000000000   0.500000000000000   0.500000000000000   0.750000000000000   0.750000000000000   0.875000000000000   0.875000000000000   1.000000000000000   1.000000000000000   1.000000000000000   
0.000000000000000   0.000000000000000   1.000000000000000   1.000000000000000   
0.014550000000000   0.014280029640302   0.013885092519327   0.013687623958840   0.013458913708034   0.013230203457228   0.012970251516102   0.012450347633851   0.011805476990324   0.011483041668560   0.011129364656477   0.010775687644395   0.010390768941993   0.022819176481561   0.022649550342744   0.022479924203927   0.021429200258641   0.021388202068769   0.021347203878896   0.022315931444438   0.020149795785670   0.017983660126901   0.014140601390258   0.017758212307542   0.014018363029850   0.017789828361525   
0.000000000000000   0.001375191030980   0.002699349647213   0.003361428955329   0.004010750159758   0.004660071364188   0.005296634464930   0.006569760666416   0.007791854453153   0.008402901346522   0.009001190136204   0.009599478925886   0.010185009611882   0.017669577542922   0.017783611021833   0.017897644500744   0.017111735252586   0.017118492925620   0.017125250598655   0.017924675192883   0.017336479680234   0.016748284167586   0.013246827072496   0.016841005062781   0.013457733845513   0.017082716272265   
1.000000000000000   0.981445336103228   0.972168004154842   0.967529338180649   0.965210005193553   0.962890672206456   0.962890672206456   0.962890672206456   0.972168004154842   0.976806670129035   0.983764669090325   0.990722668051614   1.000000000000000   1.000000000000000   1.000000000000000   1.000000000000000   0.954793422400454   0.954793422400454   0.954793422400454   1.000000000000000   1.000000000000000   1.000000000000000   0.792843444273609   1.000000000000000   0.792843444273609   1.000000000000000   
PATCH 15 
2 1 
4 2 
0.000000000000000   0.000000000000000   0.000000000000000   0.500000000000000   1.000000000000000   1.000000000000000   1.000000000000000   
0.000000000000000   0.000000000000000   1.000000000000000   1.000000000000000   
0.035707109766298   0.035531224412813   0.035177686044924   0.035000033030521   0.022442535848797   0.022265757826482   0.021912201781852   0.021735423759537   
0.035000033030521   0.035177686044924   0.035531224412813   0.035707109766298   0.021735423759537   0.021912201781852   0.022265757826482   0.022442535848797   
1.000000000000000   0.999975001499561   0.999975001499561   1.000000000000000   1.000000000000000   1.000000000000000   1.000000000000000   1.000000000000000   
PATCH 16 
2 2 
4 4 
0.000000000000000   0.000000000000000   0.000000000000000   0.500000000000000   1.000000000000000   1.000000000000000   1.000000000000000   
0.000000000000000   0.000000000000000   0.000000000000000   0.500000000000000   1.000000000000000   1.000000000000000   1.000000000000000   
0.017789828361525   0.018953005233343   0.021279358976979   0.022442535848797   0.017613050339210   0.018776227211028   0.021102580954664   0.022265757826482   0.017259494294580   0.018422671166398   0.020749024910034   0.021912201781852   0.017082716272265   0.018245893144083   0.020572246887719   0.021735423759537   
0.017082716272265   0.018245893144083   0.020572246887719   0.021735423759537   0.017259494294580   0.018422671166398   0.020749024910034   0.021912201781852   0.017613050339210   0.018776227211028   0.021102580954664   0.022265757826482   0.017789828361525   0.018953005233343   0.021279358976979   0.022442535848797   
1.000000000000000   1.000000000000000   1.000000000000000   1.000000000000000   1.000000000000000   1.000000000000000   1.000000000000000   1.000000000000000   1.000000000000000   1.000000000000000   1.000000000000000   1.000000000000000   1.000000000000000   1.000000000000000   1.000000000000000   1.000000000000000   
PATCH 17 
2 1 
4 2 
0.000000000000000   0.000000000000000   0.000000000000000   0.500000000000000   1.000000000000000   1.000000000000000   1.000000000000000   
0.000000000000000   0.000000000000000   1.000000000000000   1.000000000000000   
0.017789828361525   0.017613050339210   0.017259494294580   0.017082716272265   0.010390768941993   0.010339586304128   0.010236706639073   0.010185009611882   
0.017082716272265   0.017259494294580   0.017613050339210   0.017789828361525   0.010185009611882   0.010236706639073   0.010339586304128   0.010390768941993   
1.000000000000000   1.000000000000000   1.000000000000000   1.000000000000000   1.000000000000000   0.999975001499561   0.999975001499561   1.000000000000000   
PATCH 18 
2 1 
4 2 
0.000000000000000   0.000000000000000   0.000000000000000   0.500000000000000   1.000000000000000   1.000000000000000   1.000000000000000   
0.000000000000000   0.000000000000000   1.000000000000000   1.000000000000000   
0.035707109766298   0.035531224412813   0.035177686044924   0.035000033030521   0.038685244377508   0.037197068413715   0.034084833369545   0.032460774289170   
0.035000033030521   0.035177686044924   0.035531224412813   0.035707109766298   0.032460774289170   0.034084833369545   0.037197068413715   0.038685244377508   
1.000000000000000   0.999975001499561   0.999975001499561   1.000000000000000   1.000000000000000   0.998097349045873   0.998097349045873   1.000000000000000   
PATCH 19 
2 1 
4 2 
0.000000000000000   0.000000000000000   0.000000000000000   0.500000000000000   1.000000000000000   1.000000000000000   1.000000000000000   
0.000000000000000   0.000000000000000   1.000000000000000   1.000000000000000   
0.000000000000000   0.002178893568691   0.006520098010365   0.008682408883347   0.000000000000000   0.002200682504378   0.006585298990468   0.008769232972180   
0.050000000000000   0.049904867452294   0.049525061277599   0.049240387650610   0.050500000000000   0.050403916126817   0.050020311890375   0.049732791527117   
1.000000000000000   0.998097349045873   0.998097349045873   1.000000000000000   1.000000000000000   0.998097349045873   0.998097349045873   1.000000000000000   
PATCH 20 
2 1 
4 2 
0.000000000000000   0.000000000000000   0.000000000000000   0.500000000000000   1.000000000000000   1.000000000000000   1.000000000000000   
0.000000000000000   0.000000000000000   1.000000000000000   1.000000000000000   
0.001474054067527   0.002773741551699   0.005373116520044   0.006672804004217   0.000000000000000   0.002178893568691   0.006520098010365   0.008682408883347   
0.048275249523237   0.047690559921533   0.046521180718123   0.045936491116419   0.050000000000000   0.049904867452294   0.049525061277599   0.049240387650610   
1.000000000000000   1.000000000000000   1.000000000000000   1.000000000000000   1.000000000000000   0.998097349045873   0.998097349045873   1.000000000000000   
PATCH 21 
2 1 
13 2 
0.000000000000000   0.000000000000000   0.000000000000000   0.125000000000000   0.125000000000000   0.250000000000000   0.250000000000000   0.500000000000000   0.500000000000000   0.625000000000000   0.625000000000000   0.750000000000000   0.750000000000000   1.000000000000000   1.000000000000000   1.000000000000000   
0.000000000000000   0.000000000000000   1.000000000000000   1.000000000000000   
0.006672804004217   0.006245151225647   0.006274521380465   0.006303891535282   0.006790284623487   0.006818488598647   0.006846692573806   0.006731823341676   0.006740211763077   0.006748600184479   0.006880246259413   0.007004778890555   0.007129311521697   0.008682408883347   0.009214726804819   0.009745505844094   0.010276284883369   0.010805525040447   0.011864005354603   0.012916330139971   0.013442492532654   0.013967116043140   0.014491739553627   0.015014824181916   0.016060993438494   0.017101007166283   
0.045936491116419   0.042648668668846   0.042606482529234   0.042564296389621   0.045767746557969   0.045355424329166   0.044943102100364   0.044151663005270   0.044127179581948   0.044102696158626   0.044845168407076   0.044659924656039   0.044474680905002   0.049240387650610   0.049122375608591   0.048998620380024   0.048874865151458   0.048745366736344   0.048486369906118   0.048204400329703   0.048063415541496   0.047916687566742   0.047769959591988   0.047617488430687   0.047312546108085   0.046984631039295   
1.000000000000000   0.928885871491338   0.928885871491338   0.928885871491338   1.000000000000000   1.000000000000000   1.000000000000000   0.982964708048867   0.982964708048867   0.982964708048867   1.000000000000000   1.000000000000000   1.000000000000000   1.000000000000000   0.999524337261468   0.999167590207569   0.998810843153671   0.998573011784405   0.998097349045873   0.998097349045873   0.998097349045873   0.998216264730506   0.998335180415139   0.998573011784404   0.999048674522936   1.000000000000000   
PATCH 22 
2 2 
13 4 
0.000000000000000   0.000000000000000   0.000000000000000   0.250000000000000   0.250000000000000   0.375000000000000   0.375000000000000   0.500000000000000   0.500000000000000   0.750000000000000   0.750000000000000   0.875000000000000   0.875000000000000   1.000000000000000   1.000000000000000   1.000000000000000   
0.000000000000000   0.000000000000000   0.000000000000000   0.500000000000000   1.000000000000000   1.000000000000000   1.000000000000000   
0.004362016776184   0.003251108731645   0.002140200687107   0.002131264494460   0.002127050438856   0.002122836383252   0.002123344464690   0.001666254565429   0.001209164666167   0.000950158401546   0.001250964248443   0.001110931212506   0.001474054067527   0.005053840462562   0.004189526271373   0.003325212080183   0.003285598416965   0.003280340769911   0.003275083122858   0.003304181491969   0.002954313073733   0.002604444655497   0.002288591684980   0.002506853531448   0.002394486215792   0.002773741551699   0.006437487835319   0.006066361350828   0.005695234866337   0.005594266261974   0.005586921432022   0.005579576602070   0.005665855546527   0.005530430090342   0.005395004634157   0.004965458251848   0.005018632097459   0.004961596222362   0.005373116520044   0.007129311521697   0.007004778890555   0.006880246259413   0.006748600184479   0.006740211763077   0.006731823341676   0.006846692573806   0.006818488598647   0.006790284623487   0.006303891535282   0.006274521380465   0.006245151225647   0.006672804004217   
0.042614329374250   0.044266818134349   0.045919306894447   0.045839150704545   0.045846781027541   0.045854411350536   0.045949828186429   0.046980811717892   0.048011795249355   0.039655780781925   0.048234661280331   0.039815682552075   0.048275249523237   0.043079417256938   0.044365094764771   0.045650772272604   0.045405037068065   0.045416880666142   0.045428724264219   0.045698146664912   0.046574464870711   0.047450783076509   0.040382909683849   0.046827616592557   0.040523929081268   0.047690559921533   0.044009593022314   0.044561648025617   0.045113703028919   0.044536809795106   0.044557079943346   0.044577350091586   0.045194783621880   0.045761771176348   0.046328758730816   0.041837167487697   0.044013527217008   0.041940422139653   0.046521180718123   0.044474680905002   0.044659924656039   0.044845168407076   0.044102696158626   0.044127179581948   0.044151663005270   0.044943102100364   0.045355424329166   0.045767746557969   0.042564296389621   0.042606482529234   0.042648668668846   0.045936491116419   
1.000000000000000   1.000000000000000   1.000000000000000   0.998096875776935   0.998096875776935   0.998096875776935   1.000000000000000   1.000000000000000   1.000000000000000   0.823800367044424   1.000000000000000   0.823800367044424   1.000000000000000   1.000000000000000   1.000000000000000   1.000000000000000   0.994313833844918   0.994313833844918   0.994313833844918   1.000000000000000   1.000000000000000   1.000000000000000   0.850071743156152   0.982221467872834   0.850071743156152   1.000000000000000   1.000000000000000   1.000000000000000   1.000000000000000   0.986747749980884   0.986747749980884   0.986747749980884   1.000000000000000   1.000000000000000   1.000000000000000   0.902614495379609   0.946664403618503   0.902614495379609   1.000000000000000   1.000000000000000   1.000000000000000   1.000000000000000   0.982964708048867   0.982964708048867   0.982964708048867   1.000000000000000   1.000000000000000   1.000000000000000   0.928885871491338   0.928885871491338   0.928885871491338   1.000000000000000   
PATCH 23 
2 1 
13 2 
0.000000000000000   0.000000000000000   0.000000000000000   0.125000000000000   0.125000000000000   0.250000000000000   0.250000000000000   0.500000000000000   0.500000000000000   0.625000000000000   0.625000000000000   0.750000000000000   0.750000000000000   1.000000000000000   1.000000000000000   1.000000000000000   
0.000000000000000   0.000000000000000   1.000000000000000   1.000000000000000   
0.008682408883347   0.009214726804819   0.009745505844094   0.010276284883369   0.010805525040447   0.011864005354603   0.012916330139971   0.013442492532654   0.013967116043140   0.014491739553627   0.015014824181916   0.016060993438494   0.017101007166283   0.008769232972180   0.009306874072867   0.009842960902535   0.010379047732203   0.010913580290852   0.011982645408149   0.013045493441370   0.013576917457981   0.014106787203572   0.014636656949163   0.015164972423735   0.016221603372879   0.017272017237946   
0.049240387650610   0.049122375608591   0.048998620380024   0.048874865151458   0.048745366736344   0.048486369906118   0.048204400329703   0.048063415541496   0.047916687566742   0.047769959591988   0.047617488430687   0.047312546108085   0.046984631039295   0.049732791527117   0.049613599364677   0.049488606583825   0.049363613802972   0.049232820403708   0.048971233605179   0.048686444333000   0.048544049696911   0.048395854442409   0.048247659187908   0.048093663314994   0.047785671569166   0.047454477349688   
1.000000000000000   0.999524337261468   0.999167590207569   0.998810843153671   0.998573011784405   0.998097349045873   0.998097349045873   0.998097349045873   0.998216264730506   0.998335180415139   0.998573011784404   0.999048674522936   1.000000000000000   1.000000000000000   0.999524337261468   0.999167590207569   0.998810843153671   0.998573011784405   0.998097349045873   0.998097349045873   0.998097349045873   0.998216264730506   0.998335180415139   0.998573011784404   0.999048674522936   1.000000000000000   
PATCH 24 
2 1 
6 2 
0.000000000000000   0.000000000000000   0.000000000000000   0.250000000000000   0.500000000000000   0.750000000000000   1.000000000000000   1.000000000000000   1.000000000000000   
0.000000000000000   0.000000000000000   1.000000000000000   1.000000000000000   
0.017101007166283   0.018108483646471   0.020103334230874   0.022078082439303   0.024032728271759   0.025000000000000   0.017272017237946   0.018289568482936   0.020304367573183   0.022298863263696   0.024273055554476   0.025250000000000   
0.046984631039295   0.046567320617430   0.045689590089305   0.044768749876786   0.043804799979875   0.043301270189222   0.047454477349688   0.047032993823604   0.046146485990198   0.045216437375554   0.044242847979673   0.043734282891114   
1.000000000000000   0.999048674522936   0.998097349045873   0.998097349045873   0.999048674522936   1.000000000000000   1.000000000000000   0.999048674522936   0.998097349045873   0.998097349045873   0.999048674522936   1.000000000000000   
PATCH 25 
2 1 
6 2 
0.000000000000000   0.000000000000000   0.000000000000000   0.250000000000000   0.500000000000000   0.750000000000000   1.000000000000000   1.000000000000000   1.000000000000000   
0.000000000000000   0.000000000000000   1.000000000000000   1.000000000000000   
0.017101007166283   0.018108483646471   0.020103334230874   0.022078082439303   0.024032728271759   0.025000000000000   0.007129311521697   0.008792756617539   0.012119646809224   0.015446537000908   0.018773427192592   0.020436872288434   
0.046984631039295   0.046567320617430   0.045689590089305   0.044768749876786   0.043804799979875   0.043301270189222   0.044474680905002   0.042000286793416   0.037051498570244   0.032102710347072   0.027153922123899   0.024679528012313   
1.000000000000000   0.999048674522936   0.998097349045873   0.998097349045873   0.999048674522936   1.000000000000000   1.000000000000000   1.000000000000000   1.000000000000000   1.000000000000000   1.000000000000000   1.000000000000000   
PATCH 26 
2 1 
13 2 
0.000000000000000   0.000000000000000   0.000000000000000   0.250000000000000   0.250000000000000   0.375000000000000   0.375000000000000   0.500000000000000   0.500000000000000   0.750000000000000   0.750000000000000   0.875000000000000   0.875000000000000   1.000000000000000   1.000000000000000   1.000000000000000   
0.000000000000000   0.000000000000000   1.000000000000000   1.000000000000000   
0.025000000000000   0.026309839652103   0.027589761542562   0.028229722487792   0.028862203992610   0.029494685497429   0.030119687561837   0.031369691690652   0.032589778057823   0.033199821241408   0.033802384984583   0.034404948727757   0.035000033030521   0.020436872288434   0.020812142618263   0.021187412948091   0.021187554414872   0.021187790175440   0.021188025936007   0.021188355990361   0.021474640746117   0.021760925501872   0.019345589515025   0.019339214079441   0.019332838643857   0.021735423759537   
0.043301270189222   0.042430791888961   0.041520917712397   0.041065980624115   0.040601194566758   0.040136408509401   0.039661773482968   0.038712503430103   0.037723837500935   0.037229504536351   0.036725322602692   0.036221140669033   0.035707109766298   0.024679528012313   0.024121308990416   0.023563089968519   0.023562630497835   0.023562276559574   0.023561922621314   0.023561674215479   0.023127899008912   0.022694123802345   0.020086127819185   0.020023230830798   0.019960333842412   0.022442535848797   
1.000000000000000   0.998021270091642   0.997031905137463   0.996537222660373   0.996289881421829   0.996042540183284   0.996042540183284   0.996042540183284   0.997031905137463   0.997526587614552   0.998268611330187   0.999010635045821   1.000000000000000   1.000000000000000   1.000000000000000   1.000000000000000   0.999995478596126   0.999995478596126   0.999995478596126   1.000000000000000   1.000000000000000   1.000000000000000   0.887405558587728   0.887405558587728   0.887405558587728   1.000000000000000   
PATCH 27 
2 2 
6 4 
0.000000000000000   0.000000000000000   0.000000000000000   0.250000000000000   0.500000000000000   0.750000000000000   1.000000000000000   1.000000000000000   1.000000000000000   
0.000000000000000   0.000000000000000   0.000000000000000   0.500000000000000   1.000000000000000   1.000000000000000   1.000000000000000   
0.017669577542922   0.016006132447079   0.012679242255395   0.009352352063711   0.006025461872026   0.004362016776184   0.018361401229300   0.016697956133458   0.013371065941773   0.010044175750089   0.006717285558404   0.005053840462562   0.019745048602056   0.018081603506214   0.014754713314530   0.011427823122845   0.008100932931161   0.006437487835319   0.020436872288434   0.018773427192592   0.015446537000908   0.012119646809224   0.008792756617539   0.007129311521697   
0.022819176481561   0.025293570593147   0.030242358816320   0.035191147039492   0.040139935262664   0.042614329374250   0.023284264364249   0.025758658475835   0.030707446699008   0.035656234922180   0.040605023145352   0.043079417256938   0.024214440129625   0.026688834241211   0.031637622464384   0.036586410687556   0.041535198910728   0.044009593022314   0.024679528012313   0.027153922123899   0.032102710347072   0.037051498570244   0.042000286793416   0.044474680905002   
1.000000000000000   1.000000000000000   1.000000000000000   1.000000000000000   1.000000000000000   1.000000000000000   1.000000000000000   1.000000000000000   1.000000000000000   1.000000000000000   1.000000000000000   1.000000000000000   1.000000000000000   1.000000000000000   1.000000000000000   1.000000000000000   1.000000000000000   1.000000000000000   1.000000000000000   1.000000000000000   1.000000000000000   1.000000000000000   1.000000000000000   1.000000000000000   
PATCH 28 
2 2 
13 4 
0.000000000000000   0.000000000000000   0.000000000000000   0.250000000000000   0.250000000000000   0.375000000000000   0.375000000000000   0.500000000000000   0.500000000000000   0.750000000000000   0.750000000000000   0.875000000000000   0.875000000000000   1.000000000000000   1.000000000000000   1.000000000000000   
0.000000000000000   0.000000000000000   0.000000000000000   0.500000000000000   1.000000000000000   1.000000000000000   1.000000000000000   
0.017669577542922   0.017783611021833   0.017897644500744   0.017111735252586   0.017118492925620   0.017125250598655   0.017924675192883   0.017336479680234   0.016748284167586   0.013246827072496   0.016841005062781   0.013457733845513   0.017082716272265   0.018361401229300   0.018540743920940   0.018720086612581   0.018130690043157   0.018135817238075   0.018140944432993   0.018740595392252   0.018371019946705   0.018001444501158   0.014771517683128   0.017465557316946   0.014926510045099   0.018245893144083   0.019745048602056   0.020055009719155   0.020364970836254   0.020168599624301   0.020170465862985   0.020172332101669   0.020372435790992   0.020440100479646   0.020507765168301   0.017820898904393   0.018714661825276   0.017864062444271   0.020572246887719   0.020436872288434   0.020812142618263   0.021187412948091   0.021187554414872   0.021187790175440   0.021188025936007   0.021188355990361   0.021474640746117   0.021760925501872   0.019345589515025   0.019339214079441   0.019332838643857   0.021735423759537   
0.022819176481561   0.022649550342744   0.022479924203927   0.021429200258641   0.021388202068769   0.021347203878896   0.022315931444438   0.020149795785670   0.017983660126901   0.014140601390258   0.017758212307542   0.014018363029850   0.017789828361525   0.023284264364249   0.023017490004662   0.022750715645075   0.021962557818439   0.021931720691470   0.021900883564501   0.022627367137198   0.020894321591480   0.019161276045762   0.015626982997490   0.018324466938356   0.015503855732990   0.018953005233343   0.024214440129625   0.023753369328498   0.023292298527371   0.023029272938036   0.023018757936873   0.023008242935710   0.023250238522719   0.022383373203101   0.021516507883484   0.018599746211953   0.019456976199984   0.018474841139271   0.021279358976979   0.024679528012313   0.024121308990416   0.023563089968519   0.023562630497835   0.023562276559574   0.023561922621314   0.023561674215479   0.023127899008912   0.022694123802345   0.020086127819185   0.020023230830798   0.019960333842412   0.022442535848797   
1.000000000000000   1.000000000000000   1.000000000000000   0.954793422400454   0.954793422400454   0.954793422400454   1.000000000000000   1.000000000000000   1.000000000000000   0.792843444273609   1.000000000000000   0.792843444273609   1.000000000000000   1.000000000000000   1.000000000000000   1.000000000000000   0.966093936449372   0.966093936449372   0.966093936449372   1.000000000000000   1.000000000000000   1.000000000000000   0.816483972852139   0.971851389646932   0.816483972852139   1.000000000000000   1.000000000000000   1.000000000000000   1.000000000000000   0.988694964547209   0.988694964547209   0.988694964547209   1.000000000000000   1.000000000000000   1.000000000000000   0.863765030009199   0.915554168940796   0.863765030009199   1.000000000000000   1.000000000000000   1.000000000000000   1.000000000000000   0.999995478596126   0.999995478596126   0.999995478596126   1.000000000000000   1.000000000000000   1.000000000000000   0.887405558587728   0.887405558587728   0.887405558587728   1.000000000000000   
PATCH 29 
2 1 
13 2 
0.000000000000000   0.000000000000000   0.000000000000000   0.250000000000000   0.250000000000000   0.375000000000000   0.375000000000000   0.500000000000000   0.500000000000000   0.750000000000000   0.750000000000000   0.875000000000000   0.875000000000000   1.000000000000000   1.000000000000000   1.000000000000000   
0.000000000000000   0.000000000000000   1.000000000000000   1.000000000000000   
0.025000000000000   0.026309839652103   0.027589761542562   0.028229722487792   0.028862203992610   0.029494685497429   0.030119687561837   0.031369691690652   0.032589778057823   0.033199821241408   0.033802384984583   0.034404948727757   0.035000033030521   0.025250000000000   0.026178902508932   0.027094027156471   0.027551589480241   0.028005707338662   0.028459825197083   0.028910498590156   0.029811845376303   0.030699414301056   0.031143198763433   0.031583538760461   0.032023878757490   0.032460774289170   
0.043301270189222   0.042430791888961   0.041520917712397   0.041065980624115   0.040601194566758   0.040136408509401   0.039661773482968   0.038712503430103   0.037723837500935   0.037229504536351   0.036725322602692   0.036221140669033   0.035707109766298   0.043734282891114   0.043142506727484   0.042531053738569   0.042225327244111   0.041914681543332   0.041604035842553   0.041288470935453   0.040657341121252   0.040006534481766   0.039681131162023   0.039350808635958   0.039020486109894   0.038685244377508   
1.000000000000000   0.998021270091642   0.997031905137463   0.996537222660373   0.996289881421829   0.996042540183284   0.996042540183284   0.996042540183284   0.997031905137463   0.997526587614552   0.998268611330187   0.999010635045821   1.000000000000000   1.000000000000000   0.999048674522937   0.998573011784405   0.998335180415139   0.998216264730506   0.998097349045873   0.998097349045873   0.998097349045873   0.998573011784405   0.998810843153671   0.999167590207569   0.999524337261468   1.000000000000000   
PATCH 30 
2 1 
6 2 
0.000000000000000   0.000000000000000   0.000000000000000   0.250000000000000   0.500000000000000   0.750000000000000   1.000000000000000   1.000000000000000   1.000000000000000   
0.000000000000000   0.000000000000000   1.000000000000000   1.000000000000000   
0.017669577542922   0.016006132447079   0.012679242255395   0.009352352063711   0.006025461872026   0.004362016776184   0.000000000000000   0.000000000000000   0.000000000000000   0.000000000000000   0.000000000000000   0.000000000000000   
0.022819176481561   0.025293570593147   0.030242358816320   0.035191147039492   0.040139935262664   0.042614329374250   0.014550000000000   0.018058041171781   0.025074123515344   0.032090205858906   0.039106288202469   0.042614329374250   
1.000000000000000   1.000000000000000   1.000000000000000   1.000000000000000   1.000000000000000   1.000000000000000   1.000000000000000   1.000000000000000   1.000000000000000   1.000000000000000   1.000000000000000   1.000000000000000   
PATCH 31 
2 1 
13 2 
0.000000000000000   0.000000000000000   0.000000000000000   0.250000000000000   0.250000000000000   0.375000000000000   0.375000000000000   0.500000000000000   0.500000000000000   0.750000000000000   0.750000000000000   0.875000000000000   0.875000000000000   1.000000000000000   1.000000000000000   1.000000000000000   
0.000000000000000   0.000000000000000   1.000000000000000   1.000000000000000   
0.004362016776184   0.003251108731645   0.002140200687107   0.002131264494460   0.002127050438856   0.002122836383252   0.002123344464690   0.001666254565429   0.001209164666167   0.000950158401546   0.001250964248443   0.001110931212506   0.001474054067527   0.000000000000000   0.000000000000000   0.000000000000000   0.000000000000000   0.000000000000000   0.000000000000000   0.000000000000000   0.000000000000000   0.000000000000000   0.000000000000000   0.000000000000000   0.000000000000000   0.000000000000000   
0.042614329374250   0.044266818134349   0.045919306894447   0.045839150704545   0.045846781027541   0.045854411350536   0.045949828186429   0.046980811717892   0.048011795249355   0.039655780781925   0.048234661280331   0.039815682552075   0.048275249523237   0.042614329374250   0.043537538202469   0.044460747030688   0.044922351444797   0.045383955858906   0.045845560273016   0.046307164687125   0.047230373515344   0.048153582343563   0.048615186757672   0.049076791171781   0.049538395585891   0.050000000000000   
1.000000000000000   1.000000000000000   1.000000000000000   0.998096875776935   0.998096875776935   0.998096875776935   1.000000000000000   1.000000000000000   1.000000000000000   0.823800367044424   1.000000000000000   0.823800367044424   1.000000000000000   1.000000000000000   1.000000000000000   1.000000000000000   1.000000000000000   1.000000000000000   1.000000000000000   1.000000000000000   1.000000000000000   1.000000000000000   1.000000000000000   1.000000000000000   1.000000000000000   1.000000000000000   
PATCH 32 
2 1 
13 2 
0.000000000000000   0.000000000000000   0.000000000000000   0.250000000000000   0.250000000000000   0.375000000000000   0.375000000000000   0.500000000000000   0.500000000000000   0.750000000000000   0.750000000000000   0.875000000000000   0.875000000000000   1.000000000000000   1.000000000000000   1.000000000000000   
0.000000000000000   0.000000000000000   1.000000000000000   1.000000000000000   
0.000000000000000   0.001375191030980   0.002699349647213   0.003361428955329   0.004010750159758   0.004660071364188   0.005296634464930   0.006569760666416   0.007791854453153   0.008402901346522   0.009001190136204   0.009599478925886   0.010185009611882   0.017669577542922   0.017783611021833   0.017897644500744   0.017111735252586   0.017118492925620   0.017125250598655   0.017924675192883   0.017336479680234   0.016748284167586   0.013246827072496   0.016841005062781   0.013457733845513   0.017082716272265   
0.014550000000000   0.014280029640302   0.013885092519327   0.013687623958840   0.013458913708034   0.013230203457228   0.012970251516102   0.012450347633851   0.011805476990324   0.011483041668560   0.011129364656477   0.010775687644395   0.010390768941993   0.022819176481561   0.022649550342744   0.022479924203927   0.021429200258641   0.021388202068769   0.021347203878896   0.022315931444438   0.020149795785670   0.017983660126901   0.014140601390258   0.017758212307542   0.014018363029850   0.017789828361525   
1.000000000000000   0.981445336103228   0.972168004154842   0.967529338180649   0.965210005193553   0.962890672206456   0.962890672206456   0.962890672206456   0.972168004154842   0.976806670129035   0.983764669090325   0.990722668051614   1.000000000000000   1.000000000000000   1.000000000000000   1.000000000000000   0.954793422400454   0.954793422400454   0.954793422400454   1.000000000000000   1.000000000000000   1.000000000000000   0.792843444273609   1.000000000000000   0.792843444273609   1.000000000000000   
INTERFACE 1 
1 2 
5 1 
1 
INTERFACE 2 
1 3 
2 4 
1 
INTERFACE 3 
2 1 
13 2 
1 
INTERFACE 4 
2 2 
3 1 
1 
INTERFACE 5 
2 3 
4 2 
1 
INTERFACE 6 
3 2 
7 1 
-1 
INTERFACE 7 
3 3 
4 4 
-1 
INTERFACE 8 
3 4 
5 3 
1 
INTERFACE 9 
4 1 
9 2 
1 
INTERFACE 10 
4 3 
13 3 
1 
INTERFACE 11 
5 2 
6 1 
1 
INTERFACE 12 
6 2 
11 1 
1 
INTERFACE 13 
6 3 
7 3 
1 
INTERFACE 14 
7 2 
8 1 
1 
INTERFACE 15 
7 4 
9 4 
-1 
INTERFACE 16 
8 2 
15 1 
1 
INTERFACE 17 
8 3 
11 3 
1 
INTERFACE 18 
8 4 
10 4 
1 
INTERFACE 19 
9 1 
10 1 
1 
INTERFACE 20 
9 3 
12 3 
1 
INTERFACE 21 
10 2 
16 3 
1 
INTERFACE 22 
10 3 
14 4 
1 
INTERFACE 23 
11 2 
18 1 
1 
INTERFACE 24 
12 1 
14 1 
-1 
INTERFACE 25 
12 2 
13 1 
1 
INTERFACE 26 
14 2 
17 1 
-1 
INTERFACE 27 
15 2 
26 2 
1 
INTERFACE 28 
15 3 
18 3 
1 
INTERFACE 29 
15 4 
16 2 
1 
INTERFACE 30 
16 1 
17 3 
1 
INTERFACE 31 
16 4 
28 2 
1 
INTERFACE 32 
17 2 
32 2 
-1 
INTERFACE 33 
18 2 
29 2 
1 
INTERFACE 34 
19 2 
23 1 
1 
INTERFACE 35 
19 3 
20 4 
1 
INTERFACE 36 
20 1 
31 2 
1 
INTERFACE 37 
20 2 
21 1 
1 
INTERFACE 38 
20 3 
22 2 
1 
INTERFACE 39 
21 2 
25 1 
-1 
INTERFACE 40 
21 3 
22 4 
-1 
INTERFACE 41 
21 4 
23 3 
1 
INTERFACE 42 
22 1 
27 2 
1 
INTERFACE 43 
22 3 
31 3 
1 
INTERFACE 44 
23 2 
24 1 
1 
INTERFACE 45 
24 2 
29 1 
1 
INTERFACE 46 
24 3 
25 3 
1 
INTERFACE 47 
25 2 
26 1 
1 
INTERFACE 48 
25 4 
27 4 
-1 
INTERFACE 49 
26 3 
29 3 
1 
INTERFACE 50 
26 4 
28 4 
1 
INTERFACE 51 
27 1 
28 1 
1 
INTERFACE 52 
27 3 
30 3 
1 
INTERFACE 53 
28 3 
32 4 
1 
INTERFACE 54 
30 1 
32 1 
-1 
INTERFACE 55 
30 2 
31 1 
1 
BOUNDARY 1 
1 
1 1 
BOUNDARY 2 
1 
1 4 
BOUNDARY 3 
1 
5 4 
BOUNDARY 4 
1 
6 4 
BOUNDARY 5 
1 
11 4 
BOUNDARY 6 
1 
12 4 
BOUNDARY 7 
1 
13 4 
BOUNDARY 8 
1 
14 3 
BOUNDARY 9 
1 
17 4 
BOUNDARY 10 
1 
18 4 
BOUNDARY 11 
1 
19 1 
BOUNDARY 12 
1 
19 4 
BOUNDARY 13 
1 
23 4 
BOUNDARY 14 
1 
24 4 
BOUNDARY 15 
1 
29 4 
BOUNDARY 16 
1 
30 4 
BOUNDARY 17 
1 
31 4 
BOUNDARY 18 
1 
32 3 
