# nurbs mesh v.2.1
#
# 13-Jul-2024
#
2 2 32 55 0 
PATCH 1 
2 1 
4 2 
0.000000000000000   0.000000000000000   0.000000000000000   0.500000000000000   1.000000000000000   1.000000000000000   1.000000000000000   
0.000000000000000   0.000000000000000   1.000000000000000   1.000000000000000   
0.050000000000000   0.049904867452294   0.049525061277599   0.049240387650610   0.050500000000000   0.050403916126817   0.050020311890375   0.049732791527117   
0.000000000000000   0.002178893568691   0.006520098010365   0.008682408883347   0.000000000000000   0.002200682504378   0.006585298990468   0.008769232972180   
1.000000000000000   0.998097349045873   0.998097349045873   1.000000000000000   1.000000000000000   0.998097349045873   0.998097349045873   1.000000000000000   
PATCH 2 
2 1 
4 2 
0.000000000000000   0.000000000000000   0.000000000000000   0.500000000000000   1.000000000000000   1.000000000000000   1.000000000000000   
0.000000000000000   0.000000000000000   1.000000000000000   1.000000000000000   
0.048018877436308   0.047452076983515   0.046318476077929   0.045751675625136   0.050000000000000   0.049904867452294   0.049525061277599   0.049240387650610   
0.001506604031538   0.002786102292883   0.005345098815573   0.006624597076917   0.000000000000000   0.002178893568691   0.006520098010365   0.008682408883347   
1.000000000000000   1.000000000000000   1.000000000000000   1.000000000000000   1.000000000000000   0.998097349045873   0.998097349045873   1.000000000000000   
PATCH 3 
2 1 
13 2 
0.000000000000000   0.000000000000000   0.000000000000000   0.125000000000000   0.125000000000000   0.250000000000000   0.250000000000000   0.500000000000000   0.500000000000000   0.625000000000000   0.625000000000000   0.750000000000000   0.750000000000000   1.000000000000000   1.000000000000000   1.000000000000000   
0.000000000000000   0.000000000000000   1.000000000000000   1.000000000000000   
0.045751675625136   0.043048290348429   0.043011288507400   0.042974286666371   0.045603668261019   0.045120323387720   0.044636978514421   0.044314867539506   0.044299318167353   0.044283768795200   0.044574781025810   0.044235259540616   0.043895738055423   0.049240387650610   0.049122375608591   0.048998620380024   0.048874865151458   0.048745366736344   0.048486369906118   0.048204400329703   0.048063415541496   0.047916687566742   0.047769959591988   0.047617488430687   0.047312546108085   0.046984631039295   
0.006624597076917   0.006278892048082   0.006307875702589   0.006336859357096   0.006740531694945   0.006826072549641   0.006911613404336   0.006867128409291   0.006872644715219   0.006878161021147   0.006933678628049   0.007122105191392   0.007310531754735   0.008682408883347   0.009214726804819   0.009745505844094   0.010276284883369   0.010805525040447   0.011864005354603   0.012916330139971   0.013442492532654   0.013967116043140   0.014491739553627   0.015014824181916   0.016060993438494   0.017101007166283   
1.000000000000000   0.941327869385742   0.941327869385742   0.941327869385742   1.000000000000000   1.000000000000000   1.000000000000000   0.993147731277345   0.993147731277345   0.993147731277345   1.000000000000000   1.000000000000000   1.000000000000000   1.000000000000000   0.999524337261468   0.999167590207569   0.998810843153671   0.998573011784405   0.998097349045873   0.998097349045873   0.998097349045873   0.998216264730506   0.998335180415139   0.998573011784404   0.999048674522936   1.000000000000000   
PATCH 4 
2 2 
13 4 
0.000000000000000   0.000000000000000   0.000000000000000   0.250000000000000   0.250000000000000   0.375000000000000   0.375000000000000   0.500000000000000   0.500000000000000   0.750000000000000   0.750000000000000   0.875000000000000   0.875000000000000   1.000000000000000   1.000000000000000   1.000000000000000   
0.000000000000000   0.000000000000000   0.000000000000000   0.500000000000000   1.000000000000000   1.000000000000000   1.000000000000000   
0.041731131027963   0.042709182644210   0.043687234260457   0.043530884387913   0.043542337604924   0.043553790821935   0.043733047128502   0.045758912535018   0.047784777941534   0.040545133230103   0.047988152442937   0.040683434354646   0.048018877436308   0.042272282784828   0.043090701868312   0.043909120951796   0.043719105489735   0.043731582745531   0.043744060001328   0.043959029974982   0.045599265248193   0.047239500521405   0.041152421589170   0.046743936459053   0.041274648353092   0.047452076983515   0.043354586298558   0.043853740316515   0.044352894334472   0.044095547693378   0.044110073026746   0.044124598360113   0.044410995667941   0.045279970674544   0.046148945681147   0.042366998307304   0.044255504491284   0.042457076349984   0.046318476077929   0.043895738055423   0.044235259540616   0.044574781025810   0.044283768795200   0.044299318167353   0.044314867539506   0.044636978514421   0.045120323387720   0.045603668261019   0.042974286666371   0.043011288507400   0.043048290348429   0.045751675625136   
0.003410176200905   0.002867380198713   0.002324584196521   0.002309698862575   0.002305086165455   0.002300473468335   0.002306133408042   0.001769203621766   0.001232273835490   0.001015630623575   0.001295773760694   0.001177699211746   0.001506604031538   0.004385265089363   0.003931061446883   0.003476857804403   0.003451814402218   0.003446975802896   0.003442137203574   0.003457503407115   0.003033420853735   0.002609338300354   0.002345937806955   0.002548799246168   0.002452997420830   0.002786102292883   0.006335442866278   0.006058423943222   0.005781405020167   0.005736045481504   0.005730755077778   0.005725464674052   0.005760243405262   0.005561855317672   0.005363467230082   0.005006552173716   0.005054850217115   0.005003593838998   0.005345098815573   0.007310531754735   0.007122105191392   0.006933678628049   0.006878161021147   0.006872644715219   0.006867128409291   0.006911613404336   0.006826072549641   0.006740531694945   0.006336859357096   0.006307875702589   0.006278892048082   0.006624597076917   
1.000000000000000   1.000000000000000   1.000000000000000   0.996174033111748   0.996174033111748   0.996174033111748   1.000000000000000   1.000000000000000   1.000000000000000   0.846339809407519   1.000000000000000   0.846339809407519   1.000000000000000   1.000000000000000   1.000000000000000   1.000000000000000   0.995417457653147   0.995417457653147   0.995417457653147   1.000000000000000   1.000000000000000   1.000000000000000   0.870086824402074   0.985331967346435   0.870086824402074   1.000000000000000   1.000000000000000   1.000000000000000   1.000000000000000   0.993904306735946   0.993904306735946   0.993904306735946   1.000000000000000   1.000000000000000   1.000000000000000   0.917580854391186   0.955995902039306   0.917580854391186   1.000000000000000   1.000000000000000   1.000000000000000   1.000000000000000   0.993147731277345   0.993147731277345   0.993147731277345   1.000000000000000   1.000000000000000   1.000000000000000   0.941327869385742   0.941327869385742   0.941327869385742   1.000000000000000   
PATCH 5 
2 1 
13 2 
0.000000000000000   0.000000000000000   0.000000000000000   0.125000000000000   0.125000000000000   0.250000000000000   0.250000000000000   0.500000000000000   0.500000000000000   0.625000000000000   0.625000000000000   0.750000000000000   0.750000000000000   1.000000000000000   1.000000000000000   1.000000000000000   
0.000000000000000   0.000000000000000   1.000000000000000   1.000000000000000   
0.049240387650610   0.049122375608591   0.048998620380024   0.048874865151458   0.048745366736344   0.048486369906118   0.048204400329703   0.048063415541496   0.047916687566742   0.047769959591988   0.047617488430687   0.047312546108085   0.046984631039295   0.049732791527117   0.049613599364677   0.049488606583825   0.049363613802972   0.049232820403708   0.048971233605179   0.048686444333000   0.048544049696911   0.048395854442409   0.048247659187908   0.048093663314994   0.047785671569166   0.047454477349688   
0.008682408883347   0.009214726804819   0.009745505844094   0.010276284883369   0.010805525040447   0.011864005354603   0.012916330139971   0.013442492532654   0.013967116043140   0.014491739553627   0.015014824181916   0.016060993438494   0.017101007166283   0.008769232972180   0.009306874072867   0.009842960902535   0.010379047732203   0.010913580290852   0.011982645408149   0.013045493441370   0.013576917457981   0.014106787203572   0.014636656949163   0.015164972423735   0.016221603372879   0.017272017237946   
1.000000000000000   0.999524337261468   0.999167590207569   0.998810843153671   0.998573011784405   0.998097349045873   0.998097349045873   0.998097349045873   0.998216264730506   0.998335180415139   0.998573011784404   0.999048674522936   1.000000000000000   1.000000000000000   0.999524337261468   0.999167590207569   0.998810843153671   0.998573011784405   0.998097349045873   0.998097349045873   0.998097349045873   0.998216264730506   0.998335180415139   0.998573011784404   0.999048674522936   1.000000000000000   
PATCH 6 
2 1 
6 2 
0.000000000000000   0.000000000000000   0.000000000000000   0.250000000000000   0.500000000000000   0.750000000000000   1.000000000000000   1.000000000000000   1.000000000000000   
0.000000000000000   0.000000000000000   1.000000000000000   1.000000000000000   
0.046984631039295   0.046567320617430   0.045689590089305   0.044768749876786   0.043804799979875   0.043301270189222   0.047454477349688   0.047032993823604   0.046146485990198   0.045216437375554   0.044242847979673   0.043734282891114   
0.017101007166283   0.018108483646471   0.020103334230874   0.022078082439303   0.024032728271759   0.025000000000000   0.017272017237946   0.018289568482936   0.020304367573183   0.022298863263696   0.024273055554476   0.025250000000000   
1.000000000000000   0.999048674522936   0.998097349045873   0.998097349045873   0.999048674522936   1.000000000000000   1.000000000000000   0.999048674522936   0.998097349045873   0.998097349045873   0.999048674522936   1.000000000000000   
PATCH 7 
2 1 
6 2 
0.000000000000000   0.000000000000000   0.000000000000000   0.250000000000000   0.500000000000000   0.750000000000000   1.000000000000000   1.000000000000000   1.000000000000000   
0.000000000000000   0.000000000000000   1.000000000000000   1.000000000000000   
0.046984631039295   0.046567320617430   0.045689590089305   0.044768749876786   0.043804799979875   0.043301270189222   0.043895738055423   0.041331627701490   0.036203406993626   0.031075186285762   0.025946965577897   0.023382855223965   
0.017101007166283   0.018108483646471   0.020103334230874   0.022078082439303   0.024032728271759   0.025000000000000   0.007310531754735   0.008733553634331   0.011579597393523   0.014425641152715   0.017271684911907   0.018694706791503   
1.000000000000000   0.999048674522936   0.998097349045873   0.998097349045873   0.999048674522936   1.000000000000000   1.000000000000000   1.000000000000000   1.000000000000000   1.000000000000000   1.000000000000000   1.000000000000000   
PATCH 8 
2 1 
13 2 
0.000000000000000   0.000000000000000   0.000000000000000   0.250000000000000   0.250000000000000   0.375000000000000   0.375000000000000   0.500000000000000   0.500000000000000   0.750000000000000   0.750000000000000   0.875000000000000   0.875000000000000   1.000000000000000   1.000000000000000   1.000000000000000   
0.000000000000000   0.000000000000000   1.000000000000000   1.000000000000000   
0.043301270189222   0.042440771225325   0.041541659155763   0.041092103120981   0.040632893809783   0.040173684498585   0.039704821910971   0.038767096735742   0.037790758454846   0.037302589314399   0.036804766897534   0.036306944480670   0.035799468787389   0.023382855223965   0.022870674223192   0.022358493222420   0.022106880156372   0.022087453961377   0.022068027766382   0.022280788442441   0.021371059167968   0.020461329893496   0.019439401108987   0.019399209154008   0.019359017199030   0.020300562073581   
0.025000000000000   0.026296680767049   0.027564118575037   0.028197837479031   0.028824245643259   0.029450653807488   0.030069751231951   0.031307946080878   0.032516897970743   0.033121373915676   0.033718539120843   0.034315704326010   0.034905558791412   0.018694706791503   0.018978955388407   0.019263203985311   0.019071623639268   0.019077670560696   0.019083717482124   0.019287391671024   0.019375806520181   0.019464221369338   0.018536648749074   0.018522238566470   0.018507828383865   0.019406580638921   
1.000000000000000   0.998062528417198   0.997093792625798   0.996609424730097   0.996367240782247   0.996125056834397   0.996125056834397   0.996125056834397   0.997093792625798   0.997578160521498   0.998304712365049   0.999031264208599   1.000000000000000   1.000000000000000   1.000000000000000   1.000000000000000   0.989542074015695   0.989542074015695   0.989542074015695   1.000000000000000   1.000000000000000   1.000000000000000   0.952132541195390   0.952132541195390   0.952132541195390   1.000000000000000   
PATCH 9 
2 2 
6 4 
0.000000000000000   0.000000000000000   0.000000000000000   0.250000000000000   0.500000000000000   0.750000000000000   1.000000000000000   1.000000000000000   1.000000000000000   
0.000000000000000   0.000000000000000   0.000000000000000   0.500000000000000   1.000000000000000   1.000000000000000   1.000000000000000   
0.021218248196505   0.023782358550438   0.028910579258302   0.034038799966166   0.039167020674031   0.041731131027963   0.021759399953370   0.024323510307302   0.029451731015167   0.034579951723031   0.039708172430896   0.042272282784828   0.022841703467100   0.025405813821032   0.030534034528897   0.035662255236761   0.040790475944626   0.043354586298558   0.023382855223965   0.025946965577897   0.031075186285762   0.036203406993626   0.041331627701490   0.043895738055423   
0.014794351237673   0.013371329358077   0.010525285598885   0.007679241839693   0.004833198080501   0.003410176200905   0.015769440126131   0.014346418246535   0.011500374487343   0.008654330728151   0.005808286968959   0.004385265089363   0.017719617903046   0.016296596023450   0.013450552264258   0.010604508505066   0.007758464745874   0.006335442866278   0.018694706791503   0.017271684911907   0.014425641152715   0.011579597393523   0.008733553634331   0.007310531754735   
1.000000000000000   1.000000000000000   1.000000000000000   1.000000000000000   1.000000000000000   1.000000000000000   1.000000000000000   1.000000000000000   1.000000000000000   1.000000000000000   1.000000000000000   1.000000000000000   1.000000000000000   1.000000000000000   1.000000000000000   1.000000000000000   1.000000000000000   1.000000000000000   1.000000000000000   1.000000000000000   1.000000000000000   1.000000000000000   1.000000000000000   1.000000000000000   
PATCH 10 
2 2 
13 4 
0.000000000000000   0.000000000000000   0.000000000000000   0.250000000000000   0.250000000000000   0.375000000000000   0.375000000000000   0.500000000000000   0.500000000000000   0.750000000000000   0.750000000000000   0.875000000000000   0.875000000000000   1.000000000000000   1.000000000000000   1.000000000000000   
0.000000000000000   0.000000000000000   0.000000000000000   0.500000000000000   1.000000000000000   1.000000000000000   1.000000000000000   
0.021218248196505   0.020692993426703   0.020167738656901   0.020149114327278   0.020144377464141   0.020139640601004   0.020148791204353   0.018927284157265   0.017705777110177   0.015546346293428   0.017587559863761   0.015510489405820   0.017642459545048   0.021759399953370   0.021237413625826   0.020715427298281   0.020638555784551   0.020630146588450   0.020621737392349   0.020681790513875   0.019538227909941   0.018394665306007   0.016519609997317   0.018040472186323   0.016472621354122   0.018306985177182   0.022841703467100   0.022326254024070   0.021810804581040   0.021617438699099   0.021601684837068   0.021585930975038   0.021747789132919   0.020760115415292   0.019772441697666   0.018466137405097   0.018946296831446   0.018396885250727   0.019636036441448   0.023382855223965   0.022870674223192   0.022358493222420   0.022106880156372   0.022087453961377   0.022068027766382   0.022280788442441   0.021371059167968   0.020461329893496   0.019439401108987   0.019399209154008   0.019359017199030   0.020300562073581   
0.014794351237673   0.015085855473692   0.015377359709711   0.015369230584245   0.015371541728343   0.015373852872441   0.015386604286103   0.015904771031460   0.016422937776817   0.014536820570355   0.016568872330294   0.014721174834910   0.016748478110388   0.015769440126131   0.016059130452371   0.016348820778611   0.016294828848001   0.016298073936431   0.016301319024862   0.016361801132333   0.016772529903640   0.017183258674948   0.015536777615035   0.017057213889338   0.015667838222149   0.017413003742522   0.017719617903046   0.018005680409728   0.018291742916411   0.018146025375512   0.018151138352608   0.018156251329703   0.018312194824794   0.018508047648001   0.018703900471208   0.017536691704394   0.018033897007426   0.017561164996627   0.018742055006788   0.018694706791503   0.018978955388407   0.019263203985311   0.019071623639268   0.019077670560696   0.019083717482124   0.019287391671024   0.019375806520181   0.019464221369338   0.018536648749074   0.018522238566470   0.018507828383865   0.019406580638921   
1.000000000000000   1.000000000000000   1.000000000000000   0.999305035538903   0.999305035538903   0.999305035538903   1.000000000000000   1.000000000000000   1.000000000000000   0.882920539853835   1.000000000000000   0.882920539853835   1.000000000000000   1.000000000000000   1.000000000000000   1.000000000000000   0.996864295158101   0.996864295158101   0.996864295158101   1.000000000000000   1.000000000000000   1.000000000000000   0.900223540189224   0.988033135298848   0.900223540189224   1.000000000000000   1.000000000000000   1.000000000000000   1.000000000000000   0.991982814396497   0.991982814396497   0.991982814396497   1.000000000000000   1.000000000000000   1.000000000000000   0.934829540860002   0.964099405896543   0.934829540860002   1.000000000000000   1.000000000000000   1.000000000000000   1.000000000000000   0.989542074015695   0.989542074015695   0.989542074015695   1.000000000000000   1.000000000000000   1.000000000000000   0.952132541195390   0.952132541195390   0.952132541195390   1.000000000000000   
PATCH 11 
2 1 
13 2 
0.000000000000000   0.000000000000000   0.000000000000000   0.250000000000000   0.250000000000000   0.375000000000000   0.375000000000000   0.500000000000000   0.500000000000000   0.750000000000000   0.750000000000000   0.875000000000000   0.875000000000000   1.000000000000000   1.000000000000000   1.000000000000000   
0.000000000000000   0.000000000000000   1.000000000000000   1.000000000000000   
0.043301270189222   0.042440771225325   0.041541659155763   0.041092103120981   0.040632893809783   0.040173684498585   0.039704821910971   0.038767096735742   0.037790758454846   0.037302589314399   0.036804766897534   0.036306944480670   0.035799468787389   0.043734282891114   0.043142506727484   0.042531053738569   0.042225327244111   0.041914681543332   0.041604035842553   0.041288470935453   0.040657341121252   0.040006534481766   0.039681131162023   0.039350808635958   0.039020486109894   0.038685244377508   
0.025000000000000   0.026296680767049   0.027564118575037   0.028197837479031   0.028824245643259   0.029450653807488   0.030069751231951   0.031307946080878   0.032516897970743   0.033121373915676   0.033718539120843   0.034315704326010   0.034905558791412   0.025250000000000   0.026178902508932   0.027094027156471   0.027551589480241   0.028005707338662   0.028459825197083   0.028910498590156   0.029811845376303   0.030699414301056   0.031143198763433   0.031583538760461   0.032023878757490   0.032460774289170   
1.000000000000000   0.998062528417198   0.997093792625798   0.996609424730097   0.996367240782247   0.996125056834397   0.996125056834397   0.996125056834397   0.997093792625798   0.997578160521498   0.998304712365049   0.999031264208599   1.000000000000000   1.000000000000000   0.999048674522937   0.998573011784405   0.998335180415139   0.998216264730506   0.998097349045873   0.998097349045873   0.998097349045873   0.998573011784405   0.998810843153671   0.999167590207569   0.999524337261468   1.000000000000000   
PATCH 12 
2 1 
6 2 
0.000000000000000   0.000000000000000   0.000000000000000   0.250000000000000   0.500000000000000   0.750000000000000   1.000000000000000   1.000000000000000   1.000000000000000   
0.000000000000000   0.000000000000000   1.000000000000000   1.000000000000000   
0.021218248196505   0.023782358550438   0.028910579258302   0.034038799966166   0.039167020674031   0.041731131027963   0.014550000000000   0.017947641378495   0.024742924135486   0.031538206892477   0.038333489649468   0.041731131027963   
0.014794351237673   0.013371329358077   0.010525285598885   0.007679241839693   0.004833198080501   0.003410176200905   0.000000000000000   0.000000000000000   0.000000000000000   0.000000000000000   0.000000000000000   0.000000000000000   
1.000000000000000   1.000000000000000   1.000000000000000   1.000000000000000   1.000000000000000   1.000000000000000   1.000000000000000   1.000000000000000   1.000000000000000   1.000000000000000   1.000000000000000   1.000000000000000   
PATCH 13 
2 1 
13 2 
0.000000000000000   0.000000000000000   0.000000000000000   0.250000000000000   0.250000000000000   0.375000000000000   0.375000000000000   0.500000000000000   0.500000000000000   0.750000000000000   0.750000000000000   0.875000000000000   0.875000000000000   1.000000000000000   1.000000000000000   1.000000000000000   
0.000000000000000   0.000000000000000   1.000000000000000   1.000000000000000   
0.041731131027963   0.042709182644210   0.043687234260457   0.043530884387913   0.043542337604924   0.043553790821935   0.043733047128502   0.045758912535018   0.047784777941534   0.040545133230103   0.047988152442937   0.040683434354646   0.048018877436308   0.041731131027963   0.042764739649468   0.043798348270972   0.044315152581725   0.044831956892477   0.045348761203229   0.045865565513982   0.046899174135486   0.047932782756991   0.048449587067743   0.048966391378495   0.049483195689248   0.050000000000000   
0.003410176200905   0.002867380198713   0.002324584196521   0.002309698862575   0.002305086165455   0.002300473468335   0.002306133408042   0.001769203621766   0.001232273835490   0.001015630623575   0.001295773760694   0.001177699211746   0.001506604031538   0.000000000000000   0.000000000000000   0.000000000000000   0.000000000000000   0.000000000000000   0.000000000000000   0.000000000000000   0.000000000000000   0.000000000000000   0.000000000000000   0.000000000000000   0.000000000000000   0.000000000000000   
1.000000000000000   1.000000000000000   1.000000000000000   0.996174033111748   0.996174033111748   0.996174033111748   1.000000000000000   1.000000000000000   1.000000000000000   0.846339809407519   1.000000000000000   0.846339809407519   1.000000000000000   1.000000000000000   1.000000000000000   1.000000000000000   1.000000000000000   1.000000000000000   1.000000000000000   1.000000000000000   1.000000000000000   1.000000000000000   1.000000000000000   1.000000000000000   1.000000000000000   1.000000000000000   
PATCH 14 
2 1 
13 2 
0.000000000000000   0.000000000000000   0.000000000000000   0.250000000000000   0.250000000000000   0.375000000000000   0.375000000000000   0.500000000000000   0.500000000000000   0.750000000000000   0.750000000000000   0.875000000000000   0.875000000000000   1.000000000000000   1.000000000000000   1.000000000000000   
0.000000000000000   0.000000000000000   1.000000000000000   1.000000000000000   
0.014550000000000   0.014281843597142   0.013889493234284   0.013693318052854   0.013466094381425   0.013238870709996   0.012980598548566   0.012464054225708   0.011823315942849   0.011502946801419   0.011151529169990   0.010800111538560   0.010417645417130   0.021218248196505   0.020692993426703   0.020167738656901   0.020149114327278   0.020144377464141   0.020139640601004   0.020148791204353   0.018927284157265   0.017705777110177   0.015546346293428   0.017587559863761   0.015510489405820   0.017642459545048   
0.000000000000000   0.001370740666355   0.002690955850051   0.003351063441899   0.003998539663082   0.004646015884266   0.005280860734785   0.006550550435822   0.007769714654201   0.008379296763391   0.008976247501916   0.009573198240441   0.010157517608301   0.014794351237673   0.015085855473692   0.015377359709711   0.015369230584245   0.015371541728343   0.015373852872441   0.015386604286103   0.015904771031460   0.016422937776817   0.014536820570355   0.016568872330294   0.014721174834910   0.016748478110388   
1.000000000000000   0.981570006676422   0.972355010014634   0.967747511683739   0.965443762518292   0.963140013352845   0.963140013352845   0.963140013352845   0.972355010014633   0.976962508345528   0.983873755841870   0.990785003338211   1.000000000000000   1.000000000000000   1.000000000000000   1.000000000000000   0.999305035538903   0.999305035538903   0.999305035538903   1.000000000000000   1.000000000000000   1.000000000000000   0.882920539853835   1.000000000000000   0.882920539853835   1.000000000000000   
PATCH 15 
2 1 
4 2 
0.000000000000000   0.000000000000000   0.000000000000000   0.500000000000000   1.000000000000000   1.000000000000000   1.000000000000000   
0.000000000000000   0.000000000000000   1.000000000000000   1.000000000000000   
0.035799468787389   0.035577403923358   0.035130448925370   0.034905558791412   0.020300562073581   0.020077066714916   0.019630075997586   0.019406580638921   
0.034905558791412   0.035130448925370   0.035577403923358   0.035799468787389   0.019406580638921   0.019630075997586   0.020077066714916   0.020300562073581   
1.000000000000000   0.999960044649525   0.999960044649525   1.000000000000000   1.000000000000000   1.000000000000000   1.000000000000000   1.000000000000000   
PATCH 16 
2 2 
4 4 
0.000000000000000   0.000000000000000   0.000000000000000   0.500000000000000   1.000000000000000   1.000000000000000   1.000000000000000   
0.000000000000000   0.000000000000000   0.000000000000000   0.500000000000000   1.000000000000000   1.000000000000000   1.000000000000000   
0.017642459545048   0.018306985177182   0.019636036441448   0.020300562073581   0.017418964186383   0.018083489818517   0.019412541082783   0.020077066714916   0.016971973469053   0.017636499101187   0.018965550365453   0.019630075997586   0.016748478110388   0.017413003742522   0.018742055006788   0.019406580638921   
0.016748478110388   0.017413003742522   0.018742055006788   0.019406580638921   0.016971973469053   0.017636499101187   0.018965550365453   0.019630075997586   0.017418964186383   0.018083489818517   0.019412541082783   0.020077066714916   0.017642459545048   0.018306985177182   0.019636036441448   0.020300562073581   
1.000000000000000   1.000000000000000   1.000000000000000   1.000000000000000   1.000000000000000   1.000000000000000   1.000000000000000   1.000000000000000   1.000000000000000   1.000000000000000   1.000000000000000   1.000000000000000   1.000000000000000   1.000000000000000   1.000000000000000   1.000000000000000   
PATCH 17 
2 1 
4 2 
0.000000000000000   0.000000000000000   0.000000000000000   0.500000000000000   1.000000000000000   1.000000000000000   1.000000000000000   
0.000000000000000   0.000000000000000   1.000000000000000   1.000000000000000   
0.017642459545048   0.017418964186383   0.016971973469053   0.016748478110388   0.010417645417130   0.010353024541697   0.010222960637283   0.010157517608301   
0.016748478110388   0.016971973469053   0.017418964186383   0.017642459545048   0.010157517608301   0.010222960637283   0.010353024541697   0.010417645417130   
1.000000000000000   1.000000000000000   1.000000000000000   1.000000000000000   1.000000000000000   0.999960044649525   0.999960044649525   1.000000000000000   
PATCH 18 
2 1 
4 2 
0.000000000000000   0.000000000000000   0.000000000000000   0.500000000000000   1.000000000000000   1.000000000000000   1.000000000000000   
0.000000000000000   0.000000000000000   1.000000000000000   1.000000000000000   
0.035799468787389   0.035577403923358   0.035130448925370   0.034905558791412   0.038685244377508   0.037197068413715   0.034084833369545   0.032460774289170   
0.034905558791412   0.035130448925370   0.035577403923358   0.035799468787389   0.032460774289170   0.034084833369545   0.037197068413715   0.038685244377508   
1.000000000000000   0.999960044649525   0.999960044649525   1.000000000000000   1.000000000000000   0.998097349045873   0.998097349045873   1.000000000000000   
PATCH 19 
2 1 
4 2 
0.000000000000000   0.000000000000000   0.000000000000000   0.500000000000000   1.000000000000000   1.000000000000000   1.000000000000000   
0.000000000000000   0.000000000000000   1.000000000000000   1.000000000000000   
0.000000000000000   0.002178893568691   0.006520098010365   0.008682408883347   0.000000000000000   0.002200682504378   0.006585298990468   0.008769232972180   
0.050000000000000   0.049904867452294   0.049525061277599   0.049240387650610   0.050500000000000   0.050403916126817   0.050020311890375   0.049732791527117   
1.000000000000000   0.998097349045873   0.998097349045873   1.000000000000000   1.000000000000000   0.998097349045873   0.998097349045873   1.000000000000000   
PATCH 20 
2 1 
4 2 
0.000000000000000   0.000000000000000   0.000000000000000   0.500000000000000   1.000000000000000   1.000000000000000   1.000000000000000   
0.000000000000000   0.000000000000000   1.000000000000000   1.000000000000000   
0.001506604031538   0.002786102292883   0.005345098815573   0.006624597076917   0.000000000000000   0.002178893568691   0.006520098010365   0.008682408883347   
0.048018877436308   0.047452076983515   0.046318476077929   0.045751675625136   0.050000000000000   0.049904867452294   0.049525061277599   0.049240387650610   
1.000000000000000   1.000000000000000   1.000000000000000   1.000000000000000   1.000000000000000   0.998097349045873   0.998097349045873   1.000000000000000   
PATCH 21 
2 1 
13 2 
0.000000000000000   0.000000000000000   0.000000000000000   0.125000000000000   0.125000000000000   0.250000000000000   0.250000000000000   0.500000000000000   0.500000000000000   0.625000000000000   0.625000000000000   0.750000000000000   0.750000000000000   1.000000000000000   1.000000000000000   1.000000000000000   
0.000000000000000   0.000000000000000   1.000000000000000   1.000000000000000   
0.006624597076917   0.006278892048082   0.006307875702589   0.006336859357096   0.006740531694945   0.006826072549641   0.006911613404336   0.006867128409291   0.006872644715219   0.006878161021147   0.006933678628049   0.007122105191392   0.007310531754735   0.008682408883347   0.009214726804819   0.009745505844094   0.010276284883369   0.010805525040447   0.011864005354603   0.012916330139971   0.013442492532654   0.013967116043140   0.014491739553627   0.015014824181916   0.016060993438494   0.017101007166283   
0.045751675625136   0.043048290348429   0.043011288507400   0.042974286666371   0.045603668261019   0.045120323387720   0.044636978514421   0.044314867539506   0.044299318167353   0.044283768795200   0.044574781025810   0.044235259540616   0.043895738055423   0.049240387650610   0.049122375608591   0.048998620380024   0.048874865151458   0.048745366736344   0.048486369906118   0.048204400329703   0.048063415541496   0.047916687566742   0.047769959591988   0.047617488430687   0.047312546108085   0.046984631039295   
1.000000000000000   0.941327869385742   0.941327869385742   0.941327869385742   1.000000000000000   1.000000000000000   1.000000000000000   0.993147731277345   0.993147731277345   0.993147731277345   1.000000000000000   1.000000000000000   1.000000000000000   1.000000000000000   0.999524337261468   0.999167590207569   0.998810843153671   0.998573011784405   0.998097349045873   0.998097349045873   0.998097349045873   0.998216264730506   0.998335180415139   0.998573011784404   0.999048674522936   1.000000000000000   
PATCH 22 
2 2 
13 4 
0.000000000000000   0.000000000000000   0.000000000000000   0.250000000000000   0.250000000000000   0.375000000000000   0.375000000000000   0.500000000000000   0.500000000000000   0.750000000000000   0.750000000000000   0.875000000000000   0.875000000000000   1.000000000000000   1.000000000000000   1.000000000000000   
0.000000000000000   0.000000000000000   0.000000000000000   0.500000000000000   1.000000000000000   1.000000000000000   1.000000000000000   
0.003410176200905   0.002867380198713   0.002324584196521   0.002309698862575   0.002305086165455   0.002300473468335   0.002306133408042   0.001769203621766   0.001232273835490   0.001015630623575   0.001295773760694   0.001177699211746   0.001506604031538   0.004385265089363   0.003931061446883   0.003476857804403   0.003451814402218   0.003446975802896   0.003442137203574   0.003457503407115   0.003033420853735   0.002609338300354   0.002345937806955   0.002548799246168   0.002452997420830   0.002786102292883   0.006335442866278   0.006058423943222   0.005781405020167   0.005736045481504   0.005730755077778   0.005725464674052   0.005760243405262   0.005561855317672   0.005363467230082   0.005006552173716   0.005054850217115   0.005003593838998   0.005345098815573   0.007310531754735   0.007122105191392   0.006933678628049   0.006878161021147   0.006872644715219   0.006867128409291   0.006911613404336   0.006826072549641   0.006740531694945   0.006336859357096   0.006307875702589   0.006278892048082   0.006624597076917   
0.041731131027963   0.042709182644210   0.043687234260457   0.043530884387913   0.043542337604924   0.043553790821935   0.043733047128502   0.045758912535018   0.047784777941534   0.040545133230103   0.047988152442937   0.040683434354646   0.048018877436308   0.042272282784828   0.043090701868312   0.043909120951796   0.043719105489735   0.043731582745531   0.043744060001328   0.043959029974982   0.045599265248193   0.047239500521405   0.041152421589170   0.046743936459053   0.041274648353092   0.047452076983515   0.043354586298558   0.043853740316515   0.044352894334472   0.044095547693378   0.044110073026746   0.044124598360113   0.044410995667941   0.045279970674544   0.046148945681147   0.042366998307304   0.044255504491284   0.042457076349984   0.046318476077929   0.043895738055423   0.044235259540616   0.044574781025810   0.044283768795200   0.044299318167353   0.044314867539506   0.044636978514421   0.045120323387720   0.045603668261019   0.042974286666371   0.043011288507400   0.043048290348429   0.045751675625136   
1.000000000000000   1.000000000000000   1.000000000000000   0.996174033111748   0.996174033111748   0.996174033111748   1.000000000000000   1.000000000000000   1.000000000000000   0.846339809407519   1.000000000000000   0.846339809407519   1.000000000000000   1.000000000000000   1.000000000000000   1.000000000000000   0.995417457653147   0.995417457653147   0.995417457653147   1.000000000000000   1.000000000000000   1.000000000000000   0.870086824402074   0.985331967346435   0.870086824402074   1.000000000000000   1.000000000000000   1.000000000000000   1.000000000000000   0.993904306735946   0.993904306735946   0.993904306735946   1.000000000000000   1.000000000000000   1.000000000000000   0.917580854391186   0.955995902039306   0.917580854391186   1.000000000000000   1.000000000000000   1.000000000000000   1.000000000000000   0.993147731277345   0.993147731277345   0.993147731277345   1.000000000000000   1.000000000000000   1.000000000000000   0.941327869385742   0.941327869385742   0.941327869385742   1.000000000000000   
PATCH 23 
2 1 
13 2 
0.000000000000000   0.000000000000000   0.000000000000000   0.125000000000000   0.125000000000000   0.250000000000000   0.250000000000000   0.500000000000000   0.500000000000000   0.625000000000000   0.625000000000000   0.750000000000000   0.750000000000000   1.000000000000000   1.000000000000000   1.000000000000000   
0.000000000000000   0.000000000000000   1.000000000000000   1.000000000000000   
0.008682408883347   0.009214726804819   0.009745505844094   0.010276284883369   0.010805525040447   0.011864005354603   0.012916330139971   0.013442492532654   0.013967116043140   0.014491739553627   0.015014824181916   0.016060993438494   0.017101007166283   0.008769232972180   0.009306874072867   0.009842960902535   0.010379047732203   0.010913580290852   0.011982645408149   0.013045493441370   0.013576917457981   0.014106787203572   0.014636656949163   0.015164972423735   0.016221603372879   0.017272017237946   
0.049240387650610   0.049122375608591   0.048998620380024   0.048874865151458   0.048745366736344   0.048486369906118   0.048204400329703   0.048063415541496   0.047916687566742   0.047769959591988   0.047617488430687   0.047312546108085   0.046984631039295   0.049732791527117   0.049613599364677   0.049488606583825   0.049363613802972   0.049232820403708   0.048971233605179   0.048686444333000   0.048544049696911   0.048395854442409   0.048247659187908   0.048093663314994   0.047785671569166   0.047454477349688   
1.000000000000000   0.999524337261468   0.999167590207569   0.998810843153671   0.998573011784405   0.998097349045873   0.998097349045873   0.998097349045873   0.998216264730506   0.998335180415139   0.998573011784404   0.999048674522936   1.000000000000000   1.000000000000000   0.999524337261468   0.999167590207569   0.998810843153671   0.998573011784405   0.998097349045873   0.998097349045873   0.998097349045873   0.998216264730506   0.998335180415139   0.998573011784404   0.999048674522936   1.000000000000000   
PATCH 24 
2 1 
6 2 
0.000000000000000   0.000000000000000   0.000000000000000   0.250000000000000   0.500000000000000   0.750000000000000   1.000000000000000   1.000000000000000   1.000000000000000   
0.000000000000000   0.000000000000000   1.000000000000000   1.000000000000000   
0.017101007166283   0.018108483646471   0.020103334230874   0.022078082439303   0.024032728271759   0.025000000000000   0.017272017237946   0.018289568482936   0.020304367573183   0.022298863263696   0.024273055554476   0.025250000000000   
0.046984631039295   0.046567320617430   0.045689590089305   0.044768749876786   0.043804799979875   0.043301270189222   0.047454477349688   0.047032993823604   0.046146485990198   0.045216437375554   0.044242847979673   0.043734282891114   
1.000000000000000   0.999048674522936   0.998097349045873   0.998097349045873   0.999048674522936   1.000000000000000   1.000000000000000   0.999048674522936   0.998097349045873   0.998097349045873   0.999048674522936   1.000000000000000   
PATCH 25 
2 1 
6 2 
0.000000000000000   0.000000000000000   0.000000000000000   0.250000000000000   0.500000000000000   0.750000000000000   1.000000000000000   1.000000000000000   1.000000000000000   
0.000000000000000   0.000000000000000   1.000000000000000   1.000000000000000   
0.017101007166283   0.018108483646471   0.020103334230874   0.022078082439303   0.024032728271759   0.025000000000000   0.007310531754735   0.008733553634331   0.011579597393523   0.014425641152715   0.017271684911907   0.018694706791503   
0.046984631039295   0.046567320617430   0.045689590089305   0.044768749876786   0.043804799979875   0.043301270189222   0.043895738055423   0.041331627701490   0.036203406993626   0.031075186285762   0.025946965577897   0.023382855223965   
1.000000000000000   0.999048674522936   0.998097349045873   0.998097349045873   0.999048674522936   1.000000000000000   1.000000000000000   1.000000000000000   1.000000000000000   1.000000000000000   1.000000000000000   1.000000000000000   
PATCH 26 
2 1 
13 2 
0.000000000000000   0.000000000000000   0.000000000000000   0.250000000000000   0.250000000000000   0.375000000000000   0.375000000000000   0.500000000000000   0.500000000000000   0.750000000000000   0.750000000000000   0.875000000000000   0.875000000000000   1.000000000000000   1.000000000000000   1.000000000000000   
0.000000000000000   0.000000000000000   1.000000000000000   1.000000000000000   
0.025000000000000   0.026296680767049   0.027564118575037   0.028197837479031   0.028824245643259   0.029450653807488   0.030069751231951   0.031307946080878   0.032516897970743   0.033121373915676   0.033718539120843   0.034315704326010   0.034905558791412   0.018694706791503   0.018978955388407   0.019263203985311   0.019071623639268   0.019077670560696   0.019083717482124   0.019287391671024   0.019375806520181   0.019464221369338   0.018536648749074   0.018522238566470   0.018507828383865   0.019406580638921   
0.043301270189222   0.042440771225325   0.041541659155763   0.041092103120981   0.040632893809783   0.040173684498585   0.039704821910971   0.038767096735742   0.037790758454846   0.037302589314399   0.036804766897534   0.036306944480670   0.035799468787389   0.023382855223965   0.022870674223192   0.022358493222420   0.022106880156372   0.022087453961377   0.022068027766382   0.022280788442441   0.021371059167968   0.020461329893496   0.019439401108987   0.019399209154008   0.019359017199030   0.020300562073581   
1.000000000000000   0.998062528417198   0.997093792625798   0.996609424730097   0.996367240782247   0.996125056834397   0.996125056834397   0.996125056834397   0.997093792625798   0.997578160521498   0.998304712365049   0.999031264208599   1.000000000000000   1.000000000000000   1.000000000000000   1.000000000000000   0.989542074015695   0.989542074015695   0.989542074015695   1.000000000000000   1.000000000000000   1.000000000000000   0.952132541195390   0.952132541195390   0.952132541195390   1.000000000000000   
PATCH 27 
2 2 
6 4 
0.000000000000000   0.000000000000000   0.000000000000000   0.250000000000000   0.500000000000000   0.750000000000000   1.000000000000000   1.000000000000000   1.000000000000000   
0.000000000000000   0.000000000000000   0.000000000000000   0.500000000000000   1.000000000000000   1.000000000000000   1.000000000000000   
0.014794351237673   0.013371329358077   0.010525285598885   0.007679241839693   0.004833198080501   0.003410176200905   0.015769440126131   0.014346418246535   0.011500374487343   0.008654330728151   0.005808286968959   0.004385265089363   0.017719617903046   0.016296596023450   0.013450552264258   0.010604508505066   0.007758464745874   0.006335442866278   0.018694706791503   0.017271684911907   0.014425641152715   0.011579597393523   0.008733553634331   0.007310531754735   
0.021218248196505   0.023782358550438   0.028910579258302   0.034038799966166   0.039167020674031   0.041731131027963   0.021759399953370   0.024323510307302   0.029451731015167   0.034579951723031   0.039708172430896   0.042272282784828   0.022841703467100   0.025405813821032   0.030534034528897   0.035662255236761   0.040790475944626   0.043354586298558   0.023382855223965   0.025946965577897   0.031075186285762   0.036203406993626   0.041331627701490   0.043895738055423   
1.000000000000000   1.000000000000000   1.000000000000000   1.000000000000000   1.000000000000000   1.000000000000000   1.000000000000000   1.000000000000000   1.000000000000000   1.000000000000000   1.000000000000000   1.000000000000000   1.000000000000000   1.000000000000000   1.000000000000000   1.000000000000000   1.000000000000000   1.000000000000000   1.000000000000000   1.000000000000000   1.000000000000000   1.000000000000000   1.000000000000000   1.000000000000000   
PATCH 28 
2 2 
13 4 
0.000000000000000   0.000000000000000   0.000000000000000   0.250000000000000   0.250000000000000   0.375000000000000   0.375000000000000   0.500000000000000   0.500000000000000   0.750000000000000   0.750000000000000   0.875000000000000   0.875000000000000   1.000000000000000   1.000000000000000   1.000000000000000   
0.000000000000000   0.000000000000000   0.000000000000000   0.500000000000000   1.000000000000000   1.000000000000000   1.000000000000000   
0.014794351237673   0.015085855473692   0.015377359709711   0.015369230584245   0.015371541728343   0.015373852872441   0.015386604286103   0.015904771031460   0.016422937776817   0.014536820570355   0.016568872330294   0.014721174834910   0.016748478110388   0.015769440126131   0.016059130452371   0.016348820778611   0.016294828848001   0.016298073936431   0.016301319024862   0.016361801132333   0.016772529903640   0.017183258674948   0.015536777615035   0.017057213889338   0.015667838222149   0.017413003742522   0.017719617903046   0.018005680409728   0.018291742916411   0.018146025375512   0.018151138352608   0.018156251329703   0.018312194824794   0.018508047648001   0.018703900471208   0.017536691704394   0.018033897007426   0.017561164996627   0.018742055006788   0.018694706791503   0.018978955388407   0.019263203985311   0.019071623639268   0.019077670560696   0.019083717482124   0.019287391671024   0.019375806520181   0.019464221369338   0.018536648749074   0.018522238566470   0.018507828383865   0.019406580638921   
0.021218248196505   0.020692993426703   0.020167738656901   0.020149114327278   0.020144377464141   0.020139640601004   0.020148791204353   0.018927284157265   0.017705777110177   0.015546346293428   0.017587559863761   0.015510489405820   0.017642459545048   0.021759399953370   0.021237413625826   0.020715427298281   0.020638555784551   0.020630146588450   0.020621737392349   0.020681790513875   0.019538227909941   0.018394665306007   0.016519609997317   0.018040472186323   0.016472621354122   0.018306985177182   0.022841703467100   0.022326254024070   0.021810804581040   0.021617438699099   0.021601684837068   0.021585930975038   0.021747789132919   0.020760115415292   0.019772441697666   0.018466137405097   0.018946296831446   0.018396885250727   0.019636036441448   0.023382855223965   0.022870674223192   0.022358493222420   0.022106880156372   0.022087453961377   0.022068027766382   0.022280788442441   0.021371059167968   0.020461329893496   0.019439401108987   0.019399209154008   0.019359017199030   0.020300562073581   
1.000000000000000   1.000000000000000   1.000000000000000   0.999305035538903   0.999305035538903   0.999305035538903   1.000000000000000   1.000000000000000   1.000000000000000   0.882920539853835   1.000000000000000   0.882920539853835   1.000000000000000   1.000000000000000   1.000000000000000   1.000000000000000   0.996864295158101   0.996864295158101   0.996864295158101   1.000000000000000   1.000000000000000   1.000000000000000   0.900223540189224   0.988033135298848   0.900223540189224   1.000000000000000   1.000000000000000   1.000000000000000   1.000000000000000   0.991982814396497   0.991982814396497   0.991982814396497   1.000000000000000   1.000000000000000   1.000000000000000   0.934829540860002   0.964099405896543   0.934829540860002   1.000000000000000   1.000000000000000   1.000000000000000   1.000000000000000   0.989542074015695   0.989542074015695   0.989542074015695   1.000000000000000   1.000000000000000   1.000000000000000   0.952132541195390   0.952132541195390   0.952132541195390   1.000000000000000   
PATCH 29 
2 1 
13 2 
0.000000000000000   0.000000000000000   0.000000000000000   0.250000000000000   0.250000000000000   0.375000000000000   0.375000000000000   0.500000000000000   0.500000000000000   0.750000000000000   0.750000000000000   0.875000000000000   0.875000000000000   1.000000000000000   1.000000000000000   1.000000000000000   
0.000000000000000   0.000000000000000   1.000000000000000   1.000000000000000   
0.025000000000000   0.026296680767049   0.027564118575037   0.028197837479031   0.028824245643259   0.029450653807488   0.030069751231951   0.031307946080878   0.032516897970743   0.033121373915676   0.033718539120843   0.034315704326010   0.034905558791412   0.025250000000000   0.026178902508932   0.027094027156471   0.027551589480241   0.028005707338662   0.028459825197083   0.028910498590156   0.029811845376303   0.030699414301056   0.031143198763433   0.031583538760461   0.032023878757490   0.032460774289170   
0.043301270189222   0.042440771225325   0.041541659155763   0.041092103120981   0.040632893809783   0.040173684498585   0.039704821910971   0.038767096735742   0.037790758454846   0.037302589314399   0.036804766897534   0.036306944480670   0.035799468787389   0.043734282891114   0.043142506727484   0.042531053738569   0.042225327244111   0.041914681543332   0.041604035842553   0.041288470935453   0.040657341121252   0.040006534481766   0.039681131162023   0.039350808635958   0.039020486109894   0.038685244377508   
1.000000000000000   0.998062528417198   0.997093792625798   0.996609424730097   0.996367240782247   0.996125056834397   0.996125056834397   0.996125056834397   0.997093792625798   0.997578160521498   0.998304712365049   0.999031264208599   1.000000000000000   1.000000000000000   0.999048674522937   0.998573011784405   0.998335180415139   0.998216264730506   0.998097349045873   0.998097349045873   0.998097349045873   0.998573011784405   0.998810843153671   0.999167590207569   0.999524337261468   1.000000000000000   
PATCH 30 
2 1 
6 2 
0.000000000000000   0.000000000000000   0.000000000000000   0.250000000000000   0.500000000000000   0.750000000000000   1.000000000000000   1.000000000000000   1.000000000000000   
0.000000000000000   0.000000000000000   1.000000000000000   1.000000000000000   
0.014794351237673   0.013371329358077   0.010525285598885   0.007679241839693   0.004833198080501   0.003410176200905   0.000000000000000   0.000000000000000   0.000000000000000   0.000000000000000   0.000000000000000   0.000000000000000   
0.021218248196505   0.023782358550438   0.028910579258302   0.034038799966166   0.039167020674031   0.041731131027963   0.014550000000000   0.017947641378495   0.024742924135486   0.031538206892477   0.038333489649468   0.041731131027963   
1.000000000000000   1.000000000000000   1.000000000000000   1.000000000000000   1.000000000000000   1.000000000000000   1.000000000000000   1.000000000000000   1.000000000000000   1.000000000000000   1.000000000000000   1.000000000000000   
PATCH 31 
2 1 
13 2 
0.000000000000000   0.000000000000000   0.000000000000000   0.250000000000000   0.250000000000000   0.375000000000000   0.375000000000000   0.500000000000000   0.500000000000000   0.750000000000000   0.750000000000000   0.875000000000000   0.875000000000000   1.000000000000000   1.000000000000000   1.000000000000000   
0.000000000000000   0.000000000000000   1.000000000000000   1.000000000000000   
0.003410176200905   0.002867380198713   0.002324584196521   0.002309698862575   0.002305086165455   0.002300473468335   0.002306133408042   0.001769203621766   0.001232273835490   0.001015630623575   0.001295773760694   0.001177699211746   0.001506604031538   0.000000000000000   0.000000000000000   0.000000000000000   0.000000000000000   0.000000000000000   0.000000000000000   0.000000000000000   0.000000000000000   0.000000000000000   0.000000000000000   0.000000000000000   0.000000000000000   0.000000000000000   
0.041731131027963   0.042709182644210   0.043687234260457   0.043530884387913   0.043542337604924   0.043553790821935   0.043733047128502   0.045758912535018   0.047784777941534   0.040545133230103   0.047988152442937   0.040683434354646   0.048018877436308   0.041731131027963   0.042764739649468   0.043798348270972   0.044315152581725   0.044831956892477   0.045348761203229   0.045865565513982   0.046899174135486   0.047932782756991   0.048449587067743   0.048966391378495   0.049483195689248   0.050000000000000   
1.000000000000000   1.000000000000000   1.000000000000000   0.996174033111748   0.996174033111748   0.996174033111748   1.000000000000000   1.000000000000000   1.000000000000000   0.846339809407519   1.000000000000000   0.846339809407519   1.000000000000000   1.000000000000000   1.000000000000000   1.000000000000000   1.000000000000000   1.000000000000000   1.000000000000000   1.000000000000000   1.000000000000000   1.000000000000000   1.000000000000000   1.000000000000000   1.000000000000000   1.000000000000000   
PATCH 32 
2 1 
13 2 
0.000000000000000   0.000000000000000   0.000000000000000   0.250000000000000   0.250000000000000   0.375000000000000   0.375000000000000   0.500000000000000   0.500000000000000   0.750000000000000   0.750000000000000   0.875000000000000   0.875000000000000   1.000000000000000   1.000000000000000   1.000000000000000   
0.000000000000000   0.000000000000000   1.000000000000000   1.000000000000000   
0.000000000000000   0.001370740666355   0.002690955850051   0.003351063441899   0.003998539663082   0.004646015884266   0.005280860734785   0.006550550435822   0.007769714654201   0.008379296763391   0.008976247501916   0.009573198240441   0.010157517608301   0.014794351237673   0.015085855473692   0.015377359709711   0.015369230584245   0.015371541728343   0.015373852872441   0.015386604286103   0.015904771031460   0.016422937776817   0.014536820570355   0.016568872330294   0.014721174834910   0.016748478110388   
0.014550000000000   0.014281843597142   0.013889493234284   0.013693318052854   0.013466094381425   0.013238870709996   0.012980598548566   0.012464054225708   0.011823315942849   0.011502946801419   0.011151529169990   0.010800111538560   0.010417645417130   0.021218248196505   0.020692993426703   0.020167738656901   0.020149114327278   0.020144377464141   0.020139640601004   0.020148791204353   0.018927284157265   0.017705777110177   0.015546346293428   0.017587559863761   0.015510489405820   0.017642459545048   
1.000000000000000   0.981570006676422   0.972355010014634   0.967747511683739   0.965443762518292   0.963140013352845   0.963140013352845   0.963140013352845   0.972355010014633   0.976962508345528   0.983873755841870   0.990785003338211   1.000000000000000   1.000000000000000   1.000000000000000   1.000000000000000   0.999305035538903   0.999305035538903   0.999305035538903   1.000000000000000   1.000000000000000   1.000000000000000   0.882920539853835   1.000000000000000   0.882920539853835   1.000000000000000   
INTERFACE 1 
1 2 
5 1 
1 
INTERFACE 2 
1 3 
2 4 
1 
INTERFACE 3 
2 1 
13 2 
1 
INTERFACE 4 
2 2 
3 1 
1 
INTERFACE 5 
2 3 
4 2 
1 
INTERFACE 6 
3 2 
7 1 
-1 
INTERFACE 7 
3 3 
4 4 
-1 
INTERFACE 8 
3 4 
5 3 
1 
INTERFACE 9 
4 1 
9 2 
1 
INTERFACE 10 
4 3 
13 3 
1 
INTERFACE 11 
5 2 
6 1 
1 
INTERFACE 12 
6 2 
11 1 
1 
INTERFACE 13 
6 3 
7 3 
1 
INTERFACE 14 
7 2 
8 1 
1 
INTERFACE 15 
7 4 
9 4 
-1 
INTERFACE 16 
8 2 
15 1 
1 
INTERFACE 17 
8 3 
11 3 
1 
INTERFACE 18 
8 4 
10 4 
1 
INTERFACE 19 
9 1 
10 1 
1 
INTERFACE 20 
9 3 
12 3 
1 
INTERFACE 21 
10 2 
16 3 
1 
INTERFACE 22 
10 3 
14 4 
1 
INTERFACE 23 
11 2 
18 1 
1 
INTERFACE 24 
12 1 
14 1 
-1 
INTERFACE 25 
12 2 
13 1 
1 
INTERFACE 26 
14 2 
17 1 
-1 
INTERFACE 27 
15 2 
26 2 
1 
INTERFACE 28 
15 3 
18 3 
1 
INTERFACE 29 
15 4 
16 2 
1 
INTERFACE 30 
16 1 
17 3 
1 
INTERFACE 31 
16 4 
28 2 
1 
INTERFACE 32 
17 2 
32 2 
-1 
INTERFACE 33 
18 2 
29 2 
1 
INTERFACE 34 
19 2 
23 1 
1 
INTERFACE 35 
19 3 
20 4 
1 
INTERFACE 36 
20 1 
31 2 
1 
INTERFACE 37 
20 2 
21 1 
1 
INTERFACE 38 
20 3 
22 2 
1 
INTERFACE 39 
21 2 
25 1 
-1 
INTERFACE 40 
21 3 
22 4 
-1 
INTERFACE 41 
21 4 
23 3 
1 
INTERFACE 42 
22 1 
27 2 
1 
INTERFACE 43 
22 3 
31 3 
1 
INTERFACE 44 
23 2 
24 1 
1 
INTERFACE 45 
24 2 
29 1 
1 
INTERFACE 46 
24 3 
25 3 
1 
INTERFACE 47 
25 2 
26 1 
1 
INTERFACE 48 
25 4 
27 4 
-1 
INTERFACE 49 
26 3 
29 3 
1 
INTERFACE 50 
26 4 
28 4 
1 
INTERFACE 51 
27 1 
28 1 
1 
INTERFACE 52 
27 3 
30 3 
1 
INTERFACE 53 
28 3 
32 4 
1 
INTERFACE 54 
30 1 
32 1 
-1 
INTERFACE 55 
30 2 
31 1 
1 
BOUNDARY 1 
1 
1 1 
BOUNDARY 2 
1 
1 4 
BOUNDARY 3 
1 
5 4 
BOUNDARY 4 
1 
6 4 
BOUNDARY 5 
1 
11 4 
BOUNDARY 6 
1 
12 4 
BOUNDARY 7 
1 
13 4 
BOUNDARY 8 
1 
14 3 
BOUNDARY 9 
1 
17 4 
BOUNDARY 10 
1 
18 4 
BOUNDARY 11 
1 
19 1 
BOUNDARY 12 
1 
19 4 
BOUNDARY 13 
1 
23 4 
BOUNDARY 14 
1 
24 4 
BOUNDARY 15 
1 
29 4 
BOUNDARY 16 
1 
30 4 
BOUNDARY 17 
1 
31 4 
BOUNDARY 18 
1 
32 3 
