# nurbs mesh v.2.1
#
# 13-Jul-2024
#
2 2 32 55 0 
PATCH 1 
2 1 
4 2 
0.000000000000000   0.000000000000000   0.000000000000000   0.500000000000000   1.000000000000000   1.000000000000000   1.000000000000000   
0.000000000000000   0.000000000000000   1.000000000000000   1.000000000000000   
0.050000000000000   0.049904867452294   0.049525061277599   0.049240387650610   0.050500000000000   0.050403916126817   0.050020311890375   0.049732791527117   
0.000000000000000   0.002178893568691   0.006520098010365   0.008682408883347   0.000000000000000   0.002200682504378   0.006585298990468   0.008769232972180   
1.000000000000000   0.998097349045873   0.998097349045873   1.000000000000000   1.000000000000000   0.998097349045873   0.998097349045873   1.000000000000000   
PATCH 2 
2 1 
4 2 
0.000000000000000   0.000000000000000   0.000000000000000   0.500000000000000   1.000000000000000   1.000000000000000   1.000000000000000   
0.000000000000000   0.000000000000000   1.000000000000000   1.000000000000000   
0.048216451650409   0.047638089929505   0.046481366487696   0.045903004766791   0.050000000000000   0.049904867452294   0.049525061277599   0.049240387650610   
0.001508911936583   0.002801861930531   0.005387761918428   0.006680711912376   0.000000000000000   0.002178893568691   0.006520098010365   0.008682408883347   
1.000000000000000   1.000000000000000   1.000000000000000   1.000000000000000   1.000000000000000   0.998097349045873   0.998097349045873   1.000000000000000   
PATCH 3 
2 1 
13 2 
0.000000000000000   0.000000000000000   0.000000000000000   0.125000000000000   0.125000000000000   0.250000000000000   0.250000000000000   0.500000000000000   0.500000000000000   0.625000000000000   0.625000000000000   0.750000000000000   0.750000000000000   1.000000000000000   1.000000000000000   1.000000000000000   
0.000000000000000   0.000000000000000   1.000000000000000   1.000000000000000   
0.045903004766791   0.042688762090819   0.042647240519663   0.042605718948506   0.045736918482165   0.045173684307081   0.044610450131997   0.044009673546027   0.043988134704016   0.043966595862006   0.044524294763956   0.044276463192598   0.044028631621241   0.049240387650610   0.049122375608591   0.048998620380024   0.048874865151458   0.048745366736344   0.048486369906118   0.048204400329703   0.048063415541496   0.047916687566742   0.047769959591988   0.047617488430687   0.047312546108085   0.046984631039295   
0.006680711912376   0.006262384595217   0.006291798105919   0.006321211616621   0.006798365955184   0.006844936796802   0.006891507638419   0.006804045441318   0.006810961353043   0.006817877264768   0.006919171285319   0.007067353888315   0.007215536491311   0.008682408883347   0.009214726804819   0.009745505844094   0.010276284883369   0.010805525040447   0.011864005354603   0.012916330139971   0.013442492532654   0.013967116043140   0.014491739553627   0.015014824181916   0.016060993438494   0.017101007166283   
1.000000000000000   0.930430148714045   0.930430148714045   0.930430148714045   1.000000000000000   1.000000000000000   1.000000000000000   0.987038203067054   0.987038203067054   0.987038203067054   1.000000000000000   1.000000000000000   1.000000000000000   1.000000000000000   0.999524337261468   0.999167590207569   0.998810843153671   0.998573011784405   0.998097349045873   0.998097349045873   0.998097349045873   0.998216264730506   0.998335180415139   0.998573011784404   0.999048674522936   1.000000000000000   
PATCH 4 
2 2 
13 4 
0.000000000000000   0.000000000000000   0.000000000000000   0.250000000000000   0.250000000000000   0.375000000000000   0.375000000000000   0.500000000000000   0.500000000000000   0.750000000000000   0.750000000000000   0.875000000000000   0.875000000000000   1.000000000000000   1.000000000000000   1.000000000000000   
0.000000000000000   0.000000000000000   0.000000000000000   0.500000000000000   1.000000000000000   1.000000000000000   1.000000000000000   
0.042102547466480   0.043514908199343   0.044927268932206   0.044820656643084   0.044829822218394   0.044838987793704   0.044963931233446   0.046465921070061   0.047967910906676   0.040177224902091   0.048181150252107   0.040325976488496   0.048216451650409   0.042584068505170   0.043705296947657   0.044826525390144   0.044607141447815   0.044619400339799   0.044631659231784   0.044875560958083   0.046142861879316   0.047410162800548   0.040784348413694   0.046797672818996   0.040916672889077   0.047638089929505   0.043547110582551   0.044086074444285   0.044625038306018   0.044180111057276   0.044198556582611   0.044217002107946   0.044698820407359   0.045496743497826   0.046294666588293   0.041998595436902   0.044030717952774   0.042098065690238   0.046481366487696   0.044028631621241   0.044276463192598   0.044524294763956   0.043966595862006   0.043988134704016   0.044009673546027   0.044610450131997   0.045173684307081   0.045736918482165   0.042605718948506   0.042647240519663   0.042688762090819   0.045903004766791   
0.003994210552979   0.003149736668482   0.002305262783985   0.002294154047237   0.002289866748912   0.002285579450587   0.002288113590685   0.001763277201848   0.001238440813011   0.000998361141691   0.001291921196770   0.001160238056131   0.001508911936583   0.004799542037562   0.004129140973440   0.003458739909318   0.003425084851619   0.003420140399944   0.003415195948270   0.003438962102619   0.003033692100586   0.002628422098554   0.002329073760423   0.002541890424057   0.002435774690902   0.002801861930531   0.006410205006728   0.006087949583357   0.005765694159985   0.005686946460385   0.005680687702010   0.005674428943635   0.005740659126486   0.005574521898063   0.005408384669641   0.004990498997888   0.005041828878632   0.004986847960446   0.005387761918428   0.007215536491311   0.007067353888315   0.006919171285319   0.006817877264768   0.006810961353043   0.006804045441318   0.006891507638419   0.006844936796802   0.006798365955184   0.006321211616621   0.006291798105919   0.006262384595217   0.006680711912376   
1.000000000000000   1.000000000000000   1.000000000000000   0.997433696644924   0.997433696644924   0.997433696644924   1.000000000000000   1.000000000000000   1.000000000000000   0.835422161668563   1.000000000000000   0.835422161668563   1.000000000000000   1.000000000000000   1.000000000000000   1.000000000000000   0.994834823250456   0.994834823250456   0.994834823250456   1.000000000000000   1.000000000000000   1.000000000000000   0.859174158429933   0.982607537178511   0.859174158429933   1.000000000000000   1.000000000000000   1.000000000000000   1.000000000000000   0.989637076461521   0.989637076461521   0.989637076461521   1.000000000000000   1.000000000000000   1.000000000000000   0.906678151952675   0.947822611535534   0.906678151952675   1.000000000000000   1.000000000000000   1.000000000000000   1.000000000000000   0.987038203067054   0.987038203067054   0.987038203067054   1.000000000000000   1.000000000000000   1.000000000000000   0.930430148714045   0.930430148714045   0.930430148714045   1.000000000000000   
PATCH 5 
2 1 
13 2 
0.000000000000000   0.000000000000000   0.000000000000000   0.125000000000000   0.125000000000000   0.250000000000000   0.250000000000000   0.500000000000000   0.500000000000000   0.625000000000000   0.625000000000000   0.750000000000000   0.750000000000000   1.000000000000000   1.000000000000000   1.000000000000000   
0.000000000000000   0.000000000000000   1.000000000000000   1.000000000000000   
0.049240387650610   0.049122375608591   0.048998620380024   0.048874865151458   0.048745366736344   0.048486369906118   0.048204400329703   0.048063415541496   0.047916687566742   0.047769959591988   0.047617488430687   0.047312546108085   0.046984631039295   0.049732791527117   0.049613599364677   0.049488606583825   0.049363613802972   0.049232820403708   0.048971233605179   0.048686444333000   0.048544049696911   0.048395854442409   0.048247659187908   0.048093663314994   0.047785671569166   0.047454477349688   
0.008682408883347   0.009214726804819   0.009745505844094   0.010276284883369   0.010805525040447   0.011864005354603   0.012916330139971   0.013442492532654   0.013967116043140   0.014491739553627   0.015014824181916   0.016060993438494   0.017101007166283   0.008769232972180   0.009306874072867   0.009842960902535   0.010379047732203   0.010913580290852   0.011982645408149   0.013045493441370   0.013576917457981   0.014106787203572   0.014636656949163   0.015164972423735   0.016221603372879   0.017272017237946   
1.000000000000000   0.999524337261468   0.999167590207569   0.998810843153671   0.998573011784405   0.998097349045873   0.998097349045873   0.998097349045873   0.998216264730506   0.998335180415139   0.998573011784404   0.999048674522936   1.000000000000000   1.000000000000000   0.999524337261468   0.999167590207569   0.998810843153671   0.998573011784405   0.998097349045873   0.998097349045873   0.998097349045873   0.998216264730506   0.998335180415139   0.998573011784404   0.999048674522936   1.000000000000000   
PATCH 6 
2 1 
6 2 
0.000000000000000   0.000000000000000   0.000000000000000   0.250000000000000   0.500000000000000   0.750000000000000   1.000000000000000   1.000000000000000   1.000000000000000   
0.000000000000000   0.000000000000000   1.000000000000000   1.000000000000000   
0.046984631039295   0.046567320617430   0.045689590089305   0.044768749876786   0.043804799979875   0.043301270189222   0.047454477349688   0.047032993823604   0.046146485990198   0.045216437375554   0.044242847979673   0.043734282891114   
0.017101007166283   0.018108483646471   0.020103334230874   0.022078082439303   0.024032728271759   0.025000000000000   0.017272017237946   0.018289568482936   0.020304367573183   0.022298863263696   0.024273055554476   0.025250000000000   
1.000000000000000   0.999048674522936   0.998097349045873   0.998097349045873   0.999048674522936   1.000000000000000   1.000000000000000   0.999048674522936   0.998097349045873   0.998097349045873   0.999048674522936   1.000000000000000   
PATCH 7 
2 1 
6 2 
0.000000000000000   0.000000000000000   0.000000000000000   0.250000000000000   0.500000000000000   0.750000000000000   1.000000000000000   1.000000000000000   1.000000000000000   
0.000000000000000   0.000000000000000   1.000000000000000   1.000000000000000   
0.046984631039295   0.046567320617430   0.045689590089305   0.044768749876786   0.043804799979875   0.043301270189222   0.044028631621241   0.041495812006974   0.036430172778441   0.031364533549908   0.026298894321374   0.023766074707107   
0.017101007166283   0.018108483646471   0.020103334230874   0.022078082439303   0.024032728271759   0.025000000000000   0.007215536491311   0.008729951306607   0.011758780937198   0.014787610567789   0.017816440198380   0.019330855013676   
1.000000000000000   0.999048674522936   0.998097349045873   0.998097349045873   0.999048674522936   1.000000000000000   1.000000000000000   1.000000000000000   1.000000000000000   1.000000000000000   1.000000000000000   1.000000000000000   
PATCH 8 
2 1 
13 2 
0.000000000000000   0.000000000000000   0.000000000000000   0.250000000000000   0.250000000000000   0.375000000000000   0.375000000000000   0.500000000000000   0.500000000000000   0.750000000000000   0.750000000000000   0.875000000000000   0.875000000000000   1.000000000000000   1.000000000000000   1.000000000000000   
0.000000000000000   0.000000000000000   1.000000000000000   1.000000000000000   
0.043301270189222   0.042433911100491   0.041527401399179   0.041074146548522   0.040611104044721   0.040148061540919   0.039675231383972   0.038729571070077   0.037744760143601   0.037252354680363   0.036750161563980   0.036247968447596   0.035735987678067   0.023766074707107   0.023230630792432   0.022695186877757   0.022564538260328   0.022551242502210   0.022537946744093   0.022642003845288   0.021947000118129   0.021251996390971   0.019811998479422   0.019764279882431   0.019716561285441   0.021061122003009   
0.025000000000000   0.026305730496603   0.027581754956705   0.028219767186757   0.028850352907682   0.029480938628608   0.030104097840409   0.031350416264010   0.032567028651111   0.033175334844661   0.033776214529086   0.034377094213511   0.034970547388810   0.019330855013676   0.019651005802376   0.019971156591077   0.019874456455874   0.019879989807739   0.019885523159603   0.019993289998535   0.020170647537800   0.020348005077064   0.019027401210756   0.019014309157178   0.019001217103600   0.020295636862753   
1.000000000000000   0.998034204865149   0.997051307297724   0.996559858514012   0.996314134122155   0.996068409730299   0.996068409730299   0.996068409730299   0.997051307297724   0.997542756081437   0.998279929257006   0.999017102432575   1.000000000000000   1.000000000000000   1.000000000000000   1.000000000000000   0.994787955422032   0.994787955422032   0.994787955422032   1.000000000000000   1.000000000000000   1.000000000000000   0.934497803055073   0.934497803055073   0.934497803055073   1.000000000000000   
PATCH 9 
2 2 
6 4 
0.000000000000000   0.000000000000000   0.000000000000000   0.250000000000000   0.500000000000000   0.750000000000000   1.000000000000000   1.000000000000000   1.000000000000000   
0.000000000000000   0.000000000000000   0.000000000000000   0.500000000000000   1.000000000000000   1.000000000000000   1.000000000000000   
0.021839990552347   0.024372810166613   0.029438449395147   0.034504088623680   0.039569727852214   0.042102547466480   0.022321511591037   0.024854331205304   0.029919970433837   0.034985609662370   0.040051248890904   0.042584068505170   0.023284553668417   0.025817373282684   0.030883012511217   0.035948651739751   0.041014290968284   0.043547110582551   0.023766074707107   0.026298894321374   0.031364533549908   0.036430172778441   0.041495812006974   0.044028631621241   
0.016109529075343   0.014595114260048   0.011566284629457   0.008537454998865   0.005508625368274   0.003994210552979   0.016914860559926   0.015400445744631   0.012371616114040   0.009342786483449   0.006313956852857   0.004799542037562   0.018525523529093   0.017011108713797   0.013982279083206   0.010953449452615   0.007924619822023   0.006410205006728   0.019330855013676   0.017816440198380   0.014787610567789   0.011758780937198   0.008729951306607   0.007215536491311   
1.000000000000000   1.000000000000000   1.000000000000000   1.000000000000000   1.000000000000000   1.000000000000000   1.000000000000000   1.000000000000000   1.000000000000000   1.000000000000000   1.000000000000000   1.000000000000000   1.000000000000000   1.000000000000000   1.000000000000000   1.000000000000000   1.000000000000000   1.000000000000000   1.000000000000000   1.000000000000000   1.000000000000000   1.000000000000000   1.000000000000000   1.000000000000000   
PATCH 10 
2 2 
13 4 
0.000000000000000   0.000000000000000   0.000000000000000   0.250000000000000   0.250000000000000   0.375000000000000   0.375000000000000   0.500000000000000   0.500000000000000   0.750000000000000   0.750000000000000   0.875000000000000   0.875000000000000   1.000000000000000   1.000000000000000   1.000000000000000   
0.000000000000000   0.000000000000000   0.000000000000000   0.500000000000000   1.000000000000000   1.000000000000000   1.000000000000000   
0.021839990552347   0.021338707689636   0.020837424826926   0.020494130585585   0.020470484294135   0.020446838002685   0.020742839661126   0.019413608899644   0.018084378138161   0.015027639543711   0.017906149790974   0.014947969723674   0.017951007680318   0.022321511591037   0.021811688465335   0.021301865339634   0.021011732504271   0.020990673846154   0.020969615188037   0.021217630707167   0.020046956704265   0.018876282701364   0.016223729277639   0.018370682313838   0.016140117614116   0.018728536260991   0.023284553668417   0.022757650016733   0.022230746365050   0.022046936341642   0.022031052950191   0.022015169558741   0.022167212799248   0.021313652313508   0.020460091827768   0.018615908745494   0.019299747359567   0.018524413394999   0.020283593422336   0.023766074707107   0.023230630792432   0.022695186877757   0.022564538260328   0.022551242502210   0.022537946744093   0.022642003845288   0.021947000118129   0.021251996390971   0.019811998479422   0.019764279882431   0.019716561285441   0.021061122003009   
0.016109529075343   0.016409254405038   0.016708979734732   0.016463344315759   0.016470389747958   0.016477435180158   0.016737161463532   0.016790712377733   0.016844263291935   0.014103389676665   0.016971299791903   0.014307243388528   0.017185522540062   0.016914860559926   0.017219692254372   0.017524523948818   0.017316122350787   0.017322789762904   0.017329457175020   0.017551193597283   0.017635696167750   0.017720198738217   0.015334392560187   0.017482052133222   0.015480736817296   0.017963051120735   0.018525523529093   0.018840567953042   0.019155612376991   0.019021678420845   0.019027589792794   0.019033501164742   0.019179257864784   0.019325663747783   0.019472069630782   0.017796398327233   0.018503556815859   0.017827723674832   0.019518108282081   0.019330855013676   0.019651005802376   0.019971156591077   0.019874456455874   0.019879989807739   0.019885523159603   0.019993289998535   0.020170647537800   0.020348005077064   0.019027401210756   0.019014309157178   0.019001217103600   0.020295636862753   
1.000000000000000   1.000000000000000   1.000000000000000   0.984541401373034   0.984541401373034   0.984541401373034   1.000000000000000   1.000000000000000   1.000000000000000   0.837019951728958   1.000000000000000   0.837019951728958   1.000000000000000   1.000000000000000   1.000000000000000   1.000000000000000   0.987103039885284   0.987103039885284   0.987103039885284   1.000000000000000   1.000000000000000   1.000000000000000   0.861389414560487   0.983624450763768   0.861389414560487   1.000000000000000   1.000000000000000   1.000000000000000   1.000000000000000   0.992226316909783   0.992226316909783   0.992226316909783   1.000000000000000   1.000000000000000   1.000000000000000   0.910128340223544   0.950873352291305   0.910128340223544   1.000000000000000   1.000000000000000   1.000000000000000   1.000000000000000   0.994787955422032   0.994787955422032   0.994787955422032   1.000000000000000   1.000000000000000   1.000000000000000   0.934497803055073   0.934497803055073   0.934497803055073   1.000000000000000   
PATCH 11 
2 1 
13 2 
0.000000000000000   0.000000000000000   0.000000000000000   0.250000000000000   0.250000000000000   0.375000000000000   0.375000000000000   0.500000000000000   0.500000000000000   0.750000000000000   0.750000000000000   0.875000000000000   0.875000000000000   1.000000000000000   1.000000000000000   1.000000000000000   
0.000000000000000   0.000000000000000   1.000000000000000   1.000000000000000   
0.043301270189222   0.042433911100491   0.041527401399179   0.041074146548522   0.040611104044721   0.040148061540919   0.039675231383972   0.038729571070077   0.037744760143601   0.037252354680363   0.036750161563980   0.036247968447596   0.035735987678067   0.043734282891114   0.043142506727484   0.042531053738569   0.042225327244111   0.041914681543332   0.041604035842553   0.041288470935453   0.040657341121252   0.040006534481766   0.039681131162023   0.039350808635958   0.039020486109894   0.038685244377508   
0.025000000000000   0.026305730496603   0.027581754956705   0.028219767186757   0.028850352907682   0.029480938628608   0.030104097840409   0.031350416264010   0.032567028651111   0.033175334844661   0.033776214529086   0.034377094213511   0.034970547388810   0.025250000000000   0.026178902508932   0.027094027156471   0.027551589480241   0.028005707338662   0.028459825197083   0.028910498590156   0.029811845376303   0.030699414301056   0.031143198763433   0.031583538760461   0.032023878757490   0.032460774289170   
1.000000000000000   0.998034204865149   0.997051307297724   0.996559858514012   0.996314134122155   0.996068409730299   0.996068409730299   0.996068409730299   0.997051307297724   0.997542756081437   0.998279929257006   0.999017102432575   1.000000000000000   1.000000000000000   0.999048674522937   0.998573011784405   0.998335180415139   0.998216264730506   0.998097349045873   0.998097349045873   0.998097349045873   0.998573011784405   0.998810843153671   0.999167590207569   0.999524337261468   1.000000000000000   
PATCH 12 
2 1 
6 2 
0.000000000000000   0.000000000000000   0.000000000000000   0.250000000000000   0.500000000000000   0.750000000000000   1.000000000000000   1.000000000000000   1.000000000000000   
0.000000000000000   0.000000000000000   1.000000000000000   1.000000000000000   
0.021839990552347   0.024372810166613   0.029438449395147   0.034504088623680   0.039569727852214   0.042102547466480   0.014550000000000   0.017994068433310   0.024882205299930   0.031770342166550   0.038658479033170   0.042102547466480   
0.016109529075343   0.014595114260048   0.011566284629457   0.008537454998865   0.005508625368274   0.003994210552979   0.000000000000000   0.000000000000000   0.000000000000000   0.000000000000000   0.000000000000000   0.000000000000000   
1.000000000000000   1.000000000000000   1.000000000000000   1.000000000000000   1.000000000000000   1.000000000000000   1.000000000000000   1.000000000000000   1.000000000000000   1.000000000000000   1.000000000000000   1.000000000000000   
PATCH 13 
2 1 
13 2 
0.000000000000000   0.000000000000000   0.000000000000000   0.250000000000000   0.250000000000000   0.375000000000000   0.375000000000000   0.500000000000000   0.500000000000000   0.750000000000000   0.750000000000000   0.875000000000000   0.875000000000000   1.000000000000000   1.000000000000000   1.000000000000000   
0.000000000000000   0.000000000000000   1.000000000000000   1.000000000000000   
0.042102547466480   0.043514908199343   0.044927268932206   0.044820656643084   0.044829822218394   0.044838987793704   0.044963931233446   0.046465921070061   0.047967910906676   0.040177224902091   0.048181150252107   0.040325976488496   0.048216451650409   0.042102547466480   0.043089729033170   0.044076910599860   0.044570501383205   0.045064092166550   0.045557682949895   0.046051273733240   0.047038455299930   0.048025636866620   0.048519227649965   0.049012818433310   0.049506409216655   0.050000000000000   
0.003994210552979   0.003149736668482   0.002305262783985   0.002294154047237   0.002289866748912   0.002285579450587   0.002288113590685   0.001763277201848   0.001238440813011   0.000998361141691   0.001291921196770   0.001160238056131   0.001508911936583   0.000000000000000   0.000000000000000   0.000000000000000   0.000000000000000   0.000000000000000   0.000000000000000   0.000000000000000   0.000000000000000   0.000000000000000   0.000000000000000   0.000000000000000   0.000000000000000   0.000000000000000   
1.000000000000000   1.000000000000000   1.000000000000000   0.997433696644924   0.997433696644924   0.997433696644924   1.000000000000000   1.000000000000000   1.000000000000000   0.835422161668563   1.000000000000000   0.835422161668563   1.000000000000000   1.000000000000000   1.000000000000000   1.000000000000000   1.000000000000000   1.000000000000000   1.000000000000000   1.000000000000000   1.000000000000000   1.000000000000000   1.000000000000000   1.000000000000000   1.000000000000000   1.000000000000000   
PATCH 14 
2 1 
13 2 
0.000000000000000   0.000000000000000   0.000000000000000   0.250000000000000   0.250000000000000   0.375000000000000   0.375000000000000   0.500000000000000   0.500000000000000   0.750000000000000   0.750000000000000   0.875000000000000   0.875000000000000   1.000000000000000   1.000000000000000   1.000000000000000   
0.000000000000000   0.000000000000000   1.000000000000000   1.000000000000000   
0.014550000000000   0.014280596915490   0.013886468649130   0.013689404515950   0.013461159087308   0.013232913658665   0.012973486934560   0.012454633486350   0.011811054856289   0.011489265541259   0.011136294930766   0.010783324320273   0.010399172414318   0.021839990552347   0.021338707689636   0.020837424826926   0.020494130585585   0.020470484294135   0.020446838002685   0.020742839661126   0.019413608899644   0.018084378138161   0.015027639543711   0.017906149790974   0.014947969723674   0.017951007680318   
0.000000000000000   0.001373801083805   0.002696728456342   0.003358192142611   0.004006937401062   0.004655682659513   0.005291709490147   0.006563763151415   0.007784943101414   0.008395533076414   0.008993404623596   0.009591276170779   0.010176429290144   0.016109529075343   0.016409254405038   0.016708979734732   0.016463344315759   0.016470389747958   0.016477435180158   0.016737161463532   0.016790712377733   0.016844263291935   0.014103389676665   0.016971299791903   0.014307243388528   0.017185522540062   
1.000000000000000   0.981484324088678   0.972226486133017   0.967597567155186   0.965283107666271   0.962968648177355   0.962968648177355   0.962968648177355   0.972226486133017   0.976855405110847   0.983798783577593   0.990742162044339   1.000000000000000   1.000000000000000   1.000000000000000   1.000000000000000   0.984541401373034   0.984541401373034   0.984541401373034   1.000000000000000   1.000000000000000   1.000000000000000   0.837019951728958   1.000000000000000   0.837019951728958   1.000000000000000   
PATCH 15 
2 1 
4 2 
0.000000000000000   0.000000000000000   0.000000000000000   0.500000000000000   1.000000000000000   1.000000000000000   1.000000000000000   
0.000000000000000   0.000000000000000   1.000000000000000   1.000000000000000   
0.035735987678067   0.035545663368697   0.035162943224069   0.034970547388810   0.021061122003009   0.020869750717945   0.020487008147817   0.020295636862753   
0.034970547388810   0.035162943224069   0.035545663368697   0.035735987678067   0.020295636862753   0.020487008147817   0.020869750717945   0.021061122003009   
1.000000000000000   0.999970704199935   0.999970704199935   1.000000000000000   1.000000000000000   1.000000000000000   1.000000000000000   1.000000000000000   
PATCH 16 
2 2 
4 4 
0.000000000000000   0.000000000000000   0.000000000000000   0.500000000000000   1.000000000000000   1.000000000000000   1.000000000000000   
0.000000000000000   0.000000000000000   0.000000000000000   0.500000000000000   1.000000000000000   1.000000000000000   1.000000000000000   
0.017951007680318   0.018728536260991   0.020283593422336   0.021061122003009   0.017759636395254   0.018537164975927   0.020092222137272   0.020869750717945   0.017376893825126   0.018154422405799   0.019709479567145   0.020487008147817   0.017185522540062   0.017963051120735   0.019518108282081   0.020295636862753   
0.017185522540062   0.017963051120735   0.019518108282081   0.020295636862753   0.017376893825126   0.018154422405799   0.019709479567145   0.020487008147817   0.017759636395254   0.018537164975927   0.020092222137272   0.020869750717945   0.017951007680318   0.018728536260991   0.020283593422336   0.021061122003009   
1.000000000000000   1.000000000000000   1.000000000000000   1.000000000000000   1.000000000000000   1.000000000000000   1.000000000000000   1.000000000000000   1.000000000000000   1.000000000000000   1.000000000000000   1.000000000000000   1.000000000000000   1.000000000000000   1.000000000000000   1.000000000000000   
PATCH 17 
2 1 
4 2 
0.000000000000000   0.000000000000000   0.000000000000000   0.500000000000000   1.000000000000000   1.000000000000000   1.000000000000000   
0.000000000000000   0.000000000000000   1.000000000000000   1.000000000000000   
0.017951007680318   0.017759636395254   0.017376893825126   0.017185522540062   0.010399172414318   0.010343788040291   0.010232416478204   0.010176429290144   
0.017185522540062   0.017376893825126   0.017759636395254   0.017951007680318   0.010176429290144   0.010232416478204   0.010343788040291   0.010399172414318   
1.000000000000000   1.000000000000000   1.000000000000000   1.000000000000000   1.000000000000000   0.999970704199935   0.999970704199935   1.000000000000000   
PATCH 18 
2 1 
4 2 
0.000000000000000   0.000000000000000   0.000000000000000   0.500000000000000   1.000000000000000   1.000000000000000   1.000000000000000   
0.000000000000000   0.000000000000000   1.000000000000000   1.000000000000000   
0.035735987678067   0.035545663368697   0.035162943224069   0.034970547388810   0.038685244377508   0.037197068413715   0.034084833369545   0.032460774289170   
0.034970547388810   0.035162943224069   0.035545663368697   0.035735987678067   0.032460774289170   0.034084833369545   0.037197068413715   0.038685244377508   
1.000000000000000   0.999970704199935   0.999970704199935   1.000000000000000   1.000000000000000   0.998097349045873   0.998097349045873   1.000000000000000   
PATCH 19 
2 1 
4 2 
0.000000000000000   0.000000000000000   0.000000000000000   0.500000000000000   1.000000000000000   1.000000000000000   1.000000000000000   
0.000000000000000   0.000000000000000   1.000000000000000   1.000000000000000   
0.000000000000000   0.002178893568691   0.006520098010365   0.008682408883347   0.000000000000000   0.002200682504378   0.006585298990468   0.008769232972180   
0.050000000000000   0.049904867452294   0.049525061277599   0.049240387650610   0.050500000000000   0.050403916126817   0.050020311890375   0.049732791527117   
1.000000000000000   0.998097349045873   0.998097349045873   1.000000000000000   1.000000000000000   0.998097349045873   0.998097349045873   1.000000000000000   
PATCH 20 
2 1 
4 2 
0.000000000000000   0.000000000000000   0.000000000000000   0.500000000000000   1.000000000000000   1.000000000000000   1.000000000000000   
0.000000000000000   0.000000000000000   1.000000000000000   1.000000000000000   
0.001508911936583   0.002801861930531   0.005387761918428   0.006680711912376   0.000000000000000   0.002178893568691   0.006520098010365   0.008682408883347   
0.048216451650409   0.047638089929505   0.046481366487696   0.045903004766791   0.050000000000000   0.049904867452294   0.049525061277599   0.049240387650610   
1.000000000000000   1.000000000000000   1.000000000000000   1.000000000000000   1.000000000000000   0.998097349045873   0.998097349045873   1.000000000000000   
PATCH 21 
2 1 
13 2 
0.000000000000000   0.000000000000000   0.000000000000000   0.125000000000000   0.125000000000000   0.250000000000000   0.250000000000000   0.500000000000000   0.500000000000000   0.625000000000000   0.625000000000000   0.750000000000000   0.750000000000000   1.000000000000000   1.000000000000000   1.000000000000000   
0.000000000000000   0.000000000000000   1.000000000000000   1.000000000000000   
0.006680711912376   0.006262384595217   0.006291798105919   0.006321211616621   0.006798365955184   0.006844936796802   0.006891507638419   0.006804045441318   0.006810961353043   0.006817877264768   0.006919171285319   0.007067353888315   0.007215536491311   0.008682408883347   0.009214726804819   0.009745505844094   0.010276284883369   0.010805525040447   0.011864005354603   0.012916330139971   0.013442492532654   0.013967116043140   0.014491739553627   0.015014824181916   0.016060993438494   0.017101007166283   
0.045903004766791   0.042688762090819   0.042647240519663   0.042605718948506   0.045736918482165   0.045173684307081   0.044610450131997   0.044009673546027   0.043988134704016   0.043966595862006   0.044524294763956   0.044276463192598   0.044028631621241   0.049240387650610   0.049122375608591   0.048998620380024   0.048874865151458   0.048745366736344   0.048486369906118   0.048204400329703   0.048063415541496   0.047916687566742   0.047769959591988   0.047617488430687   0.047312546108085   0.046984631039295   
1.000000000000000   0.930430148714045   0.930430148714045   0.930430148714045   1.000000000000000   1.000000000000000   1.000000000000000   0.987038203067054   0.987038203067054   0.987038203067054   1.000000000000000   1.000000000000000   1.000000000000000   1.000000000000000   0.999524337261468   0.999167590207569   0.998810843153671   0.998573011784405   0.998097349045873   0.998097349045873   0.998097349045873   0.998216264730506   0.998335180415139   0.998573011784404   0.999048674522936   1.000000000000000   
PATCH 22 
2 2 
13 4 
0.000000000000000   0.000000000000000   0.000000000000000   0.250000000000000   0.250000000000000   0.375000000000000   0.375000000000000   0.500000000000000   0.500000000000000   0.750000000000000   0.750000000000000   0.875000000000000   0.875000000000000   1.000000000000000   1.000000000000000   1.000000000000000   
0.000000000000000   0.000000000000000   0.000000000000000   0.500000000000000   1.000000000000000   1.000000000000000   1.000000000000000   
0.003994210552979   0.003149736668482   0.002305262783985   0.002294154047237   0.002289866748912   0.002285579450587   0.002288113590685   0.001763277201848   0.001238440813011   0.000998361141691   0.001291921196770   0.001160238056131   0.001508911936583   0.004799542037562   0.004129140973440   0.003458739909318   0.003425084851619   0.003420140399944   0.003415195948270   0.003438962102619   0.003033692100586   0.002628422098554   0.002329073760423   0.002541890424057   0.002435774690902   0.002801861930531   0.006410205006728   0.006087949583357   0.005765694159985   0.005686946460385   0.005680687702010   0.005674428943635   0.005740659126486   0.005574521898063   0.005408384669641   0.004990498997888   0.005041828878632   0.004986847960446   0.005387761918428   0.007215536491311   0.007067353888315   0.006919171285319   0.006817877264768   0.006810961353043   0.006804045441318   0.006891507638419   0.006844936796802   0.006798365955184   0.006321211616621   0.006291798105919   0.006262384595217   0.006680711912376   
0.042102547466480   0.043514908199343   0.044927268932206   0.044820656643084   0.044829822218394   0.044838987793704   0.044963931233446   0.046465921070061   0.047967910906676   0.040177224902091   0.048181150252107   0.040325976488496   0.048216451650409   0.042584068505170   0.043705296947657   0.044826525390144   0.044607141447815   0.044619400339799   0.044631659231784   0.044875560958083   0.046142861879316   0.047410162800548   0.040784348413694   0.046797672818996   0.040916672889077   0.047638089929505   0.043547110582551   0.044086074444285   0.044625038306018   0.044180111057276   0.044198556582611   0.044217002107946   0.044698820407359   0.045496743497826   0.046294666588293   0.041998595436902   0.044030717952774   0.042098065690238   0.046481366487696   0.044028631621241   0.044276463192598   0.044524294763956   0.043966595862006   0.043988134704016   0.044009673546027   0.044610450131997   0.045173684307081   0.045736918482165   0.042605718948506   0.042647240519663   0.042688762090819   0.045903004766791   
1.000000000000000   1.000000000000000   1.000000000000000   0.997433696644924   0.997433696644924   0.997433696644924   1.000000000000000   1.000000000000000   1.000000000000000   0.835422161668563   1.000000000000000   0.835422161668563   1.000000000000000   1.000000000000000   1.000000000000000   1.000000000000000   0.994834823250456   0.994834823250456   0.994834823250456   1.000000000000000   1.000000000000000   1.000000000000000   0.859174158429933   0.982607537178511   0.859174158429933   1.000000000000000   1.000000000000000   1.000000000000000   1.000000000000000   0.989637076461521   0.989637076461521   0.989637076461521   1.000000000000000   1.000000000000000   1.000000000000000   0.906678151952675   0.947822611535534   0.906678151952675   1.000000000000000   1.000000000000000   1.000000000000000   1.000000000000000   0.987038203067054   0.987038203067054   0.987038203067054   1.000000000000000   1.000000000000000   1.000000000000000   0.930430148714045   0.930430148714045   0.930430148714045   1.000000000000000   
PATCH 23 
2 1 
13 2 
0.000000000000000   0.000000000000000   0.000000000000000   0.125000000000000   0.125000000000000   0.250000000000000   0.250000000000000   0.500000000000000   0.500000000000000   0.625000000000000   0.625000000000000   0.750000000000000   0.750000000000000   1.000000000000000   1.000000000000000   1.000000000000000   
0.000000000000000   0.000000000000000   1.000000000000000   1.000000000000000   
0.008682408883347   0.009214726804819   0.009745505844094   0.010276284883369   0.010805525040447   0.011864005354603   0.012916330139971   0.013442492532654   0.013967116043140   0.014491739553627   0.015014824181916   0.016060993438494   0.017101007166283   0.008769232972180   0.009306874072867   0.009842960902535   0.010379047732203   0.010913580290852   0.011982645408149   0.013045493441370   0.013576917457981   0.014106787203572   0.014636656949163   0.015164972423735   0.016221603372879   0.017272017237946   
0.049240387650610   0.049122375608591   0.048998620380024   0.048874865151458   0.048745366736344   0.048486369906118   0.048204400329703   0.048063415541496   0.047916687566742   0.047769959591988   0.047617488430687   0.047312546108085   0.046984631039295   0.049732791527117   0.049613599364677   0.049488606583825   0.049363613802972   0.049232820403708   0.048971233605179   0.048686444333000   0.048544049696911   0.048395854442409   0.048247659187908   0.048093663314994   0.047785671569166   0.047454477349688   
1.000000000000000   0.999524337261468   0.999167590207569   0.998810843153671   0.998573011784405   0.998097349045873   0.998097349045873   0.998097349045873   0.998216264730506   0.998335180415139   0.998573011784404   0.999048674522936   1.000000000000000   1.000000000000000   0.999524337261468   0.999167590207569   0.998810843153671   0.998573011784405   0.998097349045873   0.998097349045873   0.998097349045873   0.998216264730506   0.998335180415139   0.998573011784404   0.999048674522936   1.000000000000000   
PATCH 24 
2 1 
6 2 
0.000000000000000   0.000000000000000   0.000000000000000   0.250000000000000   0.500000000000000   0.750000000000000   1.000000000000000   1.000000000000000   1.000000000000000   
0.000000000000000   0.000000000000000   1.000000000000000   1.000000000000000   
0.017101007166283   0.018108483646471   0.020103334230874   0.022078082439303   0.024032728271759   0.025000000000000   0.017272017237946   0.018289568482936   0.020304367573183   0.022298863263696   0.024273055554476   0.025250000000000   
0.046984631039295   0.046567320617430   0.045689590089305   0.044768749876786   0.043804799979875   0.043301270189222   0.047454477349688   0.047032993823604   0.046146485990198   0.045216437375554   0.044242847979673   0.043734282891114   
1.000000000000000   0.999048674522936   0.998097349045873   0.998097349045873   0.999048674522936   1.000000000000000   1.000000000000000   0.999048674522936   0.998097349045873   0.998097349045873   0.999048674522936   1.000000000000000   
PATCH 25 
2 1 
6 2 
0.000000000000000   0.000000000000000   0.000000000000000   0.250000000000000   0.500000000000000   0.750000000000000   1.000000000000000   1.000000000000000   1.000000000000000   
0.000000000000000   0.000000000000000   1.000000000000000   1.000000000000000   
0.017101007166283   0.018108483646471   0.020103334230874   0.022078082439303   0.024032728271759   0.025000000000000   0.007215536491311   0.008729951306607   0.011758780937198   0.014787610567789   0.017816440198380   0.019330855013676   
0.046984631039295   0.046567320617430   0.045689590089305   0.044768749876786   0.043804799979875   0.043301270189222   0.044028631621241   0.041495812006974   0.036430172778441   0.031364533549908   0.026298894321374   0.023766074707107   
1.000000000000000   0.999048674522936   0.998097349045873   0.998097349045873   0.999048674522936   1.000000000000000   1.000000000000000   1.000000000000000   1.000000000000000   1.000000000000000   1.000000000000000   1.000000000000000   
PATCH 26 
2 1 
13 2 
0.000000000000000   0.000000000000000   0.000000000000000   0.250000000000000   0.250000000000000   0.375000000000000   0.375000000000000   0.500000000000000   0.500000000000000   0.750000000000000   0.750000000000000   0.875000000000000   0.875000000000000   1.000000000000000   1.000000000000000   1.000000000000000   
0.000000000000000   0.000000000000000   1.000000000000000   1.000000000000000   
0.025000000000000   0.026305730496603   0.027581754956705   0.028219767186757   0.028850352907682   0.029480938628608   0.030104097840409   0.031350416264010   0.032567028651111   0.033175334844661   0.033776214529086   0.034377094213511   0.034970547388810   0.019330855013676   0.019651005802376   0.019971156591077   0.019874456455874   0.019879989807739   0.019885523159603   0.019993289998535   0.020170647537800   0.020348005077064   0.019027401210756   0.019014309157178   0.019001217103600   0.020295636862753   
0.043301270189222   0.042433911100491   0.041527401399179   0.041074146548522   0.040611104044721   0.040148061540919   0.039675231383972   0.038729571070077   0.037744760143601   0.037252354680363   0.036750161563980   0.036247968447596   0.035735987678067   0.023766074707107   0.023230630792432   0.022695186877757   0.022564538260328   0.022551242502210   0.022537946744093   0.022642003845288   0.021947000118129   0.021251996390971   0.019811998479422   0.019764279882431   0.019716561285441   0.021061122003009   
1.000000000000000   0.998034204865149   0.997051307297724   0.996559858514012   0.996314134122155   0.996068409730299   0.996068409730299   0.996068409730299   0.997051307297724   0.997542756081437   0.998279929257006   0.999017102432575   1.000000000000000   1.000000000000000   1.000000000000000   1.000000000000000   0.994787955422032   0.994787955422032   0.994787955422032   1.000000000000000   1.000000000000000   1.000000000000000   0.934497803055073   0.934497803055073   0.934497803055073   1.000000000000000   
PATCH 27 
2 2 
6 4 
0.000000000000000   0.000000000000000   0.000000000000000   0.250000000000000   0.500000000000000   0.750000000000000   1.000000000000000   1.000000000000000   1.000000000000000   
0.000000000000000   0.000000000000000   0.000000000000000   0.500000000000000   1.000000000000000   1.000000000000000   1.000000000000000   
0.016109529075343   0.014595114260048   0.011566284629457   0.008537454998865   0.005508625368274   0.003994210552979   0.016914860559926   0.015400445744631   0.012371616114040   0.009342786483449   0.006313956852857   0.004799542037562   0.018525523529093   0.017011108713797   0.013982279083206   0.010953449452615   0.007924619822023   0.006410205006728   0.019330855013676   0.017816440198380   0.014787610567789   0.011758780937198   0.008729951306607   0.007215536491311   
0.021839990552347   0.024372810166613   0.029438449395147   0.034504088623680   0.039569727852214   0.042102547466480   0.022321511591037   0.024854331205304   0.029919970433837   0.034985609662370   0.040051248890904   0.042584068505170   0.023284553668417   0.025817373282684   0.030883012511217   0.035948651739751   0.041014290968284   0.043547110582551   0.023766074707107   0.026298894321374   0.031364533549908   0.036430172778441   0.041495812006974   0.044028631621241   
1.000000000000000   1.000000000000000   1.000000000000000   1.000000000000000   1.000000000000000   1.000000000000000   1.000000000000000   1.000000000000000   1.000000000000000   1.000000000000000   1.000000000000000   1.000000000000000   1.000000000000000   1.000000000000000   1.000000000000000   1.000000000000000   1.000000000000000   1.000000000000000   1.000000000000000   1.000000000000000   1.000000000000000   1.000000000000000   1.000000000000000   1.000000000000000   
PATCH 28 
2 2 
13 4 
0.000000000000000   0.000000000000000   0.000000000000000   0.250000000000000   0.250000000000000   0.375000000000000   0.375000000000000   0.500000000000000   0.500000000000000   0.750000000000000   0.750000000000000   0.875000000000000   0.875000000000000   1.000000000000000   1.000000000000000   1.000000000000000   
0.000000000000000   0.000000000000000   0.000000000000000   0.500000000000000   1.000000000000000   1.000000000000000   1.000000000000000   
0.016109529075343   0.016409254405038   0.016708979734732   0.016463344315759   0.016470389747958   0.016477435180158   0.016737161463532   0.016790712377733   0.016844263291935   0.014103389676665   0.016971299791903   0.014307243388528   0.017185522540062   0.016914860559926   0.017219692254372   0.017524523948818   0.017316122350787   0.017322789762904   0.017329457175020   0.017551193597283   0.017635696167750   0.017720198738217   0.015334392560187   0.017482052133222   0.015480736817296   0.017963051120735   0.018525523529093   0.018840567953042   0.019155612376991   0.019021678420845   0.019027589792794   0.019033501164742   0.019179257864784   0.019325663747783   0.019472069630782   0.017796398327233   0.018503556815859   0.017827723674832   0.019518108282081   0.019330855013676   0.019651005802376   0.019971156591077   0.019874456455874   0.019879989807739   0.019885523159603   0.019993289998535   0.020170647537800   0.020348005077064   0.019027401210756   0.019014309157178   0.019001217103600   0.020295636862753   
0.021839990552347   0.021338707689636   0.020837424826926   0.020494130585585   0.020470484294135   0.020446838002685   0.020742839661126   0.019413608899644   0.018084378138161   0.015027639543711   0.017906149790974   0.014947969723674   0.017951007680318   0.022321511591037   0.021811688465335   0.021301865339634   0.021011732504271   0.020990673846154   0.020969615188037   0.021217630707167   0.020046956704265   0.018876282701364   0.016223729277639   0.018370682313838   0.016140117614116   0.018728536260991   0.023284553668417   0.022757650016733   0.022230746365050   0.022046936341642   0.022031052950191   0.022015169558741   0.022167212799248   0.021313652313508   0.020460091827768   0.018615908745494   0.019299747359567   0.018524413394999   0.020283593422336   0.023766074707107   0.023230630792432   0.022695186877757   0.022564538260328   0.022551242502210   0.022537946744093   0.022642003845288   0.021947000118129   0.021251996390971   0.019811998479422   0.019764279882431   0.019716561285441   0.021061122003009   
1.000000000000000   1.000000000000000   1.000000000000000   0.984541401373034   0.984541401373034   0.984541401373034   1.000000000000000   1.000000000000000   1.000000000000000   0.837019951728958   1.000000000000000   0.837019951728958   1.000000000000000   1.000000000000000   1.000000000000000   1.000000000000000   0.987103039885284   0.987103039885284   0.987103039885284   1.000000000000000   1.000000000000000   1.000000000000000   0.861389414560487   0.983624450763768   0.861389414560487   1.000000000000000   1.000000000000000   1.000000000000000   1.000000000000000   0.992226316909783   0.992226316909783   0.992226316909783   1.000000000000000   1.000000000000000   1.000000000000000   0.910128340223544   0.950873352291305   0.910128340223544   1.000000000000000   1.000000000000000   1.000000000000000   1.000000000000000   0.994787955422032   0.994787955422032   0.994787955422032   1.000000000000000   1.000000000000000   1.000000000000000   0.934497803055073   0.934497803055073   0.934497803055073   1.000000000000000   
PATCH 29 
2 1 
13 2 
0.000000000000000   0.000000000000000   0.000000000000000   0.250000000000000   0.250000000000000   0.375000000000000   0.375000000000000   0.500000000000000   0.500000000000000   0.750000000000000   0.750000000000000   0.875000000000000   0.875000000000000   1.000000000000000   1.000000000000000   1.000000000000000   
0.000000000000000   0.000000000000000   1.000000000000000   1.000000000000000   
0.025000000000000   0.026305730496603   0.027581754956705   0.028219767186757   0.028850352907682   0.029480938628608   0.030104097840409   0.031350416264010   0.032567028651111   0.033175334844661   0.033776214529086   0.034377094213511   0.034970547388810   0.025250000000000   0.026178902508932   0.027094027156471   0.027551589480241   0.028005707338662   0.028459825197083   0.028910498590156   0.029811845376303   0.030699414301056   0.031143198763433   0.031583538760461   0.032023878757490   0.032460774289170   
0.043301270189222   0.042433911100491   0.041527401399179   0.041074146548522   0.040611104044721   0.040148061540919   0.039675231383972   0.038729571070077   0.037744760143601   0.037252354680363   0.036750161563980   0.036247968447596   0.035735987678067   0.043734282891114   0.043142506727484   0.042531053738569   0.042225327244111   0.041914681543332   0.041604035842553   0.041288470935453   0.040657341121252   0.040006534481766   0.039681131162023   0.039350808635958   0.039020486109894   0.038685244377508   
1.000000000000000   0.998034204865149   0.997051307297724   0.996559858514012   0.996314134122155   0.996068409730299   0.996068409730299   0.996068409730299   0.997051307297724   0.997542756081437   0.998279929257006   0.999017102432575   1.000000000000000   1.000000000000000   0.999048674522937   0.998573011784405   0.998335180415139   0.998216264730506   0.998097349045873   0.998097349045873   0.998097349045873   0.998573011784405   0.998810843153671   0.999167590207569   0.999524337261468   1.000000000000000   
PATCH 30 
2 1 
6 2 
0.000000000000000   0.000000000000000   0.000000000000000   0.250000000000000   0.500000000000000   0.750000000000000   1.000000000000000   1.000000000000000   1.000000000000000   
0.000000000000000   0.000000000000000   1.000000000000000   1.000000000000000   
0.016109529075343   0.014595114260048   0.011566284629457   0.008537454998865   0.005508625368274   0.003994210552979   0.000000000000000   0.000000000000000   0.000000000000000   0.000000000000000   0.000000000000000   0.000000000000000   
0.021839990552347   0.024372810166613   0.029438449395147   0.034504088623680   0.039569727852214   0.042102547466480   0.014550000000000   0.017994068433310   0.024882205299930   0.031770342166550   0.038658479033170   0.042102547466480   
1.000000000000000   1.000000000000000   1.000000000000000   1.000000000000000   1.000000000000000   1.000000000000000   1.000000000000000   1.000000000000000   1.000000000000000   1.000000000000000   1.000000000000000   1.000000000000000   
PATCH 31 
2 1 
13 2 
0.000000000000000   0.000000000000000   0.000000000000000   0.250000000000000   0.250000000000000   0.375000000000000   0.375000000000000   0.500000000000000   0.500000000000000   0.750000000000000   0.750000000000000   0.875000000000000   0.875000000000000   1.000000000000000   1.000000000000000   1.000000000000000   
0.000000000000000   0.000000000000000   1.000000000000000   1.000000000000000   
0.003994210552979   0.003149736668482   0.002305262783985   0.002294154047237   0.002289866748912   0.002285579450587   0.002288113590685   0.001763277201848   0.001238440813011   0.000998361141691   0.001291921196770   0.001160238056131   0.001508911936583   0.000000000000000   0.000000000000000   0.000000000000000   0.000000000000000   0.000000000000000   0.000000000000000   0.000000000000000   0.000000000000000   0.000000000000000   0.000000000000000   0.000000000000000   0.000000000000000   0.000000000000000   
0.042102547466480   0.043514908199343   0.044927268932206   0.044820656643084   0.044829822218394   0.044838987793704   0.044963931233446   0.046465921070061   0.047967910906676   0.040177224902091   0.048181150252107   0.040325976488496   0.048216451650409   0.042102547466480   0.043089729033170   0.044076910599860   0.044570501383205   0.045064092166550   0.045557682949895   0.046051273733240   0.047038455299930   0.048025636866620   0.048519227649965   0.049012818433310   0.049506409216655   0.050000000000000   
1.000000000000000   1.000000000000000   1.000000000000000   0.997433696644924   0.997433696644924   0.997433696644924   1.000000000000000   1.000000000000000   1.000000000000000   0.835422161668563   1.000000000000000   0.835422161668563   1.000000000000000   1.000000000000000   1.000000000000000   1.000000000000000   1.000000000000000   1.000000000000000   1.000000000000000   1.000000000000000   1.000000000000000   1.000000000000000   1.000000000000000   1.000000000000000   1.000000000000000   1.000000000000000   
PATCH 32 
2 1 
13 2 
0.000000000000000   0.000000000000000   0.000000000000000   0.250000000000000   0.250000000000000   0.375000000000000   0.375000000000000   0.500000000000000   0.500000000000000   0.750000000000000   0.750000000000000   0.875000000000000   0.875000000000000   1.000000000000000   1.000000000000000   1.000000000000000   
0.000000000000000   0.000000000000000   1.000000000000000   1.000000000000000   
0.000000000000000   0.001373801083805   0.002696728456342   0.003358192142611   0.004006937401062   0.004655682659513   0.005291709490147   0.006563763151415   0.007784943101414   0.008395533076414   0.008993404623596   0.009591276170779   0.010176429290144   0.016109529075343   0.016409254405038   0.016708979734732   0.016463344315759   0.016470389747958   0.016477435180158   0.016737161463532   0.016790712377733   0.016844263291935   0.014103389676665   0.016971299791903   0.014307243388528   0.017185522540062   
0.014550000000000   0.014280596915490   0.013886468649130   0.013689404515950   0.013461159087308   0.013232913658665   0.012973486934560   0.012454633486350   0.011811054856289   0.011489265541259   0.011136294930766   0.010783324320273   0.010399172414318   0.021839990552347   0.021338707689636   0.020837424826926   0.020494130585585   0.020470484294135   0.020446838002685   0.020742839661126   0.019413608899644   0.018084378138161   0.015027639543711   0.017906149790974   0.014947969723674   0.017951007680318   
1.000000000000000   0.981484324088678   0.972226486133017   0.967597567155186   0.965283107666271   0.962968648177355   0.962968648177355   0.962968648177355   0.972226486133017   0.976855405110847   0.983798783577593   0.990742162044339   1.000000000000000   1.000000000000000   1.000000000000000   1.000000000000000   0.984541401373034   0.984541401373034   0.984541401373034   1.000000000000000   1.000000000000000   1.000000000000000   0.837019951728958   1.000000000000000   0.837019951728958   1.000000000000000   
INTERFACE 1 
1 2 
5 1 
1 
INTERFACE 2 
1 3 
2 4 
1 
INTERFACE 3 
2 1 
13 2 
1 
INTERFACE 4 
2 2 
3 1 
1 
INTERFACE 5 
2 3 
4 2 
1 
INTERFACE 6 
3 2 
7 1 
-1 
INTERFACE 7 
3 3 
4 4 
-1 
INTERFACE 8 
3 4 
5 3 
1 
INTERFACE 9 
4 1 
9 2 
1 
INTERFACE 10 
4 3 
13 3 
1 
INTERFACE 11 
5 2 
6 1 
1 
INTERFACE 12 
6 2 
11 1 
1 
INTERFACE 13 
6 3 
7 3 
1 
INTERFACE 14 
7 2 
8 1 
1 
INTERFACE 15 
7 4 
9 4 
-1 
INTERFACE 16 
8 2 
15 1 
1 
INTERFACE 17 
8 3 
11 3 
1 
INTERFACE 18 
8 4 
10 4 
1 
INTERFACE 19 
9 1 
10 1 
1 
INTERFACE 20 
9 3 
12 3 
1 
INTERFACE 21 
10 2 
16 3 
1 
INTERFACE 22 
10 3 
14 4 
1 
INTERFACE 23 
11 2 
18 1 
1 
INTERFACE 24 
12 1 
14 1 
-1 
INTERFACE 25 
12 2 
13 1 
1 
INTERFACE 26 
14 2 
17 1 
-1 
INTERFACE 27 
15 2 
26 2 
1 
INTERFACE 28 
15 3 
18 3 
1 
INTERFACE 29 
15 4 
16 2 
1 
INTERFACE 30 
16 1 
17 3 
1 
INTERFACE 31 
16 4 
28 2 
1 
INTERFACE 32 
17 2 
32 2 
-1 
INTERFACE 33 
18 2 
29 2 
1 
INTERFACE 34 
19 2 
23 1 
1 
INTERFACE 35 
19 3 
20 4 
1 
INTERFACE 36 
20 1 
31 2 
1 
INTERFACE 37 
20 2 
21 1 
1 
INTERFACE 38 
20 3 
22 2 
1 
INTERFACE 39 
21 2 
25 1 
-1 
INTERFACE 40 
21 3 
22 4 
-1 
INTERFACE 41 
21 4 
23 3 
1 
INTERFACE 42 
22 1 
27 2 
1 
INTERFACE 43 
22 3 
31 3 
1 
INTERFACE 44 
23 2 
24 1 
1 
INTERFACE 45 
24 2 
29 1 
1 
INTERFACE 46 
24 3 
25 3 
1 
INTERFACE 47 
25 2 
26 1 
1 
INTERFACE 48 
25 4 
27 4 
-1 
INTERFACE 49 
26 3 
29 3 
1 
INTERFACE 50 
26 4 
28 4 
1 
INTERFACE 51 
27 1 
28 1 
1 
INTERFACE 52 
27 3 
30 3 
1 
INTERFACE 53 
28 3 
32 4 
1 
INTERFACE 54 
30 1 
32 1 
-1 
INTERFACE 55 
30 2 
31 1 
1 
BOUNDARY 1 
1 
1 1 
BOUNDARY 2 
1 
1 4 
BOUNDARY 3 
1 
5 4 
BOUNDARY 4 
1 
6 4 
BOUNDARY 5 
1 
11 4 
BOUNDARY 6 
1 
12 4 
BOUNDARY 7 
1 
13 4 
BOUNDARY 8 
1 
14 3 
BOUNDARY 9 
1 
17 4 
BOUNDARY 10 
1 
18 4 
BOUNDARY 11 
1 
19 1 
BOUNDARY 12 
1 
19 4 
BOUNDARY 13 
1 
23 4 
BOUNDARY 14 
1 
24 4 
BOUNDARY 15 
1 
29 4 
BOUNDARY 16 
1 
30 4 
BOUNDARY 17 
1 
31 4 
BOUNDARY 18 
1 
32 3 
