# nurbs mesh v.2.1
#
# 13-Jul-2024
#
2 2 32 55 0 
PATCH 1 
2 1 
4 2 
0.000000000000000   0.000000000000000   0.000000000000000   0.500000000000000   1.000000000000000   1.000000000000000   1.000000000000000   
0.000000000000000   0.000000000000000   1.000000000000000   1.000000000000000   
0.050000000000000   0.049904867452294   0.049525061277599   0.049240387650610   0.050500000000000   0.050403916126817   0.050020311890375   0.049732791527117   
0.000000000000000   0.002178893568691   0.006520098010365   0.008682408883347   0.000000000000000   0.002200682504378   0.006585298990468   0.008769232972180   
1.000000000000000   0.998097349045873   0.998097349045873   1.000000000000000   1.000000000000000   0.998097349045873   0.998097349045873   1.000000000000000   
PATCH 2 
2 1 
4 2 
0.000000000000000   0.000000000000000   0.000000000000000   0.500000000000000   1.000000000000000   1.000000000000000   1.000000000000000   
0.000000000000000   0.000000000000000   1.000000000000000   1.000000000000000   
0.048217090727145   0.047640738420515   0.046488033807253   0.045911681500623   0.050000000000000   0.049904867452294   0.049525061277599   0.049240387650610   
0.001511692313022   0.002801608373759   0.005381440495232   0.006671356555968   0.000000000000000   0.002178893568691   0.006520098010365   0.008682408883347   
1.000000000000000   1.000000000000000   1.000000000000000   1.000000000000000   1.000000000000000   0.998097349045873   0.998097349045873   1.000000000000000   
PATCH 3 
2 1 
13 2 
0.000000000000000   0.000000000000000   0.000000000000000   0.125000000000000   0.125000000000000   0.250000000000000   0.250000000000000   0.500000000000000   0.500000000000000   0.625000000000000   0.625000000000000   0.750000000000000   0.750000000000000   1.000000000000000   1.000000000000000   1.000000000000000   
0.000000000000000   0.000000000000000   1.000000000000000   1.000000000000000   
0.045911681500623   0.042693521063711   0.042651983541946   0.042610446020181   0.045745531413563   0.045175833447327   0.044606135481092   0.044007262009623   0.043985753014773   0.043964244019923   0.044520099501691   0.044272368572453   0.044024637643215   0.049240387650610   0.049122375608591   0.048998620380024   0.048874865151458   0.048745366736344   0.048486369906118   0.048204400329703   0.048063415541496   0.047916687566742   0.047769959591988   0.047617488430687   0.047312546108085   0.046984631039295   
0.006671356555968   0.006253228235694   0.006282661590727   0.006312094945761   0.006789089976102   0.006836110666065   0.006883131356028   0.006796051218642   0.006802945518456   0.006809839818269   0.006910708555282   0.007058539710905   0.007206370866527   0.008682408883347   0.009214726804819   0.009745505844094   0.010276284883369   0.010805525040447   0.011864005354603   0.012916330139971   0.013442492532654   0.013967116043140   0.014491739553627   0.015014824181916   0.016060993438494   0.017101007166283   
1.000000000000000   0.930357755161427   0.930357755161427   0.930357755161427   1.000000000000000   1.000000000000000   1.000000000000000   0.987078837833691   0.987078837833691   0.987078837833691   1.000000000000000   1.000000000000000   1.000000000000000   1.000000000000000   0.999524337261468   0.999167590207569   0.998810843153671   0.998573011784405   0.998097349045873   0.998097349045873   0.998097349045873   0.998216264730506   0.998335180415139   0.998573011784404   0.999048674522936   1.000000000000000   
PATCH 4 
2 2 
13 4 
0.000000000000000   0.000000000000000   0.000000000000000   0.250000000000000   0.250000000000000   0.375000000000000   0.375000000000000   0.500000000000000   0.500000000000000   0.750000000000000   0.750000000000000   0.875000000000000   0.875000000000000   1.000000000000000   1.000000000000000   1.000000000000000   
0.000000000000000   0.000000000000000   0.000000000000000   0.500000000000000   1.000000000000000   1.000000000000000   1.000000000000000   
0.042107178084964   0.043552239129051   0.044997300173138   0.044886314351323   0.044895662952420   0.044905011553517   0.045034694577527   0.046502045526490   0.047969396475453   0.040211905044678   0.048182041512142   0.040360026288886   0.048217090727145   0.042586542974527   0.043732271489902   0.044878000005277   0.044655796768473   0.044668185468009   0.044680574167544   0.044927554803418   0.046170492506699   0.047413430209980   0.040811540288554   0.046799527019593   0.040943399982593   0.047640738420515   0.043545272753652   0.044092336211603   0.044639399669553   0.044194761602773   0.044213230499185   0.044231699395597   0.044713275255201   0.045507386467118   0.046301497679035   0.042010810776306   0.044034498034495   0.042110147370005   0.046488033807253   0.044024637643215   0.044272368572453   0.044520099501691   0.043964244019923   0.043985753014773   0.044007262009623   0.044606135481092   0.045175833447327   0.045745531413563   0.042610446020181   0.042651983541946   0.042693521063711   0.045911681500623   
0.003993150783507   0.003130823884119   0.002268496984731   0.002257173568789   0.002252832113074   0.002248490657359   0.002251131161870   0.001746061896862   0.001240992631854   0.001001912208335   0.001295091057648   0.001163790706957   0.001511692313022   0.004796455804262   0.004112752840816   0.003429049877369   0.003395340131159   0.003390360464419   0.003385380797679   0.003409131210409   0.003018574089163   0.002628016967916   0.002329457892691   0.002541983690918   0.002436150089141   0.002801608373759   0.006403065845772   0.006076610754208   0.005750155662644   0.005671673255899   0.005665417167110   0.005659161078321   0.005725131307488   0.005563598473764   0.005402065640040   0.004984549261404   0.005035768957458   0.004980868853510   0.005381440495232   0.007206370866527   0.007058539710905   0.006910708555282   0.006809839818269   0.006802945518456   0.006796051218642   0.006883131356028   0.006836110666065   0.006789089976102   0.006312094945761   0.006282661590727   0.006253228235694   0.006671356555968   
1.000000000000000   1.000000000000000   1.000000000000000   0.997336792822463   0.997336792822463   0.997336792822463   1.000000000000000   1.000000000000000   1.000000000000000   0.836119940177927   1.000000000000000   0.836119940177927   1.000000000000000   1.000000000000000   1.000000000000000   1.000000000000000   0.994772304075270   0.994772304075270   0.994772304075270   1.000000000000000   1.000000000000000   1.000000000000000   0.859679393923802   0.982589438790357   0.859679393923802   1.000000000000000   1.000000000000000   1.000000000000000   1.000000000000000   0.989643326580883   0.989643326580883   0.989643326580883   1.000000000000000   1.000000000000000   1.000000000000000   0.906798301415552   0.947768316371070   0.906798301415552   1.000000000000000   1.000000000000000   1.000000000000000   1.000000000000000   0.987078837833691   0.987078837833691   0.987078837833691   1.000000000000000   1.000000000000000   1.000000000000000   0.930357755161427   0.930357755161427   0.930357755161427   1.000000000000000   
PATCH 5 
2 1 
13 2 
0.000000000000000   0.000000000000000   0.000000000000000   0.125000000000000   0.125000000000000   0.250000000000000   0.250000000000000   0.500000000000000   0.500000000000000   0.625000000000000   0.625000000000000   0.750000000000000   0.750000000000000   1.000000000000000   1.000000000000000   1.000000000000000   
0.000000000000000   0.000000000000000   1.000000000000000   1.000000000000000   
0.049240387650610   0.049122375608591   0.048998620380024   0.048874865151458   0.048745366736344   0.048486369906118   0.048204400329703   0.048063415541496   0.047916687566742   0.047769959591988   0.047617488430687   0.047312546108085   0.046984631039295   0.049732791527117   0.049613599364677   0.049488606583825   0.049363613802972   0.049232820403708   0.048971233605179   0.048686444333000   0.048544049696911   0.048395854442409   0.048247659187908   0.048093663314994   0.047785671569166   0.047454477349688   
0.008682408883347   0.009214726804819   0.009745505844094   0.010276284883369   0.010805525040447   0.011864005354603   0.012916330139971   0.013442492532654   0.013967116043140   0.014491739553627   0.015014824181916   0.016060993438494   0.017101007166283   0.008769232972180   0.009306874072867   0.009842960902535   0.010379047732203   0.010913580290852   0.011982645408149   0.013045493441370   0.013576917457981   0.014106787203572   0.014636656949163   0.015164972423735   0.016221603372879   0.017272017237946   
1.000000000000000   0.999524337261468   0.999167590207569   0.998810843153671   0.998573011784405   0.998097349045873   0.998097349045873   0.998097349045873   0.998216264730506   0.998335180415139   0.998573011784404   0.999048674522936   1.000000000000000   1.000000000000000   0.999524337261468   0.999167590207569   0.998810843153671   0.998573011784405   0.998097349045873   0.998097349045873   0.998097349045873   0.998216264730506   0.998335180415139   0.998573011784404   0.999048674522936   1.000000000000000   
PATCH 6 
2 1 
6 2 
0.000000000000000   0.000000000000000   0.000000000000000   0.250000000000000   0.500000000000000   0.750000000000000   1.000000000000000   1.000000000000000   1.000000000000000   
0.000000000000000   0.000000000000000   1.000000000000000   1.000000000000000   
0.046984631039295   0.046567320617430   0.045689590089305   0.044768749876786   0.043804799979875   0.043301270189222   0.047454477349688   0.047032993823604   0.046146485990198   0.045216437375554   0.044242847979673   0.043734282891114   
0.017101007166283   0.018108483646471   0.020103334230874   0.022078082439303   0.024032728271759   0.025000000000000   0.017272017237946   0.018289568482936   0.020304367573183   0.022298863263696   0.024273055554476   0.025250000000000   
1.000000000000000   0.999048674522936   0.998097349045873   0.998097349045873   0.999048674522936   1.000000000000000   1.000000000000000   0.999048674522936   0.998097349045873   0.998097349045873   0.999048674522936   1.000000000000000   
PATCH 7 
2 1 
6 2 
0.000000000000000   0.000000000000000   0.000000000000000   0.250000000000000   0.500000000000000   0.750000000000000   1.000000000000000   1.000000000000000   1.000000000000000   
0.000000000000000   0.000000000000000   1.000000000000000   1.000000000000000   
0.046984631039295   0.046567320617430   0.045689590089305   0.044768749876786   0.043804799979875   0.043301270189222   0.044024637643215   0.041489647659730   0.036419667692760   0.031349687725790   0.026279707758821   0.023744717775336   
0.017101007166283   0.018108483646471   0.020103334230874   0.022078082439303   0.024032728271759   0.025000000000000   0.007206370866527   0.008719102845139   0.011744566802364   0.014770030759588   0.017795494716812   0.019308226695425   
1.000000000000000   0.999048674522936   0.998097349045873   0.998097349045873   0.999048674522936   1.000000000000000   1.000000000000000   1.000000000000000   1.000000000000000   1.000000000000000   1.000000000000000   1.000000000000000   
PATCH 8 
2 1 
13 2 
0.000000000000000   0.000000000000000   0.000000000000000   0.250000000000000   0.250000000000000   0.375000000000000   0.375000000000000   0.500000000000000   0.500000000000000   0.750000000000000   0.750000000000000   0.875000000000000   0.875000000000000   1.000000000000000   1.000000000000000   1.000000000000000   
0.000000000000000   0.000000000000000   1.000000000000000   1.000000000000000   
0.043301270189222   0.042433929635427   0.041527439924838   0.041074195069544   0.040611162925051   0.040148130780559   0.039675311346867   0.038729672479485   0.037744884455310   0.037252490443222   0.036750309141936   0.036248127840650   0.035736159250165   0.023744717775336   0.023208896649449   0.022673075523562   0.022529762531997   0.022515756644179   0.022501750756360   0.022617051972289   0.021912392861964   0.021207733751640   0.019811222282790   0.019764251012996   0.019717279743202   0.021019848672464   
0.025000000000000   0.026305706068709   0.027581707356841   0.028219708000908   0.028850282449830   0.029480856898753   0.030104005152531   0.031350301660089   0.032566893387070   0.033175189250561   0.033776058918908   0.034376928587255   0.034970372060458   0.019308226695425   0.019627973028635   0.019947719361846   0.019840803844872   0.019846499571908   0.019852195298944   0.019970502269990   0.020138812716118   0.020307123162246   0.019026715930704   0.019013439282829   0.019000162634954   0.020254016570747   
1.000000000000000   0.998034281620704   0.997051422431056   0.996559992836232   0.996314278038820   0.996068563241408   0.996068563241408   0.996068563241408   0.997051422431056   0.997542852025880   0.998279996418116   0.999017140810352   1.000000000000000   1.000000000000000   1.000000000000000   1.000000000000000   0.994251803232766   0.994251803232766   0.994251803232766   1.000000000000000   1.000000000000000   1.000000000000000   0.936389460091471   0.936389460091471   0.936389460091471   1.000000000000000   
PATCH 9 
2 2 
6 4 
0.000000000000000   0.000000000000000   0.000000000000000   0.250000000000000   0.500000000000000   0.750000000000000   1.000000000000000   1.000000000000000   1.000000000000000   
0.000000000000000   0.000000000000000   0.000000000000000   0.500000000000000   1.000000000000000   1.000000000000000   1.000000000000000   
0.021827258217085   0.024362248200570   0.029432228167539   0.034502208134509   0.039572188101479   0.042107178084964   0.022306623106647   0.024841613090132   0.029911593057102   0.034981573024072   0.040051552991042   0.042586542974527   0.023265352885773   0.025800342869258   0.030870322836228   0.035940302803197   0.041010282770167   0.043545272753652   0.023744717775336   0.026279707758821   0.031349687725790   0.036419667692760   0.041489647659730   0.044024637643215   
0.016095006612404   0.014582274633792   0.011556810676568   0.008531346719343   0.005505882762119   0.003993150783507   0.016898311633159   0.015385579654547   0.012360115697323   0.009334651740098   0.006309187782874   0.004796455804262   0.018504921674670   0.016992189696057   0.013966725738833   0.010941261781609   0.007915797824384   0.006403065845772   0.019308226695425   0.017795494716812   0.014770030759588   0.011744566802364   0.008719102845139   0.007206370866527   
1.000000000000000   1.000000000000000   1.000000000000000   1.000000000000000   1.000000000000000   1.000000000000000   1.000000000000000   1.000000000000000   1.000000000000000   1.000000000000000   1.000000000000000   1.000000000000000   1.000000000000000   1.000000000000000   1.000000000000000   1.000000000000000   1.000000000000000   1.000000000000000   1.000000000000000   1.000000000000000   1.000000000000000   1.000000000000000   1.000000000000000   1.000000000000000   
PATCH 10 
2 2 
13 4 
0.000000000000000   0.000000000000000   0.000000000000000   0.250000000000000   0.250000000000000   0.375000000000000   0.375000000000000   0.500000000000000   0.500000000000000   0.750000000000000   0.750000000000000   0.875000000000000   0.875000000000000   1.000000000000000   1.000000000000000   1.000000000000000   
0.000000000000000   0.000000000000000   0.000000000000000   0.500000000000000   1.000000000000000   1.000000000000000   1.000000000000000   
0.021827258217085   0.021329569329130   0.020831880441176   0.020499117147889   0.020475861477254   0.020452605806620   0.020738857758638   0.019410370439595   0.018081883120551   0.015043357839476   0.017904812088139   0.014964623417021   0.017949926355987   0.022306623106647   0.021799401159210   0.021292179211773   0.021006778493916   0.020985835268985   0.020964892044055   0.021208406312051   0.020035876045187   0.018863345778323   0.016235323950305   0.018369671819353   0.016152787498566   0.018717406935106   0.023265352885773   0.022739064819369   0.022212776752965   0.022022101185970   0.022005782852448   0.021989464518925   0.022147503418876   0.021286887256372   0.020426271093868   0.018619256171961   0.019299391281781   0.018529115661657   0.020252368093345   0.023744717775336   0.023208896649449   0.022673075523562   0.022529762531997   0.022515756644179   0.022501750756360   0.022617051972289   0.021912392861964   0.021207733751640   0.019811222282790   0.019764251012996   0.019717279743202   0.021019848672464   
0.016095006612404   0.016391997883026   0.016688989153648   0.016451558998240   0.016458566720402   0.016465574442564   0.016717020042296   0.016779958506043   0.016842896969791   0.014119284848282   0.016970530948051   0.014322866462498   0.017184094254269   0.016898311633159   0.017200991669428   0.017503671705697   0.017298870209898   0.017305549933278   0.017312229656659   0.017530390599219   0.017619672058562   0.017708953517905   0.015346142618887   0.017481258031746   0.015492190505612   0.017951574833389   0.018504921674670   0.018818979242233   0.019133036809796   0.018993492633214   0.018999516359032   0.019005540084849   0.019157131713066   0.019299099163600   0.019441066614133   0.017799858160098   0.018502712199134   0.017830838591840   0.019486535991627   0.019308226695425   0.019627973028635   0.019947719361846   0.019840803844872   0.019846499571908   0.019852195298944   0.019970502269990   0.020138812716118   0.020307123162246   0.019026715930704   0.019013439282829   0.019000162634954   0.020254016570747   
1.000000000000000   1.000000000000000   1.000000000000000   0.985027463486228   0.985027463486228   0.985027463486228   1.000000000000000   1.000000000000000   1.000000000000000   0.837986489575511   1.000000000000000   0.837986489575511   1.000000000000000   1.000000000000000   1.000000000000000   1.000000000000000   0.987333548422863   0.987333548422863   0.987333548422863   1.000000000000000   1.000000000000000   1.000000000000000   0.862587232204501   0.984097365022868   0.862587232204501   1.000000000000000   1.000000000000000   1.000000000000000   1.000000000000000   0.991945718296132   0.991945718296132   0.991945718296132   1.000000000000000   1.000000000000000   1.000000000000000   0.911788717462481   0.952292095068604   0.911788717462481   1.000000000000000   1.000000000000000   1.000000000000000   1.000000000000000   0.994251803232766   0.994251803232766   0.994251803232766   1.000000000000000   1.000000000000000   1.000000000000000   0.936389460091471   0.936389460091471   0.936389460091471   1.000000000000000   
PATCH 11 
2 1 
13 2 
0.000000000000000   0.000000000000000   0.000000000000000   0.250000000000000   0.250000000000000   0.375000000000000   0.375000000000000   0.500000000000000   0.500000000000000   0.750000000000000   0.750000000000000   0.875000000000000   0.875000000000000   1.000000000000000   1.000000000000000   1.000000000000000   
0.000000000000000   0.000000000000000   1.000000000000000   1.000000000000000   
0.043301270189222   0.042433929635427   0.041527439924838   0.041074195069544   0.040611162925051   0.040148130780559   0.039675311346867   0.038729672479485   0.037744884455310   0.037252490443222   0.036750309141936   0.036248127840650   0.035736159250165   0.043734282891114   0.043142506727484   0.042531053738569   0.042225327244111   0.041914681543332   0.041604035842553   0.041288470935453   0.040657341121252   0.040006534481766   0.039681131162023   0.039350808635958   0.039020486109894   0.038685244377508   
0.025000000000000   0.026305706068709   0.027581707356841   0.028219708000908   0.028850282449830   0.029480856898753   0.030104005152531   0.031350301660089   0.032566893387070   0.033175189250561   0.033776058918908   0.034376928587255   0.034970372060458   0.025250000000000   0.026178902508932   0.027094027156471   0.027551589480241   0.028005707338662   0.028459825197083   0.028910498590156   0.029811845376303   0.030699414301056   0.031143198763433   0.031583538760461   0.032023878757490   0.032460774289170   
1.000000000000000   0.998034281620704   0.997051422431056   0.996559992836232   0.996314278038820   0.996068563241408   0.996068563241408   0.996068563241408   0.997051422431056   0.997542852025880   0.998279996418116   0.999017140810352   1.000000000000000   1.000000000000000   0.999048674522937   0.998573011784405   0.998335180415139   0.998216264730506   0.998097349045873   0.998097349045873   0.998097349045873   0.998573011784405   0.998810843153671   0.999167590207569   0.999524337261468   1.000000000000000   
PATCH 12 
2 1 
6 2 
0.000000000000000   0.000000000000000   0.000000000000000   0.250000000000000   0.500000000000000   0.750000000000000   1.000000000000000   1.000000000000000   1.000000000000000   
0.000000000000000   0.000000000000000   1.000000000000000   1.000000000000000   
0.021827258217085   0.024362248200570   0.029432228167539   0.034502208134509   0.039572188101479   0.042107178084964   0.014550000000000   0.017994647260620   0.024883941781861   0.031773236303102   0.038662530824343   0.042107178084964   
0.016095006612404   0.014582274633792   0.011556810676568   0.008531346719343   0.005505882762119   0.003993150783507   0.000000000000000   0.000000000000000   0.000000000000000   0.000000000000000   0.000000000000000   0.000000000000000   
1.000000000000000   1.000000000000000   1.000000000000000   1.000000000000000   1.000000000000000   1.000000000000000   1.000000000000000   1.000000000000000   1.000000000000000   1.000000000000000   1.000000000000000   1.000000000000000   
PATCH 13 
2 1 
13 2 
0.000000000000000   0.000000000000000   0.000000000000000   0.250000000000000   0.250000000000000   0.375000000000000   0.375000000000000   0.500000000000000   0.500000000000000   0.750000000000000   0.750000000000000   0.875000000000000   0.875000000000000   1.000000000000000   1.000000000000000   1.000000000000000   
0.000000000000000   0.000000000000000   1.000000000000000   1.000000000000000   
0.042107178084964   0.043552239129051   0.044997300173138   0.044886314351323   0.044895662952420   0.044905011553517   0.045034694577527   0.046502045526490   0.047969396475453   0.040211905044678   0.048182041512142   0.040360026288886   0.048217090727145   0.042107178084964   0.043093780824343   0.044080383563723   0.044573684933413   0.045066986303102   0.045560287672792   0.046053589042482   0.047040191781861   0.048026794521241   0.048520095890931   0.049013397260620   0.049506698630310   0.050000000000000   
0.003993150783507   0.003130823884119   0.002268496984731   0.002257173568789   0.002252832113074   0.002248490657359   0.002251131161870   0.001746061896862   0.001240992631854   0.001001912208335   0.001295091057648   0.001163790706957   0.001511692313022   0.000000000000000   0.000000000000000   0.000000000000000   0.000000000000000   0.000000000000000   0.000000000000000   0.000000000000000   0.000000000000000   0.000000000000000   0.000000000000000   0.000000000000000   0.000000000000000   0.000000000000000   
1.000000000000000   1.000000000000000   1.000000000000000   0.997336792822463   0.997336792822463   0.997336792822463   1.000000000000000   1.000000000000000   1.000000000000000   0.836119940177927   1.000000000000000   0.836119940177927   1.000000000000000   1.000000000000000   1.000000000000000   1.000000000000000   1.000000000000000   1.000000000000000   1.000000000000000   1.000000000000000   1.000000000000000   1.000000000000000   1.000000000000000   1.000000000000000   1.000000000000000   1.000000000000000   
PATCH 14 
2 1 
13 2 
0.000000000000000   0.000000000000000   0.000000000000000   0.250000000000000   0.250000000000000   0.375000000000000   0.375000000000000   0.500000000000000   0.500000000000000   0.750000000000000   0.750000000000000   0.875000000000000   0.875000000000000   1.000000000000000   1.000000000000000   1.000000000000000   
0.000000000000000   0.000000000000000   1.000000000000000   1.000000000000000   
0.014550000000000   0.014280600285552   0.013886476824691   0.013689415094260   0.013461172427226   0.013232929760191   0.012973506156554   0.012454658949278   0.011811087995590   0.011489302518745   0.011136336105297   0.010783369691849   0.010399222341798   0.021827258217085   0.021329569329130   0.020831880441176   0.020499117147889   0.020475861477254   0.020452605806620   0.020738857758638   0.019410370439595   0.018081883120551   0.015043357839476   0.017904812088139   0.014964623417021   0.017949926355987   
0.000000000000000   0.001373792821521   0.002696712874132   0.003358172900437   0.004006914734514   0.004655656568592   0.005291680210441   0.006563727494140   0.007784902008928   0.008395489266322   0.008993358331489   0.009591227396655   0.010176378269593   0.016095006612404   0.016391997883026   0.016688989153648   0.016451558998240   0.016458566720402   0.016465574442564   0.016717020042296   0.016779958506043   0.016842896969791   0.014119284848282   0.016970530948051   0.014322866462498   0.017184094254269   
1.000000000000000   0.981484555708050   0.972226833562075   0.967597972489087   0.965283541952593   0.962969111416099   0.962969111416099   0.962969111416099   0.972226833562074   0.976855694635062   0.983798986244543   0.990742277854025   1.000000000000000   1.000000000000000   1.000000000000000   1.000000000000000   0.985027463486228   0.985027463486228   0.985027463486228   1.000000000000000   1.000000000000000   1.000000000000000   0.837986489575511   1.000000000000000   0.837986489575511   1.000000000000000   
PATCH 15 
2 1 
4 2 
0.000000000000000   0.000000000000000   0.000000000000000   0.500000000000000   1.000000000000000   1.000000000000000   1.000000000000000   
0.000000000000000   0.000000000000000   1.000000000000000   1.000000000000000   
0.035736159250165   0.035545749154746   0.035162855559893   0.034970372060458   0.021019848672464   0.020828390647035   0.020445474596176   0.020254016570747   
0.034970372060458   0.035162855559893   0.035545749154746   0.035736159250165   0.020254016570747   0.020445474596176   0.020828390647035   0.021019848672464   
1.000000000000000   0.999970677639203   0.999970677639203   1.000000000000000   1.000000000000000   1.000000000000000   1.000000000000000   1.000000000000000   
PATCH 16 
2 2 
4 4 
0.000000000000000   0.000000000000000   0.000000000000000   0.500000000000000   1.000000000000000   1.000000000000000   1.000000000000000   
0.000000000000000   0.000000000000000   0.000000000000000   0.500000000000000   1.000000000000000   1.000000000000000   1.000000000000000   
0.017949926355987   0.018717406935106   0.020252368093345   0.021019848672464   0.017758468330557   0.018525948909677   0.020060910067916   0.020828390647035   0.017375552279699   0.018143032858818   0.019677994017057   0.020445474596176   0.017184094254269   0.017951574833389   0.019486535991627   0.020254016570747   
0.017184094254269   0.017951574833389   0.019486535991627   0.020254016570747   0.017375552279699   0.018143032858818   0.019677994017057   0.020445474596176   0.017758468330557   0.018525948909677   0.020060910067916   0.020828390647035   0.017949926355987   0.018717406935106   0.020252368093345   0.021019848672464   
1.000000000000000   1.000000000000000   1.000000000000000   1.000000000000000   1.000000000000000   1.000000000000000   1.000000000000000   1.000000000000000   1.000000000000000   1.000000000000000   1.000000000000000   1.000000000000000   1.000000000000000   1.000000000000000   1.000000000000000   1.000000000000000   
PATCH 17 
2 1 
4 2 
0.000000000000000   0.000000000000000   0.000000000000000   0.500000000000000   1.000000000000000   1.000000000000000   1.000000000000000   
0.000000000000000   0.000000000000000   1.000000000000000   1.000000000000000   
0.017949926355987   0.017758468330557   0.017375552279699   0.017184094254269   0.010399222341798   0.010343813004031   0.010232390967929   0.010176378269593   
0.017184094254269   0.017375552279699   0.017758468330557   0.017949926355987   0.010176378269593   0.010232390967929   0.010343813004031   0.010399222341798   
1.000000000000000   1.000000000000000   1.000000000000000   1.000000000000000   1.000000000000000   0.999970677639203   0.999970677639203   1.000000000000000   
PATCH 18 
2 1 
4 2 
0.000000000000000   0.000000000000000   0.000000000000000   0.500000000000000   1.000000000000000   1.000000000000000   1.000000000000000   
0.000000000000000   0.000000000000000   1.000000000000000   1.000000000000000   
0.035736159250165   0.035545749154746   0.035162855559893   0.034970372060458   0.038685244377508   0.037197068413715   0.034084833369545   0.032460774289170   
0.034970372060458   0.035162855559893   0.035545749154746   0.035736159250165   0.032460774289170   0.034084833369545   0.037197068413715   0.038685244377508   
1.000000000000000   0.999970677639203   0.999970677639203   1.000000000000000   1.000000000000000   0.998097349045873   0.998097349045873   1.000000000000000   
PATCH 19 
2 1 
4 2 
0.000000000000000   0.000000000000000   0.000000000000000   0.500000000000000   1.000000000000000   1.000000000000000   1.000000000000000   
0.000000000000000   0.000000000000000   1.000000000000000   1.000000000000000   
0.000000000000000   0.002178893568691   0.006520098010365   0.008682408883347   0.000000000000000   0.002200682504378   0.006585298990468   0.008769232972180   
0.050000000000000   0.049904867452294   0.049525061277599   0.049240387650610   0.050500000000000   0.050403916126817   0.050020311890375   0.049732791527117   
1.000000000000000   0.998097349045873   0.998097349045873   1.000000000000000   1.000000000000000   0.998097349045873   0.998097349045873   1.000000000000000   
PATCH 20 
2 1 
4 2 
0.000000000000000   0.000000000000000   0.000000000000000   0.500000000000000   1.000000000000000   1.000000000000000   1.000000000000000   
0.000000000000000   0.000000000000000   1.000000000000000   1.000000000000000   
0.001511692313022   0.002801608373759   0.005381440495232   0.006671356555968   0.000000000000000   0.002178893568691   0.006520098010365   0.008682408883347   
0.048217090727145   0.047640738420515   0.046488033807253   0.045911681500623   0.050000000000000   0.049904867452294   0.049525061277599   0.049240387650610   
1.000000000000000   1.000000000000000   1.000000000000000   1.000000000000000   1.000000000000000   0.998097349045873   0.998097349045873   1.000000000000000   
PATCH 21 
2 1 
13 2 
0.000000000000000   0.000000000000000   0.000000000000000   0.125000000000000   0.125000000000000   0.250000000000000   0.250000000000000   0.500000000000000   0.500000000000000   0.625000000000000   0.625000000000000   0.750000000000000   0.750000000000000   1.000000000000000   1.000000000000000   1.000000000000000   
0.000000000000000   0.000000000000000   1.000000000000000   1.000000000000000   
0.006671356555968   0.006253228235694   0.006282661590727   0.006312094945761   0.006789089976102   0.006836110666065   0.006883131356028   0.006796051218642   0.006802945518456   0.006809839818269   0.006910708555282   0.007058539710905   0.007206370866527   0.008682408883347   0.009214726804819   0.009745505844094   0.010276284883369   0.010805525040447   0.011864005354603   0.012916330139971   0.013442492532654   0.013967116043140   0.014491739553627   0.015014824181916   0.016060993438494   0.017101007166283   
0.045911681500623   0.042693521063711   0.042651983541946   0.042610446020181   0.045745531413563   0.045175833447327   0.044606135481092   0.044007262009623   0.043985753014773   0.043964244019923   0.044520099501691   0.044272368572453   0.044024637643215   0.049240387650610   0.049122375608591   0.048998620380024   0.048874865151458   0.048745366736344   0.048486369906118   0.048204400329703   0.048063415541496   0.047916687566742   0.047769959591988   0.047617488430687   0.047312546108085   0.046984631039295   
1.000000000000000   0.930357755161427   0.930357755161427   0.930357755161427   1.000000000000000   1.000000000000000   1.000000000000000   0.987078837833691   0.987078837833691   0.987078837833691   1.000000000000000   1.000000000000000   1.000000000000000   1.000000000000000   0.999524337261468   0.999167590207569   0.998810843153671   0.998573011784405   0.998097349045873   0.998097349045873   0.998097349045873   0.998216264730506   0.998335180415139   0.998573011784404   0.999048674522936   1.000000000000000   
PATCH 22 
2 2 
13 4 
0.000000000000000   0.000000000000000   0.000000000000000   0.250000000000000   0.250000000000000   0.375000000000000   0.375000000000000   0.500000000000000   0.500000000000000   0.750000000000000   0.750000000000000   0.875000000000000   0.875000000000000   1.000000000000000   1.000000000000000   1.000000000000000   
0.000000000000000   0.000000000000000   0.000000000000000   0.500000000000000   1.000000000000000   1.000000000000000   1.000000000000000   
0.003993150783507   0.003130823884119   0.002268496984731   0.002257173568789   0.002252832113074   0.002248490657359   0.002251131161870   0.001746061896862   0.001240992631854   0.001001912208335   0.001295091057648   0.001163790706957   0.001511692313022   0.004796455804262   0.004112752840816   0.003429049877369   0.003395340131159   0.003390360464419   0.003385380797679   0.003409131210409   0.003018574089163   0.002628016967916   0.002329457892691   0.002541983690918   0.002436150089141   0.002801608373759   0.006403065845772   0.006076610754208   0.005750155662644   0.005671673255899   0.005665417167110   0.005659161078321   0.005725131307488   0.005563598473764   0.005402065640040   0.004984549261404   0.005035768957458   0.004980868853510   0.005381440495232   0.007206370866527   0.007058539710905   0.006910708555282   0.006809839818269   0.006802945518456   0.006796051218642   0.006883131356028   0.006836110666065   0.006789089976102   0.006312094945761   0.006282661590727   0.006253228235694   0.006671356555968   
0.042107178084964   0.043552239129051   0.044997300173138   0.044886314351323   0.044895662952420   0.044905011553517   0.045034694577527   0.046502045526490   0.047969396475453   0.040211905044678   0.048182041512142   0.040360026288886   0.048217090727145   0.042586542974527   0.043732271489902   0.044878000005277   0.044655796768473   0.044668185468009   0.044680574167544   0.044927554803418   0.046170492506699   0.047413430209980   0.040811540288554   0.046799527019593   0.040943399982593   0.047640738420515   0.043545272753652   0.044092336211603   0.044639399669553   0.044194761602773   0.044213230499185   0.044231699395597   0.044713275255201   0.045507386467118   0.046301497679035   0.042010810776306   0.044034498034495   0.042110147370005   0.046488033807253   0.044024637643215   0.044272368572453   0.044520099501691   0.043964244019923   0.043985753014773   0.044007262009623   0.044606135481092   0.045175833447327   0.045745531413563   0.042610446020181   0.042651983541946   0.042693521063711   0.045911681500623   
1.000000000000000   1.000000000000000   1.000000000000000   0.997336792822463   0.997336792822463   0.997336792822463   1.000000000000000   1.000000000000000   1.000000000000000   0.836119940177927   1.000000000000000   0.836119940177927   1.000000000000000   1.000000000000000   1.000000000000000   1.000000000000000   0.994772304075270   0.994772304075270   0.994772304075270   1.000000000000000   1.000000000000000   1.000000000000000   0.859679393923802   0.982589438790357   0.859679393923802   1.000000000000000   1.000000000000000   1.000000000000000   1.000000000000000   0.989643326580883   0.989643326580883   0.989643326580883   1.000000000000000   1.000000000000000   1.000000000000000   0.906798301415552   0.947768316371070   0.906798301415552   1.000000000000000   1.000000000000000   1.000000000000000   1.000000000000000   0.987078837833691   0.987078837833691   0.987078837833691   1.000000000000000   1.000000000000000   1.000000000000000   0.930357755161427   0.930357755161427   0.930357755161427   1.000000000000000   
PATCH 23 
2 1 
13 2 
0.000000000000000   0.000000000000000   0.000000000000000   0.125000000000000   0.125000000000000   0.250000000000000   0.250000000000000   0.500000000000000   0.500000000000000   0.625000000000000   0.625000000000000   0.750000000000000   0.750000000000000   1.000000000000000   1.000000000000000   1.000000000000000   
0.000000000000000   0.000000000000000   1.000000000000000   1.000000000000000   
0.008682408883347   0.009214726804819   0.009745505844094   0.010276284883369   0.010805525040447   0.011864005354603   0.012916330139971   0.013442492532654   0.013967116043140   0.014491739553627   0.015014824181916   0.016060993438494   0.017101007166283   0.008769232972180   0.009306874072867   0.009842960902535   0.010379047732203   0.010913580290852   0.011982645408149   0.013045493441370   0.013576917457981   0.014106787203572   0.014636656949163   0.015164972423735   0.016221603372879   0.017272017237946   
0.049240387650610   0.049122375608591   0.048998620380024   0.048874865151458   0.048745366736344   0.048486369906118   0.048204400329703   0.048063415541496   0.047916687566742   0.047769959591988   0.047617488430687   0.047312546108085   0.046984631039295   0.049732791527117   0.049613599364677   0.049488606583825   0.049363613802972   0.049232820403708   0.048971233605179   0.048686444333000   0.048544049696911   0.048395854442409   0.048247659187908   0.048093663314994   0.047785671569166   0.047454477349688   
1.000000000000000   0.999524337261468   0.999167590207569   0.998810843153671   0.998573011784405   0.998097349045873   0.998097349045873   0.998097349045873   0.998216264730506   0.998335180415139   0.998573011784404   0.999048674522936   1.000000000000000   1.000000000000000   0.999524337261468   0.999167590207569   0.998810843153671   0.998573011784405   0.998097349045873   0.998097349045873   0.998097349045873   0.998216264730506   0.998335180415139   0.998573011784404   0.999048674522936   1.000000000000000   
PATCH 24 
2 1 
6 2 
0.000000000000000   0.000000000000000   0.000000000000000   0.250000000000000   0.500000000000000   0.750000000000000   1.000000000000000   1.000000000000000   1.000000000000000   
0.000000000000000   0.000000000000000   1.000000000000000   1.000000000000000   
0.017101007166283   0.018108483646471   0.020103334230874   0.022078082439303   0.024032728271759   0.025000000000000   0.017272017237946   0.018289568482936   0.020304367573183   0.022298863263696   0.024273055554476   0.025250000000000   
0.046984631039295   0.046567320617430   0.045689590089305   0.044768749876786   0.043804799979875   0.043301270189222   0.047454477349688   0.047032993823604   0.046146485990198   0.045216437375554   0.044242847979673   0.043734282891114   
1.000000000000000   0.999048674522936   0.998097349045873   0.998097349045873   0.999048674522936   1.000000000000000   1.000000000000000   0.999048674522936   0.998097349045873   0.998097349045873   0.999048674522936   1.000000000000000   
PATCH 25 
2 1 
6 2 
0.000000000000000   0.000000000000000   0.000000000000000   0.250000000000000   0.500000000000000   0.750000000000000   1.000000000000000   1.000000000000000   1.000000000000000   
0.000000000000000   0.000000000000000   1.000000000000000   1.000000000000000   
0.017101007166283   0.018108483646471   0.020103334230874   0.022078082439303   0.024032728271759   0.025000000000000   0.007206370866527   0.008719102845139   0.011744566802364   0.014770030759588   0.017795494716812   0.019308226695425   
0.046984631039295   0.046567320617430   0.045689590089305   0.044768749876786   0.043804799979875   0.043301270189222   0.044024637643215   0.041489647659730   0.036419667692760   0.031349687725790   0.026279707758821   0.023744717775336   
1.000000000000000   0.999048674522936   0.998097349045873   0.998097349045873   0.999048674522936   1.000000000000000   1.000000000000000   1.000000000000000   1.000000000000000   1.000000000000000   1.000000000000000   1.000000000000000   
PATCH 26 
2 1 
13 2 
0.000000000000000   0.000000000000000   0.000000000000000   0.250000000000000   0.250000000000000   0.375000000000000   0.375000000000000   0.500000000000000   0.500000000000000   0.750000000000000   0.750000000000000   0.875000000000000   0.875000000000000   1.000000000000000   1.000000000000000   1.000000000000000   
0.000000000000000   0.000000000000000   1.000000000000000   1.000000000000000   
0.025000000000000   0.026305706068709   0.027581707356841   0.028219708000908   0.028850282449830   0.029480856898753   0.030104005152531   0.031350301660089   0.032566893387070   0.033175189250561   0.033776058918908   0.034376928587255   0.034970372060458   0.019308226695425   0.019627973028635   0.019947719361846   0.019840803844872   0.019846499571908   0.019852195298944   0.019970502269990   0.020138812716118   0.020307123162246   0.019026715930704   0.019013439282829   0.019000162634954   0.020254016570747   
0.043301270189222   0.042433929635427   0.041527439924838   0.041074195069544   0.040611162925051   0.040148130780559   0.039675311346867   0.038729672479485   0.037744884455310   0.037252490443222   0.036750309141936   0.036248127840650   0.035736159250165   0.023744717775336   0.023208896649449   0.022673075523562   0.022529762531997   0.022515756644179   0.022501750756360   0.022617051972289   0.021912392861964   0.021207733751640   0.019811222282790   0.019764251012996   0.019717279743202   0.021019848672464   
1.000000000000000   0.998034281620704   0.997051422431056   0.996559992836232   0.996314278038820   0.996068563241408   0.996068563241408   0.996068563241408   0.997051422431056   0.997542852025880   0.998279996418116   0.999017140810352   1.000000000000000   1.000000000000000   1.000000000000000   1.000000000000000   0.994251803232766   0.994251803232766   0.994251803232766   1.000000000000000   1.000000000000000   1.000000000000000   0.936389460091471   0.936389460091471   0.936389460091471   1.000000000000000   
PATCH 27 
2 2 
6 4 
0.000000000000000   0.000000000000000   0.000000000000000   0.250000000000000   0.500000000000000   0.750000000000000   1.000000000000000   1.000000000000000   1.000000000000000   
0.000000000000000   0.000000000000000   0.000000000000000   0.500000000000000   1.000000000000000   1.000000000000000   1.000000000000000   
0.016095006612404   0.014582274633792   0.011556810676568   0.008531346719343   0.005505882762119   0.003993150783507   0.016898311633159   0.015385579654547   0.012360115697323   0.009334651740098   0.006309187782874   0.004796455804262   0.018504921674670   0.016992189696057   0.013966725738833   0.010941261781609   0.007915797824384   0.006403065845772   0.019308226695425   0.017795494716812   0.014770030759588   0.011744566802364   0.008719102845139   0.007206370866527   
0.021827258217085   0.024362248200570   0.029432228167539   0.034502208134509   0.039572188101479   0.042107178084964   0.022306623106647   0.024841613090132   0.029911593057102   0.034981573024072   0.040051552991042   0.042586542974527   0.023265352885773   0.025800342869258   0.030870322836228   0.035940302803197   0.041010282770167   0.043545272753652   0.023744717775336   0.026279707758821   0.031349687725790   0.036419667692760   0.041489647659730   0.044024637643215   
1.000000000000000   1.000000000000000   1.000000000000000   1.000000000000000   1.000000000000000   1.000000000000000   1.000000000000000   1.000000000000000   1.000000000000000   1.000000000000000   1.000000000000000   1.000000000000000   1.000000000000000   1.000000000000000   1.000000000000000   1.000000000000000   1.000000000000000   1.000000000000000   1.000000000000000   1.000000000000000   1.000000000000000   1.000000000000000   1.000000000000000   1.000000000000000   
PATCH 28 
2 2 
13 4 
0.000000000000000   0.000000000000000   0.000000000000000   0.250000000000000   0.250000000000000   0.375000000000000   0.375000000000000   0.500000000000000   0.500000000000000   0.750000000000000   0.750000000000000   0.875000000000000   0.875000000000000   1.000000000000000   1.000000000000000   1.000000000000000   
0.000000000000000   0.000000000000000   0.000000000000000   0.500000000000000   1.000000000000000   1.000000000000000   1.000000000000000   
0.016095006612404   0.016391997883026   0.016688989153648   0.016451558998240   0.016458566720402   0.016465574442564   0.016717020042296   0.016779958506043   0.016842896969791   0.014119284848282   0.016970530948051   0.014322866462498   0.017184094254269   0.016898311633159   0.017200991669428   0.017503671705697   0.017298870209898   0.017305549933278   0.017312229656659   0.017530390599219   0.017619672058562   0.017708953517905   0.015346142618887   0.017481258031746   0.015492190505612   0.017951574833389   0.018504921674670   0.018818979242233   0.019133036809796   0.018993492633214   0.018999516359032   0.019005540084849   0.019157131713066   0.019299099163600   0.019441066614133   0.017799858160098   0.018502712199134   0.017830838591840   0.019486535991627   0.019308226695425   0.019627973028635   0.019947719361846   0.019840803844872   0.019846499571908   0.019852195298944   0.019970502269990   0.020138812716118   0.020307123162246   0.019026715930704   0.019013439282829   0.019000162634954   0.020254016570747   
0.021827258217085   0.021329569329130   0.020831880441176   0.020499117147889   0.020475861477254   0.020452605806620   0.020738857758638   0.019410370439595   0.018081883120551   0.015043357839476   0.017904812088139   0.014964623417021   0.017949926355987   0.022306623106647   0.021799401159210   0.021292179211773   0.021006778493916   0.020985835268985   0.020964892044055   0.021208406312051   0.020035876045187   0.018863345778323   0.016235323950305   0.018369671819353   0.016152787498566   0.018717406935106   0.023265352885773   0.022739064819369   0.022212776752965   0.022022101185970   0.022005782852448   0.021989464518925   0.022147503418876   0.021286887256372   0.020426271093868   0.018619256171961   0.019299391281781   0.018529115661657   0.020252368093345   0.023744717775336   0.023208896649449   0.022673075523562   0.022529762531997   0.022515756644179   0.022501750756360   0.022617051972289   0.021912392861964   0.021207733751640   0.019811222282790   0.019764251012996   0.019717279743202   0.021019848672464   
1.000000000000000   1.000000000000000   1.000000000000000   0.985027463486228   0.985027463486228   0.985027463486228   1.000000000000000   1.000000000000000   1.000000000000000   0.837986489575511   1.000000000000000   0.837986489575511   1.000000000000000   1.000000000000000   1.000000000000000   1.000000000000000   0.987333548422863   0.987333548422863   0.987333548422863   1.000000000000000   1.000000000000000   1.000000000000000   0.862587232204501   0.984097365022868   0.862587232204501   1.000000000000000   1.000000000000000   1.000000000000000   1.000000000000000   0.991945718296132   0.991945718296132   0.991945718296132   1.000000000000000   1.000000000000000   1.000000000000000   0.911788717462481   0.952292095068604   0.911788717462481   1.000000000000000   1.000000000000000   1.000000000000000   1.000000000000000   0.994251803232766   0.994251803232766   0.994251803232766   1.000000000000000   1.000000000000000   1.000000000000000   0.936389460091471   0.936389460091471   0.936389460091471   1.000000000000000   
PATCH 29 
2 1 
13 2 
0.000000000000000   0.000000000000000   0.000000000000000   0.250000000000000   0.250000000000000   0.375000000000000   0.375000000000000   0.500000000000000   0.500000000000000   0.750000000000000   0.750000000000000   0.875000000000000   0.875000000000000   1.000000000000000   1.000000000000000   1.000000000000000   
0.000000000000000   0.000000000000000   1.000000000000000   1.000000000000000   
0.025000000000000   0.026305706068709   0.027581707356841   0.028219708000908   0.028850282449830   0.029480856898753   0.030104005152531   0.031350301660089   0.032566893387070   0.033175189250561   0.033776058918908   0.034376928587255   0.034970372060458   0.025250000000000   0.026178902508932   0.027094027156471   0.027551589480241   0.028005707338662   0.028459825197083   0.028910498590156   0.029811845376303   0.030699414301056   0.031143198763433   0.031583538760461   0.032023878757490   0.032460774289170   
0.043301270189222   0.042433929635427   0.041527439924838   0.041074195069544   0.040611162925051   0.040148130780559   0.039675311346867   0.038729672479485   0.037744884455310   0.037252490443222   0.036750309141936   0.036248127840650   0.035736159250165   0.043734282891114   0.043142506727484   0.042531053738569   0.042225327244111   0.041914681543332   0.041604035842553   0.041288470935453   0.040657341121252   0.040006534481766   0.039681131162023   0.039350808635958   0.039020486109894   0.038685244377508   
1.000000000000000   0.998034281620704   0.997051422431056   0.996559992836232   0.996314278038820   0.996068563241408   0.996068563241408   0.996068563241408   0.997051422431056   0.997542852025880   0.998279996418116   0.999017140810352   1.000000000000000   1.000000000000000   0.999048674522937   0.998573011784405   0.998335180415139   0.998216264730506   0.998097349045873   0.998097349045873   0.998097349045873   0.998573011784405   0.998810843153671   0.999167590207569   0.999524337261468   1.000000000000000   
PATCH 30 
2 1 
6 2 
0.000000000000000   0.000000000000000   0.000000000000000   0.250000000000000   0.500000000000000   0.750000000000000   1.000000000000000   1.000000000000000   1.000000000000000   
0.000000000000000   0.000000000000000   1.000000000000000   1.000000000000000   
0.016095006612404   0.014582274633792   0.011556810676568   0.008531346719343   0.005505882762119   0.003993150783507   0.000000000000000   0.000000000000000   0.000000000000000   0.000000000000000   0.000000000000000   0.000000000000000   
0.021827258217085   0.024362248200570   0.029432228167539   0.034502208134509   0.039572188101479   0.042107178084964   0.014550000000000   0.017994647260620   0.024883941781861   0.031773236303102   0.038662530824343   0.042107178084964   
1.000000000000000   1.000000000000000   1.000000000000000   1.000000000000000   1.000000000000000   1.000000000000000   1.000000000000000   1.000000000000000   1.000000000000000   1.000000000000000   1.000000000000000   1.000000000000000   
PATCH 31 
2 1 
13 2 
0.000000000000000   0.000000000000000   0.000000000000000   0.250000000000000   0.250000000000000   0.375000000000000   0.375000000000000   0.500000000000000   0.500000000000000   0.750000000000000   0.750000000000000   0.875000000000000   0.875000000000000   1.000000000000000   1.000000000000000   1.000000000000000   
0.000000000000000   0.000000000000000   1.000000000000000   1.000000000000000   
0.003993150783507   0.003130823884119   0.002268496984731   0.002257173568789   0.002252832113074   0.002248490657359   0.002251131161870   0.001746061896862   0.001240992631854   0.001001912208335   0.001295091057648   0.001163790706957   0.001511692313022   0.000000000000000   0.000000000000000   0.000000000000000   0.000000000000000   0.000000000000000   0.000000000000000   0.000000000000000   0.000000000000000   0.000000000000000   0.000000000000000   0.000000000000000   0.000000000000000   0.000000000000000   
0.042107178084964   0.043552239129051   0.044997300173138   0.044886314351323   0.044895662952420   0.044905011553517   0.045034694577527   0.046502045526490   0.047969396475453   0.040211905044678   0.048182041512142   0.040360026288886   0.048217090727145   0.042107178084964   0.043093780824343   0.044080383563723   0.044573684933413   0.045066986303102   0.045560287672792   0.046053589042482   0.047040191781861   0.048026794521241   0.048520095890931   0.049013397260620   0.049506698630310   0.050000000000000   
1.000000000000000   1.000000000000000   1.000000000000000   0.997336792822463   0.997336792822463   0.997336792822463   1.000000000000000   1.000000000000000   1.000000000000000   0.836119940177927   1.000000000000000   0.836119940177927   1.000000000000000   1.000000000000000   1.000000000000000   1.000000000000000   1.000000000000000   1.000000000000000   1.000000000000000   1.000000000000000   1.000000000000000   1.000000000000000   1.000000000000000   1.000000000000000   1.000000000000000   1.000000000000000   
PATCH 32 
2 1 
13 2 
0.000000000000000   0.000000000000000   0.000000000000000   0.250000000000000   0.250000000000000   0.375000000000000   0.375000000000000   0.500000000000000   0.500000000000000   0.750000000000000   0.750000000000000   0.875000000000000   0.875000000000000   1.000000000000000   1.000000000000000   1.000000000000000   
0.000000000000000   0.000000000000000   1.000000000000000   1.000000000000000   
0.000000000000000   0.001373792821521   0.002696712874132   0.003358172900437   0.004006914734514   0.004655656568592   0.005291680210441   0.006563727494140   0.007784902008928   0.008395489266322   0.008993358331489   0.009591227396655   0.010176378269593   0.016095006612404   0.016391997883026   0.016688989153648   0.016451558998240   0.016458566720402   0.016465574442564   0.016717020042296   0.016779958506043   0.016842896969791   0.014119284848282   0.016970530948051   0.014322866462498   0.017184094254269   
0.014550000000000   0.014280600285552   0.013886476824691   0.013689415094260   0.013461172427226   0.013232929760191   0.012973506156554   0.012454658949278   0.011811087995590   0.011489302518745   0.011136336105297   0.010783369691849   0.010399222341798   0.021827258217085   0.021329569329130   0.020831880441176   0.020499117147889   0.020475861477254   0.020452605806620   0.020738857758638   0.019410370439595   0.018081883120551   0.015043357839476   0.017904812088139   0.014964623417021   0.017949926355987   
1.000000000000000   0.981484555708050   0.972226833562075   0.967597972489087   0.965283541952593   0.962969111416099   0.962969111416099   0.962969111416099   0.972226833562074   0.976855694635062   0.983798986244543   0.990742277854025   1.000000000000000   1.000000000000000   1.000000000000000   1.000000000000000   0.985027463486228   0.985027463486228   0.985027463486228   1.000000000000000   1.000000000000000   1.000000000000000   0.837986489575511   1.000000000000000   0.837986489575511   1.000000000000000   
INTERFACE 1 
1 2 
5 1 
1 
INTERFACE 2 
1 3 
2 4 
1 
INTERFACE 3 
2 1 
13 2 
1 
INTERFACE 4 
2 2 
3 1 
1 
INTERFACE 5 
2 3 
4 2 
1 
INTERFACE 6 
3 2 
7 1 
-1 
INTERFACE 7 
3 3 
4 4 
-1 
INTERFACE 8 
3 4 
5 3 
1 
INTERFACE 9 
4 1 
9 2 
1 
INTERFACE 10 
4 3 
13 3 
1 
INTERFACE 11 
5 2 
6 1 
1 
INTERFACE 12 
6 2 
11 1 
1 
INTERFACE 13 
6 3 
7 3 
1 
INTERFACE 14 
7 2 
8 1 
1 
INTERFACE 15 
7 4 
9 4 
-1 
INTERFACE 16 
8 2 
15 1 
1 
INTERFACE 17 
8 3 
11 3 
1 
INTERFACE 18 
8 4 
10 4 
1 
INTERFACE 19 
9 1 
10 1 
1 
INTERFACE 20 
9 3 
12 3 
1 
INTERFACE 21 
10 2 
16 3 
1 
INTERFACE 22 
10 3 
14 4 
1 
INTERFACE 23 
11 2 
18 1 
1 
INTERFACE 24 
12 1 
14 1 
-1 
INTERFACE 25 
12 2 
13 1 
1 
INTERFACE 26 
14 2 
17 1 
-1 
INTERFACE 27 
15 2 
26 2 
1 
INTERFACE 28 
15 3 
18 3 
1 
INTERFACE 29 
15 4 
16 2 
1 
INTERFACE 30 
16 1 
17 3 
1 
INTERFACE 31 
16 4 
28 2 
1 
INTERFACE 32 
17 2 
32 2 
-1 
INTERFACE 33 
18 2 
29 2 
1 
INTERFACE 34 
19 2 
23 1 
1 
INTERFACE 35 
19 3 
20 4 
1 
INTERFACE 36 
20 1 
31 2 
1 
INTERFACE 37 
20 2 
21 1 
1 
INTERFACE 38 
20 3 
22 2 
1 
INTERFACE 39 
21 2 
25 1 
-1 
INTERFACE 40 
21 3 
22 4 
-1 
INTERFACE 41 
21 4 
23 3 
1 
INTERFACE 42 
22 1 
27 2 
1 
INTERFACE 43 
22 3 
31 3 
1 
INTERFACE 44 
23 2 
24 1 
1 
INTERFACE 45 
24 2 
29 1 
1 
INTERFACE 46 
24 3 
25 3 
1 
INTERFACE 47 
25 2 
26 1 
1 
INTERFACE 48 
25 4 
27 4 
-1 
INTERFACE 49 
26 3 
29 3 
1 
INTERFACE 50 
26 4 
28 4 
1 
INTERFACE 51 
27 1 
28 1 
1 
INTERFACE 52 
27 3 
30 3 
1 
INTERFACE 53 
28 3 
32 4 
1 
INTERFACE 54 
30 1 
32 1 
-1 
INTERFACE 55 
30 2 
31 1 
1 
BOUNDARY 1 
1 
1 1 
BOUNDARY 2 
1 
1 4 
BOUNDARY 3 
1 
5 4 
BOUNDARY 4 
1 
6 4 
BOUNDARY 5 
1 
11 4 
BOUNDARY 6 
1 
12 4 
BOUNDARY 7 
1 
13 4 
BOUNDARY 8 
1 
14 3 
BOUNDARY 9 
1 
17 4 
BOUNDARY 10 
1 
18 4 
BOUNDARY 11 
1 
19 1 
BOUNDARY 12 
1 
19 4 
BOUNDARY 13 
1 
23 4 
BOUNDARY 14 
1 
24 4 
BOUNDARY 15 
1 
29 4 
BOUNDARY 16 
1 
30 4 
BOUNDARY 17 
1 
31 4 
BOUNDARY 18 
1 
32 3 
