# nurbs mesh v.2.1
#
# 13-Jul-2024
#
2 2 32 55 0 
PATCH 1 
2 1 
4 2 
0.000000000000000   0.000000000000000   0.000000000000000   0.500000000000000   1.000000000000000   1.000000000000000   1.000000000000000   
0.000000000000000   0.000000000000000   1.000000000000000   1.000000000000000   
0.050000000000000   0.049904867452294   0.049525061277599   0.049240387650610   0.050500000000000   0.050403916126817   0.050020311890375   0.049732791527117   
0.000000000000000   0.002178893568691   0.006520098010365   0.008682408883347   0.000000000000000   0.002200682504378   0.006585298990468   0.008769232972180   
1.000000000000000   0.998097349045873   0.998097349045873   1.000000000000000   1.000000000000000   0.998097349045873   0.998097349045873   1.000000000000000   
PATCH 2 
2 1 
4 2 
0.000000000000000   0.000000000000000   0.000000000000000   0.500000000000000   1.000000000000000   1.000000000000000   1.000000000000000   
0.000000000000000   0.000000000000000   1.000000000000000   1.000000000000000   
0.048265116502899   0.047683295392362   0.046519653171289   0.045937832060753   0.050000000000000   0.049904867452294   0.049525061277599   0.049240387650610   
0.001492331751240   0.002786086524431   0.005373596070812   0.006667350844002   0.000000000000000   0.002178893568691   0.006520098010365   0.008682408883347   
1.000000000000000   1.000000000000000   1.000000000000000   1.000000000000000   1.000000000000000   0.998097349045873   0.998097349045873   1.000000000000000   
PATCH 3 
2 1 
13 2 
0.000000000000000   0.000000000000000   0.000000000000000   0.125000000000000   0.125000000000000   0.250000000000000   0.250000000000000   0.500000000000000   0.500000000000000   0.625000000000000   0.625000000000000   0.750000000000000   0.750000000000000   1.000000000000000   1.000000000000000   1.000000000000000   
0.000000000000000   0.000000000000000   1.000000000000000   1.000000000000000   
0.045937832060753   0.042738222574816   0.042696788396353   0.042655354217889   0.045772095346899   0.045327907633435   0.044883719919971   0.044164628316080   0.044141298235297   0.044117968154513   0.044790399596837   0.044591844958494   0.044393290320152   0.049240387650610   0.049122375608591   0.048998620380024   0.048874865151458   0.048745366736344   0.048486369906118   0.048204400329703   0.048063415541496   0.047916687566742   0.047769959591988   0.047617488430687   0.047312546108085   0.046984631039295   
0.006667350844002   0.006252277911095   0.006281596559066   0.006310915207037   0.006784625435886   0.006821771085621   0.006858916735356   0.006754844825026   0.006762910588621   0.006770976352215   0.006891179789733   0.007021916939478   0.007152654089223   0.008682408883347   0.009214726804819   0.009745505844094   0.010276284883369   0.010805525040447   0.011864005354603   0.012916330139971   0.013442492532654   0.013967116043140   0.014491739553627   0.015014824181916   0.016060993438494   0.017101007166283   
1.000000000000000   0.930802325208725   0.930802325208725   0.930802325208725   1.000000000000000   1.000000000000000   1.000000000000000   0.984526851378656   0.984526851378656   0.984526851378656   1.000000000000000   1.000000000000000   1.000000000000000   1.000000000000000   0.999524337261468   0.999167590207569   0.998810843153671   0.998573011784405   0.998097349045873   0.998097349045873   0.998097349045873   0.998216264730506   0.998335180415139   0.998573011784404   0.999048674522936   1.000000000000000   
PATCH 4 
2 2 
13 4 
0.000000000000000   0.000000000000000   0.000000000000000   0.250000000000000   0.250000000000000   0.375000000000000   0.375000000000000   0.500000000000000   0.500000000000000   0.750000000000000   0.750000000000000   0.875000000000000   0.875000000000000   1.000000000000000   1.000000000000000   1.000000000000000   
0.000000000000000   0.000000000000000   0.000000000000000   0.500000000000000   1.000000000000000   1.000000000000000   1.000000000000000   
0.042511852330046   0.044112627060929   0.045713401791811   0.045621844721657   0.045630066126037   0.045638287530416   0.045746287409330   0.046875949220086   0.048005611030842   0.039797755649442   0.048226020456450   0.039954677710334   0.048265116502899   0.042982211827572   0.044232431535320   0.045482651243068   0.045245875579871   0.045257874153352   0.045269872726832   0.045530645536990   0.046488938823423   0.047447232109856   0.040512155291554   0.046843712441426   0.040650563926454   0.047683295392362   0.043922930822625   0.044472040484103   0.045021150145581   0.044493937296299   0.044513490207982   0.044533043119664   0.045099361792311   0.045714918030098   0.046330474267885   0.041940954575777   0.044079096411377   0.042042336358696   0.046519653171289   0.044393290320152   0.044591844958494   0.044790399596837   0.044117968154513   0.044141298235297   0.044164628316080   0.044883719919971   0.045327907633435   0.045772095346899   0.042655354217889   0.042696788396353   0.042738222574816   0.045937832060753   
0.004295254792854   0.003241233957854   0.002187213122855   0.002177338766178   0.002172963870608   0.002168588975039   0.002169713540577   0.001697737362256   0.001225761183934   0.000970171648518   0.001270792511938   0.001131365948057   0.001492331751240   0.005009604616946   0.004186404703260   0.003363204789575   0.003325748162687   0.003320450550111   0.003315152937536   0.003342014339272   0.002978745793097   0.002615477246922   0.002305357538148   0.002523493523720   0.002411593938817   0.002786086524431   0.006438304265130   0.006076746194072   0.005715188123014   0.005622566955706   0.005615423909118   0.005608280862530   0.005686615936661   0.005540762654780   0.005394909372898   0.004975729317407   0.005028895547284   0.004972049920335   0.005373596070812   0.007152654089223   0.007021916939478   0.006891179789733   0.006770976352215   0.006762910588621   0.006754844825026   0.006858916735356   0.006821771085621   0.006784625435886   0.006310915207037   0.006281596559066   0.006252277911095   0.006667350844002   
1.000000000000000   1.000000000000000   1.000000000000000   0.997826998032006   0.997826998032006   0.997826998032006   1.000000000000000   1.000000000000000   1.000000000000000   0.826861024452508   1.000000000000000   0.826861024452508   1.000000000000000   1.000000000000000   1.000000000000000   1.000000000000000   0.994501961368669   0.994501961368669   0.994501961368669   1.000000000000000   1.000000000000000   1.000000000000000   0.852846349641563   0.982700581302181   0.852846349641563   1.000000000000000   1.000000000000000   1.000000000000000   1.000000000000000   0.987851888041993   0.987851888041993   0.987851888041993   1.000000000000000   1.000000000000000   1.000000000000000   0.904817000019671   0.948101743906544   0.904817000019671   1.000000000000000   1.000000000000000   1.000000000000000   1.000000000000000   0.984526851378656   0.984526851378656   0.984526851378656   1.000000000000000   1.000000000000000   1.000000000000000   0.930802325208725   0.930802325208725   0.930802325208725   1.000000000000000   
PATCH 5 
2 1 
13 2 
0.000000000000000   0.000000000000000   0.000000000000000   0.125000000000000   0.125000000000000   0.250000000000000   0.250000000000000   0.500000000000000   0.500000000000000   0.625000000000000   0.625000000000000   0.750000000000000   0.750000000000000   1.000000000000000   1.000000000000000   1.000000000000000   
0.000000000000000   0.000000000000000   1.000000000000000   1.000000000000000   
0.049240387650610   0.049122375608591   0.048998620380024   0.048874865151458   0.048745366736344   0.048486369906118   0.048204400329703   0.048063415541496   0.047916687566742   0.047769959591988   0.047617488430687   0.047312546108085   0.046984631039295   0.049732791527117   0.049613599364677   0.049488606583825   0.049363613802972   0.049232820403708   0.048971233605179   0.048686444333000   0.048544049696911   0.048395854442409   0.048247659187908   0.048093663314994   0.047785671569166   0.047454477349688   
0.008682408883347   0.009214726804819   0.009745505844094   0.010276284883369   0.010805525040447   0.011864005354603   0.012916330139971   0.013442492532654   0.013967116043140   0.014491739553627   0.015014824181916   0.016060993438494   0.017101007166283   0.008769232972180   0.009306874072867   0.009842960902535   0.010379047732203   0.010913580290852   0.011982645408149   0.013045493441370   0.013576917457981   0.014106787203572   0.014636656949163   0.015164972423735   0.016221603372879   0.017272017237946   
1.000000000000000   0.999524337261468   0.999167590207569   0.998810843153671   0.998573011784405   0.998097349045873   0.998097349045873   0.998097349045873   0.998216264730506   0.998335180415139   0.998573011784404   0.999048674522936   1.000000000000000   1.000000000000000   0.999524337261468   0.999167590207569   0.998810843153671   0.998573011784405   0.998097349045873   0.998097349045873   0.998097349045873   0.998216264730506   0.998335180415139   0.998573011784404   0.999048674522936   1.000000000000000   
PATCH 6 
2 1 
6 2 
0.000000000000000   0.000000000000000   0.000000000000000   0.250000000000000   0.500000000000000   0.750000000000000   1.000000000000000   1.000000000000000   1.000000000000000   
0.000000000000000   0.000000000000000   1.000000000000000   1.000000000000000   
0.046984631039295   0.046567320617430   0.045689590089305   0.044768749876786   0.043804799979875   0.043301270189222   0.047454477349688   0.047032993823604   0.046146485990198   0.045216437375554   0.044242847979673   0.043734282891114   
0.017101007166283   0.018108483646471   0.020103334230874   0.022078082439303   0.024032728271759   0.025000000000000   0.017272017237946   0.018289568482936   0.020304367573183   0.022298863263696   0.024273055554476   0.025250000000000   
1.000000000000000   0.999048674522936   0.998097349045873   0.998097349045873   0.999048674522936   1.000000000000000   1.000000000000000   0.999048674522936   0.998097349045873   0.998097349045873   0.999048674522936   1.000000000000000   
PATCH 7 
2 1 
6 2 
0.000000000000000   0.000000000000000   0.000000000000000   0.250000000000000   0.500000000000000   0.750000000000000   1.000000000000000   1.000000000000000   1.000000000000000   
0.000000000000000   0.000000000000000   1.000000000000000   1.000000000000000   
0.046984631039295   0.046567320617430   0.045689590089305   0.044768749876786   0.043804799979875   0.043301270189222   0.044393290320152   0.041909112977156   0.036940758291164   0.031972403605172   0.027004048919181   0.024519871576185   
0.017101007166283   0.018108483646471   0.020103334230874   0.022078082439303   0.024032728271759   0.025000000000000   0.007152654089223   0.008788346249297   0.012059730569446   0.015331114889595   0.018602499209744   0.020238191369818   
1.000000000000000   0.999048674522936   0.998097349045873   0.998097349045873   0.999048674522936   1.000000000000000   1.000000000000000   1.000000000000000   1.000000000000000   1.000000000000000   1.000000000000000   1.000000000000000   
PATCH 8 
2 1 
13 2 
0.000000000000000   0.000000000000000   0.000000000000000   0.250000000000000   0.250000000000000   0.375000000000000   0.375000000000000   0.500000000000000   0.500000000000000   0.750000000000000   0.750000000000000   0.875000000000000   0.875000000000000   1.000000000000000   1.000000000000000   1.000000000000000   
0.000000000000000   0.000000000000000   1.000000000000000   1.000000000000000   
0.043301270189222   0.042431456201436   0.041522298617492   0.041067719825520   0.040603305134509   0.040138890443497   0.039664639853446   0.038716138673343   0.037728293897082   0.037234371508952   0.036730613221782   0.036226854934612   0.035713260748402   0.024519871576185   0.023980300872017   0.023440730167850   0.023400796009136   0.023394178213564   0.023387560417992   0.023414258985561   0.022884425718243   0.022354592450925   0.020299049255043   0.020242814874199   0.020186580493355   0.022129654927548   
0.025000000000000   0.026308964801902   0.027588056995475   0.028227603092262   0.028859681036967   0.029491758981672   0.030116368774295   0.031365588359540   0.032584935336458   0.033194608824917   0.033796814161294   0.034399019497671   0.034993756681966   0.020238191369818   0.020593468569773   0.020948745769729   0.020922867958491   0.020926539632060   0.020930211305629   0.020963432464006   0.021206926336903   0.021450420209800   0.019551684655969   0.019541608006142   0.019531531356315   0.021410113610493   
1.000000000000000   0.998024027819228   0.997036041728842   0.996542048683649   0.996295052161053   0.996048055638456   0.996048055638456   0.996048055638456   0.997036041728842   0.997530034774035   0.998271024341824   0.999012013909614   1.000000000000000   1.000000000000000   1.000000000000000   1.000000000000000   0.998566033614568   0.998566033614568   0.998566033614568   1.000000000000000   1.000000000000000   1.000000000000000   0.910370428373792   0.910370428373792   0.910370428373792   1.000000000000000   
PATCH 9 
2 2 
6 4 
0.000000000000000   0.000000000000000   0.000000000000000   0.250000000000000   0.500000000000000   0.750000000000000   1.000000000000000   1.000000000000000   1.000000000000000   
0.000000000000000   0.000000000000000   0.000000000000000   0.500000000000000   1.000000000000000   1.000000000000000   1.000000000000000   
0.022638433586079   0.025122610929075   0.030090965615066   0.035059320301058   0.040027674987050   0.042511852330046   0.023108793083605   0.025592970426601   0.030561325112593   0.035529679798585   0.040498034484576   0.042982211827572   0.024049512078658   0.026533689421654   0.031502044107646   0.036470398793638   0.041438753479629   0.043922930822625   0.024519871576185   0.027004048919181   0.031972403605172   0.036940758291164   0.041909112977156   0.044393290320152   
0.017380792073449   0.015745099913374   0.012473715593226   0.009202331273077   0.005930946952928   0.004295254792854   0.018095141897541   0.016459449737467   0.013188065417318   0.009916681097169   0.006645296777020   0.005009604616946   0.019523841545726   0.017888149385651   0.014616765065502   0.011345380745354   0.008073996425205   0.006438304265130   0.020238191369818   0.018602499209744   0.015331114889595   0.012059730569446   0.008788346249297   0.007152654089223   
1.000000000000000   1.000000000000000   1.000000000000000   1.000000000000000   1.000000000000000   1.000000000000000   1.000000000000000   1.000000000000000   1.000000000000000   1.000000000000000   1.000000000000000   1.000000000000000   1.000000000000000   1.000000000000000   1.000000000000000   1.000000000000000   1.000000000000000   1.000000000000000   1.000000000000000   1.000000000000000   1.000000000000000   1.000000000000000   1.000000000000000   1.000000000000000   
PATCH 10 
2 2 
13 4 
0.000000000000000   0.000000000000000   0.000000000000000   0.250000000000000   0.250000000000000   0.375000000000000   0.375000000000000   0.500000000000000   0.500000000000000   0.750000000000000   0.750000000000000   0.875000000000000   0.875000000000000   1.000000000000000   1.000000000000000   1.000000000000000   
0.000000000000000   0.000000000000000   0.000000000000000   0.500000000000000   1.000000000000000   1.000000000000000   1.000000000000000   
0.022638433586079   0.022284389110605   0.021930344635131   0.021130399347592   0.021094379430051   0.021058359512510   0.021786264964967   0.020168590284329   0.018550915603690   0.014852749321041   0.018339271981286   0.014743994348047   0.018375401926717   0.023108793083605   0.022708367050958   0.022307941018311   0.021697998512978   0.021669329125929   0.021640659738880   0.022193263470116   0.020847549142807   0.019501834815499   0.016214324304542   0.018815157704515   0.016104640884374   0.019313965176924   0.024049512078658   0.023556322931664   0.023063133784670   0.022833196843750   0.022819228517686   0.022805260191621   0.023007260480413   0.022205466859764   0.021403673239116   0.018937474271543   0.019766929150971   0.018825933957028   0.021191091677340   0.024519871576185   0.023980300872017   0.023440730167850   0.023400796009136   0.023394178213564   0.023387560417992   0.023414258985561   0.022884425718243   0.022354592450925   0.020299049255043   0.020242814874199   0.020186580493355   0.022129654927548   
0.017380792073449   0.017613910604412   0.017847029135374   0.017241272634390   0.017248780535036   0.017256288435682   0.017877060737959   0.017597213563766   0.017317366389572   0.013953636306651   0.017422376583052   0.014163380244556   0.017655860609662   0.018095141897541   0.018358800095752   0.018622458293963   0.018161671465415   0.018168220309292   0.018174769153169   0.018648653669471   0.018499641757050   0.018350629844629   0.015353148393980   0.017952184438824   0.015505418022496   0.018594423859870   0.019523841545726   0.019848579078433   0.020173316611140   0.020002469127465   0.020007099857804   0.020011730588142   0.020191839532494   0.020304498143619   0.020417156754743   0.018152172568639   0.019011800150369   0.018189493578375   0.020471550360285   0.020238191369818   0.020593468569773   0.020948745769729   0.020922867958491   0.020926539632060   0.020930211305629   0.020963432464006   0.021206926336903   0.021450420209800   0.019551684655969   0.019541608006142   0.019531531356315   0.021410113610493   
1.000000000000000   1.000000000000000   1.000000000000000   0.964924643577607   0.964924643577607   0.964924643577607   1.000000000000000   1.000000000000000   1.000000000000000   0.806922534855508   1.000000000000000   0.806922534855508   1.000000000000000   1.000000000000000   1.000000000000000   1.000000000000000   0.973334991086847   0.973334991086847   0.973334991086847   1.000000000000000   1.000000000000000   1.000000000000000   0.832784508235079   0.977592607093448   0.832784508235079   1.000000000000000   1.000000000000000   1.000000000000000   1.000000000000000   0.990155686105328   0.990155686105328   0.990155686105328   1.000000000000000   1.000000000000000   1.000000000000000   0.884508454994221   0.932777821280344   0.884508454994221   1.000000000000000   1.000000000000000   1.000000000000000   1.000000000000000   0.998566033614568   0.998566033614568   0.998566033614568   1.000000000000000   1.000000000000000   1.000000000000000   0.910370428373792   0.910370428373792   0.910370428373792   1.000000000000000   
PATCH 11 
2 1 
13 2 
0.000000000000000   0.000000000000000   0.000000000000000   0.250000000000000   0.250000000000000   0.375000000000000   0.375000000000000   0.500000000000000   0.500000000000000   0.750000000000000   0.750000000000000   0.875000000000000   0.875000000000000   1.000000000000000   1.000000000000000   1.000000000000000   
0.000000000000000   0.000000000000000   1.000000000000000   1.000000000000000   
0.043301270189222   0.042431456201436   0.041522298617492   0.041067719825520   0.040603305134509   0.040138890443497   0.039664639853446   0.038716138673343   0.037728293897082   0.037234371508952   0.036730613221782   0.036226854934612   0.035713260748402   0.043734282891114   0.043142506727484   0.042531053738569   0.042225327244111   0.041914681543332   0.041604035842553   0.041288470935453   0.040657341121252   0.040006534481766   0.039681131162023   0.039350808635958   0.039020486109894   0.038685244377508   
0.025000000000000   0.026308964801902   0.027588056995475   0.028227603092262   0.028859681036967   0.029491758981672   0.030116368774295   0.031365588359540   0.032584935336458   0.033194608824917   0.033796814161294   0.034399019497671   0.034993756681966   0.025250000000000   0.026178902508932   0.027094027156471   0.027551589480241   0.028005707338662   0.028459825197083   0.028910498590156   0.029811845376303   0.030699414301056   0.031143198763433   0.031583538760461   0.032023878757490   0.032460774289170   
1.000000000000000   0.998024027819228   0.997036041728842   0.996542048683649   0.996295052161053   0.996048055638456   0.996048055638456   0.996048055638456   0.997036041728842   0.997530034774035   0.998271024341824   0.999012013909614   1.000000000000000   1.000000000000000   0.999048674522937   0.998573011784405   0.998335180415139   0.998216264730506   0.998097349045873   0.998097349045873   0.998097349045873   0.998573011784405   0.998810843153671   0.999167590207569   0.999524337261468   1.000000000000000   
PATCH 12 
2 1 
6 2 
0.000000000000000   0.000000000000000   0.000000000000000   0.250000000000000   0.500000000000000   0.750000000000000   1.000000000000000   1.000000000000000   1.000000000000000   
0.000000000000000   0.000000000000000   1.000000000000000   1.000000000000000   
0.022638433586079   0.025122610929075   0.030090965615066   0.035059320301058   0.040027674987050   0.042511852330046   0.014550000000000   0.018045231541256   0.025035694623767   0.032026157706278   0.039016620788790   0.042511852330046   
0.017380792073449   0.015745099913374   0.012473715593226   0.009202331273077   0.005930946952928   0.004295254792854   0.000000000000000   0.000000000000000   0.000000000000000   0.000000000000000   0.000000000000000   0.000000000000000   
1.000000000000000   1.000000000000000   1.000000000000000   1.000000000000000   1.000000000000000   1.000000000000000   1.000000000000000   1.000000000000000   1.000000000000000   1.000000000000000   1.000000000000000   1.000000000000000   
PATCH 13 
2 1 
13 2 
0.000000000000000   0.000000000000000   0.000000000000000   0.250000000000000   0.250000000000000   0.375000000000000   0.375000000000000   0.500000000000000   0.500000000000000   0.750000000000000   0.750000000000000   0.875000000000000   0.875000000000000   1.000000000000000   1.000000000000000   1.000000000000000   
0.000000000000000   0.000000000000000   1.000000000000000   1.000000000000000   
0.042511852330046   0.044112627060929   0.045713401791811   0.045621844721657   0.045630066126037   0.045638287530416   0.045746287409330   0.046875949220086   0.048005611030842   0.039797755649442   0.048226020456450   0.039954677710334   0.048265116502899   0.042511852330046   0.043447870788790   0.044383889247534   0.044851898476906   0.045319907706279   0.045787916935651   0.046255926165023   0.047191944623767   0.048127963082511   0.048595972311884   0.049063981541256   0.049531990770628   0.050000000000000   
0.004295254792854   0.003241233957854   0.002187213122855   0.002177338766178   0.002172963870608   0.002168588975039   0.002169713540577   0.001697737362256   0.001225761183934   0.000970171648518   0.001270792511938   0.001131365948057   0.001492331751240   0.000000000000000   0.000000000000000   0.000000000000000   0.000000000000000   0.000000000000000   0.000000000000000   0.000000000000000   0.000000000000000   0.000000000000000   0.000000000000000   0.000000000000000   0.000000000000000   0.000000000000000   
1.000000000000000   1.000000000000000   1.000000000000000   0.997826998032006   0.997826998032006   0.997826998032006   1.000000000000000   1.000000000000000   1.000000000000000   0.826861024452508   1.000000000000000   0.826861024452508   1.000000000000000   1.000000000000000   1.000000000000000   1.000000000000000   1.000000000000000   1.000000000000000   1.000000000000000   1.000000000000000   1.000000000000000   1.000000000000000   1.000000000000000   1.000000000000000   1.000000000000000   1.000000000000000   
PATCH 14 
2 1 
13 2 
0.000000000000000   0.000000000000000   0.000000000000000   0.250000000000000   0.250000000000000   0.375000000000000   0.375000000000000   0.500000000000000   0.500000000000000   0.750000000000000   0.750000000000000   0.875000000000000   0.875000000000000   1.000000000000000   1.000000000000000   1.000000000000000   
0.000000000000000   0.000000000000000   1.000000000000000   1.000000000000000   
0.014550000000000   0.014280150477669   0.013885385646365   0.013688003230713   0.013459391987818   0.013230780744922   0.012970940674784   0.012451260534507   0.011806665085257   0.011484367360632   0.011130840808764   0.010777314256896   0.010392558877785   0.022638433586079   0.022284389110605   0.021930344635131   0.021130399347592   0.021094379430051   0.021058359512510   0.021786264964967   0.020168590284329   0.018550915603690   0.014852749321041   0.018339271981286   0.014743994348047   0.018375401926717   
0.000000000000000   0.001374895090637   0.002698791585608   0.003360739833094   0.004009938431664   0.004659137030233   0.005295585979887   0.006568483879193   0.007790383182834   0.008401332834655   0.008999532837559   0.009597732840464   0.010183183194452   0.017380792073449   0.017613910604412   0.017847029135374   0.017241272634390   0.017248780535036   0.017256288435682   0.017877060737959   0.017597213563766   0.017317366389572   0.013953636306651   0.017422376583052   0.014163380244556   0.017655860609662   
1.000000000000000   0.981453641076894   0.972180461615341   0.967543871884564   0.965225577019176   0.962907282153788   0.962907282153788   0.962907282153788   0.972180461615341   0.976817051346117   0.983771935942282   0.990726820538447   1.000000000000000   1.000000000000000   1.000000000000000   1.000000000000000   0.964924643577607   0.964924643577607   0.964924643577607   1.000000000000000   1.000000000000000   1.000000000000000   0.806922534855508   1.000000000000000   0.806922534855508   1.000000000000000   
PATCH 15 
2 1 
4 2 
0.000000000000000   0.000000000000000   0.000000000000000   0.500000000000000   1.000000000000000   1.000000000000000   1.000000000000000   
0.000000000000000   0.000000000000000   1.000000000000000   1.000000000000000   
0.035713260748402   0.035534299903865   0.035174547870647   0.034993756681966   0.022129654927548   0.021949769598284   0.021589998939757   0.021410113610493   
0.034993756681966   0.035174547870647   0.035534299903865   0.035713260748402   0.021410113610493   0.021589998939757   0.021949769598284   0.022129654927548   
1.000000000000000   0.999974115024887   0.999974115024887   1.000000000000000   1.000000000000000   1.000000000000000   1.000000000000000   1.000000000000000   
PATCH 16 
2 2 
4 4 
0.000000000000000   0.000000000000000   0.000000000000000   0.500000000000000   1.000000000000000   1.000000000000000   1.000000000000000   
0.000000000000000   0.000000000000000   0.000000000000000   0.500000000000000   1.000000000000000   1.000000000000000   1.000000000000000   
0.018375401926717   0.019313965176924   0.021191091677340   0.022129654927548   0.018195516597453   0.019134079847661   0.021011206348077   0.021949769598284   0.017835745938925   0.018774309189133   0.020651435689549   0.021589998939757   0.017655860609662   0.018594423859870   0.020471550360285   0.021410113610493   
0.017655860609662   0.018594423859870   0.020471550360285   0.021410113610493   0.017835745938925   0.018774309189133   0.020651435689549   0.021589998939757   0.018195516597453   0.019134079847661   0.021011206348077   0.021949769598284   0.018375401926717   0.019313965176924   0.021191091677340   0.022129654927548   
1.000000000000000   1.000000000000000   1.000000000000000   1.000000000000000   1.000000000000000   1.000000000000000   1.000000000000000   1.000000000000000   1.000000000000000   1.000000000000000   1.000000000000000   1.000000000000000   1.000000000000000   1.000000000000000   1.000000000000000   1.000000000000000   
PATCH 17 
2 1 
4 2 
0.000000000000000   0.000000000000000   0.000000000000000   0.500000000000000   1.000000000000000   1.000000000000000   1.000000000000000   
0.000000000000000   0.000000000000000   1.000000000000000   1.000000000000000   
0.018375401926717   0.018195516597453   0.017835745938925   0.017655860609662   0.010392558877785   0.010340481272025   0.010235793430358   0.010183183194452   
0.017655860609662   0.017835745938925   0.018195516597453   0.018375401926717   0.010183183194452   0.010235793430358   0.010340481272025   0.010392558877785   
1.000000000000000   1.000000000000000   1.000000000000000   1.000000000000000   1.000000000000000   0.999974115024887   0.999974115024887   1.000000000000000   
PATCH 18 
2 1 
4 2 
0.000000000000000   0.000000000000000   0.000000000000000   0.500000000000000   1.000000000000000   1.000000000000000   1.000000000000000   
0.000000000000000   0.000000000000000   1.000000000000000   1.000000000000000   
0.035713260748402   0.035534299903865   0.035174547870647   0.034993756681966   0.038685244377508   0.037197068413715   0.034084833369545   0.032460774289170   
0.034993756681966   0.035174547870647   0.035534299903865   0.035713260748402   0.032460774289170   0.034084833369545   0.037197068413715   0.038685244377508   
1.000000000000000   0.999974115024887   0.999974115024887   1.000000000000000   1.000000000000000   0.998097349045873   0.998097349045873   1.000000000000000   
PATCH 19 
2 1 
4 2 
0.000000000000000   0.000000000000000   0.000000000000000   0.500000000000000   1.000000000000000   1.000000000000000   1.000000000000000   
0.000000000000000   0.000000000000000   1.000000000000000   1.000000000000000   
0.000000000000000   0.002178893568691   0.006520098010365   0.008682408883347   0.000000000000000   0.002200682504378   0.006585298990468   0.008769232972180   
0.050000000000000   0.049904867452294   0.049525061277599   0.049240387650610   0.050500000000000   0.050403916126817   0.050020311890375   0.049732791527117   
1.000000000000000   0.998097349045873   0.998097349045873   1.000000000000000   1.000000000000000   0.998097349045873   0.998097349045873   1.000000000000000   
PATCH 20 
2 1 
4 2 
0.000000000000000   0.000000000000000   0.000000000000000   0.500000000000000   1.000000000000000   1.000000000000000   1.000000000000000   
0.000000000000000   0.000000000000000   1.000000000000000   1.000000000000000   
0.001492331751240   0.002786086524431   0.005373596070812   0.006667350844002   0.000000000000000   0.002178893568691   0.006520098010365   0.008682408883347   
0.048265116502899   0.047683295392362   0.046519653171289   0.045937832060753   0.050000000000000   0.049904867452294   0.049525061277599   0.049240387650610   
1.000000000000000   1.000000000000000   1.000000000000000   1.000000000000000   1.000000000000000   0.998097349045873   0.998097349045873   1.000000000000000   
PATCH 21 
2 1 
13 2 
0.000000000000000   0.000000000000000   0.000000000000000   0.125000000000000   0.125000000000000   0.250000000000000   0.250000000000000   0.500000000000000   0.500000000000000   0.625000000000000   0.625000000000000   0.750000000000000   0.750000000000000   1.000000000000000   1.000000000000000   1.000000000000000   
0.000000000000000   0.000000000000000   1.000000000000000   1.000000000000000   
0.006667350844002   0.006252277911095   0.006281596559066   0.006310915207037   0.006784625435886   0.006821771085621   0.006858916735356   0.006754844825026   0.006762910588621   0.006770976352215   0.006891179789733   0.007021916939478   0.007152654089223   0.008682408883347   0.009214726804819   0.009745505844094   0.010276284883369   0.010805525040447   0.011864005354603   0.012916330139971   0.013442492532654   0.013967116043140   0.014491739553627   0.015014824181916   0.016060993438494   0.017101007166283   
0.045937832060753   0.042738222574816   0.042696788396353   0.042655354217889   0.045772095346899   0.045327907633435   0.044883719919971   0.044164628316080   0.044141298235297   0.044117968154513   0.044790399596837   0.044591844958494   0.044393290320152   0.049240387650610   0.049122375608591   0.048998620380024   0.048874865151458   0.048745366736344   0.048486369906118   0.048204400329703   0.048063415541496   0.047916687566742   0.047769959591988   0.047617488430687   0.047312546108085   0.046984631039295   
1.000000000000000   0.930802325208725   0.930802325208725   0.930802325208725   1.000000000000000   1.000000000000000   1.000000000000000   0.984526851378656   0.984526851378656   0.984526851378656   1.000000000000000   1.000000000000000   1.000000000000000   1.000000000000000   0.999524337261468   0.999167590207569   0.998810843153671   0.998573011784405   0.998097349045873   0.998097349045873   0.998097349045873   0.998216264730506   0.998335180415139   0.998573011784404   0.999048674522936   1.000000000000000   
PATCH 22 
2 2 
13 4 
0.000000000000000   0.000000000000000   0.000000000000000   0.250000000000000   0.250000000000000   0.375000000000000   0.375000000000000   0.500000000000000   0.500000000000000   0.750000000000000   0.750000000000000   0.875000000000000   0.875000000000000   1.000000000000000   1.000000000000000   1.000000000000000   
0.000000000000000   0.000000000000000   0.000000000000000   0.500000000000000   1.000000000000000   1.000000000000000   1.000000000000000   
0.004295254792854   0.003241233957854   0.002187213122855   0.002177338766178   0.002172963870608   0.002168588975039   0.002169713540577   0.001697737362256   0.001225761183934   0.000970171648518   0.001270792511938   0.001131365948057   0.001492331751240   0.005009604616946   0.004186404703260   0.003363204789575   0.003325748162687   0.003320450550111   0.003315152937536   0.003342014339272   0.002978745793097   0.002615477246922   0.002305357538148   0.002523493523720   0.002411593938817   0.002786086524431   0.006438304265130   0.006076746194072   0.005715188123014   0.005622566955706   0.005615423909118   0.005608280862530   0.005686615936661   0.005540762654780   0.005394909372898   0.004975729317407   0.005028895547284   0.004972049920335   0.005373596070812   0.007152654089223   0.007021916939478   0.006891179789733   0.006770976352215   0.006762910588621   0.006754844825026   0.006858916735356   0.006821771085621   0.006784625435886   0.006310915207037   0.006281596559066   0.006252277911095   0.006667350844002   
0.042511852330046   0.044112627060929   0.045713401791811   0.045621844721657   0.045630066126037   0.045638287530416   0.045746287409330   0.046875949220086   0.048005611030842   0.039797755649442   0.048226020456450   0.039954677710334   0.048265116502899   0.042982211827572   0.044232431535320   0.045482651243068   0.045245875579871   0.045257874153352   0.045269872726832   0.045530645536990   0.046488938823423   0.047447232109856   0.040512155291554   0.046843712441426   0.040650563926454   0.047683295392362   0.043922930822625   0.044472040484103   0.045021150145581   0.044493937296299   0.044513490207982   0.044533043119664   0.045099361792311   0.045714918030098   0.046330474267885   0.041940954575777   0.044079096411377   0.042042336358696   0.046519653171289   0.044393290320152   0.044591844958494   0.044790399596837   0.044117968154513   0.044141298235297   0.044164628316080   0.044883719919971   0.045327907633435   0.045772095346899   0.042655354217889   0.042696788396353   0.042738222574816   0.045937832060753   
1.000000000000000   1.000000000000000   1.000000000000000   0.997826998032006   0.997826998032006   0.997826998032006   1.000000000000000   1.000000000000000   1.000000000000000   0.826861024452508   1.000000000000000   0.826861024452508   1.000000000000000   1.000000000000000   1.000000000000000   1.000000000000000   0.994501961368669   0.994501961368669   0.994501961368669   1.000000000000000   1.000000000000000   1.000000000000000   0.852846349641563   0.982700581302181   0.852846349641563   1.000000000000000   1.000000000000000   1.000000000000000   1.000000000000000   0.987851888041993   0.987851888041993   0.987851888041993   1.000000000000000   1.000000000000000   1.000000000000000   0.904817000019671   0.948101743906544   0.904817000019671   1.000000000000000   1.000000000000000   1.000000000000000   1.000000000000000   0.984526851378656   0.984526851378656   0.984526851378656   1.000000000000000   1.000000000000000   1.000000000000000   0.930802325208725   0.930802325208725   0.930802325208725   1.000000000000000   
PATCH 23 
2 1 
13 2 
0.000000000000000   0.000000000000000   0.000000000000000   0.125000000000000   0.125000000000000   0.250000000000000   0.250000000000000   0.500000000000000   0.500000000000000   0.625000000000000   0.625000000000000   0.750000000000000   0.750000000000000   1.000000000000000   1.000000000000000   1.000000000000000   
0.000000000000000   0.000000000000000   1.000000000000000   1.000000000000000   
0.008682408883347   0.009214726804819   0.009745505844094   0.010276284883369   0.010805525040447   0.011864005354603   0.012916330139971   0.013442492532654   0.013967116043140   0.014491739553627   0.015014824181916   0.016060993438494   0.017101007166283   0.008769232972180   0.009306874072867   0.009842960902535   0.010379047732203   0.010913580290852   0.011982645408149   0.013045493441370   0.013576917457981   0.014106787203572   0.014636656949163   0.015164972423735   0.016221603372879   0.017272017237946   
0.049240387650610   0.049122375608591   0.048998620380024   0.048874865151458   0.048745366736344   0.048486369906118   0.048204400329703   0.048063415541496   0.047916687566742   0.047769959591988   0.047617488430687   0.047312546108085   0.046984631039295   0.049732791527117   0.049613599364677   0.049488606583825   0.049363613802972   0.049232820403708   0.048971233605179   0.048686444333000   0.048544049696911   0.048395854442409   0.048247659187908   0.048093663314994   0.047785671569166   0.047454477349688   
1.000000000000000   0.999524337261468   0.999167590207569   0.998810843153671   0.998573011784405   0.998097349045873   0.998097349045873   0.998097349045873   0.998216264730506   0.998335180415139   0.998573011784404   0.999048674522936   1.000000000000000   1.000000000000000   0.999524337261468   0.999167590207569   0.998810843153671   0.998573011784405   0.998097349045873   0.998097349045873   0.998097349045873   0.998216264730506   0.998335180415139   0.998573011784404   0.999048674522936   1.000000000000000   
PATCH 24 
2 1 
6 2 
0.000000000000000   0.000000000000000   0.000000000000000   0.250000000000000   0.500000000000000   0.750000000000000   1.000000000000000   1.000000000000000   1.000000000000000   
0.000000000000000   0.000000000000000   1.000000000000000   1.000000000000000   
0.017101007166283   0.018108483646471   0.020103334230874   0.022078082439303   0.024032728271759   0.025000000000000   0.017272017237946   0.018289568482936   0.020304367573183   0.022298863263696   0.024273055554476   0.025250000000000   
0.046984631039295   0.046567320617430   0.045689590089305   0.044768749876786   0.043804799979875   0.043301270189222   0.047454477349688   0.047032993823604   0.046146485990198   0.045216437375554   0.044242847979673   0.043734282891114   
1.000000000000000   0.999048674522936   0.998097349045873   0.998097349045873   0.999048674522936   1.000000000000000   1.000000000000000   0.999048674522936   0.998097349045873   0.998097349045873   0.999048674522936   1.000000000000000   
PATCH 25 
2 1 
6 2 
0.000000000000000   0.000000000000000   0.000000000000000   0.250000000000000   0.500000000000000   0.750000000000000   1.000000000000000   1.000000000000000   1.000000000000000   
0.000000000000000   0.000000000000000   1.000000000000000   1.000000000000000   
0.017101007166283   0.018108483646471   0.020103334230874   0.022078082439303   0.024032728271759   0.025000000000000   0.007152654089223   0.008788346249297   0.012059730569446   0.015331114889595   0.018602499209744   0.020238191369818   
0.046984631039295   0.046567320617430   0.045689590089305   0.044768749876786   0.043804799979875   0.043301270189222   0.044393290320152   0.041909112977156   0.036940758291164   0.031972403605172   0.027004048919181   0.024519871576185   
1.000000000000000   0.999048674522936   0.998097349045873   0.998097349045873   0.999048674522936   1.000000000000000   1.000000000000000   1.000000000000000   1.000000000000000   1.000000000000000   1.000000000000000   1.000000000000000   
PATCH 26 
2 1 
13 2 
0.000000000000000   0.000000000000000   0.000000000000000   0.250000000000000   0.250000000000000   0.375000000000000   0.375000000000000   0.500000000000000   0.500000000000000   0.750000000000000   0.750000000000000   0.875000000000000   0.875000000000000   1.000000000000000   1.000000000000000   1.000000000000000   
0.000000000000000   0.000000000000000   1.000000000000000   1.000000000000000   
0.025000000000000   0.026308964801902   0.027588056995475   0.028227603092262   0.028859681036967   0.029491758981672   0.030116368774295   0.031365588359540   0.032584935336458   0.033194608824917   0.033796814161294   0.034399019497671   0.034993756681966   0.020238191369818   0.020593468569773   0.020948745769729   0.020922867958491   0.020926539632060   0.020930211305629   0.020963432464006   0.021206926336903   0.021450420209800   0.019551684655969   0.019541608006142   0.019531531356315   0.021410113610493   
0.043301270189222   0.042431456201436   0.041522298617492   0.041067719825520   0.040603305134509   0.040138890443497   0.039664639853446   0.038716138673343   0.037728293897082   0.037234371508952   0.036730613221782   0.036226854934612   0.035713260748402   0.024519871576185   0.023980300872017   0.023440730167850   0.023400796009136   0.023394178213564   0.023387560417992   0.023414258985561   0.022884425718243   0.022354592450925   0.020299049255043   0.020242814874199   0.020186580493355   0.022129654927548   
1.000000000000000   0.998024027819228   0.997036041728842   0.996542048683649   0.996295052161053   0.996048055638456   0.996048055638456   0.996048055638456   0.997036041728842   0.997530034774035   0.998271024341824   0.999012013909614   1.000000000000000   1.000000000000000   1.000000000000000   1.000000000000000   0.998566033614568   0.998566033614568   0.998566033614568   1.000000000000000   1.000000000000000   1.000000000000000   0.910370428373792   0.910370428373792   0.910370428373792   1.000000000000000   
PATCH 27 
2 2 
6 4 
0.000000000000000   0.000000000000000   0.000000000000000   0.250000000000000   0.500000000000000   0.750000000000000   1.000000000000000   1.000000000000000   1.000000000000000   
0.000000000000000   0.000000000000000   0.000000000000000   0.500000000000000   1.000000000000000   1.000000000000000   1.000000000000000   
0.017380792073449   0.015745099913374   0.012473715593226   0.009202331273077   0.005930946952928   0.004295254792854   0.018095141897541   0.016459449737467   0.013188065417318   0.009916681097169   0.006645296777020   0.005009604616946   0.019523841545726   0.017888149385651   0.014616765065502   0.011345380745354   0.008073996425205   0.006438304265130   0.020238191369818   0.018602499209744   0.015331114889595   0.012059730569446   0.008788346249297   0.007152654089223   
0.022638433586079   0.025122610929075   0.030090965615066   0.035059320301058   0.040027674987050   0.042511852330046   0.023108793083605   0.025592970426601   0.030561325112593   0.035529679798585   0.040498034484576   0.042982211827572   0.024049512078658   0.026533689421654   0.031502044107646   0.036470398793638   0.041438753479629   0.043922930822625   0.024519871576185   0.027004048919181   0.031972403605172   0.036940758291164   0.041909112977156   0.044393290320152   
1.000000000000000   1.000000000000000   1.000000000000000   1.000000000000000   1.000000000000000   1.000000000000000   1.000000000000000   1.000000000000000   1.000000000000000   1.000000000000000   1.000000000000000   1.000000000000000   1.000000000000000   1.000000000000000   1.000000000000000   1.000000000000000   1.000000000000000   1.000000000000000   1.000000000000000   1.000000000000000   1.000000000000000   1.000000000000000   1.000000000000000   1.000000000000000   
PATCH 28 
2 2 
13 4 
0.000000000000000   0.000000000000000   0.000000000000000   0.250000000000000   0.250000000000000   0.375000000000000   0.375000000000000   0.500000000000000   0.500000000000000   0.750000000000000   0.750000000000000   0.875000000000000   0.875000000000000   1.000000000000000   1.000000000000000   1.000000000000000   
0.000000000000000   0.000000000000000   0.000000000000000   0.500000000000000   1.000000000000000   1.000000000000000   1.000000000000000   
0.017380792073449   0.017613910604412   0.017847029135374   0.017241272634390   0.017248780535036   0.017256288435682   0.017877060737959   0.017597213563766   0.017317366389572   0.013953636306651   0.017422376583052   0.014163380244556   0.017655860609662   0.018095141897541   0.018358800095752   0.018622458293963   0.018161671465415   0.018168220309292   0.018174769153169   0.018648653669471   0.018499641757050   0.018350629844629   0.015353148393980   0.017952184438824   0.015505418022496   0.018594423859870   0.019523841545726   0.019848579078433   0.020173316611140   0.020002469127465   0.020007099857804   0.020011730588142   0.020191839532494   0.020304498143619   0.020417156754743   0.018152172568639   0.019011800150369   0.018189493578375   0.020471550360285   0.020238191369818   0.020593468569773   0.020948745769729   0.020922867958491   0.020926539632060   0.020930211305629   0.020963432464006   0.021206926336903   0.021450420209800   0.019551684655969   0.019541608006142   0.019531531356315   0.021410113610493   
0.022638433586079   0.022284389110605   0.021930344635131   0.021130399347592   0.021094379430051   0.021058359512510   0.021786264964967   0.020168590284329   0.018550915603690   0.014852749321041   0.018339271981286   0.014743994348047   0.018375401926717   0.023108793083605   0.022708367050958   0.022307941018311   0.021697998512978   0.021669329125929   0.021640659738880   0.022193263470116   0.020847549142807   0.019501834815499   0.016214324304542   0.018815157704515   0.016104640884374   0.019313965176924   0.024049512078658   0.023556322931664   0.023063133784670   0.022833196843750   0.022819228517686   0.022805260191621   0.023007260480413   0.022205466859764   0.021403673239116   0.018937474271543   0.019766929150971   0.018825933957028   0.021191091677340   0.024519871576185   0.023980300872017   0.023440730167850   0.023400796009136   0.023394178213564   0.023387560417992   0.023414258985561   0.022884425718243   0.022354592450925   0.020299049255043   0.020242814874199   0.020186580493355   0.022129654927548   
1.000000000000000   1.000000000000000   1.000000000000000   0.964924643577607   0.964924643577607   0.964924643577607   1.000000000000000   1.000000000000000   1.000000000000000   0.806922534855508   1.000000000000000   0.806922534855508   1.000000000000000   1.000000000000000   1.000000000000000   1.000000000000000   0.973334991086847   0.973334991086847   0.973334991086847   1.000000000000000   1.000000000000000   1.000000000000000   0.832784508235079   0.977592607093448   0.832784508235079   1.000000000000000   1.000000000000000   1.000000000000000   1.000000000000000   0.990155686105328   0.990155686105328   0.990155686105328   1.000000000000000   1.000000000000000   1.000000000000000   0.884508454994221   0.932777821280344   0.884508454994221   1.000000000000000   1.000000000000000   1.000000000000000   1.000000000000000   0.998566033614568   0.998566033614568   0.998566033614568   1.000000000000000   1.000000000000000   1.000000000000000   0.910370428373792   0.910370428373792   0.910370428373792   1.000000000000000   
PATCH 29 
2 1 
13 2 
0.000000000000000   0.000000000000000   0.000000000000000   0.250000000000000   0.250000000000000   0.375000000000000   0.375000000000000   0.500000000000000   0.500000000000000   0.750000000000000   0.750000000000000   0.875000000000000   0.875000000000000   1.000000000000000   1.000000000000000   1.000000000000000   
0.000000000000000   0.000000000000000   1.000000000000000   1.000000000000000   
0.025000000000000   0.026308964801902   0.027588056995475   0.028227603092262   0.028859681036967   0.029491758981672   0.030116368774295   0.031365588359540   0.032584935336458   0.033194608824917   0.033796814161294   0.034399019497671   0.034993756681966   0.025250000000000   0.026178902508932   0.027094027156471   0.027551589480241   0.028005707338662   0.028459825197083   0.028910498590156   0.029811845376303   0.030699414301056   0.031143198763433   0.031583538760461   0.032023878757490   0.032460774289170   
0.043301270189222   0.042431456201436   0.041522298617492   0.041067719825520   0.040603305134509   0.040138890443497   0.039664639853446   0.038716138673343   0.037728293897082   0.037234371508952   0.036730613221782   0.036226854934612   0.035713260748402   0.043734282891114   0.043142506727484   0.042531053738569   0.042225327244111   0.041914681543332   0.041604035842553   0.041288470935453   0.040657341121252   0.040006534481766   0.039681131162023   0.039350808635958   0.039020486109894   0.038685244377508   
1.000000000000000   0.998024027819228   0.997036041728842   0.996542048683649   0.996295052161053   0.996048055638456   0.996048055638456   0.996048055638456   0.997036041728842   0.997530034774035   0.998271024341824   0.999012013909614   1.000000000000000   1.000000000000000   0.999048674522937   0.998573011784405   0.998335180415139   0.998216264730506   0.998097349045873   0.998097349045873   0.998097349045873   0.998573011784405   0.998810843153671   0.999167590207569   0.999524337261468   1.000000000000000   
PATCH 30 
2 1 
6 2 
0.000000000000000   0.000000000000000   0.000000000000000   0.250000000000000   0.500000000000000   0.750000000000000   1.000000000000000   1.000000000000000   1.000000000000000   
0.000000000000000   0.000000000000000   1.000000000000000   1.000000000000000   
0.017380792073449   0.015745099913374   0.012473715593226   0.009202331273077   0.005930946952928   0.004295254792854   0.000000000000000   0.000000000000000   0.000000000000000   0.000000000000000   0.000000000000000   0.000000000000000   
0.022638433586079   0.025122610929075   0.030090965615066   0.035059320301058   0.040027674987050   0.042511852330046   0.014550000000000   0.018045231541256   0.025035694623767   0.032026157706278   0.039016620788790   0.042511852330046   
1.000000000000000   1.000000000000000   1.000000000000000   1.000000000000000   1.000000000000000   1.000000000000000   1.000000000000000   1.000000000000000   1.000000000000000   1.000000000000000   1.000000000000000   1.000000000000000   
PATCH 31 
2 1 
13 2 
0.000000000000000   0.000000000000000   0.000000000000000   0.250000000000000   0.250000000000000   0.375000000000000   0.375000000000000   0.500000000000000   0.500000000000000   0.750000000000000   0.750000000000000   0.875000000000000   0.875000000000000   1.000000000000000   1.000000000000000   1.000000000000000   
0.000000000000000   0.000000000000000   1.000000000000000   1.000000000000000   
0.004295254792854   0.003241233957854   0.002187213122855   0.002177338766178   0.002172963870608   0.002168588975039   0.002169713540577   0.001697737362256   0.001225761183934   0.000970171648518   0.001270792511938   0.001131365948057   0.001492331751240   0.000000000000000   0.000000000000000   0.000000000000000   0.000000000000000   0.000000000000000   0.000000000000000   0.000000000000000   0.000000000000000   0.000000000000000   0.000000000000000   0.000000000000000   0.000000000000000   0.000000000000000   
0.042511852330046   0.044112627060929   0.045713401791811   0.045621844721657   0.045630066126037   0.045638287530416   0.045746287409330   0.046875949220086   0.048005611030842   0.039797755649442   0.048226020456450   0.039954677710334   0.048265116502899   0.042511852330046   0.043447870788790   0.044383889247534   0.044851898476906   0.045319907706279   0.045787916935651   0.046255926165023   0.047191944623767   0.048127963082511   0.048595972311884   0.049063981541256   0.049531990770628   0.050000000000000   
1.000000000000000   1.000000000000000   1.000000000000000   0.997826998032006   0.997826998032006   0.997826998032006   1.000000000000000   1.000000000000000   1.000000000000000   0.826861024452508   1.000000000000000   0.826861024452508   1.000000000000000   1.000000000000000   1.000000000000000   1.000000000000000   1.000000000000000   1.000000000000000   1.000000000000000   1.000000000000000   1.000000000000000   1.000000000000000   1.000000000000000   1.000000000000000   1.000000000000000   1.000000000000000   
PATCH 32 
2 1 
13 2 
0.000000000000000   0.000000000000000   0.000000000000000   0.250000000000000   0.250000000000000   0.375000000000000   0.375000000000000   0.500000000000000   0.500000000000000   0.750000000000000   0.750000000000000   0.875000000000000   0.875000000000000   1.000000000000000   1.000000000000000   1.000000000000000   
0.000000000000000   0.000000000000000   1.000000000000000   1.000000000000000   
0.000000000000000   0.001374895090637   0.002698791585608   0.003360739833094   0.004009938431664   0.004659137030233   0.005295585979887   0.006568483879193   0.007790383182834   0.008401332834655   0.008999532837559   0.009597732840464   0.010183183194452   0.017380792073449   0.017613910604412   0.017847029135374   0.017241272634390   0.017248780535036   0.017256288435682   0.017877060737959   0.017597213563766   0.017317366389572   0.013953636306651   0.017422376583052   0.014163380244556   0.017655860609662   
0.014550000000000   0.014280150477669   0.013885385646365   0.013688003230713   0.013459391987818   0.013230780744922   0.012970940674784   0.012451260534507   0.011806665085257   0.011484367360632   0.011130840808764   0.010777314256896   0.010392558877785   0.022638433586079   0.022284389110605   0.021930344635131   0.021130399347592   0.021094379430051   0.021058359512510   0.021786264964967   0.020168590284329   0.018550915603690   0.014852749321041   0.018339271981286   0.014743994348047   0.018375401926717   
1.000000000000000   0.981453641076894   0.972180461615341   0.967543871884564   0.965225577019176   0.962907282153788   0.962907282153788   0.962907282153788   0.972180461615341   0.976817051346117   0.983771935942282   0.990726820538447   1.000000000000000   1.000000000000000   1.000000000000000   1.000000000000000   0.964924643577607   0.964924643577607   0.964924643577607   1.000000000000000   1.000000000000000   1.000000000000000   0.806922534855508   1.000000000000000   0.806922534855508   1.000000000000000   
INTERFACE 1 
1 2 
5 1 
1 
INTERFACE 2 
1 3 
2 4 
1 
INTERFACE 3 
2 1 
13 2 
1 
INTERFACE 4 
2 2 
3 1 
1 
INTERFACE 5 
2 3 
4 2 
1 
INTERFACE 6 
3 2 
7 1 
-1 
INTERFACE 7 
3 3 
4 4 
-1 
INTERFACE 8 
3 4 
5 3 
1 
INTERFACE 9 
4 1 
9 2 
1 
INTERFACE 10 
4 3 
13 3 
1 
INTERFACE 11 
5 2 
6 1 
1 
INTERFACE 12 
6 2 
11 1 
1 
INTERFACE 13 
6 3 
7 3 
1 
INTERFACE 14 
7 2 
8 1 
1 
INTERFACE 15 
7 4 
9 4 
-1 
INTERFACE 16 
8 2 
15 1 
1 
INTERFACE 17 
8 3 
11 3 
1 
INTERFACE 18 
8 4 
10 4 
1 
INTERFACE 19 
9 1 
10 1 
1 
INTERFACE 20 
9 3 
12 3 
1 
INTERFACE 21 
10 2 
16 3 
1 
INTERFACE 22 
10 3 
14 4 
1 
INTERFACE 23 
11 2 
18 1 
1 
INTERFACE 24 
12 1 
14 1 
-1 
INTERFACE 25 
12 2 
13 1 
1 
INTERFACE 26 
14 2 
17 1 
-1 
INTERFACE 27 
15 2 
26 2 
1 
INTERFACE 28 
15 3 
18 3 
1 
INTERFACE 29 
15 4 
16 2 
1 
INTERFACE 30 
16 1 
17 3 
1 
INTERFACE 31 
16 4 
28 2 
1 
INTERFACE 32 
17 2 
32 2 
-1 
INTERFACE 33 
18 2 
29 2 
1 
INTERFACE 34 
19 2 
23 1 
1 
INTERFACE 35 
19 3 
20 4 
1 
INTERFACE 36 
20 1 
31 2 
1 
INTERFACE 37 
20 2 
21 1 
1 
INTERFACE 38 
20 3 
22 2 
1 
INTERFACE 39 
21 2 
25 1 
-1 
INTERFACE 40 
21 3 
22 4 
-1 
INTERFACE 41 
21 4 
23 3 
1 
INTERFACE 42 
22 1 
27 2 
1 
INTERFACE 43 
22 3 
31 3 
1 
INTERFACE 44 
23 2 
24 1 
1 
INTERFACE 45 
24 2 
29 1 
1 
INTERFACE 46 
24 3 
25 3 
1 
INTERFACE 47 
25 2 
26 1 
1 
INTERFACE 48 
25 4 
27 4 
-1 
INTERFACE 49 
26 3 
29 3 
1 
INTERFACE 50 
26 4 
28 4 
1 
INTERFACE 51 
27 1 
28 1 
1 
INTERFACE 52 
27 3 
30 3 
1 
INTERFACE 53 
28 3 
32 4 
1 
INTERFACE 54 
30 1 
32 1 
-1 
INTERFACE 55 
30 2 
31 1 
1 
BOUNDARY 1 
1 
1 1 
BOUNDARY 2 
1 
1 4 
BOUNDARY 3 
1 
5 4 
BOUNDARY 4 
1 
6 4 
BOUNDARY 5 
1 
11 4 
BOUNDARY 6 
1 
12 4 
BOUNDARY 7 
1 
13 4 
BOUNDARY 8 
1 
14 3 
BOUNDARY 9 
1 
17 4 
BOUNDARY 10 
1 
18 4 
BOUNDARY 11 
1 
19 1 
BOUNDARY 12 
1 
19 4 
BOUNDARY 13 
1 
23 4 
BOUNDARY 14 
1 
24 4 
BOUNDARY 15 
1 
29 4 
BOUNDARY 16 
1 
30 4 
BOUNDARY 17 
1 
31 4 
BOUNDARY 18 
1 
32 3 
