# nurbs mesh v.2.1
#
# 13-Jul-2024
#
2 2 32 55 0 
PATCH 1 
2 1 
4 2 
0.000000000000000   0.000000000000000   0.000000000000000   0.500000000000000   1.000000000000000   1.000000000000000   1.000000000000000   
0.000000000000000   0.000000000000000   1.000000000000000   1.000000000000000   
0.050000000000000   0.049904867452294   0.049525061277599   0.049240387650610   0.050500000000000   0.050403916126817   0.050020311890375   0.049732791527117   
0.000000000000000   0.002178893568691   0.006520098010365   0.008682408883347   0.000000000000000   0.002200682504378   0.006585298990468   0.008769232972180   
1.000000000000000   0.998097349045873   0.998097349045873   1.000000000000000   1.000000000000000   0.998097349045873   0.998097349045873   1.000000000000000   
PATCH 2 
2 1 
4 2 
0.000000000000000   0.000000000000000   0.000000000000000   0.500000000000000   1.000000000000000   1.000000000000000   1.000000000000000   
0.000000000000000   0.000000000000000   1.000000000000000   1.000000000000000   
0.048265410457478   0.047682189588069   0.046515747849253   0.045932526979845   0.050000000000000   0.049904867452294   0.049525061277599   0.049240387650610   
0.001486123204109   0.002783112566043   0.005377091289911   0.006674080651846   0.000000000000000   0.002178893568691   0.006520098010365   0.008682408883347   
1.000000000000000   1.000000000000000   1.000000000000000   1.000000000000000   1.000000000000000   0.998097349045873   0.998097349045873   1.000000000000000   
PATCH 3 
2 1 
13 2 
0.000000000000000   0.000000000000000   0.000000000000000   0.125000000000000   0.125000000000000   0.250000000000000   0.250000000000000   0.500000000000000   0.500000000000000   0.625000000000000   0.625000000000000   0.750000000000000   0.750000000000000   1.000000000000000   1.000000000000000   1.000000000000000   
0.000000000000000   0.000000000000000   1.000000000000000   1.000000000000000   
0.045932526979845   0.042733620543107   0.042692190246021   0.042650759948935   0.045766805791502   0.045322653014851   0.044878500238200   0.044159936564287   0.044136613853855   0.044113291143424   0.044785209396474   0.044586691377052   0.044388173357629   0.049240387650610   0.049122375608591   0.048998620380024   0.048874865151458   0.048745366736344   0.048486369906118   0.048204400329703   0.048063415541496   0.047916687566742   0.047769959591988   0.047617488430687   0.047312546108085   0.046984631039295   
0.006674080651846   0.006258588948294   0.006287908816220   0.006317228684145   0.006791360123548   0.006828544172201   0.006865728220853   0.006761619755168   0.006769683311710   0.006777746868253   0.006897982447023   0.007028676629014   0.007159370811004   0.008682408883347   0.009214726804819   0.009745505844094   0.010276284883369   0.010805525040447   0.011864005354603   0.012916330139971   0.013442492532654   0.013967116043140   0.014491739553627   0.015014824181916   0.016060993438494   0.017101007166283   
1.000000000000000   0.930809581724574   0.930809581724574   0.930809581724574   1.000000000000000   1.000000000000000   1.000000000000000   0.984536640359013   0.984536640359013   0.984536640359013   1.000000000000000   1.000000000000000   1.000000000000000   1.000000000000000   0.999524337261468   0.999167590207569   0.998810843153671   0.998573011784405   0.998097349045873   0.998097349045873   0.998097349045873   0.998216264730506   0.998335180415139   0.998573011784404   0.999048674522936   1.000000000000000   
PATCH 4 
2 2 
13 4 
0.000000000000000   0.000000000000000   0.000000000000000   0.250000000000000   0.250000000000000   0.375000000000000   0.375000000000000   0.500000000000000   0.500000000000000   0.750000000000000   0.750000000000000   0.875000000000000   0.875000000000000   1.000000000000000   1.000000000000000   1.000000000000000   
0.000000000000000   0.000000000000000   0.000000000000000   0.500000000000000   1.000000000000000   1.000000000000000   1.000000000000000   
0.042501163152690   0.044102440705276   0.045703718257862   0.045612066115369   0.045620293062572   0.045628520009775   0.045736626046674   0.046871280692400   0.048005935338127   0.039799476653952   0.048226321632046   0.039956374616447   0.048265410457478   0.042972915703924   0.044223503373220   0.045474091042515   0.045237372372383   0.045249373260393   0.045261374148403   0.045522094594555   0.046484123773013   0.047446152951471   0.040512297477698   0.046842788785539   0.040650686098112   0.047682189588069   0.043916420806394   0.044465628709108   0.045014836611821   0.044487984886410   0.044507533656034   0.044527082425659   0.045093031690319   0.045709809934239   0.046326588178159   0.041937939125190   0.044075723092527   0.042039309061442   0.046515747849253   0.044388173357629   0.044586691377052   0.044785209396474   0.044113291143424   0.044136613853855   0.044159936564287   0.044878500238200   0.045322653014851   0.045766805791502   0.042650759948935   0.042692190246021   0.042733620543107   0.045932526979845   
0.004293095336391   0.003238895518742   0.002184695701092   0.002174818420540   0.002170441875802   0.002166065331065   0.002167189522143   0.001693367347584   0.001219545173025   0.000965090914535   0.001264600769477   0.001126283825930   0.001486123204109   0.005009664205044   0.004186340796310   0.003363017387575   0.003325550532468   0.003320252234779   0.003314953937091   0.003341824196821   0.002977161553738   0.002612498910656   0.002303125356938   0.002520427781163   0.002409360106521   0.002783112566043   0.006442801942351   0.006081231351446   0.005719660760540   0.005627014756325   0.005619872952733   0.005612731149142   0.005691093546176   0.005544749966046   0.005398406385917   0.004979194241743   0.005032081804534   0.004975512667703   0.005377091289911   0.007159370811004   0.007028676629014   0.006897982447023   0.006777746868253   0.006769683311710   0.006761619755168   0.006865728220853   0.006828544172201   0.006791360123548   0.006317228684145   0.006287908816220   0.006258588948294   0.006674080651846   
1.000000000000000   1.000000000000000   1.000000000000000   0.997824346428607   0.997824346428607   0.997824346428607   1.000000000000000   1.000000000000000   1.000000000000000   0.826891296820394   1.000000000000000   0.826891296820394   1.000000000000000   1.000000000000000   1.000000000000000   1.000000000000000   0.994502419911209   0.994502419911209   0.994502419911209   1.000000000000000   1.000000000000000   1.000000000000000   0.852870868046439   0.982702395431144   0.852870868046439   1.000000000000000   1.000000000000000   1.000000000000000   1.000000000000000   0.987858566876411   0.987858566876411   0.987858566876411   1.000000000000000   1.000000000000000   1.000000000000000   0.904830010498529   0.948107186293431   0.904830010498529   1.000000000000000   1.000000000000000   1.000000000000000   1.000000000000000   0.984536640359013   0.984536640359013   0.984536640359013   1.000000000000000   1.000000000000000   1.000000000000000   0.930809581724574   0.930809581724574   0.930809581724574   1.000000000000000   
PATCH 5 
2 1 
13 2 
0.000000000000000   0.000000000000000   0.000000000000000   0.125000000000000   0.125000000000000   0.250000000000000   0.250000000000000   0.500000000000000   0.500000000000000   0.625000000000000   0.625000000000000   0.750000000000000   0.750000000000000   1.000000000000000   1.000000000000000   1.000000000000000   
0.000000000000000   0.000000000000000   1.000000000000000   1.000000000000000   
0.049240387650610   0.049122375608591   0.048998620380024   0.048874865151458   0.048745366736344   0.048486369906118   0.048204400329703   0.048063415541496   0.047916687566742   0.047769959591988   0.047617488430687   0.047312546108085   0.046984631039295   0.049732791527117   0.049613599364677   0.049488606583825   0.049363613802972   0.049232820403708   0.048971233605179   0.048686444333000   0.048544049696911   0.048395854442409   0.048247659187908   0.048093663314994   0.047785671569166   0.047454477349688   
0.008682408883347   0.009214726804819   0.009745505844094   0.010276284883369   0.010805525040447   0.011864005354603   0.012916330139971   0.013442492532654   0.013967116043140   0.014491739553627   0.015014824181916   0.016060993438494   0.017101007166283   0.008769232972180   0.009306874072867   0.009842960902535   0.010379047732203   0.010913580290852   0.011982645408149   0.013045493441370   0.013576917457981   0.014106787203572   0.014636656949163   0.015164972423735   0.016221603372879   0.017272017237946   
1.000000000000000   0.999524337261468   0.999167590207569   0.998810843153671   0.998573011784405   0.998097349045873   0.998097349045873   0.998097349045873   0.998216264730506   0.998335180415139   0.998573011784404   0.999048674522936   1.000000000000000   1.000000000000000   0.999524337261468   0.999167590207569   0.998810843153671   0.998573011784405   0.998097349045873   0.998097349045873   0.998097349045873   0.998216264730506   0.998335180415139   0.998573011784404   0.999048674522936   1.000000000000000   
PATCH 6 
2 1 
6 2 
0.000000000000000   0.000000000000000   0.000000000000000   0.250000000000000   0.500000000000000   0.750000000000000   1.000000000000000   1.000000000000000   1.000000000000000   
0.000000000000000   0.000000000000000   1.000000000000000   1.000000000000000   
0.046984631039295   0.046567320617430   0.045689590089305   0.044768749876786   0.043804799979875   0.043301270189222   0.047454477349688   0.047032993823604   0.046146485990198   0.045216437375554   0.044242847979673   0.043734282891114   
0.017101007166283   0.018108483646471   0.020103334230874   0.022078082439303   0.024032728271759   0.025000000000000   0.017272017237946   0.018289568482936   0.020304367573183   0.022298863263696   0.024273055554476   0.025250000000000   
1.000000000000000   0.999048674522936   0.998097349045873   0.998097349045873   0.999048674522936   1.000000000000000   1.000000000000000   0.999048674522936   0.998097349045873   0.998097349045873   0.999048674522936   1.000000000000000   
PATCH 7 
2 1 
6 2 
0.000000000000000   0.000000000000000   0.000000000000000   0.250000000000000   0.500000000000000   0.750000000000000   1.000000000000000   1.000000000000000   1.000000000000000   
0.000000000000000   0.000000000000000   1.000000000000000   1.000000000000000   
0.046984631039295   0.046567320617430   0.045689590089305   0.044768749876786   0.043804799979875   0.043301270189222   0.044388173357629   0.041904752756086   0.036937911553001   0.031971070349915   0.027004229146830   0.024520808545287   
0.017101007166283   0.018108483646471   0.020103334230874   0.022078082439303   0.024032728271759   0.025000000000000   0.007159370811004   0.008794328811299   0.012064244811889   0.015334160812479   0.018604076813068   0.020239034813363   
1.000000000000000   0.999048674522936   0.998097349045873   0.998097349045873   0.999048674522936   1.000000000000000   1.000000000000000   1.000000000000000   1.000000000000000   1.000000000000000   1.000000000000000   1.000000000000000   
PATCH 8 
2 1 
13 2 
0.000000000000000   0.000000000000000   0.000000000000000   0.250000000000000   0.250000000000000   0.375000000000000   0.375000000000000   0.500000000000000   0.500000000000000   0.750000000000000   0.750000000000000   0.875000000000000   0.875000000000000   1.000000000000000   1.000000000000000   1.000000000000000   
0.000000000000000   0.000000000000000   1.000000000000000   1.000000000000000   
0.043301270189222   0.042431455263562   0.041522296667951   0.041067717370146   0.040603302154853   0.040138886939560   0.039664635806780   0.038716133541220   0.037728287605709   0.037234364637954   0.036730605752711   0.036226846867468   0.035713252064737   0.024520808545287   0.023979062818157   0.023437317091027   0.023395418411367   0.023388617973151   0.023381817534935   0.023410115338161   0.022880886590811   0.022351657843460   0.020309430264535   0.020253381293499   0.020197332322463   0.022127461959315   
0.025000000000000   0.026308966037125   0.027588059402199   0.028227606084736   0.028859684599260   0.029491763113783   0.030116373460294   0.031365594153316   0.032584942174285   0.033194616184770   0.033796822027242   0.034399027869714   0.034993765544173   0.020239034813363   0.020595692686841   0.020952350560319   0.020924966060687   0.020928720663208   0.020932475265729   0.020967368970403   0.021207976381971   0.021448583793538   0.019562203575068   0.019552042174398   0.019541880773727   0.021407938190857   
1.000000000000000   0.998024023927000   0.997036035890501   0.996542041872251   0.996295044863126   0.996048047854001   0.996048047854001   0.996048047854001   0.997036035890501   0.997530029908751   0.998271020936125   0.999012011963500   1.000000000000000   1.000000000000000   1.000000000000000   1.000000000000000   0.998489142308387   0.998489142308387   0.998489142308387   1.000000000000000   1.000000000000000   1.000000000000000   0.910951906620373   0.910951906620373   0.910951906620373   1.000000000000000   
PATCH 9 
2 2 
6 4 
0.000000000000000   0.000000000000000   0.000000000000000   0.250000000000000   0.500000000000000   0.750000000000000   1.000000000000000   1.000000000000000   1.000000000000000   
0.000000000000000   0.000000000000000   0.000000000000000   0.500000000000000   1.000000000000000   1.000000000000000   1.000000000000000   
0.022633798340348   0.025117218941890   0.030084060144976   0.035050901348061   0.040017742551147   0.042501163152690   0.023105550891582   0.025588971493125   0.030555812696211   0.035522653899296   0.040489495102382   0.042972915703924   0.024049055994052   0.026532476595595   0.031499317798680   0.036466159001766   0.041433000204851   0.043916420806394   0.024520808545287   0.027004229146830   0.031971070349915   0.036937911553001   0.041904752756086   0.044388173357629   
0.017372759338750   0.015737801338455   0.012467885337866   0.009197969337276   0.005928053336686   0.004293095336391   0.018089328207403   0.016454370207109   0.013184454206519   0.009914538205929   0.006644622205339   0.005009664205044   0.019522465944710   0.017887507944415   0.014617591943825   0.011347675943236   0.008077759942646   0.006442801942351   0.020239034813363   0.018604076813068   0.015334160812479   0.012064244811889   0.008794328811299   0.007159370811004   
1.000000000000000   1.000000000000000   1.000000000000000   1.000000000000000   1.000000000000000   1.000000000000000   1.000000000000000   1.000000000000000   1.000000000000000   1.000000000000000   1.000000000000000   1.000000000000000   1.000000000000000   1.000000000000000   1.000000000000000   1.000000000000000   1.000000000000000   1.000000000000000   1.000000000000000   1.000000000000000   1.000000000000000   1.000000000000000   1.000000000000000   1.000000000000000   
PATCH 10 
2 2 
13 4 
0.000000000000000   0.000000000000000   0.000000000000000   0.250000000000000   0.250000000000000   0.375000000000000   0.375000000000000   0.500000000000000   0.500000000000000   0.750000000000000   0.750000000000000   0.875000000000000   0.875000000000000   1.000000000000000   1.000000000000000   1.000000000000000   
0.000000000000000   0.000000000000000   0.000000000000000   0.500000000000000   1.000000000000000   1.000000000000000   1.000000000000000   
0.022633798340348   0.022313730040758   0.021993661741169   0.021220364999451   0.021185041331774   0.021149717664098   0.021852367070462   0.020190672596495   0.018528978122527   0.014873710868980   0.018319465667188   0.014766948742536   0.018356238376357   0.023105550891582   0.022730063235108   0.022354575578633   0.021764128352430   0.021735935492119   0.021707742631807   0.022241804137387   0.020863226095074   0.019484648052760   0.016232640717869   0.018802944573765   0.016124544637517   0.019299044272096   0.024049055994052   0.023562729623807   0.023076403253562   0.022851655058388   0.022837723812807   0.022823792567226   0.023020678271237   0.022208333092232   0.021395987913227   0.018950500415646   0.019769902386921   0.018839736427481   0.021184656063575   0.024520808545287   0.023979062818157   0.023437317091027   0.023395418411367   0.023388617973151   0.023381817534935   0.023410115338161   0.022880886590811   0.022351657843460   0.020309430264535   0.020253381293499   0.020197332322463   0.022127461959315   
0.017372759338750   0.017583476052113   0.017794192765476   0.017212839636409   0.017220460668432   0.017228081700454   0.017824676893564   0.017561218734152   0.017297760574740   0.013975367464781   0.017404480944929   0.014184858645294   0.017636714607899   0.018089328207403   0.018336530210795   0.018583732214187   0.018140871242479   0.018147525667126   0.018154180091773   0.018610349912774   0.018472908146107   0.018335466379439   0.015372076492353   0.017941371252297   0.015524114177403   0.018579520503638   0.019522465944710   0.019842638528159   0.020162811111608   0.019996934454617   0.020001655664514   0.020006376874410   0.020181695951194   0.020296286970016   0.020410877988838   0.018165494547496   0.019015151867031   0.018202625241619   0.020465132295117   0.020239034813363   0.020595692686841   0.020952350560319   0.020924966060687   0.020928720663208   0.020932475265729   0.020967368970403   0.021207976381971   0.021448583793538   0.019562203575068   0.019552042174398   0.019541880773727   0.021407938190857   
1.000000000000000   1.000000000000000   1.000000000000000   0.966212354319145   0.966212354319145   0.966212354319145   1.000000000000000   1.000000000000000   1.000000000000000   0.808993563185780   1.000000000000000   0.808993563185780   1.000000000000000   1.000000000000000   1.000000000000000   1.000000000000000   0.974281551316455   0.974281551316455   0.974281551316455   1.000000000000000   1.000000000000000   1.000000000000000   0.834483149044428   0.977737976655093   0.834483149044428   1.000000000000000   1.000000000000000   1.000000000000000   1.000000000000000   0.990419945311077   0.990419945311077   0.990419945311077   1.000000000000000   1.000000000000000   1.000000000000000   0.885462320761725   0.933213929965280   0.885462320761725   1.000000000000000   1.000000000000000   1.000000000000000   1.000000000000000   0.998489142308387   0.998489142308387   0.998489142308387   1.000000000000000   1.000000000000000   1.000000000000000   0.910951906620373   0.910951906620373   0.910951906620373   1.000000000000000   
PATCH 11 
2 1 
13 2 
0.000000000000000   0.000000000000000   0.000000000000000   0.250000000000000   0.250000000000000   0.375000000000000   0.375000000000000   0.500000000000000   0.500000000000000   0.750000000000000   0.750000000000000   0.875000000000000   0.875000000000000   1.000000000000000   1.000000000000000   1.000000000000000   
0.000000000000000   0.000000000000000   1.000000000000000   1.000000000000000   
0.043301270189222   0.042431455263562   0.041522296667951   0.041067717370146   0.040603302154853   0.040138886939560   0.039664635806780   0.038716133541220   0.037728287605709   0.037234364637954   0.036730605752711   0.036226846867468   0.035713252064737   0.043734282891114   0.043142506727484   0.042531053738569   0.042225327244111   0.041914681543332   0.041604035842553   0.041288470935453   0.040657341121252   0.040006534481766   0.039681131162023   0.039350808635958   0.039020486109894   0.038685244377508   
0.025000000000000   0.026308966037125   0.027588059402199   0.028227606084736   0.028859684599260   0.029491763113783   0.030116373460294   0.031365594153316   0.032584942174285   0.033194616184770   0.033796822027242   0.034399027869714   0.034993765544173   0.025250000000000   0.026178902508932   0.027094027156471   0.027551589480241   0.028005707338662   0.028459825197083   0.028910498590156   0.029811845376303   0.030699414301056   0.031143198763433   0.031583538760461   0.032023878757490   0.032460774289170   
1.000000000000000   0.998024023927000   0.997036035890501   0.996542041872251   0.996295044863126   0.996048047854001   0.996048047854001   0.996048047854001   0.997036035890501   0.997530029908751   0.998271020936125   0.999012011963500   1.000000000000000   1.000000000000000   0.999048674522937   0.998573011784405   0.998335180415139   0.998216264730506   0.998097349045873   0.998097349045873   0.998097349045873   0.998573011784405   0.998810843153671   0.999167590207569   0.999524337261468   1.000000000000000   
PATCH 12 
2 1 
6 2 
0.000000000000000   0.000000000000000   0.000000000000000   0.250000000000000   0.500000000000000   0.750000000000000   1.000000000000000   1.000000000000000   1.000000000000000   
0.000000000000000   0.000000000000000   1.000000000000000   1.000000000000000   
0.022633798340348   0.025117218941890   0.030084060144976   0.035050901348061   0.040017742551147   0.042501163152690   0.014550000000000   0.018043895394086   0.025031686182259   0.032019476970431   0.039007267758603   0.042501163152690   
0.017372759338750   0.015737801338455   0.012467885337866   0.009197969337276   0.005928053336686   0.004293095336391   0.000000000000000   0.000000000000000   0.000000000000000   0.000000000000000   0.000000000000000   0.000000000000000   
1.000000000000000   1.000000000000000   1.000000000000000   1.000000000000000   1.000000000000000   1.000000000000000   1.000000000000000   1.000000000000000   1.000000000000000   1.000000000000000   1.000000000000000   1.000000000000000   
PATCH 13 
2 1 
13 2 
0.000000000000000   0.000000000000000   0.000000000000000   0.250000000000000   0.250000000000000   0.375000000000000   0.375000000000000   0.500000000000000   0.500000000000000   0.750000000000000   0.750000000000000   0.875000000000000   0.875000000000000   1.000000000000000   1.000000000000000   1.000000000000000   
0.000000000000000   0.000000000000000   1.000000000000000   1.000000000000000   
0.042501163152690   0.044102440705276   0.045703718257862   0.045612066115369   0.045620293062572   0.045628520009775   0.045736626046674   0.046871280692400   0.048005935338127   0.039799476653952   0.048226321632046   0.039956374616447   0.048265410457478   0.042501163152690   0.043438517758603   0.044375872364517   0.044844549667474   0.045313226970431   0.045781904273388   0.046250581576345   0.047187936182259   0.048125290788172   0.048593968091129   0.049062645394086   0.049531322697043   0.050000000000000   
0.004293095336391   0.003238895518742   0.002184695701092   0.002174818420540   0.002170441875802   0.002166065331065   0.002167189522143   0.001693367347584   0.001219545173025   0.000965090914535   0.001264600769477   0.001126283825930   0.001486123204109   0.000000000000000   0.000000000000000   0.000000000000000   0.000000000000000   0.000000000000000   0.000000000000000   0.000000000000000   0.000000000000000   0.000000000000000   0.000000000000000   0.000000000000000   0.000000000000000   0.000000000000000   
1.000000000000000   1.000000000000000   1.000000000000000   0.997824346428607   0.997824346428607   0.997824346428607   1.000000000000000   1.000000000000000   1.000000000000000   0.826891296820394   1.000000000000000   0.826891296820394   1.000000000000000   1.000000000000000   1.000000000000000   1.000000000000000   1.000000000000000   1.000000000000000   1.000000000000000   1.000000000000000   1.000000000000000   1.000000000000000   1.000000000000000   1.000000000000000   1.000000000000000   1.000000000000000   
PATCH 14 
2 1 
13 2 
0.000000000000000   0.000000000000000   0.000000000000000   0.250000000000000   0.250000000000000   0.375000000000000   0.375000000000000   0.500000000000000   0.500000000000000   0.750000000000000   0.750000000000000   0.875000000000000   0.875000000000000   1.000000000000000   1.000000000000000   1.000000000000000   
0.000000000000000   0.000000000000000   1.000000000000000   1.000000000000000   
0.014550000000000   0.014280150307079   0.013885385232547   0.013688002695280   0.013459391312611   0.013230779929941   0.012970939701868   0.012451259245723   0.011806663407966   0.011484365489087   0.011130838724805   0.010777311960523   0.010392556350839   0.022633798340348   0.022313730040758   0.021993661741169   0.021220364999451   0.021185041331774   0.021149717664098   0.021852367070462   0.020190672596495   0.018528978122527   0.014873710868980   0.018319465667188   0.014766948742536   0.018356238376357   
0.000000000000000   0.001374895508476   0.002698792373549   0.003360740806085   0.004009939577771   0.004659138349456   0.005295587460291   0.006568485681960   0.007790385260226   0.008401335049359   0.008999535177641   0.009597735305923   0.010183185773354   0.017372759338750   0.017583476052113   0.017794192765476   0.017212839636409   0.017220460668432   0.017228081700454   0.017824676893564   0.017561218734152   0.017297760574740   0.013975367464781   0.017404480944929   0.014184858645294   0.017636714607899   
1.000000000000000   0.981453629352536   0.972180444028803   0.967543851366937   0.965225555036004   0.962907258705071   0.962907258705071   0.962907258705071   0.972180444028803   0.976817036690669   0.983771925683468   0.990726814676268   1.000000000000000   1.000000000000000   1.000000000000000   1.000000000000000   0.966212354319145   0.966212354319145   0.966212354319145   1.000000000000000   1.000000000000000   1.000000000000000   0.808993563185780   1.000000000000000   0.808993563185780   1.000000000000000   
PATCH 15 
2 1 
4 2 
0.000000000000000   0.000000000000000   0.000000000000000   0.500000000000000   1.000000000000000   1.000000000000000   1.000000000000000   
0.000000000000000   0.000000000000000   1.000000000000000   1.000000000000000   
0.035713252064737   0.035534295562032   0.035174552301750   0.034993765544173   0.022127461959315   0.021947581017200   0.021587819132971   0.021407938190857   
0.034993765544173   0.035174552301750   0.035534295562032   0.035713252064737   0.021407938190857   0.021587819132971   0.021947581017200   0.022127461959315   
1.000000000000000   0.999974116287370   0.999974116287370   1.000000000000000   1.000000000000000   1.000000000000000   1.000000000000000   1.000000000000000   
PATCH 16 
2 2 
4 4 
0.000000000000000   0.000000000000000   0.000000000000000   0.500000000000000   1.000000000000000   1.000000000000000   1.000000000000000   
0.000000000000000   0.000000000000000   0.000000000000000   0.500000000000000   1.000000000000000   1.000000000000000   1.000000000000000   
0.018356238376357   0.019299044272096   0.021184656063575   0.022127461959315   0.018176357434242   0.019119163329982   0.021004775121461   0.021947581017200   0.017816595550013   0.018759401445753   0.020645013237232   0.021587819132971   0.017636714607899   0.018579520503638   0.020465132295117   0.021407938190857   
0.017636714607899   0.018579520503638   0.020465132295117   0.021407938190857   0.017816595550013   0.018759401445753   0.020645013237232   0.021587819132971   0.018176357434242   0.019119163329982   0.021004775121461   0.021947581017200   0.018356238376357   0.019299044272096   0.021184656063575   0.022127461959315   
1.000000000000000   1.000000000000000   1.000000000000000   1.000000000000000   1.000000000000000   1.000000000000000   1.000000000000000   1.000000000000000   1.000000000000000   1.000000000000000   1.000000000000000   1.000000000000000   1.000000000000000   1.000000000000000   1.000000000000000   1.000000000000000   
PATCH 17 
2 1 
4 2 
0.000000000000000   0.000000000000000   0.000000000000000   0.500000000000000   1.000000000000000   1.000000000000000   1.000000000000000   
0.000000000000000   0.000000000000000   1.000000000000000   1.000000000000000   
0.018356238376357   0.018176357434242   0.017816595550013   0.017636714607899   0.010392556350839   0.010340480008551   0.010235794719809   0.010183185773354   
0.017636714607899   0.017816595550013   0.018176357434242   0.018356238376357   0.010183185773354   0.010235794719809   0.010340480008551   0.010392556350839   
1.000000000000000   1.000000000000000   1.000000000000000   1.000000000000000   1.000000000000000   0.999974116287370   0.999974116287370   1.000000000000000   
PATCH 18 
2 1 
4 2 
0.000000000000000   0.000000000000000   0.000000000000000   0.500000000000000   1.000000000000000   1.000000000000000   1.000000000000000   
0.000000000000000   0.000000000000000   1.000000000000000   1.000000000000000   
0.035713252064737   0.035534295562032   0.035174552301750   0.034993765544173   0.038685244377508   0.037197068413715   0.034084833369545   0.032460774289170   
0.034993765544173   0.035174552301750   0.035534295562032   0.035713252064737   0.032460774289170   0.034084833369545   0.037197068413715   0.038685244377508   
1.000000000000000   0.999974116287370   0.999974116287370   1.000000000000000   1.000000000000000   0.998097349045873   0.998097349045873   1.000000000000000   
PATCH 19 
2 1 
4 2 
0.000000000000000   0.000000000000000   0.000000000000000   0.500000000000000   1.000000000000000   1.000000000000000   1.000000000000000   
0.000000000000000   0.000000000000000   1.000000000000000   1.000000000000000   
0.000000000000000   0.002178893568691   0.006520098010365   0.008682408883347   0.000000000000000   0.002200682504378   0.006585298990468   0.008769232972180   
0.050000000000000   0.049904867452294   0.049525061277599   0.049240387650610   0.050500000000000   0.050403916126817   0.050020311890375   0.049732791527117   
1.000000000000000   0.998097349045873   0.998097349045873   1.000000000000000   1.000000000000000   0.998097349045873   0.998097349045873   1.000000000000000   
PATCH 20 
2 1 
4 2 
0.000000000000000   0.000000000000000   0.000000000000000   0.500000000000000   1.000000000000000   1.000000000000000   1.000000000000000   
0.000000000000000   0.000000000000000   1.000000000000000   1.000000000000000   
0.001486123204109   0.002783112566043   0.005377091289911   0.006674080651846   0.000000000000000   0.002178893568691   0.006520098010365   0.008682408883347   
0.048265410457478   0.047682189588069   0.046515747849253   0.045932526979845   0.050000000000000   0.049904867452294   0.049525061277599   0.049240387650610   
1.000000000000000   1.000000000000000   1.000000000000000   1.000000000000000   1.000000000000000   0.998097349045873   0.998097349045873   1.000000000000000   
PATCH 21 
2 1 
13 2 
0.000000000000000   0.000000000000000   0.000000000000000   0.125000000000000   0.125000000000000   0.250000000000000   0.250000000000000   0.500000000000000   0.500000000000000   0.625000000000000   0.625000000000000   0.750000000000000   0.750000000000000   1.000000000000000   1.000000000000000   1.000000000000000   
0.000000000000000   0.000000000000000   1.000000000000000   1.000000000000000   
0.006674080651846   0.006258588948294   0.006287908816220   0.006317228684145   0.006791360123548   0.006828544172201   0.006865728220853   0.006761619755168   0.006769683311710   0.006777746868253   0.006897982447023   0.007028676629014   0.007159370811004   0.008682408883347   0.009214726804819   0.009745505844094   0.010276284883369   0.010805525040447   0.011864005354603   0.012916330139971   0.013442492532654   0.013967116043140   0.014491739553627   0.015014824181916   0.016060993438494   0.017101007166283   
0.045932526979845   0.042733620543107   0.042692190246021   0.042650759948935   0.045766805791502   0.045322653014851   0.044878500238200   0.044159936564287   0.044136613853855   0.044113291143424   0.044785209396474   0.044586691377052   0.044388173357629   0.049240387650610   0.049122375608591   0.048998620380024   0.048874865151458   0.048745366736344   0.048486369906118   0.048204400329703   0.048063415541496   0.047916687566742   0.047769959591988   0.047617488430687   0.047312546108085   0.046984631039295   
1.000000000000000   0.930809581724574   0.930809581724574   0.930809581724574   1.000000000000000   1.000000000000000   1.000000000000000   0.984536640359013   0.984536640359013   0.984536640359013   1.000000000000000   1.000000000000000   1.000000000000000   1.000000000000000   0.999524337261468   0.999167590207569   0.998810843153671   0.998573011784405   0.998097349045873   0.998097349045873   0.998097349045873   0.998216264730506   0.998335180415139   0.998573011784404   0.999048674522936   1.000000000000000   
PATCH 22 
2 2 
13 4 
0.000000000000000   0.000000000000000   0.000000000000000   0.250000000000000   0.250000000000000   0.375000000000000   0.375000000000000   0.500000000000000   0.500000000000000   0.750000000000000   0.750000000000000   0.875000000000000   0.875000000000000   1.000000000000000   1.000000000000000   1.000000000000000   
0.000000000000000   0.000000000000000   0.000000000000000   0.500000000000000   1.000000000000000   1.000000000000000   1.000000000000000   
0.004293095336391   0.003238895518742   0.002184695701092   0.002174818420540   0.002170441875802   0.002166065331065   0.002167189522143   0.001693367347584   0.001219545173025   0.000965090914535   0.001264600769477   0.001126283825930   0.001486123204109   0.005009664205044   0.004186340796310   0.003363017387575   0.003325550532468   0.003320252234779   0.003314953937091   0.003341824196821   0.002977161553738   0.002612498910656   0.002303125356938   0.002520427781163   0.002409360106521   0.002783112566043   0.006442801942351   0.006081231351446   0.005719660760540   0.005627014756325   0.005619872952733   0.005612731149142   0.005691093546176   0.005544749966046   0.005398406385917   0.004979194241743   0.005032081804534   0.004975512667703   0.005377091289911   0.007159370811004   0.007028676629014   0.006897982447023   0.006777746868253   0.006769683311710   0.006761619755168   0.006865728220853   0.006828544172201   0.006791360123548   0.006317228684145   0.006287908816220   0.006258588948294   0.006674080651846   
0.042501163152690   0.044102440705276   0.045703718257862   0.045612066115369   0.045620293062572   0.045628520009775   0.045736626046674   0.046871280692400   0.048005935338127   0.039799476653952   0.048226321632046   0.039956374616447   0.048265410457478   0.042972915703924   0.044223503373220   0.045474091042515   0.045237372372383   0.045249373260393   0.045261374148403   0.045522094594555   0.046484123773013   0.047446152951471   0.040512297477698   0.046842788785539   0.040650686098112   0.047682189588069   0.043916420806394   0.044465628709108   0.045014836611821   0.044487984886410   0.044507533656034   0.044527082425659   0.045093031690319   0.045709809934239   0.046326588178159   0.041937939125190   0.044075723092527   0.042039309061442   0.046515747849253   0.044388173357629   0.044586691377052   0.044785209396474   0.044113291143424   0.044136613853855   0.044159936564287   0.044878500238200   0.045322653014851   0.045766805791502   0.042650759948935   0.042692190246021   0.042733620543107   0.045932526979845   
1.000000000000000   1.000000000000000   1.000000000000000   0.997824346428607   0.997824346428607   0.997824346428607   1.000000000000000   1.000000000000000   1.000000000000000   0.826891296820394   1.000000000000000   0.826891296820394   1.000000000000000   1.000000000000000   1.000000000000000   1.000000000000000   0.994502419911209   0.994502419911209   0.994502419911209   1.000000000000000   1.000000000000000   1.000000000000000   0.852870868046439   0.982702395431144   0.852870868046439   1.000000000000000   1.000000000000000   1.000000000000000   1.000000000000000   0.987858566876411   0.987858566876411   0.987858566876411   1.000000000000000   1.000000000000000   1.000000000000000   0.904830010498529   0.948107186293431   0.904830010498529   1.000000000000000   1.000000000000000   1.000000000000000   1.000000000000000   0.984536640359013   0.984536640359013   0.984536640359013   1.000000000000000   1.000000000000000   1.000000000000000   0.930809581724574   0.930809581724574   0.930809581724574   1.000000000000000   
PATCH 23 
2 1 
13 2 
0.000000000000000   0.000000000000000   0.000000000000000   0.125000000000000   0.125000000000000   0.250000000000000   0.250000000000000   0.500000000000000   0.500000000000000   0.625000000000000   0.625000000000000   0.750000000000000   0.750000000000000   1.000000000000000   1.000000000000000   1.000000000000000   
0.000000000000000   0.000000000000000   1.000000000000000   1.000000000000000   
0.008682408883347   0.009214726804819   0.009745505844094   0.010276284883369   0.010805525040447   0.011864005354603   0.012916330139971   0.013442492532654   0.013967116043140   0.014491739553627   0.015014824181916   0.016060993438494   0.017101007166283   0.008769232972180   0.009306874072867   0.009842960902535   0.010379047732203   0.010913580290852   0.011982645408149   0.013045493441370   0.013576917457981   0.014106787203572   0.014636656949163   0.015164972423735   0.016221603372879   0.017272017237946   
0.049240387650610   0.049122375608591   0.048998620380024   0.048874865151458   0.048745366736344   0.048486369906118   0.048204400329703   0.048063415541496   0.047916687566742   0.047769959591988   0.047617488430687   0.047312546108085   0.046984631039295   0.049732791527117   0.049613599364677   0.049488606583825   0.049363613802972   0.049232820403708   0.048971233605179   0.048686444333000   0.048544049696911   0.048395854442409   0.048247659187908   0.048093663314994   0.047785671569166   0.047454477349688   
1.000000000000000   0.999524337261468   0.999167590207569   0.998810843153671   0.998573011784405   0.998097349045873   0.998097349045873   0.998097349045873   0.998216264730506   0.998335180415139   0.998573011784404   0.999048674522936   1.000000000000000   1.000000000000000   0.999524337261468   0.999167590207569   0.998810843153671   0.998573011784405   0.998097349045873   0.998097349045873   0.998097349045873   0.998216264730506   0.998335180415139   0.998573011784404   0.999048674522936   1.000000000000000   
PATCH 24 
2 1 
6 2 
0.000000000000000   0.000000000000000   0.000000000000000   0.250000000000000   0.500000000000000   0.750000000000000   1.000000000000000   1.000000000000000   1.000000000000000   
0.000000000000000   0.000000000000000   1.000000000000000   1.000000000000000   
0.017101007166283   0.018108483646471   0.020103334230874   0.022078082439303   0.024032728271759   0.025000000000000   0.017272017237946   0.018289568482936   0.020304367573183   0.022298863263696   0.024273055554476   0.025250000000000   
0.046984631039295   0.046567320617430   0.045689590089305   0.044768749876786   0.043804799979875   0.043301270189222   0.047454477349688   0.047032993823604   0.046146485990198   0.045216437375554   0.044242847979673   0.043734282891114   
1.000000000000000   0.999048674522936   0.998097349045873   0.998097349045873   0.999048674522936   1.000000000000000   1.000000000000000   0.999048674522936   0.998097349045873   0.998097349045873   0.999048674522936   1.000000000000000   
PATCH 25 
2 1 
6 2 
0.000000000000000   0.000000000000000   0.000000000000000   0.250000000000000   0.500000000000000   0.750000000000000   1.000000000000000   1.000000000000000   1.000000000000000   
0.000000000000000   0.000000000000000   1.000000000000000   1.000000000000000   
0.017101007166283   0.018108483646471   0.020103334230874   0.022078082439303   0.024032728271759   0.025000000000000   0.007159370811004   0.008794328811299   0.012064244811889   0.015334160812479   0.018604076813068   0.020239034813363   
0.046984631039295   0.046567320617430   0.045689590089305   0.044768749876786   0.043804799979875   0.043301270189222   0.044388173357629   0.041904752756086   0.036937911553001   0.031971070349915   0.027004229146830   0.024520808545287   
1.000000000000000   0.999048674522936   0.998097349045873   0.998097349045873   0.999048674522936   1.000000000000000   1.000000000000000   1.000000000000000   1.000000000000000   1.000000000000000   1.000000000000000   1.000000000000000   
PATCH 26 
2 1 
13 2 
0.000000000000000   0.000000000000000   0.000000000000000   0.250000000000000   0.250000000000000   0.375000000000000   0.375000000000000   0.500000000000000   0.500000000000000   0.750000000000000   0.750000000000000   0.875000000000000   0.875000000000000   1.000000000000000   1.000000000000000   1.000000000000000   
0.000000000000000   0.000000000000000   1.000000000000000   1.000000000000000   
0.025000000000000   0.026308966037125   0.027588059402199   0.028227606084736   0.028859684599260   0.029491763113783   0.030116373460294   0.031365594153316   0.032584942174285   0.033194616184770   0.033796822027242   0.034399027869714   0.034993765544173   0.020239034813363   0.020595692686841   0.020952350560319   0.020924966060687   0.020928720663208   0.020932475265729   0.020967368970403   0.021207976381971   0.021448583793538   0.019562203575068   0.019552042174398   0.019541880773727   0.021407938190857   
0.043301270189222   0.042431455263562   0.041522296667951   0.041067717370146   0.040603302154853   0.040138886939560   0.039664635806780   0.038716133541220   0.037728287605709   0.037234364637954   0.036730605752711   0.036226846867468   0.035713252064737   0.024520808545287   0.023979062818157   0.023437317091027   0.023395418411367   0.023388617973151   0.023381817534935   0.023410115338161   0.022880886590811   0.022351657843460   0.020309430264535   0.020253381293499   0.020197332322463   0.022127461959315   
1.000000000000000   0.998024023927000   0.997036035890501   0.996542041872251   0.996295044863126   0.996048047854001   0.996048047854001   0.996048047854001   0.997036035890501   0.997530029908751   0.998271020936125   0.999012011963500   1.000000000000000   1.000000000000000   1.000000000000000   1.000000000000000   0.998489142308387   0.998489142308387   0.998489142308387   1.000000000000000   1.000000000000000   1.000000000000000   0.910951906620373   0.910951906620373   0.910951906620373   1.000000000000000   
PATCH 27 
2 2 
6 4 
0.000000000000000   0.000000000000000   0.000000000000000   0.250000000000000   0.500000000000000   0.750000000000000   1.000000000000000   1.000000000000000   1.000000000000000   
0.000000000000000   0.000000000000000   0.000000000000000   0.500000000000000   1.000000000000000   1.000000000000000   1.000000000000000   
0.017372759338750   0.015737801338455   0.012467885337866   0.009197969337276   0.005928053336686   0.004293095336391   0.018089328207403   0.016454370207109   0.013184454206519   0.009914538205929   0.006644622205339   0.005009664205044   0.019522465944710   0.017887507944415   0.014617591943825   0.011347675943236   0.008077759942646   0.006442801942351   0.020239034813363   0.018604076813068   0.015334160812479   0.012064244811889   0.008794328811299   0.007159370811004   
0.022633798340348   0.025117218941890   0.030084060144976   0.035050901348061   0.040017742551147   0.042501163152690   0.023105550891582   0.025588971493125   0.030555812696211   0.035522653899296   0.040489495102382   0.042972915703924   0.024049055994052   0.026532476595595   0.031499317798680   0.036466159001766   0.041433000204851   0.043916420806394   0.024520808545287   0.027004229146830   0.031971070349915   0.036937911553001   0.041904752756086   0.044388173357629   
1.000000000000000   1.000000000000000   1.000000000000000   1.000000000000000   1.000000000000000   1.000000000000000   1.000000000000000   1.000000000000000   1.000000000000000   1.000000000000000   1.000000000000000   1.000000000000000   1.000000000000000   1.000000000000000   1.000000000000000   1.000000000000000   1.000000000000000   1.000000000000000   1.000000000000000   1.000000000000000   1.000000000000000   1.000000000000000   1.000000000000000   1.000000000000000   
PATCH 28 
2 2 
13 4 
0.000000000000000   0.000000000000000   0.000000000000000   0.250000000000000   0.250000000000000   0.375000000000000   0.375000000000000   0.500000000000000   0.500000000000000   0.750000000000000   0.750000000000000   0.875000000000000   0.875000000000000   1.000000000000000   1.000000000000000   1.000000000000000   
0.000000000000000   0.000000000000000   0.000000000000000   0.500000000000000   1.000000000000000   1.000000000000000   1.000000000000000   
0.017372759338750   0.017583476052113   0.017794192765476   0.017212839636409   0.017220460668432   0.017228081700454   0.017824676893564   0.017561218734152   0.017297760574740   0.013975367464781   0.017404480944929   0.014184858645294   0.017636714607899   0.018089328207403   0.018336530210795   0.018583732214187   0.018140871242479   0.018147525667126   0.018154180091773   0.018610349912774   0.018472908146107   0.018335466379439   0.015372076492353   0.017941371252297   0.015524114177403   0.018579520503638   0.019522465944710   0.019842638528159   0.020162811111608   0.019996934454617   0.020001655664514   0.020006376874410   0.020181695951194   0.020296286970016   0.020410877988838   0.018165494547496   0.019015151867031   0.018202625241619   0.020465132295117   0.020239034813363   0.020595692686841   0.020952350560319   0.020924966060687   0.020928720663208   0.020932475265729   0.020967368970403   0.021207976381971   0.021448583793538   0.019562203575068   0.019552042174398   0.019541880773727   0.021407938190857   
0.022633798340348   0.022313730040758   0.021993661741169   0.021220364999451   0.021185041331774   0.021149717664098   0.021852367070462   0.020190672596495   0.018528978122527   0.014873710868980   0.018319465667188   0.014766948742536   0.018356238376357   0.023105550891582   0.022730063235108   0.022354575578633   0.021764128352430   0.021735935492119   0.021707742631807   0.022241804137387   0.020863226095074   0.019484648052760   0.016232640717869   0.018802944573765   0.016124544637517   0.019299044272096   0.024049055994052   0.023562729623807   0.023076403253562   0.022851655058388   0.022837723812807   0.022823792567226   0.023020678271237   0.022208333092232   0.021395987913227   0.018950500415646   0.019769902386921   0.018839736427481   0.021184656063575   0.024520808545287   0.023979062818157   0.023437317091027   0.023395418411367   0.023388617973151   0.023381817534935   0.023410115338161   0.022880886590811   0.022351657843460   0.020309430264535   0.020253381293499   0.020197332322463   0.022127461959315   
1.000000000000000   1.000000000000000   1.000000000000000   0.966212354319145   0.966212354319145   0.966212354319145   1.000000000000000   1.000000000000000   1.000000000000000   0.808993563185780   1.000000000000000   0.808993563185780   1.000000000000000   1.000000000000000   1.000000000000000   1.000000000000000   0.974281551316455   0.974281551316455   0.974281551316455   1.000000000000000   1.000000000000000   1.000000000000000   0.834483149044428   0.977737976655093   0.834483149044428   1.000000000000000   1.000000000000000   1.000000000000000   1.000000000000000   0.990419945311077   0.990419945311077   0.990419945311077   1.000000000000000   1.000000000000000   1.000000000000000   0.885462320761725   0.933213929965280   0.885462320761725   1.000000000000000   1.000000000000000   1.000000000000000   1.000000000000000   0.998489142308387   0.998489142308387   0.998489142308387   1.000000000000000   1.000000000000000   1.000000000000000   0.910951906620373   0.910951906620373   0.910951906620373   1.000000000000000   
PATCH 29 
2 1 
13 2 
0.000000000000000   0.000000000000000   0.000000000000000   0.250000000000000   0.250000000000000   0.375000000000000   0.375000000000000   0.500000000000000   0.500000000000000   0.750000000000000   0.750000000000000   0.875000000000000   0.875000000000000   1.000000000000000   1.000000000000000   1.000000000000000   
0.000000000000000   0.000000000000000   1.000000000000000   1.000000000000000   
0.025000000000000   0.026308966037125   0.027588059402199   0.028227606084736   0.028859684599260   0.029491763113783   0.030116373460294   0.031365594153316   0.032584942174285   0.033194616184770   0.033796822027242   0.034399027869714   0.034993765544173   0.025250000000000   0.026178902508932   0.027094027156471   0.027551589480241   0.028005707338662   0.028459825197083   0.028910498590156   0.029811845376303   0.030699414301056   0.031143198763433   0.031583538760461   0.032023878757490   0.032460774289170   
0.043301270189222   0.042431455263562   0.041522296667951   0.041067717370146   0.040603302154853   0.040138886939560   0.039664635806780   0.038716133541220   0.037728287605709   0.037234364637954   0.036730605752711   0.036226846867468   0.035713252064737   0.043734282891114   0.043142506727484   0.042531053738569   0.042225327244111   0.041914681543332   0.041604035842553   0.041288470935453   0.040657341121252   0.040006534481766   0.039681131162023   0.039350808635958   0.039020486109894   0.038685244377508   
1.000000000000000   0.998024023927000   0.997036035890501   0.996542041872251   0.996295044863126   0.996048047854001   0.996048047854001   0.996048047854001   0.997036035890501   0.997530029908751   0.998271020936125   0.999012011963500   1.000000000000000   1.000000000000000   0.999048674522937   0.998573011784405   0.998335180415139   0.998216264730506   0.998097349045873   0.998097349045873   0.998097349045873   0.998573011784405   0.998810843153671   0.999167590207569   0.999524337261468   1.000000000000000   
PATCH 30 
2 1 
6 2 
0.000000000000000   0.000000000000000   0.000000000000000   0.250000000000000   0.500000000000000   0.750000000000000   1.000000000000000   1.000000000000000   1.000000000000000   
0.000000000000000   0.000000000000000   1.000000000000000   1.000000000000000   
0.017372759338750   0.015737801338455   0.012467885337866   0.009197969337276   0.005928053336686   0.004293095336391   0.000000000000000   0.000000000000000   0.000000000000000   0.000000000000000   0.000000000000000   0.000000000000000   
0.022633798340348   0.025117218941890   0.030084060144976   0.035050901348061   0.040017742551147   0.042501163152690   0.014550000000000   0.018043895394086   0.025031686182259   0.032019476970431   0.039007267758603   0.042501163152690   
1.000000000000000   1.000000000000000   1.000000000000000   1.000000000000000   1.000000000000000   1.000000000000000   1.000000000000000   1.000000000000000   1.000000000000000   1.000000000000000   1.000000000000000   1.000000000000000   
PATCH 31 
2 1 
13 2 
0.000000000000000   0.000000000000000   0.000000000000000   0.250000000000000   0.250000000000000   0.375000000000000   0.375000000000000   0.500000000000000   0.500000000000000   0.750000000000000   0.750000000000000   0.875000000000000   0.875000000000000   1.000000000000000   1.000000000000000   1.000000000000000   
0.000000000000000   0.000000000000000   1.000000000000000   1.000000000000000   
0.004293095336391   0.003238895518742   0.002184695701092   0.002174818420540   0.002170441875802   0.002166065331065   0.002167189522143   0.001693367347584   0.001219545173025   0.000965090914535   0.001264600769477   0.001126283825930   0.001486123204109   0.000000000000000   0.000000000000000   0.000000000000000   0.000000000000000   0.000000000000000   0.000000000000000   0.000000000000000   0.000000000000000   0.000000000000000   0.000000000000000   0.000000000000000   0.000000000000000   0.000000000000000   
0.042501163152690   0.044102440705276   0.045703718257862   0.045612066115369   0.045620293062572   0.045628520009775   0.045736626046674   0.046871280692400   0.048005935338127   0.039799476653952   0.048226321632046   0.039956374616447   0.048265410457478   0.042501163152690   0.043438517758603   0.044375872364517   0.044844549667474   0.045313226970431   0.045781904273388   0.046250581576345   0.047187936182259   0.048125290788172   0.048593968091129   0.049062645394086   0.049531322697043   0.050000000000000   
1.000000000000000   1.000000000000000   1.000000000000000   0.997824346428607   0.997824346428607   0.997824346428607   1.000000000000000   1.000000000000000   1.000000000000000   0.826891296820394   1.000000000000000   0.826891296820394   1.000000000000000   1.000000000000000   1.000000000000000   1.000000000000000   1.000000000000000   1.000000000000000   1.000000000000000   1.000000000000000   1.000000000000000   1.000000000000000   1.000000000000000   1.000000000000000   1.000000000000000   1.000000000000000   
PATCH 32 
2 1 
13 2 
0.000000000000000   0.000000000000000   0.000000000000000   0.250000000000000   0.250000000000000   0.375000000000000   0.375000000000000   0.500000000000000   0.500000000000000   0.750000000000000   0.750000000000000   0.875000000000000   0.875000000000000   1.000000000000000   1.000000000000000   1.000000000000000   
0.000000000000000   0.000000000000000   1.000000000000000   1.000000000000000   
0.000000000000000   0.001374895508476   0.002698792373549   0.003360740806085   0.004009939577771   0.004659138349456   0.005295587460291   0.006568485681960   0.007790385260226   0.008401335049359   0.008999535177641   0.009597735305923   0.010183185773354   0.017372759338750   0.017583476052113   0.017794192765476   0.017212839636409   0.017220460668432   0.017228081700454   0.017824676893564   0.017561218734152   0.017297760574740   0.013975367464781   0.017404480944929   0.014184858645294   0.017636714607899   
0.014550000000000   0.014280150307079   0.013885385232547   0.013688002695280   0.013459391312611   0.013230779929941   0.012970939701868   0.012451259245723   0.011806663407966   0.011484365489087   0.011130838724805   0.010777311960523   0.010392556350839   0.022633798340348   0.022313730040758   0.021993661741169   0.021220364999451   0.021185041331774   0.021149717664098   0.021852367070462   0.020190672596495   0.018528978122527   0.014873710868980   0.018319465667188   0.014766948742536   0.018356238376357   
1.000000000000000   0.981453629352536   0.972180444028803   0.967543851366937   0.965225555036004   0.962907258705071   0.962907258705071   0.962907258705071   0.972180444028803   0.976817036690669   0.983771925683468   0.990726814676268   1.000000000000000   1.000000000000000   1.000000000000000   1.000000000000000   0.966212354319145   0.966212354319145   0.966212354319145   1.000000000000000   1.000000000000000   1.000000000000000   0.808993563185780   1.000000000000000   0.808993563185780   1.000000000000000   
INTERFACE 1 
1 2 
5 1 
1 
INTERFACE 2 
1 3 
2 4 
1 
INTERFACE 3 
2 1 
13 2 
1 
INTERFACE 4 
2 2 
3 1 
1 
INTERFACE 5 
2 3 
4 2 
1 
INTERFACE 6 
3 2 
7 1 
-1 
INTERFACE 7 
3 3 
4 4 
-1 
INTERFACE 8 
3 4 
5 3 
1 
INTERFACE 9 
4 1 
9 2 
1 
INTERFACE 10 
4 3 
13 3 
1 
INTERFACE 11 
5 2 
6 1 
1 
INTERFACE 12 
6 2 
11 1 
1 
INTERFACE 13 
6 3 
7 3 
1 
INTERFACE 14 
7 2 
8 1 
1 
INTERFACE 15 
7 4 
9 4 
-1 
INTERFACE 16 
8 2 
15 1 
1 
INTERFACE 17 
8 3 
11 3 
1 
INTERFACE 18 
8 4 
10 4 
1 
INTERFACE 19 
9 1 
10 1 
1 
INTERFACE 20 
9 3 
12 3 
1 
INTERFACE 21 
10 2 
16 3 
1 
INTERFACE 22 
10 3 
14 4 
1 
INTERFACE 23 
11 2 
18 1 
1 
INTERFACE 24 
12 1 
14 1 
-1 
INTERFACE 25 
12 2 
13 1 
1 
INTERFACE 26 
14 2 
17 1 
-1 
INTERFACE 27 
15 2 
26 2 
1 
INTERFACE 28 
15 3 
18 3 
1 
INTERFACE 29 
15 4 
16 2 
1 
INTERFACE 30 
16 1 
17 3 
1 
INTERFACE 31 
16 4 
28 2 
1 
INTERFACE 32 
17 2 
32 2 
-1 
INTERFACE 33 
18 2 
29 2 
1 
INTERFACE 34 
19 2 
23 1 
1 
INTERFACE 35 
19 3 
20 4 
1 
INTERFACE 36 
20 1 
31 2 
1 
INTERFACE 37 
20 2 
21 1 
1 
INTERFACE 38 
20 3 
22 2 
1 
INTERFACE 39 
21 2 
25 1 
-1 
INTERFACE 40 
21 3 
22 4 
-1 
INTERFACE 41 
21 4 
23 3 
1 
INTERFACE 42 
22 1 
27 2 
1 
INTERFACE 43 
22 3 
31 3 
1 
INTERFACE 44 
23 2 
24 1 
1 
INTERFACE 45 
24 2 
29 1 
1 
INTERFACE 46 
24 3 
25 3 
1 
INTERFACE 47 
25 2 
26 1 
1 
INTERFACE 48 
25 4 
27 4 
-1 
INTERFACE 49 
26 3 
29 3 
1 
INTERFACE 50 
26 4 
28 4 
1 
INTERFACE 51 
27 1 
28 1 
1 
INTERFACE 52 
27 3 
30 3 
1 
INTERFACE 53 
28 3 
32 4 
1 
INTERFACE 54 
30 1 
32 1 
-1 
INTERFACE 55 
30 2 
31 1 
1 
BOUNDARY 1 
1 
1 1 
BOUNDARY 2 
1 
1 4 
BOUNDARY 3 
1 
5 4 
BOUNDARY 4 
1 
6 4 
BOUNDARY 5 
1 
11 4 
BOUNDARY 6 
1 
12 4 
BOUNDARY 7 
1 
13 4 
BOUNDARY 8 
1 
14 3 
BOUNDARY 9 
1 
17 4 
BOUNDARY 10 
1 
18 4 
BOUNDARY 11 
1 
19 1 
BOUNDARY 12 
1 
19 4 
BOUNDARY 13 
1 
23 4 
BOUNDARY 14 
1 
24 4 
BOUNDARY 15 
1 
29 4 
BOUNDARY 16 
1 
30 4 
BOUNDARY 17 
1 
31 4 
BOUNDARY 18 
1 
32 3 
