# nurbs mesh v.2.1
#
# 13-Jul-2024
#
2 2 32 55 0 
PATCH 1 
2 1 
4 2 
0.000000000000000   0.000000000000000   0.000000000000000   0.500000000000000   1.000000000000000   1.000000000000000   1.000000000000000   
0.000000000000000   0.000000000000000   1.000000000000000   1.000000000000000   
0.050000000000000   0.049904867452294   0.049525061277599   0.049240387650610   0.050500000000000   0.050403916126817   0.050020311890375   0.049732791527117   
0.000000000000000   0.002178893568691   0.006520098010365   0.008682408883347   0.000000000000000   0.002200682504378   0.006585298990468   0.008769232972180   
1.000000000000000   0.998097349045873   0.998097349045873   1.000000000000000   1.000000000000000   0.998097349045873   0.998097349045873   1.000000000000000   
PATCH 2 
2 1 
4 2 
0.000000000000000   0.000000000000000   0.000000000000000   0.500000000000000   1.000000000000000   1.000000000000000   1.000000000000000   
0.000000000000000   0.000000000000000   1.000000000000000   1.000000000000000   
0.048117935535258   0.047556026937696   0.046432209742573   0.045870301145011   0.050000000000000   0.049904867452294   0.049525061277599   0.049240387650610   
0.001599620567724   0.002865852428531   0.005398316150143   0.006664548010950   0.000000000000000   0.002178893568691   0.006520098010365   0.008682408883347   
1.000000000000000   1.000000000000000   1.000000000000000   1.000000000000000   1.000000000000000   0.998097349045873   0.998097349045873   1.000000000000000   
PATCH 3 
2 1 
13 2 
0.000000000000000   0.000000000000000   0.000000000000000   0.125000000000000   0.125000000000000   0.250000000000000   0.250000000000000   0.500000000000000   0.500000000000000   0.625000000000000   0.625000000000000   0.750000000000000   0.750000000000000   1.000000000000000   1.000000000000000   1.000000000000000   
0.000000000000000   0.000000000000000   1.000000000000000   1.000000000000000   
0.045870301145011   0.042975268065258   0.042936587349238   0.042897906633219   0.045715578280934   0.045029671879471   0.044343765478007   0.044033481300739   0.044017989088448   0.044002496876158   0.044281796628846   0.043905109376646   0.043528422124446   0.049240387650610   0.049122375608591   0.048998620380024   0.048874865151458   0.048745366736344   0.048486369906118   0.048204400329703   0.048063415541496   0.047916687566742   0.047769959591988   0.047617488430687   0.047312546108085   0.046984631039295   
0.006664548010950   0.006291094249998   0.006320317829879   0.006349541409760   0.006781442330475   0.006878726641498   0.006976010952522   0.006932007150400   0.006936867125210   0.006941727100019   0.006995450851759   0.007185408697573   0.007375366543387   0.008682408883347   0.009214726804819   0.009745505844094   0.010276284883369   0.010805525040447   0.011864005354603   0.012916330139971   0.013442492532654   0.013967116043140   0.014491739553627   0.015014824181916   0.016060993438494   0.017101007166283   
1.000000000000000   0.937315234903886   0.937315234903886   0.937315234903886   1.000000000000000   1.000000000000000   1.000000000000000   0.993365280578291   0.993365280578291   0.993365280578291   1.000000000000000   1.000000000000000   1.000000000000000   1.000000000000000   0.999524337261468   0.999167590207569   0.998810843153671   0.998573011784405   0.998097349045873   0.998097349045873   0.998097349045873   0.998216264730506   0.998335180415139   0.998573011784404   0.999048674522936   1.000000000000000   
PATCH 4 
2 2 
13 4 
0.000000000000000   0.000000000000000   0.000000000000000   0.250000000000000   0.250000000000000   0.375000000000000   0.375000000000000   0.500000000000000   0.500000000000000   0.750000000000000   0.750000000000000   0.875000000000000   0.875000000000000   1.000000000000000   1.000000000000000   1.000000000000000   
0.000000000000000   0.000000000000000   0.000000000000000   0.500000000000000   1.000000000000000   1.000000000000000   1.000000000000000   
0.041469001941482   0.042588328528232   0.043707655114982   0.043519704779794   0.043532467224778   0.043545229669763   0.043758704894919   0.045827413692385   0.047896122489850   0.041029759565654   0.048091304676740   0.041159548694845   0.048117935535258   0.041983856987223   0.042917523740335   0.043851190493448   0.043640402803885   0.043653847690696   0.043667292577507   0.043904970040691   0.045627978239156   0.047350986437621   0.041496796332545   0.046802625344864   0.041613478537448   0.047556026937696   0.043013567078705   0.043575914164542   0.044138261250380   0.043881798852067   0.043896608622531   0.043911418392995   0.044197500332235   0.045229107332699   0.046260714333163   0.042430869866328   0.044225266681114   0.042521338222654   0.046432209742573   0.043528422124446   0.043905109376646   0.044281796628846   0.044002496876158   0.044017989088448   0.044033481300739   0.044343765478007   0.045029671879471   0.045715578280934   0.042897906633219   0.042936587349238   0.042975268065258   0.045870301145011   
0.003291527170907   0.002727067221866   0.002162607272825   0.002146633532034   0.002142238171241   0.002137842810448   0.002145025829653   0.001733681401608   0.001322336973564   0.001109694223758   0.001393562442666   0.001271940750598   0.001599620567724   0.004312487014027   0.003841652590793   0.003370818167559   0.003345406924030   0.003340895409733   0.003336383895436   0.003352772110370   0.003019942711581   0.002687113312791   0.002419656020259   0.002625251289469   0.002526729125448   0.002865852428531   0.006354406700267   0.006070823328646   0.005787239957026   0.005742953708023   0.005738209886718   0.005733466065412   0.005768264671805   0.005592465331526   0.005416665991247   0.005039579613260   0.005088628983076   0.005036305875148   0.005398316150143   0.007375366543387   0.007185408697573   0.006995450851759   0.006941727100019   0.006936867125210   0.006932007150400   0.006976010952522   0.006878726641498   0.006781442330475   0.006349541409760   0.006320317829879   0.006291094249998   0.006664548010950   
1.000000000000000   1.000000000000000   1.000000000000000   0.995424081003289   0.995424081003289   0.995424081003289   1.000000000000000   1.000000000000000   1.000000000000000   0.854513189161318   1.000000000000000   0.854513189161318   1.000000000000000   1.000000000000000   1.000000000000000   1.000000000000000   0.994909380897039   0.994909380897039   0.994909380897039   1.000000000000000   1.000000000000000   1.000000000000000   0.875213700596960   0.984328808725971   0.875213700596960   1.000000000000000   1.000000000000000   1.000000000000000   1.000000000000000   0.993879980684541   0.993879980684541   0.993879980684541   1.000000000000000   1.000000000000000   1.000000000000000   0.916614723468244   0.952986426177914   0.916614723468244   1.000000000000000   1.000000000000000   1.000000000000000   1.000000000000000   0.993365280578291   0.993365280578291   0.993365280578291   1.000000000000000   1.000000000000000   1.000000000000000   0.937315234903886   0.937315234903886   0.937315234903886   1.000000000000000   
PATCH 5 
2 1 
13 2 
0.000000000000000   0.000000000000000   0.000000000000000   0.125000000000000   0.125000000000000   0.250000000000000   0.250000000000000   0.500000000000000   0.500000000000000   0.625000000000000   0.625000000000000   0.750000000000000   0.750000000000000   1.000000000000000   1.000000000000000   1.000000000000000   
0.000000000000000   0.000000000000000   1.000000000000000   1.000000000000000   
0.049240387650610   0.049122375608591   0.048998620380024   0.048874865151458   0.048745366736344   0.048486369906118   0.048204400329703   0.048063415541496   0.047916687566742   0.047769959591988   0.047617488430687   0.047312546108085   0.046984631039295   0.049732791527117   0.049613599364677   0.049488606583825   0.049363613802972   0.049232820403708   0.048971233605179   0.048686444333000   0.048544049696911   0.048395854442409   0.048247659187908   0.048093663314994   0.047785671569166   0.047454477349688   
0.008682408883347   0.009214726804819   0.009745505844094   0.010276284883369   0.010805525040447   0.011864005354603   0.012916330139971   0.013442492532654   0.013967116043140   0.014491739553627   0.015014824181916   0.016060993438494   0.017101007166283   0.008769232972180   0.009306874072867   0.009842960902535   0.010379047732203   0.010913580290852   0.011982645408149   0.013045493441370   0.013576917457981   0.014106787203572   0.014636656949163   0.015164972423735   0.016221603372879   0.017272017237946   
1.000000000000000   0.999524337261468   0.999167590207569   0.998810843153671   0.998573011784405   0.998097349045873   0.998097349045873   0.998097349045873   0.998216264730506   0.998335180415139   0.998573011784404   0.999048674522936   1.000000000000000   1.000000000000000   0.999524337261468   0.999167590207569   0.998810843153671   0.998573011784405   0.998097349045873   0.998097349045873   0.998097349045873   0.998216264730506   0.998335180415139   0.998573011784404   0.999048674522936   1.000000000000000   
PATCH 6 
2 1 
6 2 
0.000000000000000   0.000000000000000   0.000000000000000   0.250000000000000   0.500000000000000   0.750000000000000   1.000000000000000   1.000000000000000   1.000000000000000   
0.000000000000000   0.000000000000000   1.000000000000000   1.000000000000000   
0.046984631039295   0.046567320617430   0.045689590089305   0.044768749876786   0.043804799979875   0.043301270189222   0.047454477349688   0.047032993823604   0.046146485990198   0.045216437375554   0.044242847979673   0.043734282891114   
0.017101007166283   0.018108483646471   0.020103334230874   0.022078082439303   0.024032728271759   0.025000000000000   0.017272017237946   0.018289568482936   0.020304367573183   0.022298863263696   0.024273055554476   0.025250000000000   
1.000000000000000   0.999048674522936   0.998097349045873   0.998097349045873   0.999048674522936   1.000000000000000   1.000000000000000   0.999048674522936   0.998097349045873   0.998097349045873   0.999048674522936   1.000000000000000   
PATCH 7 
2 1 
6 2 
0.000000000000000   0.000000000000000   0.000000000000000   0.250000000000000   0.500000000000000   0.750000000000000   1.000000000000000   1.000000000000000   1.000000000000000   
0.000000000000000   0.000000000000000   1.000000000000000   1.000000000000000   
0.046984631039295   0.046567320617430   0.045689590089305   0.044768749876786   0.043804799979875   0.043301270189222   0.043528422124446   0.040925273794419   0.035718977134365   0.030512680474311   0.025306383814256   0.022703235484229   
0.017101007166283   0.018108483646471   0.020103334230874   0.022078082439303   0.024032728271759   0.025000000000000   0.007375366543387   0.008688095992599   0.011313554891024   0.013939013789448   0.016564472687873   0.017877202137085   
1.000000000000000   0.999048674522936   0.998097349045873   0.998097349045873   0.999048674522936   1.000000000000000   1.000000000000000   1.000000000000000   1.000000000000000   1.000000000000000   1.000000000000000   1.000000000000000   
PATCH 8 
2 1 
13 2 
0.000000000000000   0.000000000000000   0.000000000000000   0.250000000000000   0.250000000000000   0.375000000000000   0.375000000000000   0.500000000000000   0.500000000000000   0.750000000000000   0.750000000000000   0.875000000000000   0.875000000000000   1.000000000000000   1.000000000000000   1.000000000000000   
0.000000000000000   0.000000000000000   1.000000000000000   1.000000000000000   
0.043301270189222   0.042440595577268   0.041541294129994   0.041091643406358   0.040632335973891   0.040173028541425   0.039704064400128   0.038766136117536   0.037789580999624   0.037301303440668   0.036803369172882   0.036305434905096   0.035797843928481   0.022703235484229   0.022157896378843   0.021612557273457   0.021423788320957   0.021406706980508   0.021389625640059   0.021544231911660   0.020597531851466   0.019650831791273   0.018641934051140   0.018601146451227   0.018560358851313   0.019487681391618   
0.025000000000000   0.026296912691356   0.027564570611057   0.028198399570908   0.028824914837844   0.029451430104781   0.030070631678804   0.031309034826850   0.032518183203241   0.033122757391436   0.033720017886718   0.034317278382000   0.034907225184368   0.017877202137085   0.018152208634099   0.018427215131113   0.018287851584863   0.018292911042887   0.018297970500912   0.018447452963212   0.018550919859888   0.018654386756564   0.017742147729034   0.017727799038659   0.017713450348284   0.018596991995064   
1.000000000000000   0.998061805346670   0.997092708020005   0.996608159356672   0.996365885025006   0.996123610693340   0.996123610693340   0.996123610693340   0.997092708020005   0.997577256683337   0.998304079678336   0.999030902673335   1.000000000000000   1.000000000000000   1.000000000000000   1.000000000000000   0.992001770651025   0.992001770651025   0.992001770651025   1.000000000000000   1.000000000000000   1.000000000000000   0.950846059586797   0.950846059586797   0.950846059586797   1.000000000000000   
PATCH 9 
2 2 
6 4 
0.000000000000000   0.000000000000000   0.000000000000000   0.250000000000000   0.500000000000000   0.750000000000000   1.000000000000000   1.000000000000000   1.000000000000000   
0.000000000000000   0.000000000000000   0.000000000000000   0.500000000000000   1.000000000000000   1.000000000000000   1.000000000000000   
0.020643815301265   0.023246963631292   0.028453260291347   0.033659556951401   0.038865853611455   0.041469001941482   0.021158670347006   0.023761818677033   0.028968115337088   0.034174411997142   0.039380708657196   0.041983856987223   0.022188380438488   0.024791528768515   0.029997825428570   0.035204122088624   0.040410418748678   0.043013567078705   0.022703235484229   0.025306383814256   0.030512680474311   0.035718977134365   0.040925273794419   0.043528422124446   
0.013793362764606   0.012480633315393   0.009855174416969   0.007229715518544   0.004604256620119   0.003291527170907   0.014814322607726   0.013501593158513   0.010876134260089   0.008250675361664   0.005625216463239   0.004312487014027   0.016856242293965   0.015543512844753   0.012918053946328   0.010292595047904   0.007667136149479   0.006354406700267   0.017877202137085   0.016564472687873   0.013939013789448   0.011313554891024   0.008688095992599   0.007375366543387   
1.000000000000000   1.000000000000000   1.000000000000000   1.000000000000000   1.000000000000000   1.000000000000000   1.000000000000000   1.000000000000000   1.000000000000000   1.000000000000000   1.000000000000000   1.000000000000000   1.000000000000000   1.000000000000000   1.000000000000000   1.000000000000000   1.000000000000000   1.000000000000000   1.000000000000000   1.000000000000000   1.000000000000000   1.000000000000000   1.000000000000000   1.000000000000000   
PATCH 10 
2 2 
13 4 
0.000000000000000   0.000000000000000   0.000000000000000   0.250000000000000   0.250000000000000   0.375000000000000   0.375000000000000   0.500000000000000   0.500000000000000   0.750000000000000   0.750000000000000   0.875000000000000   0.875000000000000   1.000000000000000   1.000000000000000   1.000000000000000   
0.000000000000000   0.000000000000000   0.000000000000000   0.500000000000000   1.000000000000000   1.000000000000000   1.000000000000000   
0.020643815301265   0.020096081396132   0.019548347490998   0.019546253110141   0.019545040319889   0.019543827529636   0.019543496329988   0.018208901624677   0.016874306919366   0.014891596456211   0.016762483797779   0.014859922268388   0.016818088807334   0.021158670347006   0.020611535141809   0.020064399936612   0.020015636912845   0.020010456985043   0.020005277057242   0.020043680225406   0.018806059181374   0.017568438137343   0.015829180854943   0.017222149461141   0.015785031414119   0.017485486953405   0.022188380438488   0.021642442633165   0.021096504827842   0.020954404518253   0.020941290315353   0.020928176112453   0.021044048016242   0.020000374294769   0.018956700573296   0.017704349652408   0.018141480787865   0.017635249705582   0.018820283245547   0.022703235484229   0.022157896378843   0.021612557273457   0.021423788320957   0.021406706980508   0.021389625640059   0.021544231911660   0.020597531851466   0.019650831791273   0.018641934051140   0.018601146451227   0.018560358851313   0.019487681391618   
0.013793362764606   0.014069576923940   0.014345791083275   0.014345745696733   0.014346336901525   0.014346928106317   0.014348155902443   0.014976595426090   0.015605034949737   0.013887860324597   0.015751618031513   0.014069485642794   0.015927399410780   0.014814322607726   0.015090234851480   0.015366147095234   0.015331272168765   0.015332980436866   0.015334688704966   0.015372980167635   0.015870176534539   0.016367372901444   0.014851432175706   0.016245663283300   0.014980476819167   0.016594797556851   0.016856242293965   0.017131550706559   0.017406859119153   0.017302325112830   0.017306267507547   0.017310209902263   0.017422628698020   0.017657338751439   0.017892048804857   0.016778575877925   0.017233753786872   0.016802459171911   0.017929593848993   0.017877202137085   0.018152208634099   0.018427215131113   0.018287851584863   0.018292911042887   0.018297970500912   0.018447452963212   0.018550919859888   0.018654386756564   0.017742147729034   0.017727799038659   0.017713450348284   0.018596991995064   
1.000000000000000   1.000000000000000   1.000000000000000   0.999954488346126   0.999954488346126   0.999954488346126   1.000000000000000   1.000000000000000   1.000000000000000   0.887443623615639   1.000000000000000   0.887443623615639   1.000000000000000   1.000000000000000   1.000000000000000   1.000000000000000   0.997966308922351   0.997966308922351   0.997966308922351   1.000000000000000   1.000000000000000   1.000000000000000   0.903294232608429   0.987711514896699   0.903294232608429   1.000000000000000   1.000000000000000   1.000000000000000   1.000000000000000   0.993989950074800   0.993989950074800   0.993989950074800   1.000000000000000   1.000000000000000   1.000000000000000   0.934995450594008   0.963134544690098   0.934995450594008   1.000000000000000   1.000000000000000   1.000000000000000   1.000000000000000   0.992001770651025   0.992001770651025   0.992001770651025   1.000000000000000   1.000000000000000   1.000000000000000   0.950846059586797   0.950846059586797   0.950846059586797   1.000000000000000   
PATCH 11 
2 1 
13 2 
0.000000000000000   0.000000000000000   0.000000000000000   0.250000000000000   0.250000000000000   0.375000000000000   0.375000000000000   0.500000000000000   0.500000000000000   0.750000000000000   0.750000000000000   0.875000000000000   0.875000000000000   1.000000000000000   1.000000000000000   1.000000000000000   
0.000000000000000   0.000000000000000   1.000000000000000   1.000000000000000   
0.043301270189222   0.042440595577268   0.041541294129994   0.041091643406358   0.040632335973891   0.040173028541425   0.039704064400128   0.038766136117536   0.037789580999624   0.037301303440668   0.036803369172882   0.036305434905096   0.035797843928481   0.043734282891114   0.043142506727484   0.042531053738569   0.042225327244111   0.041914681543332   0.041604035842553   0.041288470935453   0.040657341121252   0.040006534481766   0.039681131162023   0.039350808635958   0.039020486109894   0.038685244377508   
0.025000000000000   0.026296912691356   0.027564570611057   0.028198399570908   0.028824914837844   0.029451430104781   0.030070631678804   0.031309034826850   0.032518183203241   0.033122757391436   0.033720017886718   0.034317278382000   0.034907225184368   0.025250000000000   0.026178902508932   0.027094027156471   0.027551589480241   0.028005707338662   0.028459825197083   0.028910498590156   0.029811845376303   0.030699414301056   0.031143198763433   0.031583538760461   0.032023878757490   0.032460774289170   
1.000000000000000   0.998061805346670   0.997092708020005   0.996608159356672   0.996365885025006   0.996123610693340   0.996123610693340   0.996123610693340   0.997092708020005   0.997577256683337   0.998304079678336   0.999030902673335   1.000000000000000   1.000000000000000   0.999048674522937   0.998573011784405   0.998335180415139   0.998216264730506   0.998097349045873   0.998097349045873   0.998097349045873   0.998573011784405   0.998810843153671   0.999167590207569   0.999524337261468   1.000000000000000   
PATCH 12 
2 1 
6 2 
0.000000000000000   0.000000000000000   0.000000000000000   0.250000000000000   0.500000000000000   0.750000000000000   1.000000000000000   1.000000000000000   1.000000000000000   
0.000000000000000   0.000000000000000   1.000000000000000   1.000000000000000   
0.020643815301265   0.023246963631292   0.028453260291347   0.033659556951401   0.038865853611455   0.041469001941482   0.014550000000000   0.017914875242685   0.024644625728056   0.031374376213426   0.038104126698797   0.041469001941482   
0.013793362764606   0.012480633315393   0.009855174416969   0.007229715518544   0.004604256620119   0.003291527170907   0.000000000000000   0.000000000000000   0.000000000000000   0.000000000000000   0.000000000000000   0.000000000000000   
1.000000000000000   1.000000000000000   1.000000000000000   1.000000000000000   1.000000000000000   1.000000000000000   1.000000000000000   1.000000000000000   1.000000000000000   1.000000000000000   1.000000000000000   1.000000000000000   
PATCH 13 
2 1 
13 2 
0.000000000000000   0.000000000000000   0.000000000000000   0.250000000000000   0.250000000000000   0.375000000000000   0.375000000000000   0.500000000000000   0.500000000000000   0.750000000000000   0.750000000000000   0.875000000000000   0.875000000000000   1.000000000000000   1.000000000000000   1.000000000000000   
0.000000000000000   0.000000000000000   1.000000000000000   1.000000000000000   
0.041469001941482   0.042588328528232   0.043707655114982   0.043519704779794   0.043532467224778   0.043545229669763   0.043758704894919   0.045827413692385   0.047896122489850   0.041029759565654   0.048091304676740   0.041159548694845   0.048117935535258   0.041469001941482   0.042535376698797   0.043601751456112   0.044134938834769   0.044668126213426   0.045201313592084   0.045734500970741   0.046800875728056   0.047867250485371   0.048400437864028   0.048933625242685   0.049466812621343   0.050000000000000   
0.003291527170907   0.002727067221866   0.002162607272825   0.002146633532034   0.002142238171241   0.002137842810448   0.002145025829653   0.001733681401608   0.001322336973564   0.001109694223758   0.001393562442666   0.001271940750598   0.001599620567724   0.000000000000000   0.000000000000000   0.000000000000000   0.000000000000000   0.000000000000000   0.000000000000000   0.000000000000000   0.000000000000000   0.000000000000000   0.000000000000000   0.000000000000000   0.000000000000000   0.000000000000000   
1.000000000000000   1.000000000000000   1.000000000000000   0.995424081003289   0.995424081003289   0.995424081003289   1.000000000000000   1.000000000000000   1.000000000000000   0.854513189161318   1.000000000000000   0.854513189161318   1.000000000000000   1.000000000000000   1.000000000000000   1.000000000000000   1.000000000000000   1.000000000000000   1.000000000000000   1.000000000000000   1.000000000000000   1.000000000000000   1.000000000000000   1.000000000000000   1.000000000000000   1.000000000000000   
PATCH 14 
2 1 
13 2 
0.000000000000000   0.000000000000000   0.000000000000000   0.250000000000000   0.250000000000000   0.375000000000000   0.375000000000000   0.500000000000000   0.500000000000000   0.750000000000000   0.750000000000000   0.875000000000000   0.875000000000000   1.000000000000000   1.000000000000000   1.000000000000000   
0.000000000000000   0.000000000000000   1.000000000000000   1.000000000000000   
0.014550000000000   0.014281811692901   0.013889415825800   0.013693217892250   0.013465968068700   0.013238718245149   0.012980416531599   0.012463813104497   0.011823002117394   0.011502596623843   0.011151139240291   0.010799681856740   0.010417172583188   0.020643815301265   0.020096081396132   0.019548347490998   0.019546253110141   0.019545040319889   0.019543827529636   0.019543496329988   0.018208901624677   0.016874306919366   0.014891596456211   0.016762483797779   0.014859922268388   0.016818088807334   
0.000000000000000   0.001370819085832   0.002691103786789   0.003351246137267   0.003998754891527   0.004646263645786   0.005281138803827   0.006550889119908   0.007770105051114   0.008379713016717   0.008976687386102   0.009573661755486   0.010158002528651   0.013793362764606   0.014069576923940   0.014345791083275   0.014345745696733   0.014346336901525   0.014346928106317   0.014348155902443   0.014976595426090   0.015605034949737   0.013887860324597   0.015751618031513   0.014069485642794   0.015927399410780   
1.000000000000000   0.981567813945074   0.972351720917611   0.967743674403880   0.965439651147014   0.963135627890148   0.963135627890148   0.963135627890148   0.972351720917611   0.976959767431343   0.983871837201940   0.990783906972537   1.000000000000000   1.000000000000000   1.000000000000000   1.000000000000000   0.999954488346126   0.999954488346126   0.999954488346126   1.000000000000000   1.000000000000000   1.000000000000000   0.887443623615639   1.000000000000000   0.887443623615639   1.000000000000000   
PATCH 15 
2 1 
4 2 
0.000000000000000   0.000000000000000   0.000000000000000   0.500000000000000   1.000000000000000   1.000000000000000   1.000000000000000   
0.000000000000000   0.000000000000000   1.000000000000000   1.000000000000000   
0.035797843928481   0.035576591493904   0.035131282121847   0.034907225184368   0.019487681391618   0.019265009042480   0.018819664344203   0.018596991995064   
0.034907225184368   0.035131282121847   0.035576591493904   0.035797843928481   0.018596991995064   0.018819664344203   0.019265009042480   0.019487681391618   
1.000000000000000   0.999960338339584   0.999960338339584   1.000000000000000   1.000000000000000   1.000000000000000   1.000000000000000   1.000000000000000   
PATCH 16 
2 2 
4 4 
0.000000000000000   0.000000000000000   0.000000000000000   0.500000000000000   1.000000000000000   1.000000000000000   1.000000000000000   
0.000000000000000   0.000000000000000   0.000000000000000   0.500000000000000   1.000000000000000   1.000000000000000   1.000000000000000   
0.016818088807334   0.017485486953405   0.018820283245547   0.019487681391618   0.016595416458196   0.017262814604267   0.018597610896409   0.019265009042480   0.016150071759919   0.016817469905990   0.018152266198132   0.018819664344203   0.015927399410780   0.016594797556851   0.017929593848993   0.018596991995064   
0.015927399410780   0.016594797556851   0.017929593848993   0.018596991995064   0.016150071759919   0.016817469905990   0.018152266198132   0.018819664344203   0.016595416458196   0.017262814604267   0.018597610896409   0.019265009042480   0.016818088807334   0.017485486953405   0.018820283245547   0.019487681391618   
1.000000000000000   1.000000000000000   1.000000000000000   1.000000000000000   1.000000000000000   1.000000000000000   1.000000000000000   1.000000000000000   1.000000000000000   1.000000000000000   1.000000000000000   1.000000000000000   1.000000000000000   1.000000000000000   1.000000000000000   1.000000000000000   
PATCH 17 
2 1 
4 2 
0.000000000000000   0.000000000000000   0.000000000000000   0.500000000000000   1.000000000000000   1.000000000000000   1.000000000000000   
0.000000000000000   0.000000000000000   1.000000000000000   1.000000000000000   
0.016818088807334   0.016595416458196   0.016150071759919   0.015927399410780   0.010417172583188   0.010352788124726   0.010223203097458   0.010158002528651   
0.015927399410780   0.016150071759919   0.016595416458196   0.016818088807334   0.010158002528651   0.010223203097458   0.010352788124726   0.010417172583188   
1.000000000000000   1.000000000000000   1.000000000000000   1.000000000000000   1.000000000000000   0.999960338339584   0.999960338339584   1.000000000000000   
PATCH 18 
2 1 
4 2 
0.000000000000000   0.000000000000000   0.000000000000000   0.500000000000000   1.000000000000000   1.000000000000000   1.000000000000000   
0.000000000000000   0.000000000000000   1.000000000000000   1.000000000000000   
0.035797843928481   0.035576591493904   0.035131282121847   0.034907225184368   0.038685244377508   0.037197068413715   0.034084833369545   0.032460774289170   
0.034907225184368   0.035131282121847   0.035576591493904   0.035797843928481   0.032460774289170   0.034084833369545   0.037197068413715   0.038685244377508   
1.000000000000000   0.999960338339584   0.999960338339584   1.000000000000000   1.000000000000000   0.998097349045873   0.998097349045873   1.000000000000000   
PATCH 19 
2 1 
4 2 
0.000000000000000   0.000000000000000   0.000000000000000   0.500000000000000   1.000000000000000   1.000000000000000   1.000000000000000   
0.000000000000000   0.000000000000000   1.000000000000000   1.000000000000000   
0.000000000000000   0.002178893568691   0.006520098010365   0.008682408883347   0.000000000000000   0.002200682504378   0.006585298990468   0.008769232972180   
0.050000000000000   0.049904867452294   0.049525061277599   0.049240387650610   0.050500000000000   0.050403916126817   0.050020311890375   0.049732791527117   
1.000000000000000   0.998097349045873   0.998097349045873   1.000000000000000   1.000000000000000   0.998097349045873   0.998097349045873   1.000000000000000   
PATCH 20 
2 1 
4 2 
0.000000000000000   0.000000000000000   0.000000000000000   0.500000000000000   1.000000000000000   1.000000000000000   1.000000000000000   
0.000000000000000   0.000000000000000   1.000000000000000   1.000000000000000   
0.001599620567724   0.002865852428531   0.005398316150143   0.006664548010950   0.000000000000000   0.002178893568691   0.006520098010365   0.008682408883347   
0.048117935535258   0.047556026937696   0.046432209742573   0.045870301145011   0.050000000000000   0.049904867452294   0.049525061277599   0.049240387650610   
1.000000000000000   1.000000000000000   1.000000000000000   1.000000000000000   1.000000000000000   0.998097349045873   0.998097349045873   1.000000000000000   
PATCH 21 
2 1 
13 2 
0.000000000000000   0.000000000000000   0.000000000000000   0.125000000000000   0.125000000000000   0.250000000000000   0.250000000000000   0.500000000000000   0.500000000000000   0.625000000000000   0.625000000000000   0.750000000000000   0.750000000000000   1.000000000000000   1.000000000000000   1.000000000000000   
0.000000000000000   0.000000000000000   1.000000000000000   1.000000000000000   
0.006664548010950   0.006291094249998   0.006320317829879   0.006349541409760   0.006781442330475   0.006878726641498   0.006976010952522   0.006932007150400   0.006936867125210   0.006941727100019   0.006995450851759   0.007185408697573   0.007375366543387   0.008682408883347   0.009214726804819   0.009745505844094   0.010276284883369   0.010805525040447   0.011864005354603   0.012916330139971   0.013442492532654   0.013967116043140   0.014491739553627   0.015014824181916   0.016060993438494   0.017101007166283   
0.045870301145011   0.042975268065258   0.042936587349238   0.042897906633219   0.045715578280934   0.045029671879471   0.044343765478007   0.044033481300739   0.044017989088448   0.044002496876158   0.044281796628846   0.043905109376646   0.043528422124446   0.049240387650610   0.049122375608591   0.048998620380024   0.048874865151458   0.048745366736344   0.048486369906118   0.048204400329703   0.048063415541496   0.047916687566742   0.047769959591988   0.047617488430687   0.047312546108085   0.046984631039295   
1.000000000000000   0.937315234903886   0.937315234903886   0.937315234903886   1.000000000000000   1.000000000000000   1.000000000000000   0.993365280578291   0.993365280578291   0.993365280578291   1.000000000000000   1.000000000000000   1.000000000000000   1.000000000000000   0.999524337261468   0.999167590207569   0.998810843153671   0.998573011784405   0.998097349045873   0.998097349045873   0.998097349045873   0.998216264730506   0.998335180415139   0.998573011784404   0.999048674522936   1.000000000000000   
PATCH 22 
2 2 
13 4 
0.000000000000000   0.000000000000000   0.000000000000000   0.250000000000000   0.250000000000000   0.375000000000000   0.375000000000000   0.500000000000000   0.500000000000000   0.750000000000000   0.750000000000000   0.875000000000000   0.875000000000000   1.000000000000000   1.000000000000000   1.000000000000000   
0.000000000000000   0.000000000000000   0.000000000000000   0.500000000000000   1.000000000000000   1.000000000000000   1.000000000000000   
0.003291527170907   0.002727067221866   0.002162607272825   0.002146633532034   0.002142238171241   0.002137842810448   0.002145025829653   0.001733681401608   0.001322336973564   0.001109694223758   0.001393562442666   0.001271940750598   0.001599620567724   0.004312487014027   0.003841652590793   0.003370818167559   0.003345406924030   0.003340895409733   0.003336383895436   0.003352772110370   0.003019942711581   0.002687113312791   0.002419656020259   0.002625251289469   0.002526729125448   0.002865852428531   0.006354406700267   0.006070823328646   0.005787239957026   0.005742953708023   0.005738209886718   0.005733466065412   0.005768264671805   0.005592465331526   0.005416665991247   0.005039579613260   0.005088628983076   0.005036305875148   0.005398316150143   0.007375366543387   0.007185408697573   0.006995450851759   0.006941727100019   0.006936867125210   0.006932007150400   0.006976010952522   0.006878726641498   0.006781442330475   0.006349541409760   0.006320317829879   0.006291094249998   0.006664548010950   
0.041469001941482   0.042588328528232   0.043707655114982   0.043519704779794   0.043532467224778   0.043545229669763   0.043758704894919   0.045827413692385   0.047896122489850   0.041029759565654   0.048091304676740   0.041159548694845   0.048117935535258   0.041983856987223   0.042917523740335   0.043851190493448   0.043640402803885   0.043653847690696   0.043667292577507   0.043904970040691   0.045627978239156   0.047350986437621   0.041496796332545   0.046802625344864   0.041613478537448   0.047556026937696   0.043013567078705   0.043575914164542   0.044138261250380   0.043881798852067   0.043896608622531   0.043911418392995   0.044197500332235   0.045229107332699   0.046260714333163   0.042430869866328   0.044225266681114   0.042521338222654   0.046432209742573   0.043528422124446   0.043905109376646   0.044281796628846   0.044002496876158   0.044017989088448   0.044033481300739   0.044343765478007   0.045029671879471   0.045715578280934   0.042897906633219   0.042936587349238   0.042975268065258   0.045870301145011   
1.000000000000000   1.000000000000000   1.000000000000000   0.995424081003289   0.995424081003289   0.995424081003289   1.000000000000000   1.000000000000000   1.000000000000000   0.854513189161318   1.000000000000000   0.854513189161318   1.000000000000000   1.000000000000000   1.000000000000000   1.000000000000000   0.994909380897039   0.994909380897039   0.994909380897039   1.000000000000000   1.000000000000000   1.000000000000000   0.875213700596960   0.984328808725971   0.875213700596960   1.000000000000000   1.000000000000000   1.000000000000000   1.000000000000000   0.993879980684541   0.993879980684541   0.993879980684541   1.000000000000000   1.000000000000000   1.000000000000000   0.916614723468244   0.952986426177914   0.916614723468244   1.000000000000000   1.000000000000000   1.000000000000000   1.000000000000000   0.993365280578291   0.993365280578291   0.993365280578291   1.000000000000000   1.000000000000000   1.000000000000000   0.937315234903886   0.937315234903886   0.937315234903886   1.000000000000000   
PATCH 23 
2 1 
13 2 
0.000000000000000   0.000000000000000   0.000000000000000   0.125000000000000   0.125000000000000   0.250000000000000   0.250000000000000   0.500000000000000   0.500000000000000   0.625000000000000   0.625000000000000   0.750000000000000   0.750000000000000   1.000000000000000   1.000000000000000   1.000000000000000   
0.000000000000000   0.000000000000000   1.000000000000000   1.000000000000000   
0.008682408883347   0.009214726804819   0.009745505844094   0.010276284883369   0.010805525040447   0.011864005354603   0.012916330139971   0.013442492532654   0.013967116043140   0.014491739553627   0.015014824181916   0.016060993438494   0.017101007166283   0.008769232972180   0.009306874072867   0.009842960902535   0.010379047732203   0.010913580290852   0.011982645408149   0.013045493441370   0.013576917457981   0.014106787203572   0.014636656949163   0.015164972423735   0.016221603372879   0.017272017237946   
0.049240387650610   0.049122375608591   0.048998620380024   0.048874865151458   0.048745366736344   0.048486369906118   0.048204400329703   0.048063415541496   0.047916687566742   0.047769959591988   0.047617488430687   0.047312546108085   0.046984631039295   0.049732791527117   0.049613599364677   0.049488606583825   0.049363613802972   0.049232820403708   0.048971233605179   0.048686444333000   0.048544049696911   0.048395854442409   0.048247659187908   0.048093663314994   0.047785671569166   0.047454477349688   
1.000000000000000   0.999524337261468   0.999167590207569   0.998810843153671   0.998573011784405   0.998097349045873   0.998097349045873   0.998097349045873   0.998216264730506   0.998335180415139   0.998573011784404   0.999048674522936   1.000000000000000   1.000000000000000   0.999524337261468   0.999167590207569   0.998810843153671   0.998573011784405   0.998097349045873   0.998097349045873   0.998097349045873   0.998216264730506   0.998335180415139   0.998573011784404   0.999048674522936   1.000000000000000   
PATCH 24 
2 1 
6 2 
0.000000000000000   0.000000000000000   0.000000000000000   0.250000000000000   0.500000000000000   0.750000000000000   1.000000000000000   1.000000000000000   1.000000000000000   
0.000000000000000   0.000000000000000   1.000000000000000   1.000000000000000   
0.017101007166283   0.018108483646471   0.020103334230874   0.022078082439303   0.024032728271759   0.025000000000000   0.017272017237946   0.018289568482936   0.020304367573183   0.022298863263696   0.024273055554476   0.025250000000000   
0.046984631039295   0.046567320617430   0.045689590089305   0.044768749876786   0.043804799979875   0.043301270189222   0.047454477349688   0.047032993823604   0.046146485990198   0.045216437375554   0.044242847979673   0.043734282891114   
1.000000000000000   0.999048674522936   0.998097349045873   0.998097349045873   0.999048674522936   1.000000000000000   1.000000000000000   0.999048674522936   0.998097349045873   0.998097349045873   0.999048674522936   1.000000000000000   
PATCH 25 
2 1 
6 2 
0.000000000000000   0.000000000000000   0.000000000000000   0.250000000000000   0.500000000000000   0.750000000000000   1.000000000000000   1.000000000000000   1.000000000000000   
0.000000000000000   0.000000000000000   1.000000000000000   1.000000000000000   
0.017101007166283   0.018108483646471   0.020103334230874   0.022078082439303   0.024032728271759   0.025000000000000   0.007375366543387   0.008688095992599   0.011313554891024   0.013939013789448   0.016564472687873   0.017877202137085   
0.046984631039295   0.046567320617430   0.045689590089305   0.044768749876786   0.043804799979875   0.043301270189222   0.043528422124446   0.040925273794419   0.035718977134365   0.030512680474311   0.025306383814256   0.022703235484229   
1.000000000000000   0.999048674522936   0.998097349045873   0.998097349045873   0.999048674522936   1.000000000000000   1.000000000000000   1.000000000000000   1.000000000000000   1.000000000000000   1.000000000000000   1.000000000000000   
PATCH 26 
2 1 
13 2 
0.000000000000000   0.000000000000000   0.000000000000000   0.250000000000000   0.250000000000000   0.375000000000000   0.375000000000000   0.500000000000000   0.500000000000000   0.750000000000000   0.750000000000000   0.875000000000000   0.875000000000000   1.000000000000000   1.000000000000000   1.000000000000000   
0.000000000000000   0.000000000000000   1.000000000000000   1.000000000000000   
0.025000000000000   0.026296912691356   0.027564570611057   0.028198399570908   0.028824914837844   0.029451430104781   0.030070631678804   0.031309034826850   0.032518183203241   0.033122757391436   0.033720017886718   0.034317278382000   0.034907225184368   0.017877202137085   0.018152208634099   0.018427215131113   0.018287851584863   0.018292911042887   0.018297970500912   0.018447452963212   0.018550919859888   0.018654386756564   0.017742147729034   0.017727799038659   0.017713450348284   0.018596991995064   
0.043301270189222   0.042440595577268   0.041541294129994   0.041091643406358   0.040632335973891   0.040173028541425   0.039704064400128   0.038766136117536   0.037789580999624   0.037301303440668   0.036803369172882   0.036305434905096   0.035797843928481   0.022703235484229   0.022157896378843   0.021612557273457   0.021423788320957   0.021406706980508   0.021389625640059   0.021544231911660   0.020597531851466   0.019650831791273   0.018641934051140   0.018601146451227   0.018560358851313   0.019487681391618   
1.000000000000000   0.998061805346670   0.997092708020005   0.996608159356672   0.996365885025006   0.996123610693340   0.996123610693340   0.996123610693340   0.997092708020005   0.997577256683337   0.998304079678336   0.999030902673335   1.000000000000000   1.000000000000000   1.000000000000000   1.000000000000000   0.992001770651025   0.992001770651025   0.992001770651025   1.000000000000000   1.000000000000000   1.000000000000000   0.950846059586797   0.950846059586797   0.950846059586797   1.000000000000000   
PATCH 27 
2 2 
6 4 
0.000000000000000   0.000000000000000   0.000000000000000   0.250000000000000   0.500000000000000   0.750000000000000   1.000000000000000   1.000000000000000   1.000000000000000   
0.000000000000000   0.000000000000000   0.000000000000000   0.500000000000000   1.000000000000000   1.000000000000000   1.000000000000000   
0.013793362764606   0.012480633315393   0.009855174416969   0.007229715518544   0.004604256620119   0.003291527170907   0.014814322607726   0.013501593158513   0.010876134260089   0.008250675361664   0.005625216463239   0.004312487014027   0.016856242293965   0.015543512844753   0.012918053946328   0.010292595047904   0.007667136149479   0.006354406700267   0.017877202137085   0.016564472687873   0.013939013789448   0.011313554891024   0.008688095992599   0.007375366543387   
0.020643815301265   0.023246963631292   0.028453260291347   0.033659556951401   0.038865853611455   0.041469001941482   0.021158670347006   0.023761818677033   0.028968115337088   0.034174411997142   0.039380708657196   0.041983856987223   0.022188380438488   0.024791528768515   0.029997825428570   0.035204122088624   0.040410418748678   0.043013567078705   0.022703235484229   0.025306383814256   0.030512680474311   0.035718977134365   0.040925273794419   0.043528422124446   
1.000000000000000   1.000000000000000   1.000000000000000   1.000000000000000   1.000000000000000   1.000000000000000   1.000000000000000   1.000000000000000   1.000000000000000   1.000000000000000   1.000000000000000   1.000000000000000   1.000000000000000   1.000000000000000   1.000000000000000   1.000000000000000   1.000000000000000   1.000000000000000   1.000000000000000   1.000000000000000   1.000000000000000   1.000000000000000   1.000000000000000   1.000000000000000   
PATCH 28 
2 2 
13 4 
0.000000000000000   0.000000000000000   0.000000000000000   0.250000000000000   0.250000000000000   0.375000000000000   0.375000000000000   0.500000000000000   0.500000000000000   0.750000000000000   0.750000000000000   0.875000000000000   0.875000000000000   1.000000000000000   1.000000000000000   1.000000000000000   
0.000000000000000   0.000000000000000   0.000000000000000   0.500000000000000   1.000000000000000   1.000000000000000   1.000000000000000   
0.013793362764606   0.014069576923940   0.014345791083275   0.014345745696733   0.014346336901525   0.014346928106317   0.014348155902443   0.014976595426090   0.015605034949737   0.013887860324597   0.015751618031513   0.014069485642794   0.015927399410780   0.014814322607726   0.015090234851480   0.015366147095234   0.015331272168765   0.015332980436866   0.015334688704966   0.015372980167635   0.015870176534539   0.016367372901444   0.014851432175706   0.016245663283300   0.014980476819167   0.016594797556851   0.016856242293965   0.017131550706559   0.017406859119153   0.017302325112830   0.017306267507547   0.017310209902263   0.017422628698020   0.017657338751439   0.017892048804857   0.016778575877925   0.017233753786872   0.016802459171911   0.017929593848993   0.017877202137085   0.018152208634099   0.018427215131113   0.018287851584863   0.018292911042887   0.018297970500912   0.018447452963212   0.018550919859888   0.018654386756564   0.017742147729034   0.017727799038659   0.017713450348284   0.018596991995064   
0.020643815301265   0.020096081396132   0.019548347490998   0.019546253110141   0.019545040319889   0.019543827529636   0.019543496329988   0.018208901624677   0.016874306919366   0.014891596456211   0.016762483797779   0.014859922268388   0.016818088807334   0.021158670347006   0.020611535141809   0.020064399936612   0.020015636912845   0.020010456985043   0.020005277057242   0.020043680225406   0.018806059181374   0.017568438137343   0.015829180854943   0.017222149461141   0.015785031414119   0.017485486953405   0.022188380438488   0.021642442633165   0.021096504827842   0.020954404518253   0.020941290315353   0.020928176112453   0.021044048016242   0.020000374294769   0.018956700573296   0.017704349652408   0.018141480787865   0.017635249705582   0.018820283245547   0.022703235484229   0.022157896378843   0.021612557273457   0.021423788320957   0.021406706980508   0.021389625640059   0.021544231911660   0.020597531851466   0.019650831791273   0.018641934051140   0.018601146451227   0.018560358851313   0.019487681391618   
1.000000000000000   1.000000000000000   1.000000000000000   0.999954488346126   0.999954488346126   0.999954488346126   1.000000000000000   1.000000000000000   1.000000000000000   0.887443623615639   1.000000000000000   0.887443623615639   1.000000000000000   1.000000000000000   1.000000000000000   1.000000000000000   0.997966308922351   0.997966308922351   0.997966308922351   1.000000000000000   1.000000000000000   1.000000000000000   0.903294232608429   0.987711514896699   0.903294232608429   1.000000000000000   1.000000000000000   1.000000000000000   1.000000000000000   0.993989950074800   0.993989950074800   0.993989950074800   1.000000000000000   1.000000000000000   1.000000000000000   0.934995450594008   0.963134544690098   0.934995450594008   1.000000000000000   1.000000000000000   1.000000000000000   1.000000000000000   0.992001770651025   0.992001770651025   0.992001770651025   1.000000000000000   1.000000000000000   1.000000000000000   0.950846059586797   0.950846059586797   0.950846059586797   1.000000000000000   
PATCH 29 
2 1 
13 2 
0.000000000000000   0.000000000000000   0.000000000000000   0.250000000000000   0.250000000000000   0.375000000000000   0.375000000000000   0.500000000000000   0.500000000000000   0.750000000000000   0.750000000000000   0.875000000000000   0.875000000000000   1.000000000000000   1.000000000000000   1.000000000000000   
0.000000000000000   0.000000000000000   1.000000000000000   1.000000000000000   
0.025000000000000   0.026296912691356   0.027564570611057   0.028198399570908   0.028824914837844   0.029451430104781   0.030070631678804   0.031309034826850   0.032518183203241   0.033122757391436   0.033720017886718   0.034317278382000   0.034907225184368   0.025250000000000   0.026178902508932   0.027094027156471   0.027551589480241   0.028005707338662   0.028459825197083   0.028910498590156   0.029811845376303   0.030699414301056   0.031143198763433   0.031583538760461   0.032023878757490   0.032460774289170   
0.043301270189222   0.042440595577268   0.041541294129994   0.041091643406358   0.040632335973891   0.040173028541425   0.039704064400128   0.038766136117536   0.037789580999624   0.037301303440668   0.036803369172882   0.036305434905096   0.035797843928481   0.043734282891114   0.043142506727484   0.042531053738569   0.042225327244111   0.041914681543332   0.041604035842553   0.041288470935453   0.040657341121252   0.040006534481766   0.039681131162023   0.039350808635958   0.039020486109894   0.038685244377508   
1.000000000000000   0.998061805346670   0.997092708020005   0.996608159356672   0.996365885025006   0.996123610693340   0.996123610693340   0.996123610693340   0.997092708020005   0.997577256683337   0.998304079678336   0.999030902673335   1.000000000000000   1.000000000000000   0.999048674522937   0.998573011784405   0.998335180415139   0.998216264730506   0.998097349045873   0.998097349045873   0.998097349045873   0.998573011784405   0.998810843153671   0.999167590207569   0.999524337261468   1.000000000000000   
PATCH 30 
2 1 
6 2 
0.000000000000000   0.000000000000000   0.000000000000000   0.250000000000000   0.500000000000000   0.750000000000000   1.000000000000000   1.000000000000000   1.000000000000000   
0.000000000000000   0.000000000000000   1.000000000000000   1.000000000000000   
0.013793362764606   0.012480633315393   0.009855174416969   0.007229715518544   0.004604256620119   0.003291527170907   0.000000000000000   0.000000000000000   0.000000000000000   0.000000000000000   0.000000000000000   0.000000000000000   
0.020643815301265   0.023246963631292   0.028453260291347   0.033659556951401   0.038865853611455   0.041469001941482   0.014550000000000   0.017914875242685   0.024644625728056   0.031374376213426   0.038104126698797   0.041469001941482   
1.000000000000000   1.000000000000000   1.000000000000000   1.000000000000000   1.000000000000000   1.000000000000000   1.000000000000000   1.000000000000000   1.000000000000000   1.000000000000000   1.000000000000000   1.000000000000000   
PATCH 31 
2 1 
13 2 
0.000000000000000   0.000000000000000   0.000000000000000   0.250000000000000   0.250000000000000   0.375000000000000   0.375000000000000   0.500000000000000   0.500000000000000   0.750000000000000   0.750000000000000   0.875000000000000   0.875000000000000   1.000000000000000   1.000000000000000   1.000000000000000   
0.000000000000000   0.000000000000000   1.000000000000000   1.000000000000000   
0.003291527170907   0.002727067221866   0.002162607272825   0.002146633532034   0.002142238171241   0.002137842810448   0.002145025829653   0.001733681401608   0.001322336973564   0.001109694223758   0.001393562442666   0.001271940750598   0.001599620567724   0.000000000000000   0.000000000000000   0.000000000000000   0.000000000000000   0.000000000000000   0.000000000000000   0.000000000000000   0.000000000000000   0.000000000000000   0.000000000000000   0.000000000000000   0.000000000000000   0.000000000000000   
0.041469001941482   0.042588328528232   0.043707655114982   0.043519704779794   0.043532467224778   0.043545229669763   0.043758704894919   0.045827413692385   0.047896122489850   0.041029759565654   0.048091304676740   0.041159548694845   0.048117935535258   0.041469001941482   0.042535376698797   0.043601751456112   0.044134938834769   0.044668126213426   0.045201313592084   0.045734500970741   0.046800875728056   0.047867250485371   0.048400437864028   0.048933625242685   0.049466812621343   0.050000000000000   
1.000000000000000   1.000000000000000   1.000000000000000   0.995424081003289   0.995424081003289   0.995424081003289   1.000000000000000   1.000000000000000   1.000000000000000   0.854513189161318   1.000000000000000   0.854513189161318   1.000000000000000   1.000000000000000   1.000000000000000   1.000000000000000   1.000000000000000   1.000000000000000   1.000000000000000   1.000000000000000   1.000000000000000   1.000000000000000   1.000000000000000   1.000000000000000   1.000000000000000   1.000000000000000   
PATCH 32 
2 1 
13 2 
0.000000000000000   0.000000000000000   0.000000000000000   0.250000000000000   0.250000000000000   0.375000000000000   0.375000000000000   0.500000000000000   0.500000000000000   0.750000000000000   0.750000000000000   0.875000000000000   0.875000000000000   1.000000000000000   1.000000000000000   1.000000000000000   
0.000000000000000   0.000000000000000   1.000000000000000   1.000000000000000   
0.000000000000000   0.001370819085832   0.002691103786789   0.003351246137267   0.003998754891527   0.004646263645786   0.005281138803827   0.006550889119908   0.007770105051114   0.008379713016717   0.008976687386102   0.009573661755486   0.010158002528651   0.013793362764606   0.014069576923940   0.014345791083275   0.014345745696733   0.014346336901525   0.014346928106317   0.014348155902443   0.014976595426090   0.015605034949737   0.013887860324597   0.015751618031513   0.014069485642794   0.015927399410780   
0.014550000000000   0.014281811692901   0.013889415825800   0.013693217892250   0.013465968068700   0.013238718245149   0.012980416531599   0.012463813104497   0.011823002117394   0.011502596623843   0.011151139240291   0.010799681856740   0.010417172583188   0.020643815301265   0.020096081396132   0.019548347490998   0.019546253110141   0.019545040319889   0.019543827529636   0.019543496329988   0.018208901624677   0.016874306919366   0.014891596456211   0.016762483797779   0.014859922268388   0.016818088807334   
1.000000000000000   0.981567813945074   0.972351720917611   0.967743674403880   0.965439651147014   0.963135627890148   0.963135627890148   0.963135627890148   0.972351720917611   0.976959767431343   0.983871837201940   0.990783906972537   1.000000000000000   1.000000000000000   1.000000000000000   1.000000000000000   0.999954488346126   0.999954488346126   0.999954488346126   1.000000000000000   1.000000000000000   1.000000000000000   0.887443623615639   1.000000000000000   0.887443623615639   1.000000000000000   
INTERFACE 1 
1 2 
5 1 
1 
INTERFACE 2 
1 3 
2 4 
1 
INTERFACE 3 
2 1 
13 2 
1 
INTERFACE 4 
2 2 
3 1 
1 
INTERFACE 5 
2 3 
4 2 
1 
INTERFACE 6 
3 2 
7 1 
-1 
INTERFACE 7 
3 3 
4 4 
-1 
INTERFACE 8 
3 4 
5 3 
1 
INTERFACE 9 
4 1 
9 2 
1 
INTERFACE 10 
4 3 
13 3 
1 
INTERFACE 11 
5 2 
6 1 
1 
INTERFACE 12 
6 2 
11 1 
1 
INTERFACE 13 
6 3 
7 3 
1 
INTERFACE 14 
7 2 
8 1 
1 
INTERFACE 15 
7 4 
9 4 
-1 
INTERFACE 16 
8 2 
15 1 
1 
INTERFACE 17 
8 3 
11 3 
1 
INTERFACE 18 
8 4 
10 4 
1 
INTERFACE 19 
9 1 
10 1 
1 
INTERFACE 20 
9 3 
12 3 
1 
INTERFACE 21 
10 2 
16 3 
1 
INTERFACE 22 
10 3 
14 4 
1 
INTERFACE 23 
11 2 
18 1 
1 
INTERFACE 24 
12 1 
14 1 
-1 
INTERFACE 25 
12 2 
13 1 
1 
INTERFACE 26 
14 2 
17 1 
-1 
INTERFACE 27 
15 2 
26 2 
1 
INTERFACE 28 
15 3 
18 3 
1 
INTERFACE 29 
15 4 
16 2 
1 
INTERFACE 30 
16 1 
17 3 
1 
INTERFACE 31 
16 4 
28 2 
1 
INTERFACE 32 
17 2 
32 2 
-1 
INTERFACE 33 
18 2 
29 2 
1 
INTERFACE 34 
19 2 
23 1 
1 
INTERFACE 35 
19 3 
20 4 
1 
INTERFACE 36 
20 1 
31 2 
1 
INTERFACE 37 
20 2 
21 1 
1 
INTERFACE 38 
20 3 
22 2 
1 
INTERFACE 39 
21 2 
25 1 
-1 
INTERFACE 40 
21 3 
22 4 
-1 
INTERFACE 41 
21 4 
23 3 
1 
INTERFACE 42 
22 1 
27 2 
1 
INTERFACE 43 
22 3 
31 3 
1 
INTERFACE 44 
23 2 
24 1 
1 
INTERFACE 45 
24 2 
29 1 
1 
INTERFACE 46 
24 3 
25 3 
1 
INTERFACE 47 
25 2 
26 1 
1 
INTERFACE 48 
25 4 
27 4 
-1 
INTERFACE 49 
26 3 
29 3 
1 
INTERFACE 50 
26 4 
28 4 
1 
INTERFACE 51 
27 1 
28 1 
1 
INTERFACE 52 
27 3 
30 3 
1 
INTERFACE 53 
28 3 
32 4 
1 
INTERFACE 54 
30 1 
32 1 
-1 
INTERFACE 55 
30 2 
31 1 
1 
BOUNDARY 1 
1 
1 1 
BOUNDARY 2 
1 
1 4 
BOUNDARY 3 
1 
5 4 
BOUNDARY 4 
1 
6 4 
BOUNDARY 5 
1 
11 4 
BOUNDARY 6 
1 
12 4 
BOUNDARY 7 
1 
13 4 
BOUNDARY 8 
1 
14 3 
BOUNDARY 9 
1 
17 4 
BOUNDARY 10 
1 
18 4 
BOUNDARY 11 
1 
19 1 
BOUNDARY 12 
1 
19 4 
BOUNDARY 13 
1 
23 4 
BOUNDARY 14 
1 
24 4 
BOUNDARY 15 
1 
29 4 
BOUNDARY 16 
1 
30 4 
BOUNDARY 17 
1 
31 4 
BOUNDARY 18 
1 
32 3 
