# nurbs mesh v.2.1
#
# 13-Jul-2024
#
2 2 32 55 0 
PATCH 1 
2 1 
4 2 
0.000000000000000   0.000000000000000   0.000000000000000   0.500000000000000   1.000000000000000   1.000000000000000   1.000000000000000   
0.000000000000000   0.000000000000000   1.000000000000000   1.000000000000000   
0.050000000000000   0.049904867452294   0.049525061277599   0.049240387650610   0.050500000000000   0.050403916126817   0.050020311890375   0.049732791527117   
0.000000000000000   0.002178893568691   0.006520098010365   0.008682408883347   0.000000000000000   0.002200682504378   0.006585298990468   0.008769232972180   
1.000000000000000   0.998097349045873   0.998097349045873   1.000000000000000   1.000000000000000   0.998097349045873   0.998097349045873   1.000000000000000   
PATCH 2 
2 1 
4 2 
0.000000000000000   0.000000000000000   0.000000000000000   0.500000000000000   1.000000000000000   1.000000000000000   1.000000000000000   
0.000000000000000   0.000000000000000   1.000000000000000   1.000000000000000   
0.048191391357987   0.047782091510224   0.046963491814697   0.046554191966933   0.050000000000000   0.049904867452294   0.049525061277599   0.049240387650610   
0.003183567296352   0.003631573698705   0.004527586503411   0.004975592905764   0.000000000000000   0.002178893568691   0.006520098010365   0.008682408883347   
1.000000000000000   1.000000000000000   1.000000000000000   1.000000000000000   1.000000000000000   0.998097349045873   0.998097349045873   1.000000000000000   
PATCH 3 
2 1 
13 2 
0.000000000000000   0.000000000000000   0.000000000000000   0.125000000000000   0.125000000000000   0.250000000000000   0.250000000000000   0.500000000000000   0.500000000000000   0.625000000000000   0.625000000000000   0.750000000000000   0.750000000000000   1.000000000000000   1.000000000000000   1.000000000000000   
0.000000000000000   0.000000000000000   1.000000000000000   1.000000000000000   
0.046554191966933   0.045818165671840   0.045797548006552   0.045776930341265   0.046471721305783   0.045149300983635   0.043826880661487   0.043707754622876   0.043698680414401   0.043689606205926   0.043790583827587   0.043393111742858   0.042995639658129   0.049240387650610   0.049122375608591   0.048998620380024   0.048874865151458   0.048745366736344   0.048486369906118   0.048204400329703   0.048063415541496   0.047916687566742   0.047769959591988   0.047617488430687   0.047312546108085   0.046984631039295   
0.004975592905764   0.004916919211173   0.004930464241229   0.004944009271284   0.005029773025986   0.005485679709763   0.005941586393540   0.005929974103875   0.005934158642213   0.005938343180551   0.005958324546892   0.006192374215572   0.006426423884253   0.008682408883347   0.009214726804819   0.009745505844094   0.010276284883369   0.010805525040447   0.011864005354603   0.012916330139971   0.013442492532654   0.013967116043140   0.014491739553627   0.015014824181916   0.016060993438494   0.017101007166283   
1.000000000000000   0.984547315514543   0.984547315514543   0.984547315514543   1.000000000000000   1.000000000000000   1.000000000000000   0.997497446713243   0.997497446713243   0.997497446713243   1.000000000000000   1.000000000000000   1.000000000000000   1.000000000000000   0.999524337261468   0.999167590207569   0.998810843153671   0.998573011784405   0.998097349045873   0.998097349045873   0.998097349045873   0.998216264730506   0.998335180415139   0.998573011784404   0.999048674522936   1.000000000000000   
PATCH 4 
2 2 
13 4 
0.000000000000000   0.000000000000000   0.000000000000000   0.250000000000000   0.250000000000000   0.375000000000000   0.375000000000000   0.500000000000000   0.500000000000000   0.750000000000000   0.750000000000000   0.875000000000000   0.875000000000000   1.000000000000000   1.000000000000000   1.000000000000000   
0.000000000000000   0.000000000000000   0.000000000000000   0.500000000000000   1.000000000000000   1.000000000000000   1.000000000000000   
0.041144508246416   0.041579249024177   0.042013989801938   0.041248108830956   0.041274369505479   0.041300630180002   0.042119032500030   0.045083164213909   0.048047295927789   0.040473278788661   0.048227448797810   0.040559039077456   0.048191391357987   0.041607291099344   0.042032714703847   0.042458138308350   0.041858483174699   0.041880447232710   0.041902411290721   0.042545994540394   0.045099698406341   0.047653402272288   0.041799191676812   0.047619973599995   0.041873820726052   0.047782091510224   0.042532856805201   0.042939646063188   0.043346435321174   0.043079231862183   0.043092602687170   0.043105973512158   0.043399918621123   0.045132766791204   0.046865614961285   0.044451017453114   0.046405023204367   0.044503384023244   0.046963491814697   0.042995639658129   0.043393111742858   0.043790583827587   0.043689606205926   0.043698680414401   0.043707754622876   0.043826880661487   0.045149300983635   0.046471721305783   0.045776930341265   0.045797548006552   0.045818165671840   0.046554191966933   
0.003282761833941   0.003026766661182   0.002770771488423   0.002704941346388   0.002698034486251   0.002691127626113   0.002743144047874   0.002795922072082   0.002848700096289   0.002395140763993   0.002969615378605   0.002594441378493   0.003183567296352   0.004068677346519   0.003818168549780   0.003567659753040   0.003513291804929   0.003507065525241   0.003500839245554   0.003542754634290   0.003468361481502   0.003393968328713   0.003032357890816   0.003459827594261   0.003175060836663   0.003631573698705   0.005640508371675   0.005400972326975   0.005161436282274   0.005129992722010   0.005125127603222   0.005120262484435   0.005141975807123   0.004813240300342   0.004484504793562   0.004306792144461   0.004440252025573   0.004336299753003   0.004527586503411   0.006426423884253   0.006192374215572   0.005958324546892   0.005938343180551   0.005934158642213   0.005929974103875   0.005941586393540   0.005485679709763   0.005029773025986   0.004944009271284   0.004930464241229   0.004916919211173   0.004975592905764   
1.000000000000000   1.000000000000000   1.000000000000000   0.981213888427940   0.981213888427940   0.981213888427940   1.000000000000000   1.000000000000000   1.000000000000000   0.840105789193200   1.000000000000000   0.840105789193200   1.000000000000000   1.000000000000000   1.000000000000000   1.000000000000000   0.985284777999266   0.985284777999266   0.985284777999266   1.000000000000000   1.000000000000000   1.000000000000000   0.876216170773536   0.996136828878636   0.876216170773536   1.000000000000000   1.000000000000000   1.000000000000000   1.000000000000000   0.993426557141917   0.993426557141917   0.993426557141917   1.000000000000000   1.000000000000000   1.000000000000000   0.948436933934207   0.988410486635907   0.948436933934207   1.000000000000000   1.000000000000000   1.000000000000000   1.000000000000000   0.997497446713243   0.997497446713243   0.997497446713243   1.000000000000000   1.000000000000000   1.000000000000000   0.984547315514543   0.984547315514543   0.984547315514543   1.000000000000000   
PATCH 5 
2 1 
13 2 
0.000000000000000   0.000000000000000   0.000000000000000   0.125000000000000   0.125000000000000   0.250000000000000   0.250000000000000   0.500000000000000   0.500000000000000   0.625000000000000   0.625000000000000   0.750000000000000   0.750000000000000   1.000000000000000   1.000000000000000   1.000000000000000   
0.000000000000000   0.000000000000000   1.000000000000000   1.000000000000000   
0.049240387650610   0.049122375608591   0.048998620380024   0.048874865151458   0.048745366736344   0.048486369906118   0.048204400329703   0.048063415541496   0.047916687566742   0.047769959591988   0.047617488430687   0.047312546108085   0.046984631039295   0.049732791527117   0.049613599364677   0.049488606583825   0.049363613802972   0.049232820403708   0.048971233605179   0.048686444333000   0.048544049696911   0.048395854442409   0.048247659187908   0.048093663314994   0.047785671569166   0.047454477349688   
0.008682408883347   0.009214726804819   0.009745505844094   0.010276284883369   0.010805525040447   0.011864005354603   0.012916330139971   0.013442492532654   0.013967116043140   0.014491739553627   0.015014824181916   0.016060993438494   0.017101007166283   0.008769232972180   0.009306874072867   0.009842960902535   0.010379047732203   0.010913580290852   0.011982645408149   0.013045493441370   0.013576917457981   0.014106787203572   0.014636656949163   0.015164972423735   0.016221603372879   0.017272017237946   
1.000000000000000   0.999524337261468   0.999167590207569   0.998810843153671   0.998573011784405   0.998097349045873   0.998097349045873   0.998097349045873   0.998216264730506   0.998335180415139   0.998573011784404   0.999048674522936   1.000000000000000   1.000000000000000   0.999524337261468   0.999167590207569   0.998810843153671   0.998573011784405   0.998097349045873   0.998097349045873   0.998097349045873   0.998216264730506   0.998335180415139   0.998573011784404   0.999048674522936   1.000000000000000   
PATCH 6 
2 1 
6 2 
0.000000000000000   0.000000000000000   0.000000000000000   0.250000000000000   0.500000000000000   0.750000000000000   1.000000000000000   1.000000000000000   1.000000000000000   
0.000000000000000   0.000000000000000   1.000000000000000   1.000000000000000   
0.046984631039295   0.046567320617430   0.045689590089305   0.044768749876786   0.043804799979875   0.043301270189222   0.047454477349688   0.047032993823604   0.046146485990198   0.045216437375554   0.044242847979673   0.043734282891114   
0.017101007166283   0.018108483646471   0.020103334230874   0.022078082439303   0.024032728271759   0.025000000000000   0.017272017237946   0.018289568482936   0.020304367573183   0.022298863263696   0.024273055554476   0.025250000000000   
1.000000000000000   0.999048674522936   0.998097349045873   0.998097349045873   0.999048674522936   1.000000000000000   1.000000000000000   0.999048674522936   0.998097349045873   0.998097349045873   0.999048674522936   1.000000000000000   
PATCH 7 
2 1 
6 2 
0.000000000000000   0.000000000000000   0.000000000000000   0.250000000000000   0.500000000000000   0.750000000000000   1.000000000000000   1.000000000000000   1.000000000000000   
0.000000000000000   0.000000000000000   1.000000000000000   1.000000000000000   
0.046984631039295   0.046567320617430   0.045689590089305   0.044768749876786   0.043804799979875   0.043301270189222   0.042995639658129   0.040512457579057   0.035546093420913   0.030579729262768   0.025613365104624   0.023130183025552   
0.017101007166283   0.018108483646471   0.020103334230874   0.022078082439303   0.024032728271759   0.025000000000000   0.006426423884253   0.007888634603475   0.010813056041917   0.013737477480359   0.016661898918801   0.018124109638022   
1.000000000000000   0.999048674522936   0.998097349045873   0.998097349045873   0.999048674522936   1.000000000000000   1.000000000000000   1.000000000000000   1.000000000000000   1.000000000000000   1.000000000000000   1.000000000000000   
PATCH 8 
2 1 
13 2 
0.000000000000000   0.000000000000000   0.000000000000000   0.250000000000000   0.250000000000000   0.375000000000000   0.375000000000000   0.500000000000000   0.500000000000000   0.750000000000000   0.750000000000000   0.875000000000000   0.875000000000000   1.000000000000000   1.000000000000000   1.000000000000000   
0.000000000000000   0.000000000000000   1.000000000000000   1.000000000000000   
0.043301270189222   0.042429917306484   0.041519099682173   0.041063690870017   0.040598415872468   0.040133140874919   0.039657999691977   0.038707717326093   0.037717970218636   0.037223096664907   0.036718356925785   0.036213617186663   0.035699011262148   0.023130183025552   0.022685620938041   0.022241058850530   0.022240539050349   0.022240137968893   0.022239736887436   0.022239454524704   0.021386041759328   0.020532628993953   0.018360615159646   0.018300290364413   0.018239965569180   0.020291329813021   
0.025000000000000   0.026310991168924   0.027592005080285   0.028232512035966   0.028865524677256   0.029498537318546   0.030124055645445   0.031375092299244   0.032596151695481   0.033206681393599   0.033809716777326   0.034412752161054   0.035008293230391   0.018124109638022   0.018385888045331   0.018647666452640   0.018647801535501   0.018648035210021   0.018648268884541   0.018648601150721   0.019140517090549   0.019632433030377   0.017636438254823   0.017628474703564   0.017620511152306   0.019600578825342   
1.000000000000000   0.998017637046998   0.997026455570497   0.996530864832247   0.996283069463122   0.996035274093996   0.996035274093996   0.996035274093996   0.997026455570497   0.997522046308748   0.998265432416123   0.999008818523499   1.000000000000000   1.000000000000000   1.000000000000000   1.000000000000000   0.999994613218080   0.999994613218080   0.999994613218080   1.000000000000000   1.000000000000000   1.000000000000000   0.896783975591337   0.896783975591337   0.896783975591337   1.000000000000000   
PATCH 9 
2 2 
6 4 
0.000000000000000   0.000000000000000   0.000000000000000   0.250000000000000   0.500000000000000   0.750000000000000   1.000000000000000   1.000000000000000   1.000000000000000   
0.000000000000000   0.000000000000000   0.000000000000000   0.500000000000000   1.000000000000000   1.000000000000000   1.000000000000000   
0.021279051613838   0.023762233692910   0.028728597851055   0.033694962009199   0.038661326167344   0.041144508246416   0.021741834466766   0.024225016545839   0.029191380703983   0.034157744862128   0.039124109020272   0.041607291099344   0.022667400172623   0.025150582251695   0.030116946409840   0.035083310567984   0.040049674726129   0.042532856805201   0.023130183025552   0.025613365104624   0.030579729262768   0.035546093420913   0.040512457579057   0.042995639658129   
0.014980447587710   0.013518236868489   0.010593815430047   0.007669393991605   0.004744972553163   0.003282761833941   0.015766363100288   0.014304152381067   0.011379730942625   0.008455309504183   0.005530888065741   0.004068677346519   0.017338194125444   0.015875983406223   0.012951561967781   0.010027140529339   0.007102719090897   0.005640508371675   0.018124109638022   0.016661898918801   0.013737477480359   0.010813056041917   0.007888634603475   0.006426423884253   
1.000000000000000   1.000000000000000   1.000000000000000   1.000000000000000   1.000000000000000   1.000000000000000   1.000000000000000   1.000000000000000   1.000000000000000   1.000000000000000   1.000000000000000   1.000000000000000   1.000000000000000   1.000000000000000   1.000000000000000   1.000000000000000   1.000000000000000   1.000000000000000   1.000000000000000   1.000000000000000   1.000000000000000   1.000000000000000   1.000000000000000   1.000000000000000   
PATCH 10 
2 2 
13 4 
0.000000000000000   0.000000000000000   0.000000000000000   0.250000000000000   0.250000000000000   0.375000000000000   0.375000000000000   0.500000000000000   0.500000000000000   0.750000000000000   0.750000000000000   0.875000000000000   0.875000000000000   1.000000000000000   1.000000000000000   1.000000000000000   
0.000000000000000   0.000000000000000   0.000000000000000   0.500000000000000   1.000000000000000   1.000000000000000   1.000000000000000   
0.021279051613838   0.020856552112726   0.020434052611613   0.019874434800936   0.019853564949717   0.019832695098497   0.020350573206735   0.019780525743551   0.019210478280366   0.017577091454377   0.017587976504168   0.017598861553958   0.019254018479528   0.021741834466766   0.021313819319055   0.020885804171343   0.020465960863290   0.020450208204511   0.020434455545732   0.020822793536227   0.020181904747495   0.019541015958763   0.017772972380695   0.017766054969229   0.017759137557764   0.019513346312901   0.022667400172623   0.022228353731712   0.021789307290801   0.021649012987996   0.021643494714099   0.021637976440201   0.021767234195212   0.020984662755384   0.020202091315556   0.018164734233329   0.018122211899352   0.018079689565374   0.020032001979647   0.023130183025552   0.022685620938041   0.022241058850530   0.022240539050349   0.022240137968893   0.022239736887436   0.022239454524704   0.021386041759328   0.020532628993953   0.018360615159646   0.018300290364413   0.018239965569180   0.020291329813021   
0.014980447587710   0.015229234539178   0.015478021490646   0.015091085238429   0.015115148718265   0.015139212198101   0.015574275409988   0.016960017300875   0.018345759191762   0.016857329494610   0.016911706569631   0.016966083644653   0.018563267491849   0.015766363100288   0.016018397915716   0.016270432731145   0.015980264312697   0.015998370341204   0.016016476369711   0.016342856845171   0.017505142248294   0.018667427651416   0.017052106684663   0.017090898603115   0.017129690521566   0.018822595325222   0.017338194125444   0.017596724668793   0.017855255212142   0.017758622461233   0.017764813587082   0.017771004712931   0.017880019715538   0.018595392143130   0.019310764570723   0.017441661064770   0.017449282670081   0.017456904275392   0.019341250991968   0.018124109638022   0.018385888045331   0.018647666452640   0.018647801535501   0.018648035210021   0.018648268884541   0.018648601150721   0.019140517090549   0.019632433030377   0.017636438254823   0.017628474703564   0.017620511152306   0.019600578825342   
1.000000000000000   1.000000000000000   1.000000000000000   0.973956702882154   0.973956702882154   0.973956702882154   1.000000000000000   1.000000000000000   1.000000000000000   0.916072391632220   0.916072391632220   0.916072391632220   1.000000000000000   1.000000000000000   1.000000000000000   1.000000000000000   0.980466180466136   0.980466180466136   0.980466180466136   1.000000000000000   1.000000000000000   1.000000000000000   0.911250287621999   0.911250287621999   0.911250287621999   1.000000000000000   1.000000000000000   1.000000000000000   1.000000000000000   0.993485135634099   0.993485135634099   0.993485135634099   1.000000000000000   1.000000000000000   1.000000000000000   0.901606079601557   0.901606079601557   0.901606079601557   1.000000000000000   1.000000000000000   1.000000000000000   1.000000000000000   0.999994613218080   0.999994613218080   0.999994613218080   1.000000000000000   1.000000000000000   1.000000000000000   0.896783975591337   0.896783975591337   0.896783975591337   1.000000000000000   
PATCH 11 
2 1 
13 2 
0.000000000000000   0.000000000000000   0.000000000000000   0.250000000000000   0.250000000000000   0.375000000000000   0.375000000000000   0.500000000000000   0.500000000000000   0.750000000000000   0.750000000000000   0.875000000000000   0.875000000000000   1.000000000000000   1.000000000000000   1.000000000000000   
0.000000000000000   0.000000000000000   1.000000000000000   1.000000000000000   
0.043301270189222   0.042429917306484   0.041519099682173   0.041063690870017   0.040598415872468   0.040133140874919   0.039657999691977   0.038707717326093   0.037717970218636   0.037223096664907   0.036718356925785   0.036213617186663   0.035699011262148   0.043734282891114   0.043142506727484   0.042531053738569   0.042225327244111   0.041914681543332   0.041604035842553   0.041288470935453   0.040657341121252   0.040006534481766   0.039681131162023   0.039350808635958   0.039020486109894   0.038685244377508   
0.025000000000000   0.026310991168924   0.027592005080285   0.028232512035966   0.028865524677256   0.029498537318546   0.030124055645445   0.031375092299244   0.032596151695481   0.033206681393599   0.033809716777326   0.034412752161054   0.035008293230391   0.025250000000000   0.026178902508932   0.027094027156471   0.027551589480241   0.028005707338662   0.028459825197083   0.028910498590156   0.029811845376303   0.030699414301056   0.031143198763433   0.031583538760461   0.032023878757490   0.032460774289170   
1.000000000000000   0.998017637046998   0.997026455570497   0.996530864832247   0.996283069463122   0.996035274093996   0.996035274093996   0.996035274093996   0.997026455570497   0.997522046308748   0.998265432416123   0.999008818523499   1.000000000000000   1.000000000000000   0.999048674522937   0.998573011784405   0.998335180415139   0.998216264730506   0.998097349045873   0.998097349045873   0.998097349045873   0.998573011784405   0.998810843153671   0.999167590207569   0.999524337261468   1.000000000000000   
PATCH 12 
2 1 
6 2 
0.000000000000000   0.000000000000000   0.000000000000000   0.250000000000000   0.500000000000000   0.750000000000000   1.000000000000000   1.000000000000000   1.000000000000000   
0.000000000000000   0.000000000000000   1.000000000000000   1.000000000000000   
0.021279051613838   0.023762233692910   0.028728597851055   0.033694962009199   0.038661326167344   0.041144508246416   0.014550000000000   0.017874313530802   0.024522940592406   0.031171567654010   0.037820194715614   0.041144508246416   
0.014980447587710   0.013518236868489   0.010593815430047   0.007669393991605   0.004744972553163   0.003282761833941   0.000000000000000   0.000000000000000   0.000000000000000   0.000000000000000   0.000000000000000   0.000000000000000   
1.000000000000000   1.000000000000000   1.000000000000000   1.000000000000000   1.000000000000000   1.000000000000000   1.000000000000000   1.000000000000000   1.000000000000000   1.000000000000000   1.000000000000000   1.000000000000000   
PATCH 13 
2 1 
13 2 
0.000000000000000   0.000000000000000   0.000000000000000   0.250000000000000   0.250000000000000   0.375000000000000   0.375000000000000   0.500000000000000   0.500000000000000   0.750000000000000   0.750000000000000   0.875000000000000   0.875000000000000   1.000000000000000   1.000000000000000   1.000000000000000   
0.000000000000000   0.000000000000000   1.000000000000000   1.000000000000000   
0.041144508246416   0.041579249024177   0.042013989801938   0.041248108830956   0.041274369505479   0.041300630180002   0.042119032500030   0.045083164213909   0.048047295927789   0.040473278788661   0.048227448797810   0.040559039077456   0.048191391357987   0.041144508246416   0.042251444715614   0.043358381184812   0.043911849419411   0.044465317654010   0.045018785888609   0.045572254123208   0.046679190592406   0.047786127061604   0.048339595296203   0.048893063530802   0.049446531765401   0.050000000000000   
0.003282761833941   0.003026766661182   0.002770771488423   0.002704941346388   0.002698034486251   0.002691127626113   0.002743144047874   0.002795922072082   0.002848700096289   0.002395140763993   0.002969615378605   0.002594441378493   0.003183567296352   0.000000000000000   0.000000000000000   0.000000000000000   0.000000000000000   0.000000000000000   0.000000000000000   0.000000000000000   0.000000000000000   0.000000000000000   0.000000000000000   0.000000000000000   0.000000000000000   0.000000000000000   
1.000000000000000   1.000000000000000   1.000000000000000   0.981213888427940   0.981213888427940   0.981213888427940   1.000000000000000   1.000000000000000   1.000000000000000   0.840105789193200   1.000000000000000   0.840105789193200   1.000000000000000   1.000000000000000   1.000000000000000   1.000000000000000   1.000000000000000   1.000000000000000   1.000000000000000   1.000000000000000   1.000000000000000   1.000000000000000   1.000000000000000   1.000000000000000   1.000000000000000   1.000000000000000   
PATCH 14 
2 1 
13 2 
0.000000000000000   0.000000000000000   0.000000000000000   0.250000000000000   0.250000000000000   0.375000000000000   0.375000000000000   0.500000000000000   0.500000000000000   0.750000000000000   0.750000000000000   0.875000000000000   0.875000000000000   1.000000000000000   1.000000000000000   1.000000000000000   
0.000000000000000   0.000000000000000   1.000000000000000   1.000000000000000   
0.014550000000000   0.014279870536833   0.013884706572579   0.013687124590452   0.013458283983054   0.013229443375656   0.012969344142986   0.012449145677647   0.011803912711222   0.011481296228009   0.011127421119525   0.010773546011041   0.010388412277285   0.021279051613838   0.020856552112726   0.020434052611613   0.019874434800936   0.019853564949717   0.019832695098497   0.020350573206735   0.019780525743551   0.019210478280366   0.017577091454377   0.017587976504168   0.017598861553958   0.019254018479528   
0.000000000000000   0.001375580574765   0.002700084195276   0.003362336005531   0.004011818577223   0.004661301148914   0.005298014482042   0.006571441148297   0.007793790860298   0.008404965716298   0.009003371333734   0.009601776951171   0.010187413330044   0.014980447587710   0.015229234539178   0.015478021490646   0.015091085238429   0.015115148718265   0.015139212198101   0.015574275409988   0.016960017300875   0.018345759191762   0.016857329494610   0.016911706569631   0.016966083644653   0.018563267491849   
1.000000000000000   0.981434401156878   0.972151601735317   0.967510202024536   0.965189502169146   0.962868802313755   0.962868802313755   0.962868802313755   0.972151601735316   0.976793001446097   0.983755101012268   0.990717200578439   1.000000000000000   1.000000000000000   1.000000000000000   1.000000000000000   0.973956702882154   0.973956702882154   0.973956702882154   1.000000000000000   1.000000000000000   1.000000000000000   0.916072391632220   0.916072391632220   0.916072391632220   1.000000000000000   
PATCH 15 
2 1 
4 2 
0.000000000000000   0.000000000000000   0.000000000000000   0.500000000000000   1.000000000000000   1.000000000000000   1.000000000000000   
0.000000000000000   0.000000000000000   1.000000000000000   1.000000000000000   
0.035699011262148   0.035527175160738   0.035181816144859   0.035008293230391   0.020291329813021   0.020118642066101   0.019773266572261   0.019600578825342   
0.035008293230391   0.035181816144859   0.035527175160738   0.035699011262148   0.019600578825342   0.019773266572261   0.020118642066101   0.020291329813021   
1.000000000000000   0.999976144860963   0.999976144860963   1.000000000000000   1.000000000000000   1.000000000000000   1.000000000000000   1.000000000000000   
PATCH 16 
2 2 
4 4 
0.000000000000000   0.000000000000000   0.000000000000000   0.500000000000000   1.000000000000000   1.000000000000000   1.000000000000000   
0.000000000000000   0.000000000000000   0.000000000000000   0.500000000000000   1.000000000000000   1.000000000000000   1.000000000000000   
0.019254018479528   0.019513346312901   0.020032001979647   0.020291329813021   0.019081330732608   0.019340658565981   0.019859314232728   0.020118642066101   0.018735955238769   0.018995283072142   0.019513938738888   0.019773266572261   0.018563267491849   0.018822595325222   0.019341250991968   0.019600578825342   
0.018563267491849   0.018822595325222   0.019341250991968   0.019600578825342   0.018735955238769   0.018995283072142   0.019513938738888   0.019773266572261   0.019081330732608   0.019340658565981   0.019859314232728   0.020118642066101   0.019254018479528   0.019513346312901   0.020032001979647   0.020291329813021   
1.000000000000000   1.000000000000000   1.000000000000000   1.000000000000000   1.000000000000000   1.000000000000000   1.000000000000000   1.000000000000000   1.000000000000000   1.000000000000000   1.000000000000000   1.000000000000000   1.000000000000000   1.000000000000000   1.000000000000000   1.000000000000000   
PATCH 17 
2 1 
4 2 
0.000000000000000   0.000000000000000   0.000000000000000   0.500000000000000   1.000000000000000   1.000000000000000   1.000000000000000   
0.000000000000000   0.000000000000000   1.000000000000000   1.000000000000000   
0.019254018479528   0.019081330732608   0.018735955238769   0.018563267491849   0.010388412277285   0.010338407971775   0.010237908498154   0.010187413330044   
0.018563267491849   0.018735955238769   0.019081330732608   0.019254018479528   0.010187413330044   0.010237908498154   0.010338407971775   0.010388412277285   
1.000000000000000   1.000000000000000   1.000000000000000   1.000000000000000   1.000000000000000   0.999976144860963   0.999976144860963   1.000000000000000   
PATCH 18 
2 1 
4 2 
0.000000000000000   0.000000000000000   0.000000000000000   0.500000000000000   1.000000000000000   1.000000000000000   1.000000000000000   
0.000000000000000   0.000000000000000   1.000000000000000   1.000000000000000   
0.035699011262148   0.035527175160738   0.035181816144859   0.035008293230391   0.038685244377508   0.037197068413715   0.034084833369545   0.032460774289170   
0.035008293230391   0.035181816144859   0.035527175160738   0.035699011262148   0.032460774289170   0.034084833369545   0.037197068413715   0.038685244377508   
1.000000000000000   0.999976144860963   0.999976144860963   1.000000000000000   1.000000000000000   0.998097349045873   0.998097349045873   1.000000000000000   
PATCH 19 
2 1 
4 2 
0.000000000000000   0.000000000000000   0.000000000000000   0.500000000000000   1.000000000000000   1.000000000000000   1.000000000000000   
0.000000000000000   0.000000000000000   1.000000000000000   1.000000000000000   
0.000000000000000   0.002178893568691   0.006520098010365   0.008682408883347   0.000000000000000   0.002200682504378   0.006585298990468   0.008769232972180   
0.050000000000000   0.049904867452294   0.049525061277599   0.049240387650610   0.050500000000000   0.050403916126817   0.050020311890375   0.049732791527117   
1.000000000000000   0.998097349045873   0.998097349045873   1.000000000000000   1.000000000000000   0.998097349045873   0.998097349045873   1.000000000000000   
PATCH 20 
2 1 
4 2 
0.000000000000000   0.000000000000000   0.000000000000000   0.500000000000000   1.000000000000000   1.000000000000000   1.000000000000000   
0.000000000000000   0.000000000000000   1.000000000000000   1.000000000000000   
0.003183567296352   0.003631573698705   0.004527586503411   0.004975592905764   0.000000000000000   0.002178893568691   0.006520098010365   0.008682408883347   
0.048191391357987   0.047782091510224   0.046963491814697   0.046554191966933   0.050000000000000   0.049904867452294   0.049525061277599   0.049240387650610   
1.000000000000000   1.000000000000000   1.000000000000000   1.000000000000000   1.000000000000000   0.998097349045873   0.998097349045873   1.000000000000000   
PATCH 21 
2 1 
13 2 
0.000000000000000   0.000000000000000   0.000000000000000   0.125000000000000   0.125000000000000   0.250000000000000   0.250000000000000   0.500000000000000   0.500000000000000   0.625000000000000   0.625000000000000   0.750000000000000   0.750000000000000   1.000000000000000   1.000000000000000   1.000000000000000   
0.000000000000000   0.000000000000000   1.000000000000000   1.000000000000000   
0.004975592905764   0.004916919211173   0.004930464241229   0.004944009271284   0.005029773025986   0.005485679709763   0.005941586393540   0.005929974103875   0.005934158642213   0.005938343180551   0.005958324546892   0.006192374215572   0.006426423884253   0.008682408883347   0.009214726804819   0.009745505844094   0.010276284883369   0.010805525040447   0.011864005354603   0.012916330139971   0.013442492532654   0.013967116043140   0.014491739553627   0.015014824181916   0.016060993438494   0.017101007166283   
0.046554191966933   0.045818165671840   0.045797548006552   0.045776930341265   0.046471721305783   0.045149300983635   0.043826880661487   0.043707754622876   0.043698680414401   0.043689606205926   0.043790583827587   0.043393111742858   0.042995639658129   0.049240387650610   0.049122375608591   0.048998620380024   0.048874865151458   0.048745366736344   0.048486369906118   0.048204400329703   0.048063415541496   0.047916687566742   0.047769959591988   0.047617488430687   0.047312546108085   0.046984631039295   
1.000000000000000   0.984547315514543   0.984547315514543   0.984547315514543   1.000000000000000   1.000000000000000   1.000000000000000   0.997497446713243   0.997497446713243   0.997497446713243   1.000000000000000   1.000000000000000   1.000000000000000   1.000000000000000   0.999524337261468   0.999167590207569   0.998810843153671   0.998573011784405   0.998097349045873   0.998097349045873   0.998097349045873   0.998216264730506   0.998335180415139   0.998573011784404   0.999048674522936   1.000000000000000   
PATCH 22 
2 2 
13 4 
0.000000000000000   0.000000000000000   0.000000000000000   0.250000000000000   0.250000000000000   0.375000000000000   0.375000000000000   0.500000000000000   0.500000000000000   0.750000000000000   0.750000000000000   0.875000000000000   0.875000000000000   1.000000000000000   1.000000000000000   1.000000000000000   
0.000000000000000   0.000000000000000   0.000000000000000   0.500000000000000   1.000000000000000   1.000000000000000   1.000000000000000   
0.003282761833941   0.003026766661182   0.002770771488423   0.002704941346388   0.002698034486251   0.002691127626113   0.002743144047874   0.002795922072082   0.002848700096289   0.002395140763993   0.002969615378605   0.002594441378493   0.003183567296352   0.004068677346519   0.003818168549780   0.003567659753040   0.003513291804929   0.003507065525241   0.003500839245554   0.003542754634290   0.003468361481502   0.003393968328713   0.003032357890816   0.003459827594261   0.003175060836663   0.003631573698705   0.005640508371675   0.005400972326975   0.005161436282274   0.005129992722010   0.005125127603222   0.005120262484435   0.005141975807123   0.004813240300342   0.004484504793562   0.004306792144461   0.004440252025573   0.004336299753003   0.004527586503411   0.006426423884253   0.006192374215572   0.005958324546892   0.005938343180551   0.005934158642213   0.005929974103875   0.005941586393540   0.005485679709763   0.005029773025986   0.004944009271284   0.004930464241229   0.004916919211173   0.004975592905764   
0.041144508246416   0.041579249024177   0.042013989801938   0.041248108830956   0.041274369505479   0.041300630180002   0.042119032500030   0.045083164213909   0.048047295927789   0.040473278788661   0.048227448797810   0.040559039077456   0.048191391357987   0.041607291099344   0.042032714703847   0.042458138308350   0.041858483174699   0.041880447232710   0.041902411290721   0.042545994540394   0.045099698406341   0.047653402272288   0.041799191676812   0.047619973599995   0.041873820726052   0.047782091510224   0.042532856805201   0.042939646063188   0.043346435321174   0.043079231862183   0.043092602687170   0.043105973512158   0.043399918621123   0.045132766791204   0.046865614961285   0.044451017453114   0.046405023204367   0.044503384023244   0.046963491814697   0.042995639658129   0.043393111742858   0.043790583827587   0.043689606205926   0.043698680414401   0.043707754622876   0.043826880661487   0.045149300983635   0.046471721305783   0.045776930341265   0.045797548006552   0.045818165671840   0.046554191966933   
1.000000000000000   1.000000000000000   1.000000000000000   0.981213888427940   0.981213888427940   0.981213888427940   1.000000000000000   1.000000000000000   1.000000000000000   0.840105789193200   1.000000000000000   0.840105789193200   1.000000000000000   1.000000000000000   1.000000000000000   1.000000000000000   0.985284777999266   0.985284777999266   0.985284777999266   1.000000000000000   1.000000000000000   1.000000000000000   0.876216170773536   0.996136828878636   0.876216170773536   1.000000000000000   1.000000000000000   1.000000000000000   1.000000000000000   0.993426557141917   0.993426557141917   0.993426557141917   1.000000000000000   1.000000000000000   1.000000000000000   0.948436933934207   0.988410486635907   0.948436933934207   1.000000000000000   1.000000000000000   1.000000000000000   1.000000000000000   0.997497446713243   0.997497446713243   0.997497446713243   1.000000000000000   1.000000000000000   1.000000000000000   0.984547315514543   0.984547315514543   0.984547315514543   1.000000000000000   
PATCH 23 
2 1 
13 2 
0.000000000000000   0.000000000000000   0.000000000000000   0.125000000000000   0.125000000000000   0.250000000000000   0.250000000000000   0.500000000000000   0.500000000000000   0.625000000000000   0.625000000000000   0.750000000000000   0.750000000000000   1.000000000000000   1.000000000000000   1.000000000000000   
0.000000000000000   0.000000000000000   1.000000000000000   1.000000000000000   
0.008682408883347   0.009214726804819   0.009745505844094   0.010276284883369   0.010805525040447   0.011864005354603   0.012916330139971   0.013442492532654   0.013967116043140   0.014491739553627   0.015014824181916   0.016060993438494   0.017101007166283   0.008769232972180   0.009306874072867   0.009842960902535   0.010379047732203   0.010913580290852   0.011982645408149   0.013045493441370   0.013576917457981   0.014106787203572   0.014636656949163   0.015164972423735   0.016221603372879   0.017272017237946   
0.049240387650610   0.049122375608591   0.048998620380024   0.048874865151458   0.048745366736344   0.048486369906118   0.048204400329703   0.048063415541496   0.047916687566742   0.047769959591988   0.047617488430687   0.047312546108085   0.046984631039295   0.049732791527117   0.049613599364677   0.049488606583825   0.049363613802972   0.049232820403708   0.048971233605179   0.048686444333000   0.048544049696911   0.048395854442409   0.048247659187908   0.048093663314994   0.047785671569166   0.047454477349688   
1.000000000000000   0.999524337261468   0.999167590207569   0.998810843153671   0.998573011784405   0.998097349045873   0.998097349045873   0.998097349045873   0.998216264730506   0.998335180415139   0.998573011784404   0.999048674522936   1.000000000000000   1.000000000000000   0.999524337261468   0.999167590207569   0.998810843153671   0.998573011784405   0.998097349045873   0.998097349045873   0.998097349045873   0.998216264730506   0.998335180415139   0.998573011784404   0.999048674522936   1.000000000000000   
PATCH 24 
2 1 
6 2 
0.000000000000000   0.000000000000000   0.000000000000000   0.250000000000000   0.500000000000000   0.750000000000000   1.000000000000000   1.000000000000000   1.000000000000000   
0.000000000000000   0.000000000000000   1.000000000000000   1.000000000000000   
0.017101007166283   0.018108483646471   0.020103334230874   0.022078082439303   0.024032728271759   0.025000000000000   0.017272017237946   0.018289568482936   0.020304367573183   0.022298863263696   0.024273055554476   0.025250000000000   
0.046984631039295   0.046567320617430   0.045689590089305   0.044768749876786   0.043804799979875   0.043301270189222   0.047454477349688   0.047032993823604   0.046146485990198   0.045216437375554   0.044242847979673   0.043734282891114   
1.000000000000000   0.999048674522936   0.998097349045873   0.998097349045873   0.999048674522936   1.000000000000000   1.000000000000000   0.999048674522936   0.998097349045873   0.998097349045873   0.999048674522936   1.000000000000000   
PATCH 25 
2 1 
6 2 
0.000000000000000   0.000000000000000   0.000000000000000   0.250000000000000   0.500000000000000   0.750000000000000   1.000000000000000   1.000000000000000   1.000000000000000   
0.000000000000000   0.000000000000000   1.000000000000000   1.000000000000000   
0.017101007166283   0.018108483646471   0.020103334230874   0.022078082439303   0.024032728271759   0.025000000000000   0.006426423884253   0.007888634603475   0.010813056041917   0.013737477480359   0.016661898918801   0.018124109638022   
0.046984631039295   0.046567320617430   0.045689590089305   0.044768749876786   0.043804799979875   0.043301270189222   0.042995639658129   0.040512457579057   0.035546093420913   0.030579729262768   0.025613365104624   0.023130183025552   
1.000000000000000   0.999048674522936   0.998097349045873   0.998097349045873   0.999048674522936   1.000000000000000   1.000000000000000   1.000000000000000   1.000000000000000   1.000000000000000   1.000000000000000   1.000000000000000   
PATCH 26 
2 1 
13 2 
0.000000000000000   0.000000000000000   0.000000000000000   0.250000000000000   0.250000000000000   0.375000000000000   0.375000000000000   0.500000000000000   0.500000000000000   0.750000000000000   0.750000000000000   0.875000000000000   0.875000000000000   1.000000000000000   1.000000000000000   1.000000000000000   
0.000000000000000   0.000000000000000   1.000000000000000   1.000000000000000   
0.025000000000000   0.026310991168924   0.027592005080285   0.028232512035966   0.028865524677256   0.029498537318546   0.030124055645445   0.031375092299244   0.032596151695481   0.033206681393599   0.033809716777326   0.034412752161054   0.035008293230391   0.018124109638022   0.018385888045331   0.018647666452640   0.018647801535501   0.018648035210021   0.018648268884541   0.018648601150721   0.019140517090549   0.019632433030377   0.017636438254823   0.017628474703564   0.017620511152306   0.019600578825342   
0.043301270189222   0.042429917306484   0.041519099682173   0.041063690870017   0.040598415872468   0.040133140874919   0.039657999691977   0.038707717326093   0.037717970218636   0.037223096664907   0.036718356925785   0.036213617186663   0.035699011262148   0.023130183025552   0.022685620938041   0.022241058850530   0.022240539050349   0.022240137968893   0.022239736887436   0.022239454524704   0.021386041759328   0.020532628993953   0.018360615159646   0.018300290364413   0.018239965569180   0.020291329813021   
1.000000000000000   0.998017637046998   0.997026455570497   0.996530864832247   0.996283069463122   0.996035274093996   0.996035274093996   0.996035274093996   0.997026455570497   0.997522046308748   0.998265432416123   0.999008818523499   1.000000000000000   1.000000000000000   1.000000000000000   1.000000000000000   0.999994613218080   0.999994613218080   0.999994613218080   1.000000000000000   1.000000000000000   1.000000000000000   0.896783975591337   0.896783975591337   0.896783975591337   1.000000000000000   
PATCH 27 
2 2 
6 4 
0.000000000000000   0.000000000000000   0.000000000000000   0.250000000000000   0.500000000000000   0.750000000000000   1.000000000000000   1.000000000000000   1.000000000000000   
0.000000000000000   0.000000000000000   0.000000000000000   0.500000000000000   1.000000000000000   1.000000000000000   1.000000000000000   
0.014980447587710   0.013518236868489   0.010593815430047   0.007669393991605   0.004744972553163   0.003282761833941   0.015766363100288   0.014304152381067   0.011379730942625   0.008455309504183   0.005530888065741   0.004068677346519   0.017338194125444   0.015875983406223   0.012951561967781   0.010027140529339   0.007102719090897   0.005640508371675   0.018124109638022   0.016661898918801   0.013737477480359   0.010813056041917   0.007888634603475   0.006426423884253   
0.021279051613838   0.023762233692910   0.028728597851055   0.033694962009199   0.038661326167344   0.041144508246416   0.021741834466766   0.024225016545839   0.029191380703983   0.034157744862128   0.039124109020272   0.041607291099344   0.022667400172623   0.025150582251695   0.030116946409840   0.035083310567984   0.040049674726129   0.042532856805201   0.023130183025552   0.025613365104624   0.030579729262768   0.035546093420913   0.040512457579057   0.042995639658129   
1.000000000000000   1.000000000000000   1.000000000000000   1.000000000000000   1.000000000000000   1.000000000000000   1.000000000000000   1.000000000000000   1.000000000000000   1.000000000000000   1.000000000000000   1.000000000000000   1.000000000000000   1.000000000000000   1.000000000000000   1.000000000000000   1.000000000000000   1.000000000000000   1.000000000000000   1.000000000000000   1.000000000000000   1.000000000000000   1.000000000000000   1.000000000000000   
PATCH 28 
2 2 
13 4 
0.000000000000000   0.000000000000000   0.000000000000000   0.250000000000000   0.250000000000000   0.375000000000000   0.375000000000000   0.500000000000000   0.500000000000000   0.750000000000000   0.750000000000000   0.875000000000000   0.875000000000000   1.000000000000000   1.000000000000000   1.000000000000000   
0.000000000000000   0.000000000000000   0.000000000000000   0.500000000000000   1.000000000000000   1.000000000000000   1.000000000000000   
0.014980447587710   0.015229234539178   0.015478021490646   0.015091085238429   0.015115148718265   0.015139212198101   0.015574275409988   0.016960017300875   0.018345759191762   0.016857329494610   0.016911706569631   0.016966083644653   0.018563267491849   0.015766363100288   0.016018397915716   0.016270432731145   0.015980264312697   0.015998370341204   0.016016476369711   0.016342856845171   0.017505142248294   0.018667427651416   0.017052106684663   0.017090898603115   0.017129690521566   0.018822595325222   0.017338194125444   0.017596724668793   0.017855255212142   0.017758622461233   0.017764813587082   0.017771004712931   0.017880019715538   0.018595392143130   0.019310764570723   0.017441661064770   0.017449282670081   0.017456904275392   0.019341250991968   0.018124109638022   0.018385888045331   0.018647666452640   0.018647801535501   0.018648035210021   0.018648268884541   0.018648601150721   0.019140517090549   0.019632433030377   0.017636438254823   0.017628474703564   0.017620511152306   0.019600578825342   
0.021279051613838   0.020856552112726   0.020434052611613   0.019874434800936   0.019853564949717   0.019832695098497   0.020350573206735   0.019780525743551   0.019210478280366   0.017577091454377   0.017587976504168   0.017598861553958   0.019254018479528   0.021741834466766   0.021313819319055   0.020885804171343   0.020465960863290   0.020450208204511   0.020434455545732   0.020822793536227   0.020181904747495   0.019541015958763   0.017772972380695   0.017766054969229   0.017759137557764   0.019513346312901   0.022667400172623   0.022228353731712   0.021789307290801   0.021649012987996   0.021643494714099   0.021637976440201   0.021767234195212   0.020984662755384   0.020202091315556   0.018164734233329   0.018122211899352   0.018079689565374   0.020032001979647   0.023130183025552   0.022685620938041   0.022241058850530   0.022240539050349   0.022240137968893   0.022239736887436   0.022239454524704   0.021386041759328   0.020532628993953   0.018360615159646   0.018300290364413   0.018239965569180   0.020291329813021   
1.000000000000000   1.000000000000000   1.000000000000000   0.973956702882154   0.973956702882154   0.973956702882154   1.000000000000000   1.000000000000000   1.000000000000000   0.916072391632220   0.916072391632220   0.916072391632220   1.000000000000000   1.000000000000000   1.000000000000000   1.000000000000000   0.980466180466136   0.980466180466136   0.980466180466136   1.000000000000000   1.000000000000000   1.000000000000000   0.911250287621999   0.911250287621999   0.911250287621999   1.000000000000000   1.000000000000000   1.000000000000000   1.000000000000000   0.993485135634099   0.993485135634099   0.993485135634099   1.000000000000000   1.000000000000000   1.000000000000000   0.901606079601557   0.901606079601557   0.901606079601557   1.000000000000000   1.000000000000000   1.000000000000000   1.000000000000000   0.999994613218080   0.999994613218080   0.999994613218080   1.000000000000000   1.000000000000000   1.000000000000000   0.896783975591337   0.896783975591337   0.896783975591337   1.000000000000000   
PATCH 29 
2 1 
13 2 
0.000000000000000   0.000000000000000   0.000000000000000   0.250000000000000   0.250000000000000   0.375000000000000   0.375000000000000   0.500000000000000   0.500000000000000   0.750000000000000   0.750000000000000   0.875000000000000   0.875000000000000   1.000000000000000   1.000000000000000   1.000000000000000   
0.000000000000000   0.000000000000000   1.000000000000000   1.000000000000000   
0.025000000000000   0.026310991168924   0.027592005080285   0.028232512035966   0.028865524677256   0.029498537318546   0.030124055645445   0.031375092299244   0.032596151695481   0.033206681393599   0.033809716777326   0.034412752161054   0.035008293230391   0.025250000000000   0.026178902508932   0.027094027156471   0.027551589480241   0.028005707338662   0.028459825197083   0.028910498590156   0.029811845376303   0.030699414301056   0.031143198763433   0.031583538760461   0.032023878757490   0.032460774289170   
0.043301270189222   0.042429917306484   0.041519099682173   0.041063690870017   0.040598415872468   0.040133140874919   0.039657999691977   0.038707717326093   0.037717970218636   0.037223096664907   0.036718356925785   0.036213617186663   0.035699011262148   0.043734282891114   0.043142506727484   0.042531053738569   0.042225327244111   0.041914681543332   0.041604035842553   0.041288470935453   0.040657341121252   0.040006534481766   0.039681131162023   0.039350808635958   0.039020486109894   0.038685244377508   
1.000000000000000   0.998017637046998   0.997026455570497   0.996530864832247   0.996283069463122   0.996035274093996   0.996035274093996   0.996035274093996   0.997026455570497   0.997522046308748   0.998265432416123   0.999008818523499   1.000000000000000   1.000000000000000   0.999048674522937   0.998573011784405   0.998335180415139   0.998216264730506   0.998097349045873   0.998097349045873   0.998097349045873   0.998573011784405   0.998810843153671   0.999167590207569   0.999524337261468   1.000000000000000   
PATCH 30 
2 1 
6 2 
0.000000000000000   0.000000000000000   0.000000000000000   0.250000000000000   0.500000000000000   0.750000000000000   1.000000000000000   1.000000000000000   1.000000000000000   
0.000000000000000   0.000000000000000   1.000000000000000   1.000000000000000   
0.014980447587710   0.013518236868489   0.010593815430047   0.007669393991605   0.004744972553163   0.003282761833941   0.000000000000000   0.000000000000000   0.000000000000000   0.000000000000000   0.000000000000000   0.000000000000000   
0.021279051613838   0.023762233692910   0.028728597851055   0.033694962009199   0.038661326167344   0.041144508246416   0.014550000000000   0.017874313530802   0.024522940592406   0.031171567654010   0.037820194715614   0.041144508246416   
1.000000000000000   1.000000000000000   1.000000000000000   1.000000000000000   1.000000000000000   1.000000000000000   1.000000000000000   1.000000000000000   1.000000000000000   1.000000000000000   1.000000000000000   1.000000000000000   
PATCH 31 
2 1 
13 2 
0.000000000000000   0.000000000000000   0.000000000000000   0.250000000000000   0.250000000000000   0.375000000000000   0.375000000000000   0.500000000000000   0.500000000000000   0.750000000000000   0.750000000000000   0.875000000000000   0.875000000000000   1.000000000000000   1.000000000000000   1.000000000000000   
0.000000000000000   0.000000000000000   1.000000000000000   1.000000000000000   
0.003282761833941   0.003026766661182   0.002770771488423   0.002704941346388   0.002698034486251   0.002691127626113   0.002743144047874   0.002795922072082   0.002848700096289   0.002395140763993   0.002969615378605   0.002594441378493   0.003183567296352   0.000000000000000   0.000000000000000   0.000000000000000   0.000000000000000   0.000000000000000   0.000000000000000   0.000000000000000   0.000000000000000   0.000000000000000   0.000000000000000   0.000000000000000   0.000000000000000   0.000000000000000   
0.041144508246416   0.041579249024177   0.042013989801938   0.041248108830956   0.041274369505479   0.041300630180002   0.042119032500030   0.045083164213909   0.048047295927789   0.040473278788661   0.048227448797810   0.040559039077456   0.048191391357987   0.041144508246416   0.042251444715614   0.043358381184812   0.043911849419411   0.044465317654010   0.045018785888609   0.045572254123208   0.046679190592406   0.047786127061604   0.048339595296203   0.048893063530802   0.049446531765401   0.050000000000000   
1.000000000000000   1.000000000000000   1.000000000000000   0.981213888427940   0.981213888427940   0.981213888427940   1.000000000000000   1.000000000000000   1.000000000000000   0.840105789193200   1.000000000000000   0.840105789193200   1.000000000000000   1.000000000000000   1.000000000000000   1.000000000000000   1.000000000000000   1.000000000000000   1.000000000000000   1.000000000000000   1.000000000000000   1.000000000000000   1.000000000000000   1.000000000000000   1.000000000000000   1.000000000000000   
PATCH 32 
2 1 
13 2 
0.000000000000000   0.000000000000000   0.000000000000000   0.250000000000000   0.250000000000000   0.375000000000000   0.375000000000000   0.500000000000000   0.500000000000000   0.750000000000000   0.750000000000000   0.875000000000000   0.875000000000000   1.000000000000000   1.000000000000000   1.000000000000000   
0.000000000000000   0.000000000000000   1.000000000000000   1.000000000000000   
0.000000000000000   0.001375580574765   0.002700084195276   0.003362336005531   0.004011818577223   0.004661301148914   0.005298014482042   0.006571441148297   0.007793790860298   0.008404965716298   0.009003371333734   0.009601776951171   0.010187413330044   0.014980447587710   0.015229234539178   0.015478021490646   0.015091085238429   0.015115148718265   0.015139212198101   0.015574275409988   0.016960017300875   0.018345759191762   0.016857329494610   0.016911706569631   0.016966083644653   0.018563267491849   
0.014550000000000   0.014279870536833   0.013884706572579   0.013687124590452   0.013458283983054   0.013229443375656   0.012969344142986   0.012449145677647   0.011803912711222   0.011481296228009   0.011127421119525   0.010773546011041   0.010388412277285   0.021279051613838   0.020856552112726   0.020434052611613   0.019874434800936   0.019853564949717   0.019832695098497   0.020350573206735   0.019780525743551   0.019210478280366   0.017577091454377   0.017587976504168   0.017598861553958   0.019254018479528   
1.000000000000000   0.981434401156878   0.972151601735317   0.967510202024536   0.965189502169146   0.962868802313755   0.962868802313755   0.962868802313755   0.972151601735316   0.976793001446097   0.983755101012268   0.990717200578439   1.000000000000000   1.000000000000000   1.000000000000000   1.000000000000000   0.973956702882154   0.973956702882154   0.973956702882154   1.000000000000000   1.000000000000000   1.000000000000000   0.916072391632220   0.916072391632220   0.916072391632220   1.000000000000000   
INTERFACE 1 
1 2 
5 1 
1 
INTERFACE 2 
1 3 
2 4 
1 
INTERFACE 3 
2 1 
13 2 
1 
INTERFACE 4 
2 2 
3 1 
1 
INTERFACE 5 
2 3 
4 2 
1 
INTERFACE 6 
3 2 
7 1 
-1 
INTERFACE 7 
3 3 
4 4 
-1 
INTERFACE 8 
3 4 
5 3 
1 
INTERFACE 9 
4 1 
9 2 
1 
INTERFACE 10 
4 3 
13 3 
1 
INTERFACE 11 
5 2 
6 1 
1 
INTERFACE 12 
6 2 
11 1 
1 
INTERFACE 13 
6 3 
7 3 
1 
INTERFACE 14 
7 2 
8 1 
1 
INTERFACE 15 
7 4 
9 4 
-1 
INTERFACE 16 
8 2 
15 1 
1 
INTERFACE 17 
8 3 
11 3 
1 
INTERFACE 18 
8 4 
10 4 
1 
INTERFACE 19 
9 1 
10 1 
1 
INTERFACE 20 
9 3 
12 3 
1 
INTERFACE 21 
10 2 
16 3 
1 
INTERFACE 22 
10 3 
14 4 
1 
INTERFACE 23 
11 2 
18 1 
1 
INTERFACE 24 
12 1 
14 1 
-1 
INTERFACE 25 
12 2 
13 1 
1 
INTERFACE 26 
14 2 
17 1 
-1 
INTERFACE 27 
15 2 
26 2 
1 
INTERFACE 28 
15 3 
18 3 
1 
INTERFACE 29 
15 4 
16 2 
1 
INTERFACE 30 
16 1 
17 3 
1 
INTERFACE 31 
16 4 
28 2 
1 
INTERFACE 32 
17 2 
32 2 
-1 
INTERFACE 33 
18 2 
29 2 
1 
INTERFACE 34 
19 2 
23 1 
1 
INTERFACE 35 
19 3 
20 4 
1 
INTERFACE 36 
20 1 
31 2 
1 
INTERFACE 37 
20 2 
21 1 
1 
INTERFACE 38 
20 3 
22 2 
1 
INTERFACE 39 
21 2 
25 1 
-1 
INTERFACE 40 
21 3 
22 4 
-1 
INTERFACE 41 
21 4 
23 3 
1 
INTERFACE 42 
22 1 
27 2 
1 
INTERFACE 43 
22 3 
31 3 
1 
INTERFACE 44 
23 2 
24 1 
1 
INTERFACE 45 
24 2 
29 1 
1 
INTERFACE 46 
24 3 
25 3 
1 
INTERFACE 47 
25 2 
26 1 
1 
INTERFACE 48 
25 4 
27 4 
-1 
INTERFACE 49 
26 3 
29 3 
1 
INTERFACE 50 
26 4 
28 4 
1 
INTERFACE 51 
27 1 
28 1 
1 
INTERFACE 52 
27 3 
30 3 
1 
INTERFACE 53 
28 3 
32 4 
1 
INTERFACE 54 
30 1 
32 1 
-1 
INTERFACE 55 
30 2 
31 1 
1 
BOUNDARY 1 
1 
1 1 
BOUNDARY 2 
1 
1 4 
BOUNDARY 3 
1 
5 4 
BOUNDARY 4 
1 
6 4 
BOUNDARY 5 
1 
11 4 
BOUNDARY 6 
1 
12 4 
BOUNDARY 7 
1 
13 4 
BOUNDARY 8 
1 
14 3 
BOUNDARY 9 
1 
17 4 
BOUNDARY 10 
1 
18 4 
BOUNDARY 11 
1 
19 1 
BOUNDARY 12 
1 
19 4 
BOUNDARY 13 
1 
23 4 
BOUNDARY 14 
1 
24 4 
BOUNDARY 15 
1 
29 4 
BOUNDARY 16 
1 
30 4 
BOUNDARY 17 
1 
31 4 
BOUNDARY 18 
1 
32 3 
