# nurbs mesh v.2.1
#
# 14-Jul-2024
#
2 2 32 55 0 
PATCH 1 
2 1 
4 2 
0.000000000000000   0.000000000000000   0.000000000000000   0.500000000000000   1.000000000000000   1.000000000000000   1.000000000000000   
0.000000000000000   0.000000000000000   1.000000000000000   1.000000000000000   
0.050000000000000   0.049904867452294   0.048106085870496   0.048253004497464   0.050500000000000   0.050403916126817   0.050020311890375   0.049732791527117   
0.000000000000000   0.002178893568691   0.006333286354005   0.008508306593150   0.000000000000000   0.002200682504378   0.006585298990468   0.008769232972180   
1.000000000000000   0.998097349045873   0.998097349045873   1.000000000000000   1.000000000000000   0.998097349045873   0.998097349045873   1.000000000000000   
PATCH 2 
2 1 
4 2 
0.000000000000000   0.000000000000000   0.000000000000000   0.500000000000000   1.000000000000000   1.000000000000000   1.000000000000000   
0.000000000000000   0.000000000000000   1.000000000000000   1.000000000000000   
0.048275276410205   0.047690644822825   0.046521381648064   0.045936750060683   0.050000000000000   0.049904867452294   0.048106085870496   0.048253004497464   
0.001473502465018   0.002773324041792   0.005372967195340   0.006672788772114   0.000000000000000   0.002178893568691   0.006333286354005   0.008508306593150   
1.000000000000000   1.000000000000000   1.000000000000000   1.000000000000000   1.000000000000000   0.998097349045873   0.998097349045873   1.000000000000000   
PATCH 3 
2 1 
13 2 
0.000000000000000   0.000000000000000   0.000000000000000   0.125000000000000   0.125000000000000   0.250000000000000   0.250000000000000   0.500000000000000   0.500000000000000   0.625000000000000   0.625000000000000   0.750000000000000   0.750000000000000   1.000000000000000   1.000000000000000   1.000000000000000   
0.000000000000000   0.000000000000000   1.000000000000000   1.000000000000000   
0.045936750060683   0.042649095675532   0.042606913301157   0.042564730926783   0.045768020563186   0.045355703902741   0.044943387242296   0.044151868592153   0.044127385012238   0.044102901432323   0.044845452922635   0.044660230435556   0.044475007948476   0.048253004497464   0.048491640027306   0.048678317886359   0.048641295016172   0.048595182943066   0.048361517724274   0.048071412793778   0.047932512395221   0.047821845516016   0.047637954299532   0.047506293712114   0.047207488630514   0.046919767224467   
0.006672788772114   0.006245163958148   0.006274537201681   0.006303910445214   0.006790281746245   0.006818529506353   0.006846777266460   0.006731898205687   0.006740289944166   0.006748681682645   0.006880344220375   0.007004898044923   0.007129451869470   0.008508306593150   0.009096408910059   0.009681799768297   0.010227175116150   0.010772233368898   0.011833455594809   0.012880696237117   0.013405881223481   0.013939470769739   0.014451693752159   0.014979762081743   0.016025330013108   0.017077398668405   
1.000000000000000   0.928889841815419   0.928889841815419   0.928889841815419   1.000000000000000   1.000000000000000   1.000000000000000   0.982963068977306   0.982963068977306   0.982963068977306   1.000000000000000   1.000000000000000   1.000000000000000   1.000000000000000   0.999524337261468   0.999167590207569   0.998810843153671   0.998573011784405   0.998097349045873   0.998097349045873   0.998097349045873   0.998216264730506   0.998335180415139   0.998573011784404   0.999048674522936   1.000000000000000   
PATCH 4 
2 2 
13 4 
0.000000000000000   0.000000000000000   0.000000000000000   0.250000000000000   0.250000000000000   0.375000000000000   0.375000000000000   0.500000000000000   0.500000000000000   0.750000000000000   0.750000000000000   0.875000000000000   0.875000000000000   1.000000000000000   1.000000000000000   1.000000000000000   
0.000000000000000   0.000000000000000   0.000000000000000   0.500000000000000   1.000000000000000   1.000000000000000   1.000000000000000   
0.042614327567725   0.044266715067799   0.045919102567872   0.045838965622789   0.045846594460665   0.045854223298541   0.045949617919376   0.046980703001354   0.048011788083332   0.039655249863962   0.048234665875928   0.039815174408537   0.048275276410205   0.043079497662913   0.044365093909738   0.045650690156563   0.045404949575173   0.045416792098558   0.045428634621944   0.045698060250106   0.046574453226701   0.047450846203296   0.040382620129668   0.046827727732236   0.040523654725286   0.047690644822825   0.044009837853288   0.044561851593617   0.045113865333945   0.044536917479939   0.044557187374345   0.044577457268750   0.045194944911566   0.045761953677394   0.046328962443223   0.041837360661078   0.044013851444850   0.041940615358783   0.046521381648064   0.044475007948476   0.044660230435556   0.044845452922635   0.044102901432323   0.044127385012238   0.044151868592153   0.044943387242296   0.045355703902741   0.045768020563186   0.042564730926783   0.042606913301157   0.042649095675532   0.045936750060683   
0.004362456564139   0.003251299997714   0.002140143431289   0.002131207905971   0.002126993255629   0.002122778605287   0.002123284829922   0.001665962025209   0.001208639220496   0.000949695365584   0.001250410292583   0.001110454418015   0.001473502465018   0.005054205390471   0.004189699509516   0.003325193628561   0.003285576350139   0.003280317427763   0.003275058505387   0.003304157939057   0.002954103895495   0.002604049851933   0.002288249135491   0.002506442019857   0.002394131803048   0.002773324041792   0.006437703043137   0.006066498533120   0.005695294023104   0.005594313238476   0.005586965772032   0.005579618305587   0.005665904157326   0.005530387636067   0.005394871114808   0.004965356675306   0.005018505474406   0.004961486573114   0.005372967195340   0.007129451869470   0.007004898044923   0.006880344220375   0.006748681682645   0.006740289944166   0.006731898205687   0.006846777266460   0.006818529506353   0.006790281746245   0.006303910445214   0.006274537201681   0.006245163958148   0.006672788772114   
1.000000000000000   1.000000000000000   1.000000000000000   0.998097318682818   0.998097318682818   0.998097318682818   1.000000000000000   1.000000000000000   1.000000000000000   0.823789517656422   1.000000000000000   0.823789517656422   1.000000000000000   1.000000000000000   1.000000000000000   1.000000000000000   0.994313756256440   0.994313756256440   0.994313756256440   1.000000000000000   1.000000000000000   1.000000000000000   0.850064598696171   0.982222460453855   0.850064598696171   1.000000000000000   1.000000000000000   1.000000000000000   1.000000000000000   0.986746631403684   0.986746631403684   0.986746631403684   1.000000000000000   1.000000000000000   1.000000000000000   0.902614760775669   0.946667381361564   0.902614760775669   1.000000000000000   1.000000000000000   1.000000000000000   1.000000000000000   0.982963068977306   0.982963068977306   0.982963068977306   1.000000000000000   1.000000000000000   1.000000000000000   0.928889841815419   0.928889841815419   0.928889841815419   1.000000000000000   
PATCH 5 
2 1 
13 2 
0.000000000000000   0.000000000000000   0.000000000000000   0.125000000000000   0.125000000000000   0.250000000000000   0.250000000000000   0.500000000000000   0.500000000000000   0.625000000000000   0.625000000000000   0.750000000000000   0.750000000000000   1.000000000000000   1.000000000000000   1.000000000000000   
0.000000000000000   0.000000000000000   1.000000000000000   1.000000000000000   
0.048253004497464   0.048491640027306   0.048678317886359   0.048641295016172   0.048595182943066   0.048361517724274   0.048071412793778   0.047932512395221   0.047821845516016   0.047637954299532   0.047506293712114   0.047207488630514   0.046919767224467   0.049732791527117   0.049613599364677   0.049488606583825   0.049363613802972   0.049232820403708   0.048971233605179   0.048686444333000   0.048544049696911   0.048395854442409   0.048247659187908   0.048093663314994   0.047785671569166   0.047454477349688   
0.008508306593150   0.009096408910059   0.009681799768297   0.010227175116150   0.010772233368898   0.011833455594809   0.012880696237117   0.013405881223481   0.013939470769739   0.014451693752159   0.014979762081743   0.016025330013108   0.017077398668405   0.008769232972180   0.009306874072867   0.009842960902535   0.010379047732203   0.010913580290852   0.011982645408149   0.013045493441370   0.013576917457981   0.014106787203572   0.014636656949163   0.015164972423735   0.016221603372879   0.017272017237946   
1.000000000000000   0.999524337261468   0.999167590207569   0.998810843153671   0.998573011784405   0.998097349045873   0.998097349045873   0.998097349045873   0.998216264730506   0.998335180415139   0.998573011784404   0.999048674522936   1.000000000000000   1.000000000000000   0.999524337261468   0.999167590207569   0.998810843153671   0.998573011784405   0.998097349045873   0.998097349045873   0.998097349045873   0.998216264730506   0.998335180415139   0.998573011784404   0.999048674522936   1.000000000000000   
PATCH 6 
2 1 
6 2 
0.000000000000000   0.000000000000000   0.000000000000000   0.250000000000000   0.500000000000000   0.750000000000000   1.000000000000000   1.000000000000000   1.000000000000000   
0.000000000000000   0.000000000000000   1.000000000000000   1.000000000000000   
0.046919767224467   0.046536434201989   0.045642580725983   0.044359467665169   0.042827431763581   0.042235795721237   0.047454477349688   0.047032993823604   0.046146485990198   0.045216437375554   0.044242847979673   0.043734282891114   
0.017077398668405   0.018096472945801   0.020082650198888   0.021876241502625   0.023496512496902   0.024384848029094   0.017272017237946   0.018289568482936   0.020304367573183   0.022298863263696   0.024273055554476   0.025250000000000   
1.000000000000000   0.999048674522936   0.998097349045873   0.998097349045873   0.999048674522936   1.000000000000000   1.000000000000000   0.999048674522936   0.998097349045873   0.998097349045873   0.999048674522936   1.000000000000000   
PATCH 7 
2 1 
6 2 
0.000000000000000   0.000000000000000   0.000000000000000   0.250000000000000   0.500000000000000   0.750000000000000   1.000000000000000   1.000000000000000   1.000000000000000   
0.000000000000000   0.000000000000000   1.000000000000000   1.000000000000000   
0.046919767224467   0.046536434201989   0.045642580725983   0.044359467665169   0.042827431763581   0.042235795721237   0.044475007948476   0.042000882453232   0.037052631462744   0.032104380472256   0.027156129481768   0.024682003986524   
0.017077398668405   0.018096472945801   0.020082650198888   0.021876241502625   0.023496512496902   0.024384848029094   0.007129451869470   0.008793190423578   0.012120667531796   0.015448144640013   0.018775621748231   0.020439360302340   
1.000000000000000   0.999048674522936   0.998097349045873   0.998097349045873   0.999048674522936   1.000000000000000   1.000000000000000   1.000000000000000   1.000000000000000   1.000000000000000   1.000000000000000   1.000000000000000   
PATCH 8 
2 1 
13 2 
0.000000000000000   0.000000000000000   0.000000000000000   0.250000000000000   0.250000000000000   0.375000000000000   0.375000000000000   0.500000000000000   0.500000000000000   0.750000000000000   0.750000000000000   0.875000000000000   0.875000000000000   1.000000000000000   1.000000000000000   1.000000000000000   
0.000000000000000   0.000000000000000   1.000000000000000   1.000000000000000   
0.042235795721237   0.041436738525794   0.040593232514158   0.040195963301329   0.039781731553016   0.039415490503796   0.039073461110193   0.038493212412337   0.037598829168712   0.036993440851946   0.036307505906449   0.035557325180452   0.034918747585212   0.024682003986524   0.023854460209451   0.023026916432378   0.023025657734840   0.023024886052093   0.023024114369347   0.023023829701391   0.022860094968339   0.022696360235286   0.020123310354107   0.020060825635227   0.019998340916347   0.022446421359766   
0.024384848029094   0.025693462609488   0.026973335467590   0.027631653214863   0.028279673030759   0.028964912520162   0.029672917069392   0.031191997237820   0.032481785863960   0.032989312153409   0.033417825563531   0.033774422002686   0.034227286288950   0.020439360302340   0.020995846418252   0.021552332534165   0.021552388014612   0.021552896643006   0.021553405271401   0.021554367047743   0.021660129568080   0.021765892088418   0.019383041608732   0.019376396986475   0.019369752364219   0.021739313599392   
1.000000000000000   0.998021269130837   0.997031903696256   0.996537220978966   0.996289879620320   0.996042538261675   0.996042538261675   0.996042538261675   0.997031903696256   0.997526586413547   0.998268610489483   0.999010634565419   1.000000000000000   1.000000000000000   1.000000000000000   1.000000000000000   0.999978644616320   0.999978644616320   0.999978644616320   1.000000000000000   1.000000000000000   1.000000000000000   0.888957224561047   0.888957224561047   0.888957224561047   1.000000000000000   
PATCH 9 
2 2 
6 4 
0.000000000000000   0.000000000000000   0.000000000000000   0.250000000000000   0.500000000000000   0.750000000000000   1.000000000000000   1.000000000000000   1.000000000000000   
0.000000000000000   0.000000000000000   0.000000000000000   0.500000000000000   1.000000000000000   1.000000000000000   1.000000000000000   
0.022821323605772   0.025295449101016   0.030243700091505   0.035191951081993   0.040140202072481   0.042614327567725   0.023286493700960   0.025760619196204   0.030708870186692   0.035657121177181   0.040605372167669   0.043079497662913   0.024216833891336   0.026690959386580   0.031639210377068   0.036587461367556   0.041535712358044   0.044009837853288   0.024682003986524   0.027156129481768   0.032104380472256   0.037052631462744   0.042000882453232   0.044475007948476   
0.017672364997009   0.016008626442900   0.012681149334682   0.009353672226465   0.006026195118247   0.004362456564139   0.018364113823341   0.016700375269233   0.013372898161015   0.010045421052798   0.006717943944580   0.005054205390471   0.019747611476007   0.018083872921898   0.014756395813681   0.011428918705463   0.008101441597246   0.006437703043137   0.020439360302340   0.018775621748231   0.015448144640013   0.012120667531796   0.008793190423578   0.007129451869470   
1.000000000000000   1.000000000000000   1.000000000000000   1.000000000000000   1.000000000000000   1.000000000000000   1.000000000000000   1.000000000000000   1.000000000000000   1.000000000000000   1.000000000000000   1.000000000000000   1.000000000000000   1.000000000000000   1.000000000000000   1.000000000000000   1.000000000000000   1.000000000000000   1.000000000000000   1.000000000000000   1.000000000000000   1.000000000000000   1.000000000000000   1.000000000000000   
PATCH 10 
2 2 
13 4 
0.000000000000000   0.000000000000000   0.000000000000000   0.250000000000000   0.250000000000000   0.375000000000000   0.375000000000000   0.500000000000000   0.500000000000000   0.750000000000000   0.750000000000000   0.875000000000000   0.875000000000000   1.000000000000000   1.000000000000000   1.000000000000000   
0.000000000000000   0.000000000000000   0.000000000000000   0.500000000000000   1.000000000000000   1.000000000000000   1.000000000000000   
0.022821323605772   0.022651795107808   0.022482266609844   0.021429904857176   0.021388876361689   0.021347847866202   0.022318152627896   0.020150754046773   0.017983355465651   0.014138946463494   0.017757834135659   0.014016633369130   0.017789424377736   0.023286493700960   0.022952461383219   0.022618429065477   0.021828843076592   0.021797878784290   0.021766914491988   0.022494571896270   0.020828089277165   0.019161606658060   0.015635037436147   0.018333582010551   0.015512060255934   0.018953673623243   0.024216833891336   0.023553793934040   0.022890753976744   0.022626719515424   0.022615883629492   0.022605047743560   0.022847410433017   0.022182759737947   0.021518109042877   0.018627219381454   0.019485077760335   0.018502914029542   0.021282172114258   0.024682003986524   0.023854460209451   0.023026916432378   0.023025657734840   0.023024886052093   0.023024114369347   0.023023829701391   0.022860094968339   0.022696360235286   0.020123310354107   0.020060825635227   0.019998340916347   0.022446421359766   
0.017672364997009   0.017786365316970   0.017900365636932   0.017113151615188   0.017119906219971   0.017126660824754   0.017927384056063   0.017337647783185   0.016747911510308   0.013245152457339   0.016840560885916   0.013456063064064   0.017082316617362   0.018364113823341   0.018588735592291   0.018813357361240   0.018222960715044   0.018228153825730   0.018233346936415   0.018834129803983   0.018418268229409   0.018002406654836   0.014779624745187   0.017474519911055   0.014934485389103   0.018246565862869   0.019747611476007   0.020193476142932   0.020639340809857   0.020442578914756   0.020444649037247   0.020446719159739   0.020647621299823   0.020579509121856   0.020511396943890   0.017848569320884   0.018742437961335   0.017891330039180   0.020575064353884   0.020439360302340   0.020995846418252   0.021552332534165   0.021552388014612   0.021552896643006   0.021553405271401   0.021554367047743   0.021660129568080   0.021765892088418   0.019383041608732   0.019376396986475   0.019369752364219   0.021739313599392   
1.000000000000000   1.000000000000000   1.000000000000000   0.954726232812499   0.954726232812499   0.954726232812499   1.000000000000000   1.000000000000000   1.000000000000000   0.792765030282764   1.000000000000000   0.792765030282764   1.000000000000000   1.000000000000000   1.000000000000000   1.000000000000000   0.966039335763454   0.966039335763454   0.966039335763454   1.000000000000000   1.000000000000000   1.000000000000000   0.816813078852335   0.972239306140262   0.816813078852335   1.000000000000000   1.000000000000000   1.000000000000000   1.000000000000000   0.988665541665365   0.988665541665365   0.988665541665365   1.000000000000000   1.000000000000000   1.000000000000000   0.864909175991476   0.916717918420785   0.864909175991476   1.000000000000000   1.000000000000000   1.000000000000000   1.000000000000000   0.999978644616320   0.999978644616320   0.999978644616320   1.000000000000000   1.000000000000000   1.000000000000000   0.888957224561047   0.888957224561047   0.888957224561047   1.000000000000000   
PATCH 11 
2 1 
13 2 
0.000000000000000   0.000000000000000   0.000000000000000   0.250000000000000   0.250000000000000   0.375000000000000   0.375000000000000   0.500000000000000   0.500000000000000   0.750000000000000   0.750000000000000   0.875000000000000   0.875000000000000   1.000000000000000   1.000000000000000   1.000000000000000   
0.000000000000000   0.000000000000000   1.000000000000000   1.000000000000000   
0.042235795721237   0.041436738525794   0.040593232514158   0.040195963301329   0.039781731553016   0.039415490503796   0.039073461110193   0.038493212412337   0.037598829168712   0.036993440851946   0.036307505906449   0.035557325180452   0.034918747585212   0.043734282891114   0.043142506727484   0.042531053738569   0.042225327244111   0.041914681543332   0.041604035842553   0.041288470935453   0.040657341121252   0.040006534481766   0.039681131162023   0.039350808635958   0.039020486109894   0.038685244377508   
0.024384848029094   0.025693462609488   0.026973335467590   0.027631653214863   0.028279673030759   0.028964912520162   0.029672917069392   0.031191997237820   0.032481785863960   0.032989312153409   0.033417825563531   0.033774422002686   0.034227286288950   0.025250000000000   0.026178902508932   0.027094027156471   0.027551589480241   0.028005707338662   0.028459825197083   0.028910498590156   0.029811845376303   0.030699414301056   0.031143198763433   0.031583538760461   0.032023878757490   0.032460774289170   
1.000000000000000   0.998021269130837   0.997031903696256   0.996537220978966   0.996289879620320   0.996042538261675   0.996042538261675   0.996042538261675   0.997031903696256   0.997526586413547   0.998268610489483   0.999010634565419   1.000000000000000   1.000000000000000   0.999048674522937   0.998573011784405   0.998335180415139   0.998216264730506   0.998097349045873   0.998097349045873   0.998097349045873   0.998573011784405   0.998810843153671   0.999167590207569   0.999524337261468   1.000000000000000   
PATCH 12 
2 1 
6 2 
0.000000000000000   0.000000000000000   0.000000000000000   0.250000000000000   0.500000000000000   0.750000000000000   1.000000000000000   1.000000000000000   1.000000000000000   
0.000000000000000   0.000000000000000   1.000000000000000   1.000000000000000   
0.022821323605772   0.025295449101016   0.030243700091505   0.035191951081993   0.040140202072481   0.042614327567725   0.014550000000000   0.018058040945966   0.025074122837897   0.032090204729828   0.039106286621759   0.042614327567725   
0.017672364997009   0.016008626442900   0.012681149334682   0.009353672226465   0.006026195118247   0.004362456564139   0.000000000000000   0.000000000000000   0.000000000000000   0.000000000000000   0.000000000000000   0.000000000000000   
1.000000000000000   1.000000000000000   1.000000000000000   1.000000000000000   1.000000000000000   1.000000000000000   1.000000000000000   1.000000000000000   1.000000000000000   1.000000000000000   1.000000000000000   1.000000000000000   
PATCH 13 
2 1 
13 2 
0.000000000000000   0.000000000000000   0.000000000000000   0.250000000000000   0.250000000000000   0.375000000000000   0.375000000000000   0.500000000000000   0.500000000000000   0.750000000000000   0.750000000000000   0.875000000000000   0.875000000000000   1.000000000000000   1.000000000000000   1.000000000000000   
0.000000000000000   0.000000000000000   1.000000000000000   1.000000000000000   
0.042614327567725   0.044266715067799   0.045919102567872   0.045838965622789   0.045846594460665   0.045854223298541   0.045949617919376   0.046980703001354   0.048011788083332   0.039655249863962   0.048234665875928   0.039815174408537   0.048275276410205   0.042614327567725   0.043537536621759   0.044460745675794   0.044922350202811   0.045383954729828   0.045845559256845   0.046307163783863   0.047230372837897   0.048153581891931   0.048615186418948   0.049076790945966   0.049538395472983   0.050000000000000   
0.004362456564139   0.003251299997714   0.002140143431289   0.002131207905971   0.002126993255629   0.002122778605287   0.002123284829922   0.001665962025209   0.001208639220496   0.000949695365584   0.001250410292583   0.001110454418015   0.001473502465018   0.000000000000000   0.000000000000000   0.000000000000000   0.000000000000000   0.000000000000000   0.000000000000000   0.000000000000000   0.000000000000000   0.000000000000000   0.000000000000000   0.000000000000000   0.000000000000000   0.000000000000000   
1.000000000000000   1.000000000000000   1.000000000000000   0.998097318682818   0.998097318682818   0.998097318682818   1.000000000000000   1.000000000000000   1.000000000000000   0.823789517656422   1.000000000000000   0.823789517656422   1.000000000000000   1.000000000000000   1.000000000000000   1.000000000000000   1.000000000000000   1.000000000000000   1.000000000000000   1.000000000000000   1.000000000000000   1.000000000000000   1.000000000000000   1.000000000000000   1.000000000000000   1.000000000000000   
PATCH 14 
2 1 
13 2 
0.000000000000000   0.000000000000000   0.000000000000000   0.250000000000000   0.250000000000000   0.375000000000000   0.375000000000000   0.500000000000000   0.500000000000000   0.750000000000000   0.750000000000000   0.875000000000000   0.875000000000000   1.000000000000000   1.000000000000000   1.000000000000000   
0.000000000000000   0.000000000000000   1.000000000000000   1.000000000000000   
0.014550000000000   0.014280029598212   0.013885092417226   0.013687623826733   0.013458913541441   0.013230203256148   0.012970251276057   0.012450347315873   0.011805476576492   0.011483041206801   0.011129364142311   0.010775687077821   0.010390768318532   0.022821323605772   0.022651795107808   0.022482266609844   0.021429904857176   0.021388876361689   0.021347847866202   0.022318152627896   0.020150754046773   0.017983355465651   0.014138946463494   0.017757834135659   0.014016633369130   0.017789424377736   
0.000000000000000   0.001375191134049   0.002699349841570   0.003361429195330   0.004010750442459   0.004660071689587   0.005296634830083   0.006569761111075   0.007791854965539   0.008402901892771   0.009001190713370   0.009599479533970   0.010185010247938   0.017672364997009   0.017786365316970   0.017900365636932   0.017113151615188   0.017119906219971   0.017126660824754   0.017927384056063   0.017337647783185   0.016747911510308   0.013245152457339   0.016840560885916   0.013456063064064   0.017082316617362   
1.000000000000000   0.981445333210432   0.972167999815648   0.967529333118256   0.965209999769560   0.962890666420864   0.962890666420864   0.962890666420864   0.972167999815648   0.976806666513040   0.983764666559128   0.990722666605216   1.000000000000000   1.000000000000000   1.000000000000000   1.000000000000000   0.954726232812499   0.954726232812499   0.954726232812499   1.000000000000000   1.000000000000000   1.000000000000000   0.792765030282764   1.000000000000000   0.792765030282764   1.000000000000000   
PATCH 15 
2 1 
4 2 
0.000000000000000   0.000000000000000   0.000000000000000   0.500000000000000   1.000000000000000   1.000000000000000   1.000000000000000   
0.000000000000000   0.000000000000000   1.000000000000000   1.000000000000000   
0.034918747585212   0.034742827893974   0.034397136236702   0.034227286288950   0.022446421359766   0.022269644419672   0.021916090539485   0.021739313599392   
0.034227286288950   0.034397136236702   0.034742827893974   0.034918747585212   0.021739313599392   0.021916090539485   0.022269644419672   0.022446421359766   
1.000000000000000   0.999975001805615   0.999975001805615   1.000000000000000   1.000000000000000   1.000000000000000   1.000000000000000   1.000000000000000   
PATCH 16 
2 2 
4 4 
0.000000000000000   0.000000000000000   0.000000000000000   0.500000000000000   1.000000000000000   1.000000000000000   1.000000000000000   
0.000000000000000   0.000000000000000   0.000000000000000   0.500000000000000   1.000000000000000   1.000000000000000   1.000000000000000   
0.017789424377736   0.018953673623243   0.021282172114258   0.022446421359766   0.017612647437643   0.018776896683150   0.021105395174165   0.022269644419672   0.017259093557456   0.018423342802963   0.020751841293978   0.021916090539485   0.017082316617362   0.018246565862869   0.020575064353884   0.021739313599392   
0.017082316617362   0.018246565862869   0.020575064353884   0.021739313599392   0.017259093557456   0.018423342802963   0.020751841293978   0.021916090539485   0.017612647437643   0.018776896683150   0.021105395174165   0.022269644419672   0.017789424377736   0.018953673623243   0.021282172114258   0.022446421359766   
1.000000000000000   1.000000000000000   1.000000000000000   1.000000000000000   1.000000000000000   1.000000000000000   1.000000000000000   1.000000000000000   1.000000000000000   1.000000000000000   1.000000000000000   1.000000000000000   1.000000000000000   1.000000000000000   1.000000000000000   1.000000000000000   
PATCH 17 
2 1 
4 2 
0.000000000000000   0.000000000000000   0.000000000000000   0.500000000000000   1.000000000000000   1.000000000000000   1.000000000000000   
0.000000000000000   0.000000000000000   1.000000000000000   1.000000000000000   
0.017789424377736   0.017612647437643   0.017259093557456   0.017082316617362   0.010390768318532   0.010339585992398   0.010236706957101   0.010185010247938   
0.017082316617362   0.017259093557456   0.017612647437643   0.017789424377736   0.010185010247938   0.010236706957101   0.010339585992398   0.010390768318532   
1.000000000000000   1.000000000000000   1.000000000000000   1.000000000000000   1.000000000000000   0.999975001805615   0.999975001805615   1.000000000000000   
PATCH 18 
2 1 
4 2 
0.000000000000000   0.000000000000000   0.000000000000000   0.500000000000000   1.000000000000000   1.000000000000000   1.000000000000000   
0.000000000000000   0.000000000000000   1.000000000000000   1.000000000000000   
0.034918747585212   0.034742827893974   0.034397136236702   0.034227286288950   0.038685244377508   0.037197068413715   0.034084833369545   0.032460774289170   
0.034227286288950   0.034397136236702   0.034742827893974   0.034918747585212   0.032460774289170   0.034084833369545   0.037197068413715   0.038685244377508   
1.000000000000000   0.999975001805615   0.999975001805615   1.000000000000000   1.000000000000000   0.998097349045873   0.998097349045873   1.000000000000000   
PATCH 19 
2 1 
4 2 
0.000000000000000   0.000000000000000   0.000000000000000   0.500000000000000   1.000000000000000   1.000000000000000   1.000000000000000   
0.000000000000000   0.000000000000000   1.000000000000000   1.000000000000000   
0.000000000000000   0.002178893568691   0.006333286354005   0.008508306593150   0.000000000000000   0.002200682504378   0.006585298990468   0.008769232972180   
0.050000000000000   0.049904867452294   0.048106085870496   0.048253004497464   0.050500000000000   0.050403916126817   0.050020311890375   0.049732791527117   
1.000000000000000   0.998097349045873   0.998097349045873   1.000000000000000   1.000000000000000   0.998097349045873   0.998097349045873   1.000000000000000   
PATCH 20 
2 1 
4 2 
0.000000000000000   0.000000000000000   0.000000000000000   0.500000000000000   1.000000000000000   1.000000000000000   1.000000000000000   
0.000000000000000   0.000000000000000   1.000000000000000   1.000000000000000   
0.001473502465018   0.002773324041792   0.005372967195340   0.006672788772114   0.000000000000000   0.002178893568691   0.006333286354005   0.008508306593150   
0.048275276410205   0.047690644822825   0.046521381648064   0.045936750060683   0.050000000000000   0.049904867452294   0.048106085870496   0.048253004497464   
1.000000000000000   1.000000000000000   1.000000000000000   1.000000000000000   1.000000000000000   0.998097349045873   0.998097349045873   1.000000000000000   
PATCH 21 
2 1 
13 2 
0.000000000000000   0.000000000000000   0.000000000000000   0.125000000000000   0.125000000000000   0.250000000000000   0.250000000000000   0.500000000000000   0.500000000000000   0.625000000000000   0.625000000000000   0.750000000000000   0.750000000000000   1.000000000000000   1.000000000000000   1.000000000000000   
0.000000000000000   0.000000000000000   1.000000000000000   1.000000000000000   
0.006672788772114   0.006245163958148   0.006274537201681   0.006303910445214   0.006790281746245   0.006818529506353   0.006846777266460   0.006731898205687   0.006740289944166   0.006748681682645   0.006880344220376   0.007004898044923   0.007129451869470   0.008508306593150   0.009096408910059   0.009681799768297   0.010227175116150   0.010772233368898   0.011833455594809   0.012880696237117   0.013405881223481   0.013939470769739   0.014451693752159   0.014979762081743   0.016025330013108   0.017077398668405   
0.045936750060683   0.042649095675532   0.042606913301157   0.042564730926783   0.045768020563186   0.045355703902741   0.044943387242296   0.044151868592153   0.044127385012238   0.044102901432323   0.044845452922635   0.044660230435556   0.044475007948476   0.048253004497464   0.048491640027306   0.048678317886359   0.048641295016172   0.048595182943066   0.048361517724274   0.048071412793778   0.047932512395221   0.047821845516016   0.047637954299532   0.047506293712114   0.047207488630514   0.046919767224467   
1.000000000000000   0.928889841815419   0.928889841815419   0.928889841815419   1.000000000000000   1.000000000000000   1.000000000000000   0.982963068977306   0.982963068977306   0.982963068977306   1.000000000000000   1.000000000000000   1.000000000000000   1.000000000000000   0.999524337261468   0.999167590207569   0.998810843153671   0.998573011784405   0.998097349045873   0.998097349045873   0.998097349045873   0.998216264730506   0.998335180415139   0.998573011784404   0.999048674522936   1.000000000000000   
PATCH 22 
2 2 
13 4 
0.000000000000000   0.000000000000000   0.000000000000000   0.250000000000000   0.250000000000000   0.375000000000000   0.375000000000000   0.500000000000000   0.500000000000000   0.750000000000000   0.750000000000000   0.875000000000000   0.875000000000000   1.000000000000000   1.000000000000000   1.000000000000000   
0.000000000000000   0.000000000000000   0.000000000000000   0.500000000000000   1.000000000000000   1.000000000000000   1.000000000000000   
0.004362456564139   0.003251299997714   0.002140143431289   0.002131207905971   0.002126993255629   0.002122778605287   0.002123284829922   0.001665962025209   0.001208639220496   0.000949695365584   0.001250410292583   0.001110454418015   0.001473502465018   0.005054205390471   0.004189699509516   0.003325193628561   0.003285576350139   0.003280317427763   0.003275058505387   0.003304157939057   0.002954103895495   0.002604049851933   0.002288249135491   0.002506442019857   0.002394131803048   0.002773324041792   0.006437703043137   0.006066498533120   0.005695294023104   0.005594313238476   0.005586965772032   0.005579618305587   0.005665904157326   0.005530387636067   0.005394871114808   0.004965356675306   0.005018505474406   0.004961486573114   0.005372967195340   0.007129451869470   0.007004898044923   0.006880344220376   0.006748681682645   0.006740289944166   0.006731898205687   0.006846777266460   0.006818529506353   0.006790281746245   0.006303910445214   0.006274537201681   0.006245163958148   0.006672788772114   
0.042614327567725   0.044266715067799   0.045919102567872   0.045838965622789   0.045846594460665   0.045854223298541   0.045949617919376   0.046980703001354   0.048011788083332   0.039655249863962   0.048234665875928   0.039815174408537   0.048275276410205   0.043079497662913   0.044365093909738   0.045650690156563   0.045404949575173   0.045416792098558   0.045428634621944   0.045698060250106   0.046574453226701   0.047450846203296   0.040382620129668   0.046827727732236   0.040523654725286   0.047690644822825   0.044009837853288   0.044561851593617   0.045113865333945   0.044536917479939   0.044557187374345   0.044577457268750   0.045194944911566   0.045761953677394   0.046328962443223   0.041837360661078   0.044013851444850   0.041940615358783   0.046521381648064   0.044475007948476   0.044660230435556   0.044845452922635   0.044102901432323   0.044127385012238   0.044151868592153   0.044943387242296   0.045355703902741   0.045768020563186   0.042564730926783   0.042606913301157   0.042649095675532   0.045936750060683   
1.000000000000000   1.000000000000000   1.000000000000000   0.998097318682818   0.998097318682818   0.998097318682818   1.000000000000000   1.000000000000000   1.000000000000000   0.823789517656422   1.000000000000000   0.823789517656422   1.000000000000000   1.000000000000000   1.000000000000000   1.000000000000000   0.994313756256440   0.994313756256440   0.994313756256440   1.000000000000000   1.000000000000000   1.000000000000000   0.850064598696171   0.982222460453855   0.850064598696171   1.000000000000000   1.000000000000000   1.000000000000000   1.000000000000000   0.986746631403684   0.986746631403684   0.986746631403684   1.000000000000000   1.000000000000000   1.000000000000000   0.902614760775669   0.946667381361564   0.902614760775669   1.000000000000000   1.000000000000000   1.000000000000000   1.000000000000000   0.982963068977306   0.982963068977306   0.982963068977306   1.000000000000000   1.000000000000000   1.000000000000000   0.928889841815419   0.928889841815419   0.928889841815419   1.000000000000000   
PATCH 23 
2 1 
13 2 
0.000000000000000   0.000000000000000   0.000000000000000   0.125000000000000   0.125000000000000   0.250000000000000   0.250000000000000   0.500000000000000   0.500000000000000   0.625000000000000   0.625000000000000   0.750000000000000   0.750000000000000   1.000000000000000   1.000000000000000   1.000000000000000   
0.000000000000000   0.000000000000000   1.000000000000000   1.000000000000000   
0.008508306593150   0.009096408910059   0.009681799768297   0.010227175116150   0.010772233368898   0.011833455594809   0.012880696237117   0.013405881223481   0.013939470769739   0.014451693752159   0.014979762081743   0.016025330013108   0.017077398668405   0.008769232972180   0.009306874072867   0.009842960902535   0.010379047732203   0.010913580290852   0.011982645408149   0.013045493441370   0.013576917457981   0.014106787203572   0.014636656949163   0.015164972423735   0.016221603372879   0.017272017237946   
0.048253004497464   0.048491640027306   0.048678317886359   0.048641295016172   0.048595182943066   0.048361517724274   0.048071412793778   0.047932512395221   0.047821845516016   0.047637954299532   0.047506293712114   0.047207488630514   0.046919767224467   0.049732791527117   0.049613599364677   0.049488606583825   0.049363613802972   0.049232820403708   0.048971233605179   0.048686444333000   0.048544049696911   0.048395854442409   0.048247659187908   0.048093663314994   0.047785671569166   0.047454477349688   
1.000000000000000   0.999524337261468   0.999167590207569   0.998810843153671   0.998573011784405   0.998097349045873   0.998097349045873   0.998097349045873   0.998216264730506   0.998335180415139   0.998573011784404   0.999048674522936   1.000000000000000   1.000000000000000   0.999524337261468   0.999167590207569   0.998810843153671   0.998573011784405   0.998097349045873   0.998097349045873   0.998097349045873   0.998216264730506   0.998335180415139   0.998573011784404   0.999048674522936   1.000000000000000   
PATCH 24 
2 1 
6 2 
0.000000000000000   0.000000000000000   0.000000000000000   0.250000000000000   0.500000000000000   0.750000000000000   1.000000000000000   1.000000000000000   1.000000000000000   
0.000000000000000   0.000000000000000   1.000000000000000   1.000000000000000   
0.017077398668405   0.018096472945801   0.020082650198888   0.021876241502625   0.023496512496902   0.024384848029094   0.017272017237946   0.018289568482936   0.020304367573183   0.022298863263696   0.024273055554476   0.025250000000000   
0.046919767224467   0.046536434201989   0.045642580725983   0.044359467665169   0.042827431763581   0.042235795721237   0.047454477349688   0.047032993823604   0.046146485990198   0.045216437375554   0.044242847979673   0.043734282891114   
1.000000000000000   0.999048674522936   0.998097349045873   0.998097349045873   0.999048674522936   1.000000000000000   1.000000000000000   0.999048674522936   0.998097349045873   0.998097349045873   0.999048674522936   1.000000000000000   
PATCH 25 
2 1 
6 2 
0.000000000000000   0.000000000000000   0.000000000000000   0.250000000000000   0.500000000000000   0.750000000000000   1.000000000000000   1.000000000000000   1.000000000000000   
0.000000000000000   0.000000000000000   1.000000000000000   1.000000000000000   
0.017077398668405   0.018096472945801   0.020082650198888   0.021876241502625   0.023496512496902   0.024384848029094   0.007129451869470   0.008793190423578   0.012120667531796   0.015448144640013   0.018775621748231   0.020439360302340   
0.046919767224467   0.046536434201989   0.045642580725983   0.044359467665169   0.042827431763581   0.042235795721237   0.044475007948476   0.042000882453232   0.037052631462744   0.032104380472256   0.027156129481768   0.024682003986524   
1.000000000000000   0.999048674522936   0.998097349045873   0.998097349045873   0.999048674522936   1.000000000000000   1.000000000000000   1.000000000000000   1.000000000000000   1.000000000000000   1.000000000000000   1.000000000000000   
PATCH 26 
2 1 
13 2 
0.000000000000000   0.000000000000000   0.000000000000000   0.250000000000000   0.250000000000000   0.375000000000000   0.375000000000000   0.500000000000000   0.500000000000000   0.750000000000000   0.750000000000000   0.875000000000000   0.875000000000000   1.000000000000000   1.000000000000000   1.000000000000000   
0.000000000000000   0.000000000000000   1.000000000000000   1.000000000000000   
0.024384848029094   0.025693462609488   0.026973335467590   0.027631653214863   0.028279673030759   0.028964912520162   0.029672917069392   0.031191997237820   0.032481785863960   0.032989312153409   0.033417825563531   0.033774422002686   0.034227286288950   0.020439360302340   0.020995846418252   0.021552332534165   0.021552388014612   0.021552896643006   0.021553405271401   0.021554367047743   0.021660129568080   0.021765892088418   0.019383041608732   0.019376396986475   0.019369752364219   0.021739313599392   
0.042235795721237   0.041436738525794   0.040593232514158   0.040195963301329   0.039781731553016   0.039415490503796   0.039073461110193   0.038493212412337   0.037598829168712   0.036993440851946   0.036307505906449   0.035557325180452   0.034918747585212   0.024682003986524   0.023854460209451   0.023026916432378   0.023025657734840   0.023024886052093   0.023024114369347   0.023023829701391   0.022860094968339   0.022696360235286   0.020123310354107   0.020060825635227   0.019998340916347   0.022446421359766   
1.000000000000000   0.998021269130837   0.997031903696256   0.996537220978966   0.996289879620320   0.996042538261675   0.996042538261675   0.996042538261675   0.997031903696256   0.997526586413547   0.998268610489483   0.999010634565419   1.000000000000000   1.000000000000000   1.000000000000000   1.000000000000000   0.999978644616320   0.999978644616320   0.999978644616320   1.000000000000000   1.000000000000000   1.000000000000000   0.888957224561047   0.888957224561047   0.888957224561047   1.000000000000000   
PATCH 27 
2 2 
6 4 
0.000000000000000   0.000000000000000   0.000000000000000   0.250000000000000   0.500000000000000   0.750000000000000   1.000000000000000   1.000000000000000   1.000000000000000   
0.000000000000000   0.000000000000000   0.000000000000000   0.500000000000000   1.000000000000000   1.000000000000000   1.000000000000000   
0.017672364997009   0.016008626442900   0.012681149334682   0.009353672226465   0.006026195118247   0.004362456564139   0.018364113823341   0.016700375269233   0.013372898161015   0.010045421052798   0.006717943944580   0.005054205390471   0.019747611476007   0.018083872921898   0.014756395813681   0.011428918705463   0.008101441597246   0.006437703043137   0.020439360302340   0.018775621748231   0.015448144640013   0.012120667531796   0.008793190423578   0.007129451869470   
0.022821323605772   0.025295449101016   0.030243700091505   0.035191951081993   0.040140202072481   0.042614327567725   0.023286493700960   0.025760619196204   0.030708870186692   0.035657121177181   0.040605372167669   0.043079497662913   0.024216833891336   0.026690959386580   0.031639210377068   0.036587461367556   0.041535712358044   0.044009837853288   0.024682003986524   0.027156129481768   0.032104380472256   0.037052631462744   0.042000882453232   0.044475007948476   
1.000000000000000   1.000000000000000   1.000000000000000   1.000000000000000   1.000000000000000   1.000000000000000   1.000000000000000   1.000000000000000   1.000000000000000   1.000000000000000   1.000000000000000   1.000000000000000   1.000000000000000   1.000000000000000   1.000000000000000   1.000000000000000   1.000000000000000   1.000000000000000   1.000000000000000   1.000000000000000   1.000000000000000   1.000000000000000   1.000000000000000   1.000000000000000   
PATCH 28 
2 2 
13 4 
0.000000000000000   0.000000000000000   0.000000000000000   0.250000000000000   0.250000000000000   0.375000000000000   0.375000000000000   0.500000000000000   0.500000000000000   0.750000000000000   0.750000000000000   0.875000000000000   0.875000000000000   1.000000000000000   1.000000000000000   1.000000000000000   
0.000000000000000   0.000000000000000   0.000000000000000   0.500000000000000   1.000000000000000   1.000000000000000   1.000000000000000   
0.017672364997009   0.017786365316970   0.017900365636932   0.017113151615188   0.017119906219971   0.017126660824754   0.017927384056063   0.017337647783185   0.016747911510308   0.013245152457339   0.016840560885916   0.013456063064064   0.017082316617362   0.018364113823341   0.018588735592291   0.018813357361240   0.018222960715044   0.018228153825730   0.018233346936415   0.018834129803983   0.018418268229409   0.018002406654836   0.014779624745187   0.017474519911055   0.014934485389103   0.018246565862869   0.019747611476007   0.020193476142932   0.020639340809857   0.020442578914756   0.020444649037247   0.020446719159739   0.020647621299823   0.020579509121856   0.020511396943890   0.017848569320884   0.018742437961335   0.017891330039180   0.020575064353884   0.020439360302340   0.020995846418252   0.021552332534165   0.021552388014612   0.021552896643006   0.021553405271401   0.021554367047743   0.021660129568080   0.021765892088418   0.019383041608732   0.019376396986475   0.019369752364219   0.021739313599392   
0.022821323605772   0.022651795107808   0.022482266609844   0.021429904857176   0.021388876361689   0.021347847866202   0.022318152627896   0.020150754046773   0.017983355465651   0.014138946463494   0.017757834135659   0.014016633369130   0.017789424377736   0.023286493700960   0.022952461383219   0.022618429065477   0.021828843076592   0.021797878784290   0.021766914491988   0.022494571896270   0.020828089277165   0.019161606658060   0.015635037436147   0.018333582010551   0.015512060255934   0.018953673623243   0.024216833891336   0.023553793934040   0.022890753976744   0.022626719515424   0.022615883629492   0.022605047743560   0.022847410433017   0.022182759737947   0.021518109042877   0.018627219381454   0.019485077760335   0.018502914029542   0.021282172114258   0.024682003986524   0.023854460209451   0.023026916432378   0.023025657734840   0.023024886052093   0.023024114369347   0.023023829701391   0.022860094968339   0.022696360235286   0.020123310354107   0.020060825635227   0.019998340916347   0.022446421359766   
1.000000000000000   1.000000000000000   1.000000000000000   0.954726232812499   0.954726232812499   0.954726232812499   1.000000000000000   1.000000000000000   1.000000000000000   0.792765030282764   1.000000000000000   0.792765030282764   1.000000000000000   1.000000000000000   1.000000000000000   1.000000000000000   0.966039335763454   0.966039335763454   0.966039335763454   1.000000000000000   1.000000000000000   1.000000000000000   0.816813078852335   0.972239306140262   0.816813078852335   1.000000000000000   1.000000000000000   1.000000000000000   1.000000000000000   0.988665541665365   0.988665541665365   0.988665541665365   1.000000000000000   1.000000000000000   1.000000000000000   0.864909175991476   0.916717918420785   0.864909175991476   1.000000000000000   1.000000000000000   1.000000000000000   1.000000000000000   0.999978644616320   0.999978644616320   0.999978644616320   1.000000000000000   1.000000000000000   1.000000000000000   0.888957224561047   0.888957224561047   0.888957224561047   1.000000000000000   
PATCH 29 
2 1 
13 2 
0.000000000000000   0.000000000000000   0.000000000000000   0.250000000000000   0.250000000000000   0.375000000000000   0.375000000000000   0.500000000000000   0.500000000000000   0.750000000000000   0.750000000000000   0.875000000000000   0.875000000000000   1.000000000000000   1.000000000000000   1.000000000000000   
0.000000000000000   0.000000000000000   1.000000000000000   1.000000000000000   
0.024384848029094   0.025693462609488   0.026973335467590   0.027631653214863   0.028279673030759   0.028964912520162   0.029672917069392   0.031191997237820   0.032481785863960   0.032989312153409   0.033417825563531   0.033774422002686   0.034227286288950   0.025250000000000   0.026178902508932   0.027094027156471   0.027551589480241   0.028005707338662   0.028459825197083   0.028910498590156   0.029811845376303   0.030699414301056   0.031143198763433   0.031583538760461   0.032023878757490   0.032460774289170   
0.042235795721237   0.041436738525794   0.040593232514158   0.040195963301329   0.039781731553016   0.039415490503796   0.039073461110193   0.038493212412337   0.037598829168712   0.036993440851946   0.036307505906449   0.035557325180452   0.034918747585212   0.043734282891114   0.043142506727484   0.042531053738569   0.042225327244111   0.041914681543332   0.041604035842553   0.041288470935453   0.040657341121252   0.040006534481766   0.039681131162023   0.039350808635958   0.039020486109894   0.038685244377508   
1.000000000000000   0.998021269130837   0.997031903696256   0.996537220978966   0.996289879620320   0.996042538261675   0.996042538261675   0.996042538261675   0.997031903696256   0.997526586413547   0.998268610489483   0.999010634565419   1.000000000000000   1.000000000000000   0.999048674522937   0.998573011784405   0.998335180415139   0.998216264730506   0.998097349045873   0.998097349045873   0.998097349045873   0.998573011784405   0.998810843153671   0.999167590207569   0.999524337261468   1.000000000000000   
PATCH 30 
2 1 
6 2 
0.000000000000000   0.000000000000000   0.000000000000000   0.250000000000000   0.500000000000000   0.750000000000000   1.000000000000000   1.000000000000000   1.000000000000000   
0.000000000000000   0.000000000000000   1.000000000000000   1.000000000000000   
0.017672364997009   0.016008626442900   0.012681149334682   0.009353672226465   0.006026195118247   0.004362456564139   0.000000000000000   0.000000000000000   0.000000000000000   0.000000000000000   0.000000000000000   0.000000000000000   
0.022821323605772   0.025295449101016   0.030243700091505   0.035191951081993   0.040140202072481   0.042614327567725   0.014550000000000   0.018058040945966   0.025074122837897   0.032090204729828   0.039106286621759   0.042614327567725   
1.000000000000000   1.000000000000000   1.000000000000000   1.000000000000000   1.000000000000000   1.000000000000000   1.000000000000000   1.000000000000000   1.000000000000000   1.000000000000000   1.000000000000000   1.000000000000000   
PATCH 31 
2 1 
13 2 
0.000000000000000   0.000000000000000   0.000000000000000   0.250000000000000   0.250000000000000   0.375000000000000   0.375000000000000   0.500000000000000   0.500000000000000   0.750000000000000   0.750000000000000   0.875000000000000   0.875000000000000   1.000000000000000   1.000000000000000   1.000000000000000   
0.000000000000000   0.000000000000000   1.000000000000000   1.000000000000000   
0.004362456564139   0.003251299997714   0.002140143431289   0.002131207905971   0.002126993255629   0.002122778605287   0.002123284829922   0.001665962025209   0.001208639220496   0.000949695365584   0.001250410292583   0.001110454418015   0.001473502465018   0.000000000000000   0.000000000000000   0.000000000000000   0.000000000000000   0.000000000000000   0.000000000000000   0.000000000000000   0.000000000000000   0.000000000000000   0.000000000000000   0.000000000000000   0.000000000000000   0.000000000000000   
0.042614327567725   0.044266715067799   0.045919102567872   0.045838965622789   0.045846594460665   0.045854223298541   0.045949617919376   0.046980703001354   0.048011788083332   0.039655249863962   0.048234665875928   0.039815174408537   0.048275276410205   0.042614327567725   0.043537536621759   0.044460745675794   0.044922350202811   0.045383954729828   0.045845559256845   0.046307163783863   0.047230372837897   0.048153581891931   0.048615186418948   0.049076790945966   0.049538395472983   0.050000000000000   
1.000000000000000   1.000000000000000   1.000000000000000   0.998097318682818   0.998097318682818   0.998097318682818   1.000000000000000   1.000000000000000   1.000000000000000   0.823789517656422   1.000000000000000   0.823789517656422   1.000000000000000   1.000000000000000   1.000000000000000   1.000000000000000   1.000000000000000   1.000000000000000   1.000000000000000   1.000000000000000   1.000000000000000   1.000000000000000   1.000000000000000   1.000000000000000   1.000000000000000   1.000000000000000   
PATCH 32 
2 1 
13 2 
0.000000000000000   0.000000000000000   0.000000000000000   0.250000000000000   0.250000000000000   0.375000000000000   0.375000000000000   0.500000000000000   0.500000000000000   0.750000000000000   0.750000000000000   0.875000000000000   0.875000000000000   1.000000000000000   1.000000000000000   1.000000000000000   
0.000000000000000   0.000000000000000   1.000000000000000   1.000000000000000   
0.000000000000000   0.001375191134049   0.002699349841570   0.003361429195330   0.004010750442459   0.004660071689587   0.005296634830083   0.006569761111075   0.007791854965539   0.008402901892771   0.009001190713370   0.009599479533970   0.010185010247938   0.017672364997009   0.017786365316970   0.017900365636932   0.017113151615188   0.017119906219971   0.017126660824754   0.017927384056063   0.017337647783185   0.016747911510308   0.013245152457339   0.016840560885916   0.013456063064064   0.017082316617362   
0.014550000000000   0.014280029598212   0.013885092417226   0.013687623826733   0.013458913541441   0.013230203256148   0.012970251276057   0.012450347315873   0.011805476576492   0.011483041206801   0.011129364142311   0.010775687077821   0.010390768318532   0.022821323605772   0.022651795107808   0.022482266609844   0.021429904857176   0.021388876361689   0.021347847866202   0.022318152627896   0.020150754046773   0.017983355465651   0.014138946463494   0.017757834135659   0.014016633369130   0.017789424377736   
1.000000000000000   0.981445333210432   0.972167999815648   0.967529333118256   0.965209999769560   0.962890666420864   0.962890666420864   0.962890666420864   0.972167999815648   0.976806666513040   0.983764666559128   0.990722666605216   1.000000000000000   1.000000000000000   1.000000000000000   1.000000000000000   0.954726232812499   0.954726232812499   0.954726232812499   1.000000000000000   1.000000000000000   1.000000000000000   0.792765030282764   1.000000000000000   0.792765030282764   1.000000000000000   
INTERFACE 1 
1 2 
5 1 
1 
INTERFACE 2 
1 3 
2 4 
1 
INTERFACE 3 
2 1 
13 2 
1 
INTERFACE 4 
2 2 
3 1 
1 
INTERFACE 5 
2 3 
4 2 
1 
INTERFACE 6 
3 2 
7 1 
-1 
INTERFACE 7 
3 3 
4 4 
-1 
INTERFACE 8 
3 4 
5 3 
1 
INTERFACE 9 
4 1 
9 2 
1 
INTERFACE 10 
4 3 
13 3 
1 
INTERFACE 11 
5 2 
6 1 
1 
INTERFACE 12 
6 2 
11 1 
1 
INTERFACE 13 
6 3 
7 3 
1 
INTERFACE 14 
7 2 
8 1 
1 
INTERFACE 15 
7 4 
9 4 
-1 
INTERFACE 16 
8 2 
15 1 
1 
INTERFACE 17 
8 3 
11 3 
1 
INTERFACE 18 
8 4 
10 4 
1 
INTERFACE 19 
9 1 
10 1 
1 
INTERFACE 20 
9 3 
12 3 
1 
INTERFACE 21 
10 2 
16 3 
1 
INTERFACE 22 
10 3 
14 4 
1 
INTERFACE 23 
11 2 
18 1 
1 
INTERFACE 24 
12 1 
14 1 
-1 
INTERFACE 25 
12 2 
13 1 
1 
INTERFACE 26 
14 2 
17 1 
-1 
INTERFACE 27 
15 2 
26 2 
1 
INTERFACE 28 
15 3 
18 3 
1 
INTERFACE 29 
15 4 
16 2 
1 
INTERFACE 30 
16 1 
17 3 
1 
INTERFACE 31 
16 4 
28 2 
1 
INTERFACE 32 
17 2 
32 2 
-1 
INTERFACE 33 
18 2 
29 2 
1 
INTERFACE 34 
19 2 
23 1 
1 
INTERFACE 35 
19 3 
20 4 
1 
INTERFACE 36 
20 1 
31 2 
1 
INTERFACE 37 
20 2 
21 1 
1 
INTERFACE 38 
20 3 
22 2 
1 
INTERFACE 39 
21 2 
25 1 
-1 
INTERFACE 40 
21 3 
22 4 
-1 
INTERFACE 41 
21 4 
23 3 
1 
INTERFACE 42 
22 1 
27 2 
1 
INTERFACE 43 
22 3 
31 3 
1 
INTERFACE 44 
23 2 
24 1 
1 
INTERFACE 45 
24 2 
29 1 
1 
INTERFACE 46 
24 3 
25 3 
1 
INTERFACE 47 
25 2 
26 1 
1 
INTERFACE 48 
25 4 
27 4 
-1 
INTERFACE 49 
26 3 
29 3 
1 
INTERFACE 50 
26 4 
28 4 
1 
INTERFACE 51 
27 1 
28 1 
1 
INTERFACE 52 
27 3 
30 3 
1 
INTERFACE 53 
28 3 
32 4 
1 
INTERFACE 54 
30 1 
32 1 
-1 
INTERFACE 55 
30 2 
31 1 
1 
BOUNDARY 1 
1 
1 1 
BOUNDARY 2 
1 
1 4 
BOUNDARY 3 
1 
5 4 
BOUNDARY 4 
1 
6 4 
BOUNDARY 5 
1 
11 4 
BOUNDARY 6 
1 
12 4 
BOUNDARY 7 
1 
13 4 
BOUNDARY 8 
1 
14 3 
BOUNDARY 9 
1 
17 4 
BOUNDARY 10 
1 
18 4 
BOUNDARY 11 
1 
19 1 
BOUNDARY 12 
1 
19 4 
BOUNDARY 13 
1 
23 4 
BOUNDARY 14 
1 
24 4 
BOUNDARY 15 
1 
29 4 
BOUNDARY 16 
1 
30 4 
BOUNDARY 17 
1 
31 4 
BOUNDARY 18 
1 
32 3 
